10100010011111110000110111111000
10001000011011001110011011011011
00111010101111111110101101000110
00010101111001010001010010100001
11100000110010000100110100101100
00011101000101111001111111110001
10101001110110100110111000111110
01001000101010101011011001100110
01010111101011010001110100001000
00111101011000100010000011101001
00110000110111101111011011011111
01100000100001010110111111001001
00010000100111010011010001001111
10101000100000011110011000101100
10000101001101101111011010110010
01110000111010001110000000000100
00000011000101001101000100110111
11000011100101100001111010011010
11110111010110110000100010110010
01100011101100011101111000010111
01101100001100100100000000011101
11010010101110110011110010100100
10110001111110001100100011001001
11000111111111100010011010100001
01000010011100110001100110001011
00110111101010110011000000111101
00000110001011001110111010010010
00010000101010110101101110111011
01100111101100111101101110110101
01010111011011100000100010011000
01001101111010110101100000111100
00111101010011000110000010100100
11110110001000111111010100010011
00100111100110010110001110110100
01001001001100001010110011001110
00111001000100011111101110111100
01000000100010001011100001101000
00010100010100101010100000111011
11111011100101011001111111001001
10010110111100000111001101010001
01001111000111011000100011111100
10110100000101011000000110101000
11111010101011110110110101001010
01001011010110001110110000000111
01111100001010101010010001110001
10100001100001100101101000100001
10000101110100001110010000101110
10100111100010000110000110001101
00001011111011100001110111101100
11010000011100100110011110010100
10111011110110110100111000001001
01100010000001001011110010110011
11111001000110110001101100001110
00110110010011110011110100010111
10011001111111100100101111001101
01111111011001000011001101011101
11000011100011101001010011111101
11000111101110010100110010100100
10100111111101101111110010001011
01110000011001101101011010010100
11111010011111100111110111001110
10011111111101011001110000110111
00000010001010001111011110110100
01000001001000101101101001110111
01101100001111100011000100011100
00101111001011111110000101110100
00010011001110111101011110110110
10111010010010101011010001011000
00000001100101001111010000001011
00111010101011111000010101011100
11110010000101110100110010011100
01011000011100000010100111001010
10110111010111110111000100111111
01010011011101000111111010101100
11111011101100010110110011001110
10110001110101000110001011010000
11110000111011010001111011101101
11110101000001000111100111001111
11000110110011101100001011011000
10100101011100001110010010011111
01111011001100010100110011100000
11101101000100100011010111001111
00000100110011000000001000111100
00010000101100110101110011111001
11011111111101011000001110000000
11001110000011010001001001111100
11101100010001010100100100001101
01011011010010000010000110111001
10011100001010011111101001100110
11111011110110001111110000010010
10001000111000001111010011101010
11001100011010001100010001011111
11000101100001101101010010000010
11001111010100001000011000010100
11011000000110111011001001011100
01101001111011010001100110001101
00100101101001011100011101110111
01110010111000101001000011100011
10111110010101100011010001111101
00011101101101011110110111001011
10101010111101111001100001001111
00001101111111000010111111010111
01000100110010110110101000001000
01010111111111000010111011111100
00011101111001001101000111101001
11000111111101110110010010011110
01010000010011110001101010000001
01010001011101110101100111110001
00100001110001001000000000000001
11100100000010000111001011111010
11101000101100101001000101001111
11101100000010111110101000000001
10011001110111110110101000010110
01110110111011110100101101100100
10101010110111100111100101110000
00011000110001101100110100101001
01111100010110000101111110011110
01010000000000001001000101000011
00011010001100011110110110100011
01001100011000001110110010110011
10111110000010111100101100100101
11100110001101011110101101111101
01001000011011000001000110100101
11000101111111010101101101101101
10111110110000101001010000001000
11001111100101101011010110111111
01101011110111100110101110011100
