11101110111011110111101000010001
11111101010011001011000011011100
00011011101000000010111000010110
00001101010100111000111110010110
10100010000011011101100110001011
01011011010101110010101010110101
11111111000110110000010011100111
10111001101001101110000011010000
00001100001011101101010000101111
11000011011001010111100111110110
11100100010001100110100111110100
11010000001110101010100111000001
10110010110011100100010110001101
11101111010100011000110111101100
11011101100110001000101001001101
11000000110110000111110110100101
11100010100100101111110011111010
11101111010110100110000000010110
11011100001010001010011001011101
11101111101101111100010000010001
00011000100011011011011011001101
11110100111101101010111110000101
01010001110000100110100001011000
10000000111001101100000011001010
00110111110111110010110111101010
01000110001111110101111000000110
00100110001111111100000100100111
10110001110111111100011100010001
10001011010010101100100101100111
11011001110000001000101000110100
00011001001111100111110111100101
00101110110010101011001111100111
11111011111000100000100010011000
11110001001100000000001011110011
11110010100110011110111111000100
11010010111001010101001100100001
01001000111111110110110010010100
11110011011111100001001100001100
01000100001111011001110101001100
01111011110000010101000010101111
10001001110100110001101101101010
01001110101011110111110010111000
00110000011100110001001000000100
11011110100110011110011110011010
01010101111111000101000101010110
01110100110000011100101000111100
00110000111000010100111110000001
01011001010011111011000000110010
11110011000000000010011111101110
10000001000011100110000101111111
01011111001110010100110000110101
01011010111001000010101100100111
11101010011010011001000111111011
11010100100010011010110011011100
01001001001101101001001010000111
00110011011011101100110001110100
10101000011011001000101100010100
01111100101010010000110111010111
10101001110011101101100101010101
00110010110000100101100011011100
00101110011011010000101111100110
00100010001011000000011110111110
00000111101111110101011000000011
01001001110101000111100000011011
00100110100101101110001111100110
01010010101001100000101001011101
01001101111000011000010000111010
11000111111100011100100111000010
11110011011110111110011110110001
00001101000100111101010010110000
11000101100101001011010100001101
01000101000011111000110001111000
00101001011110010010001101101011
10000110000000000010010011001000
00111101010000101100011011011000
11000011100000111001000101000110
01110100101100111000001111011001
11101111000001111011101110010100
11100101001100001110001100011000
00001101001110100110000110000110
10000101110110000001110001100101
00110000110011101110010110000100
11011100000110110000110101100000
01001101100000001110111101000100
11010001100011010010100001110011
10110110101110100010111100100111
11110010111010111000010011110011
10110111110001010010100110111100
11000000100110010101111011011111
01100101011111001110111000010100
11000000000010100001001010001101
00101011001011010111111010001000
10010110110110111010011011011111
11010001100110000100000101101101
11101111101101110100110101111101
00011011011101100000010110111100
00101100000000000100001010010000
10010110011110001000111000011011
10111000010100010011011011110010
11110110010000000110111110101011
10111011011101001100101000010101
00100001011000100000010110111100
00110111110111010000111100101011
01101111001011001111111001001000
01010100110001100001110100000010
01101100000000101000001101110110
01011100111010010100010110100110
00110011010010111000000111100101
01011001001001110111110011110101
10111010010010100000001001110101
11000001001001101001011001100110
00101000001010101000010001011000
00011100101001110101110011011011
00000110110100100100001111011111
11001000011001101001001011101111
10011001001100000100001100010100
11100111001001100100101101111010
11001001011110100011110000000110
00101001101110111101101001000001
01001101100000010111001100100111
00111100110101010011111100000010
00111101001001010010110000011111
10101010011111011011101110100001
00010011010001111100100111000110
00000100000011110111111111011010
01111111100011010000001101100000
00111110011101101111000101011100
