10110010001000110011101101011010
11000101111111100101011000101010
01101011010010010101010110100100
01000101010111111000000000110010
11000000000001000011011111101111
00000010111101101111111100011000
00001100101001111010000010010001
11011010111100011110110010000110
11100010110111011101001010100001
01010010110000011010101011001001
01110100111111010010110011110000
11100110000100100000000000010011
11110011100110000110110101001010
00100001001111000111100000010000
10000010011110001010101101110100
10100000010111110101101110101111
00110100001100110100111101000110
01010101000001110101111000101101
11111011110101001101111000110110
01001110001001000100101001110100
00101101100011110010110000000111
10001111000001000101011011011010
01101101110011011110101100100111
11100110101001001100011001111110
11101011111101001011110110110111
00010011101000111011110110000111
10111011010010000101100011101011
00011110101010111110010100100011
11000000000010110111111011010011
01100000101000100101001111000000
01000100111100000110000010010011
00011000010100101100100111101110
00110011100111010111001111000000
00111111010010101111101111101111
00011111001011010111000011011001
11000001101111100110111100001000
00010011111011110110111010100000
11100001101010001011010000000001
01100100010111000001110110100011
11100000000110100101001101111100
11010010101111111001011110011011
10000001011011101010110110110111
10100010100101100011001111110010
01001101011001011010100111001000
01101111011011010010001101001100
11001001010010111001110010000001
00010110101011001100010111011000
11110011011011001001010001110101
10101110111100111000100011010010
11010011010001101000010001101101
01011110100010001010001010011111
00000110011110000100000100001010
00001110000000111010111100111000
10111101000110001001110010011010
00001111110000011100011111110010
10000100011001100100111001111001
00011101101100001111010010010011
11110101100011101110110000010100
11100011001111011100100100000001
11010000010011011011011101010010
01011100001111111101011010011110
11101010001111001111100111000010
00000000111111111011000100010010
10000111001001110111001000000011
00100000111101111000101110011100
01000101110101111010001110101100
11101101111010110011010011010101
01110000010110111000001010010100
10111100110000001011011011101111
01010000101110111001111000011110
10110011001011000110001001111110
11001001010110100001001000111010
00110110001001000000100110110011
01001111011111011110011000000000
10010011001010001101111101010001
10000111011011100000111110011111
01111110101000110100100010111100
10101100110111101000011110110011
11111011010011000101111010111010
01010011011110011010101001101010
00000011101110000110001001101111
01111011001110011111001000100010
11110111111000011110101011100001
10011000101100100101001001011101
00011101110111111100010100100011
11011011101101111001000011010001
11010010111011101000100001001010
01100011011101100101111111110001
00000101100010000001010001111111
00111100100111010000001011011100
00110111110000111100101000000101
00011100111001110100111011100100
01011110011011010111000101010010
10100001111110110000011001111001
00111010111011100010100100001110
10111111110010000111001011010010
10101110100011100010001110001010
10100011101010100011001001100110
00101111000111110011000110100101
00000001011001011101111001010100
10010100111111101010101010000110
11110011100011100000000110111011
11000101001111000001110111011100
10111010010101111001111000110101
01110111001110111100011010100100
00001011000111001101100001011011
00100000111000100101101001001000
00100111110101001000110001000111
11000011100100100111000010010100
01011001111100011110100100100000
01100110000111111111110001000001
00001001100001011110110001111111
11100111001011010011011110000011
00010101001000000001010110110000
11110111100110001110110110001101
11100100011110101000100010111011
11111011001101110011110110000101
10110110001001111001101101010000
01100100101101011001100101001001
01011101111101101000000010100100
11000100110100010011001101010001
11101011010110000011001000010100
00111001011111010100001001100101
10111000010011010000010100000100
00011001001110100010111110000100
11110011011010011111100001100001
01111110001100110011101101111110
