00100101000100101000001001011101
10001001000000101000000000001100
00011100000000011011111100001010
10001111010000111011111000000001
00101110101000101100110010000010
00011110101001101001000101000111
11011101111100101101100010001000
10011010100011001000110010101100
10000010011010111000011001111101
00101100111110000100100001101000
00110111001011101100110001111011
10001110101101100100010100111111
00111101111111010011001101100000
11101101010110001001100101101101
10110110111000000010010111011101
10101101100100010101011110100101
00101000010011001010001110100000
00111111100100011010110011110011
00001000000111110001100001011110
00110110011101110001111011011110
11011001111110001001101111100101
00011111000011110000111011100110
00110011100010001100101101001101
11101001111011010000001000010101
11100011000110000111100100010000
01010110101110000000001001000111
11100001000010001010011101010001
00011100111111101010110000001111
00000111101011011111011001110001
01111100001001100000011011001001
10100110001111010100001111101011
11001111011111000110111110110101
10100010110001010010101000010001
11101000100011010010011111010010
10001010001101111011111101001101
11101001101101100001110110101110
11001110001100101000001010000101
01001100100100100111101100110111
00000000001010011010111101101100
10110011011011000011101000000111
00000101011011110101110111101100
10000101010001001010101111111011
01110001000000001100011010110100
00011010000100110011100001010000
00100001111001001100010010011001
01111110100101011100001001001111
00010110110100110001101100100001
01010001101001110110001101000110
11001100100110010011000010100110
01000100101110011001100011011110
00000100010100010111101101110100
00010100000110110000100001100100
01101000010010111011101011101000
11110101011101111010011010110111
01110101100110111110000101110100
01010100010001011000011111101011
00000110101111001100110000001110
10101110000001111011000100010100
11101011100101110001000001110001
00001100110111110100101001001101
01010110101100001001100111001111
00110100111001110001110100101000
10011111000001100001110001001110
00000110001010001011011000010001
01111101011100111010010001010101
11101011110001100000110010100111
01000011001100010111010111111011
00110000100100010010010001000011
10100001101010110110101111101000
00000001001100000101111100011111
11110000101010010010100011101111
00000111010001100001000111011011
10010010111101011011101000000000
10101101001001110100100010100111
01100000010001000101010001101101
10010111100001101100110110010010
01001101000001010100000111011110
00000000010000000101010101010001
01101110111000000100101000101101
00111101000111110100101100110000
01101111000100001010000001101000
00110101110111111011000001110000
11111101100101100010110010100011
01110010100101000111110110000001
00011110110001011100111111110000
00001100011101100001110001101101
00011001101110000110100110000110
11110000100011100101110001111011
01001011111101011000000011101011
10010001000100001110000100001110
01000100111010001011011111100000
11001011100101000111110111111011
11100110100100110100011001101110
00001011110101011010000100111010
10000101110110100000110001011101
10110110000010011101110100011101
10101011101100011011111100110001
01111101000111111001111010011111
01100001000111111011001100100000
11111101000011100110110111111001
01100100011111101000000010011101
01101100110010001001111101000011
10101000001000011101110101010011
00011000011111110001101111110000
10101000100110010011101010110010
00011110100001110101000010001000
11100011010011110000101101010101
01001110001101101001011011010110
01111010111101101011110110011000
01011110111110110010111001011110
00010001101110111101000101010101
00110111110101000101000111100111
10101001110101000100110010000010
00110011100000110001000011001010
01000011100010001001011011101110
01010110010101011111100111100000
11000001000100111011001000000110
11110000001110001010101111100000
01001011000010000001100010110101
10001000011111001000101011101010
01101001001001101111001111101010
00111111011011101101101000101111
10011011000000000001101000100010
01011011011100010100101101011111
00000101101101101110101010000000
00011100001010101110100010100001
11011111001011010011101001000000
