11101011111001110110110100111000
01111111100101100101100010001011
01101110101010011000111010001000
00000100110001101000000110011001
11111000010100110010110100100010
01110010111101011001000001111101
10011011000011001001100010000011
00110111010111101110000011010110
10110001011100110110101110111110
10001101110011100000001100011001
01110011111101110100111111111000
01011000111100000101110101011011
00101010101000011111011010110100
11000011100000001010010000010010
11101011101010011001101100000101
00000100100011111011101101001010
01110000110100100110000010111100
00111000110111010101011000111000
01010100100111110100001100100110
01101110001111101111001101101011
11011110100110000100110110100111
10110010011001011100111011000111
01001101011111100101110011001010
11011011111111111111000001000001
01101110000110110000010111111010
00100111111111110011110010000000
10000100011100010100110101101001
01010001000111100101111111010101
11110000111011011000001100001110
11011010011111000110100100000110
10101010111010010100011010011111
10100000001000000101100100100100
11000100101000011111011101011100
01011111010001100111000111101010
10010101001111111101110110100100
11000111000011111111000101111000
10001110011000110100100010110010
11111000001010100000110101101100
11101001101000100000010000000101
11001101001111011011101010001111
00010001011101110000000111110011
10000010000010100010001100001111
00010101110000100110100001101111
11000000001101001010111100011101
11000001000110001000011110011010
10101011001111110100011100001101
10111101100010101100001001000011
00001100110101111111011011100001
01011000110000101101111111110110
01100100100001011111000011101101
01110001111110111001011101001110
10000111010011001011000000000101
10100011101011000010110010001000
01100111010110001110001110000010
10001111001011111001111011111101
01011111011001001010100001000001
00001111001010100110110001101000
11100111001010000111111010011100
11010000000110000001000100011011
01010100011010011000001001011110
11101100011011011101000010110111
11111011001111110110111010100111
10001001001011101000110110000000
10111100010000100011011110110000
10111011101111101110110001100010
10111011100100111011000110101001
01110100111011000011111111010001
10101000111100100101001110011011
00011011111100001101000001111100
01110110100001011010001110100101
00110000000110000001000010001101
01100001101001000010101111010010
11010110100101001101101101010000
00101011000100101111010001010101
00011011101100010101111010111000
00101001110010000110001111000111
10101101110010011110010010111100
01111001110000111000110100100101
10111001101100101000111100101010
01100100000001100011111000100010
10000001111010011101000111001010
00010011011010001101100101101010
10011100000111110001011100111011
00010100101010110111010110110001
01010100001001110110001010000000
10010000110000100010011011000101
10110010110010101001000101001001
01011011001110011010010010011011
01010000001111001010000111111011
00111001000110111101011011000011
10111000011100100100111010100010
00011001011101010110101010000011
10000111100010010000110011000010
10011011100000001010010000000010
01110010010000111010100110111111
11100000000011010010001111000000
01010000110111101001101101111101
11010111100111000010110010101010
01011011011010111101000010001011
10101011011010110101000100011001
10001110010010000001110000110000
11101001010010010001011100011110
00100100001001100100100100100001
00100100001101010011110010110111
10011100011101111000001110001010
10010101001110111010100000011011
00010111100100010110110100010110
10000101110000100001010110101011
00010010010010000101001011110001
10111101101100010011101101010101
01101100000101010001000110110100
10111101001011000011010110010011
00011111010110011010000101110100
00110101110001101011001001101111
01101011011000110010000101010010
10110011111011001110001111111100
11101001111101011100001101001010
10111010101110111100101000001000
10000100110111000010001111101011
01100100010101000001001110111110
10110001100001100000100100010111
11110000111101101010010000101111
10001101000001010100010111100000
10100100001100010111011111000011
01011011000001101101010101100011
10001011011001010110111011001101
01111110010111111101000100101011
