00110110100000011110100100111111
00110000110110100011000001100011
11101011110101011010001101101111
11101010101100011011010100101010
11001110101110101010000011101110
01110011010011010010111001111101
11001100010011000010000111010101
00000111010101010100111001111101
00111100011111001010101000110011
01110110110001101101110100011110
00110010010000010110100011000110
01100000100101110000111110010110
10110011010110111100100001101110
10001011111000001000110011100000
01000111011111000010101110010010
01110001001000111011010101101110
10000101010010111010111000001111
01000011101110011011001100100011
10001110011110010110000101011101
11101101100110010101001101111111
01010111100100110110000010011010
11011110111100011001100110110011
00100011111110001001000001011110
10100000110101000111001110010010
00000110111111011100000100111001
11110111111011011011100011001111
10100101111101001010000001000001
10010000010001110101111000001111
11110110010001100100000001101010
11100110110100000001111111011110
01110101001000000011111000000101
01111111101011111010011000101000
11010111010011101101011011011110
00000110101111010011100110110110
11001010111001100100011010100111
10100000000101111001000010011101
01001111100011100111011110110001
11001111011101110110101010010110
00101111100001110010000000000111
01101001011110101001110100001101
00011001000011011110000110101101
01101100100100100000011000111010
10011110011111111101001011001100
11000001010100111010110010001100
11110100001100101100010111110110
00010110100100101010100001001101
00001111001111100101111011110110
11011111100011011001001100011111
10011000010111110111001111011011
11010000100011110100000000110001
11100011011101001101100101101000
01110111111110100100000000000110
01111110010011111111001111110000
00110001101111010001110101111101
11101111100000110011001111001101
00010010010000000011111111100011
10000110111001011010101101011001
00000100010011010100111111100010
10111011110100101110100111010110
00101101110011001110111101101001
10100011000000001011111100100011
00110100000000011110110110101011
00100011010010100010101101101001
00110100100110100001001100011110
10101110110001101000011001110111
11100001110101100011110110000011
11001000100010000010011000111001
01100000011101010011101100111001
01000101010010001111011100000000
11001011001000110100100011100101
00000110111110101101001111101100
00001111111110010100110111110110
11111111001100110010110000111011
01111101000011001000100111110111
00111101110111011011101010110101
10110111101110011101111111011101
00100001010101111011000001101110
11011000010001101010011100001010
01110100101011001100001101000010
00101100010110010101101011011011
10001011110111101101010001100110
10100001110111110011001010111111
10010111111111010101111101111101
10001101101000001111111101000110
10111111100101101011101001000010
11001001000010101010000011010010
11010111101111001001001111010110
10100000101011000001000111001101
10010001101000100100010000111000
11010100111011110100010000101010
01110001000100110000001011001100
11000111011010000001100011101101
00100110111001111101111111101110
10100101111011100001001111000111
01000101010000111011011010011101
01000010100000001100000001000011
00101010001001001010010000010101
00001010111101001110100110000100
11011011011000000001111111000010
10100000000011100011001100110101
00110111111100001010101100010111
00010111010110001101111100011000
10111110011001100111000110100101
10110010110111101011110011000101
01011111001101000111100000111011
10001001101101000110100110011011
10011010010110100011000000000110
11100111100011100001011101110001
11110111111100011100001101100010
00011100010010010111110001011010
01101111111000000111000101101100
00110000001010000101100111000000
10111110101011011101011001011101
11110000001101110011101010101011
01111111011101001111111111010100
00001101101010010010110111100010
11011011001011100001010110101011
11111010101111100110101101110010
10101010001101000000100100100000
00000010011110100001110010111010
00000100001110111100011100011010
01101011001011010000100011100000
00010000000100001110100110111000
11111011010111001101111101111001
11010101110010110010101010100011
00010010011110111010010010011011
11011111110100101011100101001101
