00001001011111000110000011001100
11001000100011111001101000111101
00111110000001010101101001111001
10011101011000000010011011101011
00000000000001000001111010111010
00110011011011100110100000011010
01001011101100101010001110101101
11110100011000001011010101100010
10000100100101001100101000101011
01011001011010111110000111000001
01100010111010010100110011011011
01010101011011011110101000100011
11101111100100100010101111010001
11100100011110000000011100000100
01010001011010100101000110000001
10010011011011000001010101100111
01011011101110111100001110000000
00101001110011011111111100110000
01101011000001010001100000100001
10010101111110000101010111011011
01011111010011110100111110000011
10110110101111111111010100010001
11001100011010110010111100011001
10011101000000100000100110011010
11001000011011011100101010111111
10101100010111000110101001001001
01000010010100100001010110010111
00011100100000000101011001110000
01111100101111000101001101101100
01110101010010111001001000000101
11011000111010000110111110101001
01010001010111001100110100001110
00011010011101101000011010111101
11011100011000010101111101001100
00100110010001011100000001011011
01100011111001111001101000011111
11011110001010111000000010100101
11100000010111011001111010111010
10011010101001111111011001011001
00111101000101110010000010101101
00111000111100010011010101101100
11001001001111011011011101100010
01111110100011000100000101010011
01010111101000001101011101000110
10110010000110000110010111101101
00101011010001001110110101111011
10100001111001001000101010100010
10101011001001100011000110100110
00010010000110010001110101000110
01000000111011111001101010111111
01110000100101101011001000011101
11110110011000101000011000101000
11000110010000101001111101001110
11110011000111011111101111100000
01010111100111010101000100110001
00001001011001011101100100111100
00011011111011000001110101011011
01100010111110001110101001010011
00101100001101100011111101110110
01001101011100000001110101110000
00010100001000000101101110110110
10010010010000110110010000011111
10000100100000101010001001010001
11011100111011011010010011111111
00010111101011110110000001010101
00001001110101001000100110111111
01011011110000100111010101010111
11111101111101110011101010101110
11010101110100111111101101110100
11110000000000100101101010001101
11100011011000101011001110010001
11000110011111000110100100101101
11000110111101000001100101110000
11101001010111101000110110111111
11111110010100000101000000011001
01010001010101110110000111011110
11010000111001101001111010110111
01110010000100110111001100011110
10011011011110010101110011100100
01101001001010000100000110100011
00101010011010100011110111111111
11000010101111110111011000000100
01001010011010010100100111000000
11000001101010010001100000000101
00100010100111011010110010111000
01111001001011000000111001110110
11011100011110011101011011010011
11101001101010000011010010111110
11101011011001010101010001001100
00101011100000110010111100100101
11101011000001100000100000110110
00001010100000000101011000001101
11000011111111001110011011011100
00010110001101101101111011011011
01101011101100000100101000010111
11111010001111100100111011110101
11100110001000001011111111000011
11011010010110111010100011010010
11100100100100100101110001011101
00000110110000101100110101000111
00000010101101101101001010000011
00001101101100101011010110100011
11000101000100110000100000100010
00011011001111110011000111010110
11001000100000011101111111000001
10100000110010001100110001100001
11110011100110011101100000011001
00101100110111001101000100000010
00111001001110110111000010001011
10010101011111100011110001110001
01010111111110101111110100100101
00010011001111000100110110100000
01011110111011011110000111110110
00000101011110010011100010001100
11110000101001100111011000110100
10010001010010001001010111110001
11011101011110010100001011110011
01001101000100000001000010000111
10111111010000110100100001001101
10001100011001110110100000101101
01100110000001011100100110011000
00101000001101000100111101100100
00000100110011001101110010000011
00111100010100001011000010101000
01111111000110011110110000001111
11010001001001001001010100010010
10101100000100110110010001010010
