00010111111011001001011110000011
00110000000011001100110010111011
01001100111001011001011111010101
01101100000101101110111010101100
00100010100000111010010010010111
10100001010001101111001110110010
01011111010101011111100011001101
00000001101111010001110000100011
01111110000110111110011100011001
11011000100110111110011111100100
00110010111011000010111101011101
10011101111000110011111100101110
01011111011111111001010001111100
11110110000100000100101010010010
01000111011001111100110100011101
01100010110010111001010011111111
01010110010010110010001001101111
11101001011100000101100101010000
01110000101010110111011100101100
01010011000011110100011110011110
11010000011001100101001011101110
10011101101010110101110010101001
00110110010111010110011111011101
10111101001111101001011110000000
11010000101011101010111111101001
01111100011101110000100011110100
01100000101000100011001100111001
10000001010111010011101010011000
00011101111110100011010001111000
01100001011111010110100100111111
00001001000111111110000010010000
10010100111011111010000011100101
10000110001010011001010111101001
00011010111110110001001111111101
11100111111111011001000111101100
10110111110101001000010110110001
00001111110100111100011101010010
10001001111010000101001110000100
10000111100101111000000000111000
00100111011011110111110001101010
00000100110111111110000110011100
11010110101100010111001011000010
10011010111101111001110000100101
01011101010011010000011100101100
10101010110001011110101011010111
01111111100011001110011100111000
11101011010100000110100011010111
10011011101111000110101001111110
01000010100010100110100111000101
11001110010100101000001111100110
00100110000010100110110100010001
01001000000111111110011000100011
10110000111111111100110010100000
00010000001101101110001001011110
11101011001111111000010100111110
10011011100000010001101011000001
01011111001101001010001001100010
00010111100100011100001000010001
00011011110001100000101000100010
00010101110011100000101100111101
10000001101001110010000101000111
01101010101101001000110110101010
10011100110001111101010101011100
11011110011000011100010101100110
01110010010110110010011100000001
00000010111011101110101111001110
01001010011010010101101011100011
01100101110011111100100101111101
01000111110011111100011000111101
01110000111011110110110100000001
11110001010110111011000110111011
10110011010111001100100110000111
01001000101010001001110100000101
00101001010110110010101010011001
01010000001011100000010011000011
00001000001111001110100010110001
10001000000011101100100100110101
01100000000101100101100110111001
00010111111100100110110010101101
01001000011011000100101001100101
01011011010101011101011010011000
10110000000100001001101110010000
00110010110100110101001101011010
00011101101000111011101101110011
00001110010110110000010000111001
01111111011111011001011000101000
01111011101010100000000110101111
10011101001111010101000001110100
10110111010010001111110100011110
00111111101010100011010010100011
01101000001000000001010010001100
00011100000010110101001100001001
01000000111110000100001000010011
01101101110111110000101101111000
10000100011111101111001101110011
11110110101000000000000100111100
01100010100100011011111110110100
10110010010101100111011111011011
11000010000000001100111101000111
10100111110010101000010001010010
01000001010010100111010011000111
00110010100001101000101011000000
00111110010101011000101100011001
10001000001010000010100111111110
11001010110011001110010100100100
11010110100011110100000000000000
10110110000110101000100011001101
11010011011011000011001111110010
01100000111110000101110101011111
01011001100101100011100100111111
10111001111110011000001001011001
01100101010001010001111100101001
11101110010011001101110111100000
01100011010111000000011011110000
11001100111011001100000011010101
00111011111111111000101010100100
00000110101101101111010100101011
11111101100101111111010011110100
01111111010011101010110000000111
00110111100010100100010011100100
00010111011111111001111011111000
10000100000101100111101100010111
10011000011111010011100000101000
01001001110010010111010101001011
01110011110001110011000011001100
10111010110110100010001011110011
11000011111100011110010100000001
