10101100011111000010011100101101
10111101111110110101101011000100
11010110101010100000000110010110
10001100111101110101010110110011
01011101011000011000001101011011
11110000001111011010101111010111
01011011100101110011001101101011
00100010101001001100101110110110
00000111011001111101101001001101
00100000011001111111010011101001
00100000101011111111001001100011
00001010001101001111000010101100
01111101111001011101101110011100
10110010110000101010000011011010
10100011010111111101010100011100
01100101100101100011100010001010
01010000101110111111011011110011
10110001000011010110110100100010
11101001011000110101101000001011
11001000000010111111011001010101
01010001111111001000010011111100
11111011101011011011000001101111
10101011110110010000000001010010
01111111001111101001111101101111
01000100011001001100001001100111
11111011011010011001110001110111
01011111100101110111010000011011
00001101001001001010000001100010
01101001001001100000010110010011
00101001100001001000000111110000
11111101000010010000101001100101
01110110111111101011100110011100
10011011110101001001101101010101
00011011011101100011111111100010
11100011011100001011111101110100
11011101000010100000101010111101
10010110000000101111110000101001
10110001010011110011010011001110
01111111100010101001011101110010
10100111101110000001011101001110
10010100001100000101110010011111
00101011111101010001001001000101
00001100000101111001001111001110
01101010010010011101110101001010
00110111110111110000101001101000
00111001111100001100011011011100
00010000010100000111110110010010
10100111111001100000001001111001
01001011100001000100010110110001
11101000101100010110010011001011
10101001011111110011011001010000
00010011011101010001010011000001
11100111010110001011110010101111
11110000010110010010010101001100
11010110001010001101111100010101
00001000001100001001011100011100
00000010011100011111000001000101
11001111101100110001110101101101
01100110110101110100011111100101
01010100010000000011110011100111
01101010011010101011011111111100
01000111111110001100001110001100
01111001110011100100010011001001
01011100011010111101100111000101
11101000111010110110100000001110
00011111100011110100110000111000
11011011110011000000101000101111
00101001100000100101011010010011
00010010111110001010001011011100
11001110000100011000000101110000
01101011010100000110100100100111
00000110011010001100111100110011
11011100011110110101100011101100
01011011100101111110111101110011
11111111011100011000001111101001
10001100010001000110111000011111
01101111011101000011101011001000
01111010111000000011000011110111
00101101011000001100111110001110
11000110110111011010110110000001
11000001111010110011111011001101
10111111101100000001000100111101
10110000100111111110011110011101
11110111010100010001010011011100
01100001011001010111111110110001
01100111111111100111100110110111
11011111100000100010101000001011
01101101111000111010101100011010
11101110011101111001100001010111
01010111011011111110110001000101
01011000001001010011110111110011
01110001110111010001000010000100
11111100010101001000000010010100
00010000011111001100000101000100
00101111110011110110010001101001
01100001011001011000110011101001
11110001101001001001010010101110
11001011110010100011111101011001
01110000001101101111010011100010
00011000011101101110111001101100
11011010000110011110001110010111
00011100111011000110011101000010
10110000100101010101000011100100
11011001011000011010101101010001
11000010001100101101100101010110
01111000011010100010001110111000
10100001100100000100000111001011
11000110111111010000001101011100
10000101000101100001110111101000
00001000001000100001101001010110
01001100001111010101111000100111
01000111000110110001001011010000
01101111101011100110100101011101
10011100001001010110101010100001
01100011000010101110010000011000
00110100101011010111010010101010
10001100101001111010000010001001
01110000100100111100001111111110
10111010000101000100001010001111
10001011101111110000011001101111
01111101100101111110011110111110
11101011111110100111011111101101
00111010011000100100100101101110
00110100101111010010011110110010
01011111010011110010011010001001
10010101001100001101110101010001
01110011011101011111100010010101
