10000110110000100000001000000100
01010001110101101010000011100000
01111110010011000101001110010101
00111001010111000110100001101101
11010110001100001001010010101000
00000000001010011011110001100100
11111010110011001010101010110100
01010110111011000010001100100000
00110001100100110110011111010001
11101110110011011010010001110001
11010011001101101001001111001000
11101011101010110101110110110000
01101111111111111110010000110101
01011111010101010010010110100110
11001001100111100110010100010101
01011010010011101010010110011101
01010000000010010100111111101010
01110000111000110000001011010001
11011010010101101001101110111010
01011000100000101001000101011111
10111100000001011111000110101101
10110101111000110001101011001100
10110111010011010101001011100011
11011010111001100100100010100111
01000001001011100110110100011101
01000001100111100010101000010100
01100111111001101101110011010100
11100000100100101100101100010101
00011000010111110100100001001101
11010011100101000111011011000010
01100111111100001010000111011011
10001010000011101101100111000111
01010101011011100110110010010001
00111011100110100101000100010001
10111011001011000000000111001111
01100101010001101110100111100011
11001101110110111101010000000111
00010100110011010111011000001001
00000111110011111000110110110011
11110110100100100001111011000111
11100110010010100001001000110110
11011111001110011000111001110101
01100110110011001011111100110001
11010001111111010111111111100100
01001111001010011001101010111011
01001110001100010000000111101000
01000001011110111010110011101101
10100011000111100101110010100010
00001111100100001011110111111000
01001000000100010001010001100001
11001100001110000101110111011001
00001000000000110011010111100010
01011101100001101011110100000001
11111110011101001101111011111111
11111111010011101011000011111101
00100111000001100110010101011100
10011010000110001011001101110100
00010101001111110111010001001100
10100001110010111000000000000100
10010101011011001110100010001111
00011110100100100000001000001101
01111000011010101010110111101000
10111110010011100000110001111001
01001111111111000011110011100101
01110011111010110101000010111111
01110011011000110010001011111010
00100001110110110110100000100110
00111011101010000101001010000000
00101001010100111001000111010100
10100001001111101100000110100011
00001110111010001000101101001001
01001010010011001100111011001000
10111001001000101010111101001111
01010110101110000110100101110111
10111001010110000111111000001111
11011011010010100110010110111000
01010000011100011111110110000001
00001000101001100000001000011010
00001001001010000000101101000001
11110111110101100110000101011101
01100101001101010001100010000100
01001001101000110011011111001011
01011110011010011011001100000000
00000101011001111001101100000001
00011101010001001000100101001000
00101011110111110010110110100101
01000100011100111100100110111010
00001111110010100011001111111101
11101100111001010011001010111100
00101011111110010000111100000101
00011001000100101110101000001000
00100110010100000010110010000110
00101110010110010000101110110111
11011011101000010101010000000111
11011010101001100100010100100111
00100111001001001100110101011100
01001001111001111111111000001110
00110010100100001110010001101011
11011001100001110100001011001010
00000100010110100010010101111100
01000111001001010010100110001010
00111101001111110101010010011001
01010101100001100100010101011111
00001001010110000000011000001110
01001101110110010101010100111111
10110111000101110101110100001100
11000010101010010101001011100010
01000010111101110000101010111100
11011100111111100101010010011101
01111001100100001010101000000100
00011100100111000111001000101101
00111000000111011001010100000010
00110110111111001010010111001011
00001001001011011100110100101000
10001100011011001010001100101001
11111101011101010001000011011100
11011010110100101110101001001000
01111000001101000111001111100111
11000101100100010010110010111011
11000111000000100100010000011010
00011110000000011110010110101010
10100101011010001001111111111011
01111100000100101010101011100010
11111001101100001001011001100110
00010100000100111101111010000101
10111101001001001111101010010101
01000010010101101111101110111110
