11001111110001000110100010000000
11100111111000001110100101100010
00001110001001001101101000101111
00011100010011110001100111000110
10011111010010011110000011100110
01010001101100000110110110001101
00001001011100110011101110110010
01000100110100111100001000110111
11011110100111101111010101011011
11010100010010001110111101100000
11110101100100000000011011000000
00101101100101010001101010010000
00100011111011101111101001001101
10110110100001101011110010000001
01100100001110110010000101100110
11010111011010000100010000010000
11000101010101011000101010000110
11011001110100000101000101100100
00110010111000101011001100011001
00101010010101101101101101101001
10000010010010000101000101111111
11110000111001000100001000100011
10101001000011101111011010010000
01101110011010111111000101110111
11101010011010011000000000110011
00100100100111000111111100011100
11101001111101000110011011111110
00110010011010100100111010010111
00010011001111111011101001101011
01101111110100101101001011000100
10111110000001010110000010000001
00010110110010111110101000110000
00101110110101011010111000001000
00100001001101100100000101111001
10101011001001001101001101111000
01101111100011110111011011101001
01010011100011101000010111001000
00110110000100100111110000101010
10101111101110001010010001000001
10010010110000110010100010100111
00011011010010010101010000110110
10011001001101100001011011100000
01101000101101111000100110000001
01001000110001001111000010001110
11011100101011111011010111111101
00100101011011001000001000011001
01110101111000001000010010011111
01100001100010000010111000001010
10010011101001000100011111010111
10111001010011000000101011010110
00010110010001111000000010111101
01100001011111100101110011111010
11011110010010010100011011000111
00010010101101001010110011011010
01011001110101110110010000111001
11000110110101011010000000101001
01000000101100111110100100010101
11100010010101111110101001001111
00110011001001011011001110010001
00110001001000111101110100010100
10010001000010100101010011101100
10110110101100001110110001010000
10000101001110011100110000110000
00101100110000001111110100000001
10110101110010010010111010111111
11111000001000101000011010001101
00011100101111101111000111111001
01010111101000100010001100100011
10101001101100101001101110010010
11011110111111101011101000101101
11110010111000010111000011111111
00000001100111010100101011100010
11001101011000111100111101010000
10001001101001011010100000110110
10010000110010000101011011110101
11100110000111111011110011101010
10100000101110110000111111011110
00100100000101110001001111001100
11100100101100001011111101101010
00110001010011010010111001011110
10100101110001111011100111010100
11010111111100101111100110010000
11001111101110110110000100001101
01111011101111010000110001111100
10010000000001101100111010110110
00101001010001010111111001111101
10100111000100010110110101110011
00110011100110101010100110000010
10000000101000011100011000101111
11111010010100000111110011011111
00011101111011101001011110110110
01001101101011001110111111011010
00101100000110000100001100110111
10011000110001101101101111100001
00000110010111010100101010110011
01001000101111011110111111001101
10001000110100001011011000101010
01111001110101001000001001110000
11101000101111010001111001000110
00011011101001010101000100010011
11101101101100101101110010100111
11010101110111110100101011101001
01111001000101110101000110111011
10010111001000111101010100101110
10000101000101100100000000111100
10001110111000000011110001000011
11101010101001010111101100111011
01110111000111111000101001010010
01011010010100110011001000001110
10111111011100011100100001010100
00001000100001100001010111100110
11001101100000011111010000001100
11000011010011010001011010100010
10010000000011011101010010110000
00010100011000011011010001001001
01100010101100001001100111001111
10010100101010000000010110110101
11101001001111100000000111100100
11010110111110101101011110110000
00011110111110011011001100010001
01001101110101010110111011101100
10110000011100001101011101110001
01100110101011011000101001011101
01111110100100101111001111110101
00001001001010110101011100000111
10011000010010111100100000100011
10011010101110001110010110110101
