1110010110101111
1000011101001011
1010110110110101
0000010010101011
1010011001000010
1010010101011000
0011001111011011
0000010010101001
0011000010011101
0001101001111010
0111001010101110
1101010100110011
0111101010110001
1101011111101001
1101010111000111
0010000110110100
0010001001000001
0001010111010000
0110011110110000
1110111111111000
1110100000010001
1001001111101101
0100110000111101
1101100110000010
1100111110010111
0101101000111110
1111000100110110
1110011110001010
1111111001111011
1000110100111101
0111101010010000
0110001011110001
1001100011011001
1000010101111111
1111011001111010
0011100000001100
1000011101011011
0100100100000000
1110111100000001
1110011011001000
0110110101001111
1110111001011101
1111111001111111
1110110000110100
1101111110111011
1110001011011010
1010011111111011
0110100110101101
1101010011011011
1101101101111100
1010010001111100
0000010100000101
0111111011101100
0110010001111110
1001111011100101
0110011101010010
0111001110011000
0011110100111001
0010000100001000
0010110011000011
1111101101010000
1001010101010111
1110111010101110
1110000000111111
0000110000111011
1001001010110110
0110001010001010
0011010110110010
0010100100011001
1011011110110010
0100011110000101
0001011111010110
0011111001001011
1100001110001000
0000000100111100
1100111111111100
0011101000011000
1111110001100101
0011101111110100
0100010000110010
0111101010111101
1010111101100011
1011010011110110
1010101111000001
0000110100000001
0111110000111011
1110110111011101
0011000111100101
0010001100011101
0001001110001110
0101100010101111
0001011010101110
0110011100101101
0111111101111110
0010101111110110
1001100100100101
1000000100101001
0001011000101101
0100110001101101
0111101001100010
0110001100001100
1000111010101111
1001100111001100
0110011110111011
0111011000110001
0000111101011101
1100110101100101
0001110100000110
0100001011001110
0110001010110011
0010001001110111
1010101111110011
1010101100000110
0100011011100011
0000110010000010
0010001110000001
1100010000100011
0001111000011000
0110111011011110
0111001000100100
0110011000001110
0001100001100110
0101110110100111
1101110011101011
1010001011001101
1111000001111010
1101111001010101
0010100101011111
0010000011000111
1100110101100000
1001001001100000
0011000001010101
1001010010000001
1110101011000110
0010011101011010
0001100101010011
1111100111010001
0100011101001111
0111101000011010
1000000100111001
0111100100010001
1110000010011111
0111001111100000
1000010100000000
0011000100010101
1101100100001001
0110100001011011
1001110110111001
1110100011011010
0101111110010011
1011010000111010
0110011010110000
1111011100101110
0100000110110111
1001011111100111
0101001110100011
0110100000010110
0111100100010110
1100101101110001
1010111111011000
0001100100010001
0110110001010000
0110001111111110
0111111110010000
1100110000001101
1100101000010100
0100000011001110
0110011101000101
0010101111110100
1001100111010110
0010100010110011
0001100000110110
0001101100101100
1000101011001000
0001101000000110
1110010100011000
1111101110100101
0011100101010100
1100100101001111
1111011010110110
1011101000001001
0100000000110110
1011001010111111
1000001001001101
1010000110001011
1000001110100101
1101011010011010
0110101111111101
0010100110011001
1111100111111000
1110001100110110
0011101010010111
0101010001110110
1000011011101011
0110110001011101
0000001001100110
1011011011100110
0110000111010001
1000111011001001
1101000100101001
0101101111001110
0100100111000111
1101001100011101
1011111011011111
1010001011111110
1011000100101001
1001100111111010
0000110001010110
0010110100000011
1110001100101011
0110000101100100
1000100011010001
1010110010100010
1100100110010110
0111100101000101
0110001101101110
0110101110011110
1100110001111110
1100010010111110
1101011111110010
0111001100101001
0100011010000111
1110110011001000
1011001111110001
0101011111111100
1100111000110101
0111011110100111
1110110011101010
1011001111010001
1100101111111001
0000010010001101
1010100100010001
0111111010000100
0001101110000101
0001111010111111
0011010111101111
0000111101010000
1001000111000100
1101001111010100
1110101110100110
0101010000100111
1101100001001010
0000000000111001
1000001010100000
0011111100101100
1000110101110001
1010000011110010
1111111011011101
0000110011100100
1111110100010111
1000100100001001
0000011111110001
1100101101110010
0100010110110000
1000011000111100
1111110010000010
1001110111100011
1001000001000010
0011101101100010
0011110101111110
0011111111110011
0001010000100000
0111110111011011
0000111110000010
1111011101110001
0101011010001100
1001110110010110
1101101100011100
0110011011110011
1111101111000011
0100011000010010
0100100000100011
0001100110110010
0100000111011110
0111000110011101
1001110010100111
1111001011111111
1000110111111010
1101000000110011
1111100011100111
1000011111111010
0101010110000100
1111110110011110
0000111010101001
1101000111110000
0000010001000111
0001001011100001
0111000110111100
0111111000001011
1010111110001011
1111001000001111
0100001110011101
1000011101011111
1000001110100000
0110010100000111
1010110111101110
1110011100000111
1011010111000010
1110100011001000
1011111000110101
1000011111001100
0011100010001101
0000111100001011
0000001100001111
1111110111100001
1011000111111111
1110000001110000
1100011101101111
0010101111111010
0101110011000000
0010101000001101
1011011000000010
0110101000010001
1110111001000010
0101110001001000
0101010110110110
1000001101100110
0010010010000011
0110110111100011
1000011001110100
0100111101001000
1010111101100001
1011100100000011
0110100100100011
0001001101011010
0101101111100010
1110011001100101
1111000110110011
1001100000111110
1001101010101101
1100110000011000
1110001001010011
1011011110101011
0110111100011000
0111010001101100
0000101001100010
0101010101010000
1000010100100011
1111000001111010
0010001001101011
1011110001011110
1001001101110000
0010000101110010
0001100100110001
1100001010111011
1111011111110001
1001000001110010
0100010010111111
0001010011000000
1000011100010101
0111010111101100
0010110000010100
1100001100001110
0110000000101011
0100101100110000
1010000110000100
1100110001001100
0110000101110101
0000101010011010
0110111101000101
0110110010001100
1101110110111111
0001011001100001
0000010110011111
1110011000110011
1101110000011100
1011100001001101
1010000111010111
0111100101101111
1000001111001100
0010100100110100
1011110001010100
0111011001010000
0010111011000010
0110011110000010
1110010111110010
1110100000011111
1001010111011100
1100100010111010
0010010101001111
0000001110100001
1101001011001010
1110010001100011
1101101100100111
1001100011110011
1000011011100101
0101100101001011
1101111010100010
1110001110101111
1100011000100010
1111010100100001
1000000101101111
0001011110111000
0110101111001000
1101100111100110
0011111010010001
1010101000110110
1100001001001000
0010011001111011
0110111001000011
1111000010000010
0110001001001011
0001000100000000
0111001111011011
0010111001001101
0101010111110110
0001010010000110
0001101100000101
0101110001000111
0101100001101010
0111101010011000
1001011101000110
1111110001010000
1001110000110000
1010100101010101
1001011101001110
1111101001011010
0101110011010011
0110111111001000
0010000001100010
1001010111110001
1010001011011111
1111110000001000
0001101100111010
1010110011000001
0010010010111000
1000011010001111
1001111011100110
0010011000000010
0010011110010100
0000111101011100
0000011110100100
1011011000100111
0010111001001111
1110101011101000
0110011100110010
0111111010001100
1100000001111011
1001111110010111
0100001100010000
0100000111110010
0011111110100111
1010100110000110
1111101010001000
0101100101000000
0111010011100011
0110110000000100
1111010010101010
1100111110001111
0111100111101101
1010110010100001
1101001001011010
0000010101111111
0000010100010101
0110010001011001
1000010111110001
0011011001101111
1111100010010100
1110011101100000
0100100101010110
0111011000110101
1110000101101010
0111111001100100
0000010110011000
0100011101100101
0011011101101011
1100011010000101
0101010010001101
1010000111001001
1000110011110101
0011100011000011
1110001110010101
1001011010110111
0010111000100001
1111011101100001
0100011010111110
0010100110000100
1010001100010010
0011000000100000
0101000000111100
0000100000000001
1100110011111010
1011101010110100
1010010100000001
0100000110000011
1011110111010110
0010100111011010
1101101011010111
1011110111000010
0001010110000110
1000001011000110
1110001100010101
0111000010011001
1010111100010001
1100100100011101
1011111110100101
1101011001001100
1101101100110000
0001001010110110
0111110011011111
0111110000010110
1110101000010101
0111100000110110
0001010100110010
1011001101111100
1100100111110110
0100111101000001
1010111111000100
0000011110000000
1111101101101111
1000000011111011
