0011100110110000
1010000101011111
1100100010101100
1101010000100000
1110010110100010
1010001001000110
1011001010000101
0111001010000010
1100100101110101
1011111010000110
1000001111110000
1011111010101110
1010010100010011
0011001011110111
1110110010011011
1111001011001100
0000101011100011
1100100100101110
1110001010010111
1011101000111011
1101101001101000
1110010010011000
0011001101100001
0110011011001100
0110011100010111
0111000100001001
0111100111010100
1010101010111000
1111111111011001
1110001111110110
0001001100010101
1010101110111000
1001001011111111
1001111110001001
1010011110001011
0110110000011010
0100100100110100
1111100001110011
1100001010010110
0110001011000001
1010000110111001
1101101110100000
1011110111110001
0000110100010000
0000000001010000
1101000000101100
1011010111100010
1001101110010001
1001101011000001
1010011001000011
0010110001000010
0010000000101110
0000011110010110
1101111111111111
0011011111000110
0110101111001101
1010011101110111
1010101010101000
1010011011110100
0101001100100000
1101000101111011
1001000010000110
1001101001000101
0101101011000001
0000101010000101
0111001101010010
1011001110001011
0111100101101010
1100011010101101
1101110100011010
1010011100110011
1010110010101011
0000010000010110
0110011010010001
1011010000101010
0011110100010110
1101000001010101
1001111110101010
0101111101010000
1001001111010001
0001010011010011
1111110001101111
1110011010010111
0001101000011110
1100110110100000
1010110010110011
0111101000010011
0001101011001101
1110110100001010
1010111011100000
0101100110100101
0111111101111000
0110101010101110
1110001000001101
0001011011011011
1011010001011111
0110110110100001
0010001011100011
0001011001111111
1011110010000001
0111101001000011
0001110101000011
0110100111101011
0001101001100011
1010000111000111
0000001000110110
1001000000100111
0101111000110101
0110011111001101
1100011001000000
1010111110010011
1111000001101101
0011010011011111
0110110010010101
0001000111101011
0111001110111110
0110010010101111
1110100001110101
1011110101000000
0111011100111111
0011001111011111
1011001111000011
1011101011001101
0101011000010100
0001111111110110
0001110010001100
1101100110100101
0101111010001001
0010010100010111
1111011001111110
0111110011101101
1000110110010001
1100111101011110
1000101000110001
1101100111001011
1110010011001001
1100101001001110
1101000001100011
1100101110011111
1001010101010000
1100111010001100
0000011010001000
0011011001101001
0111110110011000
1111100101101111
1101100000100000
0111010110111011
0000011001011101
1110111001100000
0100001011011011
0100000110011001
0000000001101010
0110100111110111
1000100110000100
1010011111110110
1000011111001000
1111001111101000
1100110011110101
1011110011001010
0110100011011010
0001011111111110
0000111101000001
0000000101110101
1111001010110011
1001011010011101
0100111110101011
0011001111010010
1100100101000110
1100111100101111
0110011001100101
1111100000101011
0101111100101011
1010011001011110
0111110111110110
1111010101000111
0111000010001101
0101100110001000
1011101011010010
1011000110011101
0001100000101000
0101111111111011
0001111011110110
0001100110110100
1000110011111111
1001010001100110
1010110100100100
1111101011111000
0010010011000101
0000000101001100
0111111111011001
1100111111101111
1101011111100110
0101111110111000
1110100000001110
0100000001000101
0011111010000010
0100111000010100
1111110001011000
0101110100110001
0101000011110011
0001000101110101
1011111011010001
0010010000011001
0101100000110100
1001100001101110
1101101110011011
1010001101110101
1010101001111110
1011001011100101
1111011111011110
0011010000001000
0000000100101000
1111010011011010
1111101010100011
0001011100101000
0000011000010000
0111010010110100
0101000110100100
0000000110010010
1001000000000000
0001000010111011
1100010100111011
0110011010100101
0001110101110000
0011110000010101
0101010011110110
0000110111011110
1100010110010011
0110111011101111
0000010011000011
0000100111110001
1110110100111001
0010010010110101
1011011110010111
1111010101111101
1010111000111100
1110001001101010
0011011010001101
1010000100011100
1101111110100010
0111111110000101
1010011000000101
1011010101010111
0000010111001110
0100000001011111
0000010001100110
0011101101110110
1100011001001111
0010101111100111
0001010111110111
1000101000100000
0000111001111100
1101111011011010
1000100100010111
0011110001101101
0111001010011010
0010111110110001
1101001100110001
0011011000111110
0001100000100010
0101111011101100
0100010000010010
1100011010110100
0110001000100000
0110001000100101
1100000110010000
0111000001110110
0011010011000101
1111100000000110
0000110000010101
1000110001111110
1111010101111100
0100001111011100
0110011011011110
1000111000101101
0110001100010010
1101100111000100
0111101110110110
1110001111110101
0001010111011010
0010010101011011
0111001110110010
1011110011000111
0100111100000100
1101100001110000
1110101010100101
0100001100010100
0000111011000101
0100001000011101
1010110100101110
1011001110111010
1001011101011111
1111101011001101
0100111111011000
1100110011110010
0000100010100110
1001111010000110
0010001111010111
0001001000000101
1110001111110011
0100011001100110
1011110000101001
0010000010111010
1110111011001100
1011100111100110
1000001000001111
0010101101111100
0011100110000110
0101001010110100
0011100101011100
1011111010011000
0100001101010111
0011101100010100
1110101110011000
0111100001000101
0111000101101001
0001111101010111
0010111100101100
0111001000110100
1101011111110101
1111010110100001
1101101011011000
0110110001101100
1010100110001110
0001100010111111
0011011000000101
0110000000110000
0111100010011101
0000011101001010
1000111000111100
0001101111101010
0110011101111001
1001000101100011
0001011001111110
1000000110001001
1111110010110110
1001101011100000
0110100010100010
1110000101011000
0101111000111111
0011101111000011
1101000001100001
1001100010001011
0010011101110111
1011100110101101
0010111010101011
0100111110100011
1101011001111110
1100001100101000
1010100011100100
1101010101100001
0010111101100110
0101100111001111
1100101110000101
1011011001010011
1100110011110010
1001000100011001
0000001011111000
0110111011011011
0110100010101001
1001110011111110
1110000100011000
1001010110111110
0101100110101111
0110111100000101
0100000100101111
0100000100110100
0101000001000100
1110001100011110
1101011011101010
0111101111111001
0110011111000101
1010001110110110
1101111100011010
0100111100111111
0000011001110100
0100010111111001
1100101011101110
1010110011100011
1000100101101101
1101111111110100
1011011011101100
0111011110001010
1100101110100110
0001101001010111
0100011010010000
1111110101001111
0111000000100101
0011000100101000
0110100001100010
1111101010001110
0011001000001100
0111101000110100
0001110010011010
0000100011110101
1100101100010100
0010100010010111
1010000100101101
0101010011101001
1111010010011001
0100100111001010
0001000010101101
0111100100011100
1100001100101010
0101000011000111
0011100010110101
0110110000000000
0001101011100111
0011111000000000
1100010011011101
1110110000110000
1111111111110110
1111000001110111
0110000101001011
1100111010000001
0110100010010010
0010100111110100
0011010011101001
1001101010110000
0000010111000111
1110011001110000
0000011010100101
1100110010101101
1111001011111000
0010110000111111
0001000000011101
0001000100101011
0010001001110010
1001100100111101
0001101111011000
1111111110111111
1110001100110011
0111000011011011
0010011100100011
0110110110000111
1011100110001100
0101011101011000
1110111100011011
1010100111100001
0101110000101011
1111111001000001
0100011000111011
0000001110100010
1010111101000110
0010101010000000
0111101011100001
0101000010001100
0110011111111101
0011011011010010
0010101000110100
1011110110101110
0100110011100011
1101101111111100
0110001111000000
0101101101101010
0111110101010111
0001110111111100
1100111011110011
1111100111101010
1110110110111001
1000001110110010
0100110101100100
0101000011011000
0101000010000001
0110101001100000
1100100011111111
1010000110111010
1111010010100010
0000001000011111
1010110000100010
1100101111100001
0011010110010011
0000010110110111
1110100010000110
1001101100110001
0101000111001110
0010101011000101
0101111101010010
0110000111111000
0010111000111111
0100011100010101
1100110011010000
0101111010111101
1001000011010011
1001010111101101
0010001011001010
0011110011101101
1101010111000100
1010111100011110
0110001000011111
0110101111010111
0101110100111101
1100110101001011
1000101010001100
0011111110101101
0011001100100111
0000001010100010
0011000010000110
0011101010100101
1101010010011111
0110100000101000
0001010111001101
0111101011101101
0111011000111101
0010110000001001
1101110111001010
1010111111110101
0000100100011101
1001011101010011
0000010101001010
0101000000110100
