0011000010100001
1010101101100010
0100001101010001
0000110111011001
1010101110001111
1000111111100101
0111110011110010
0001010101110101
0101011110101010
0100001111111111
0100111010000100
0101000110100101
0101010100101111
1101001111101000
0100000010011001
0000100101011011
1110110110100111
0010111110100111
0111010111110111
1011110001000100
0101001111000010
1100010010001000
0000001011000101
1111011001101111
0111000110100101
1000110100011111
0000110100101001
0000011110010100
1111101010010000
0010111010111101
0110000010000100
0000100010100011
0011111111110111
1101000110101011
0110001011100011
1101110000111001
0001101100100001
1110000110110011
0111001001010110
0000110100100000
0011111110000111
0011100101010010
0101101010111001
1000100001110010
0101010000011001
1011111100100101
1001111001011100
1101010111110011
1100100100010100
0000001101100100
1100011001001010
1111001100110000
0011101111001100
1011000100101110
0010110001010011
1001110000110111
0001110100100000
1101111100100001
0100110110100110
0111010111111001
1010001010100110
0000011100011101
0111110111000000
0011110101010100
0001101010111011
1100111001011011
0111111011000100
0000001110011110
1010111011011100
0010100100110010
1001000111111010
1100101111100100
0001101010010100
0100011100001100
1001000100001011
1111011010011110
0101010101011100
0110110001000110
1100001010111000
1111011111010100
1101011010110001
1010011100001001
1111011001010110
0110011110001011
0011111111010111
0011111110101100
1000000100110011
1111100001010011
1100111100000110
0110000000110011
1110010010001100
1010101111101011
0111001001101010
1101001110011011
1101000011000000
1100000010010001
1000101100000110
0110000100001100
1010101101100101
1001000000010100
0111101110000111
1110000110000100
0110000111011110
1100010010101101
1011000100111000
0101011110100100
0001001101110001
0010010101101011
1110100000100101
1011111101111101
1001111011100111
1101010011001000
0100010111011100
1100101000010011
0110000000111010
1011100110111010
0011001001101110
1010010110011111
1111000010011111
0110110010110000
0011011110000001
0101011000110000
1111111100000101
0001110100100101
1000001110000011
1101100000100101
1101000000011001
1001000111001110
1011111100010110
0001011101110001
0100111001010110
1111010110111011
0011000100111100
0110110011101011
1110110100000101
0000010001011011
1011110110000010
0101011111101011
0100011011010001
0000110000101011
1100100010110100
1010010100011001
1010000011000011
0000010100101010
1111110010100001
1001010111101010
0100010100010111
1001111101101101
0101010111101110
0010101111111110
1001111010110100
1001000010010010
0100110010000001
1001000110000101
1011101001111010
0111100011001100
1110100110100100
1010111010010111
0111000111010001
0011111100111100
0110000001110111
1001001001001010
1010111100001000
0010100001101110
1101000101010111
0101100001111100
1100110011011111
0111100011111111
0100010101010100
1001100010111111
0111110100010111
1110100111001110
0110101101010101
0110101000000000
0000101011100010
0101110011110000
1110110000010000
0100110111011110
0000111110100100
1111111011110110
1001010001110010
1100000111101110
0001100111111001
0011011110001000
0111110010100011
1001010100000010
1101101011010110
1001010110111001
1110001100100110
0001111010100000
0111101010011010
1010011111011001
0000010001000010
1000011101000100
1110110111011101
1001011101110111
0010110101100000
1111101110111011
0100100001110011
1001110110100001
1110101011110000
1110001100111010
0100111101101100
1011101000001011
1001111011111100
0111111011100010
1100101101101011
0110011101010100
1101001110110011
0000001111101100
0111000110101110
1010100001110110
1100110001001111
0011100111001000
0101101111011011
1010101110000110
0001111100000000
1111101100011110
0001110100011011
0101001011010010
0111001101101010
0010101111101000
1011000110100100
0111001111110010
0010011010000001
1100100011000000
1111100101101010
1111111001001000
1110001011111011
0111001100101111
0000011000010010
0000100100001000
0100100010001111
1100100101100111
0011100011001000
0010101000001100
1111110111010010
1110100110011100
0101001000101000
0100110111100101
0100111111101011
0101101101110111
1101000000100100
0011111110110011
0111010111100111
0010000100000001
1001010100000011
0011101011110101
1011011110101110
1000011101110000
1111111011110110
0001101111100001
0100101010000011
0010111011111011
0010001111011111
1101000101100101
0000101010111111
1111010100001101
1110111001111100
1101101110000110
1111011111110000
1110001010110010
0101000010010111
0101100101101011
0101100111111001
1111001010111001
1011010101101100
1001110001011101
1110000110000110
0111111000010101
1101010110001101
1111110000011100
0011111110111100
1110010110000111
1111110111110100
0111111111100010
0110001101000111
1001110110100011
0100001010000100
0100011110000111
0001101101011111
1011100001000011
1101011010001001
0001010001100001
0000101010001101
0011010011010001
1010110011000010
1000111101000101
1101100101010010
1101111001000101
1110010100011111
0010111011011001
0101000111011011
0001111110111011
1011110011111110
0101111000000101
0110110001110101
0110110001001010
1110011111111110
0111101011001100
0000010001011111
1000011111000111
1111110000101011
0110101011111110
1000100001011000
1001001101011000
0000011001001010
0000110011000000
0100100011100010
0010001000101100
0001000101110010
1100110100011011
0011001000111000
0100001111110111
0111010001101000
1101001110010101
1100101110110011
0110100000010001
0111001101010010
0111011111110101
1011011000100101
1100101010101101
1001100100000010
0001010100101110
0110000001111101
0101010010100101
0010010011111000
1011110000010011
0000100110111101
1111010101110110
0111101001101100
1101110001100100
1111001011111100
1011011111110001
1100001111001011
0101111001010001
0001011001101110
0101011000001100
0111001001101000
1100100110001001
0011100011011000
1110001101110110
0001001000000000
1110101010001110
1000111111010110
1101101110010101
0110111101111001
0010000101110010
0001010000010011
0000100101110011
1011100001010101
0011110100110010
0001011001001110
1100000010111001
1101110111100101
0001110000111010
1110011100001010
1100010000100000
0010000101000110
1000011001111101
0110111111010001
1011111001100000
0001101111100001
0110100100101110
0100001111010100
1111001000000111
0011000011011111
0011111101011100
0000000001111111
0101011010011110
1101100101111111
1011101001010010
1001001001110101
0101000110111001
1001110100001100
1001001101001000
1100000110010110
0000111100011111
1100000001101001
1110011010001010
0010100000101110
0111100010111101
0101100010010010
0100100011100110
1010100111110010
1101010100100000
1001110101001111
0100011011110011
0011010010001010
0011011100111010
0001111100101001
1000011001011110
1100101110000110
0010101111111011
1010001001000101
0001001011010110
0001010001010101
1000001001010101
1100011000101010
1100100011111111
1000011011101110
1100000001111101
1001110111011111
1111101110100100
0000001110010010
1011110111110010
1001011000000101
0111101110000011
0110011010111101
0011001010101010
1100011011000111
1111010011101000
0110111100101110
0111101100111110
1110110101010001
0011011010011101
1000100111110100
1100011001011100
0110011110011010
0110100010010001
1001111101111011
0111110010001001
0010011000100110
1101001011000101
0111011000100101
0010000100101111
0111000111110100
0101101011111100
0001011010110100
1001000111111000
0000000111011011
1000101001001110
0010100101010011
1001010111010110
0000110101010101
0111100010111010
1000001110011001
1100001110100010
1010011011111101
0001011101010000
0001000101101000
0011110010001110
0101001000100101
0100001101011110
1000101101101100
1001101110110010
0110100101000111
1001011110110100
1111000010110111
0001110100001001
0011100100101010
0111000001000110
0001110011110100
0100100111110101
1000001001010011
0001100100100101
0001100010010001
0001011110101101
0110010111000000
0011000111000001
0110110111010000
0000001101011111
1110110001000011
0111000111101100
0100100101010100
1001101101011111
0110110111101000
1100111100000111
0100101011101101
0010001010100011
1000110110111110
1110110100111100
1110011000011111
0111100010101011
1111100100101011
0001100000010001
0001010000101010
1100010001000010
0101010111000010
0100110011110110
0000101100011000
0101010110101010
1111111011010000
0000111010110011
1101100100110000
0011000101010101
1111000110011111
1011111001110110
1001001000101101
0000100010010011
0001101001100101
1001010100111101
1000110010000010
1111000010101001
1000111101110001
0100011110001110
1001100111010111
1000000101100101
1110010111000100
0001100011000001
0101110111000000
1011111010001000
0101010001100100
0010011001110000
1100111001011110
0000001101110000
1010111110101100
1001101000000110
0111100101001110
1110000110010011
0101101010010110
