0010010100010010
1000001001011101
1000100100000010
1000000000001100
0001110000000001
1011111100001010
1000111101000011
1011111000000001
0010111010100010
1100110010000010
0001111010100110
1001000101000111
1101110111110010
1101100010001000
1001101010001100
1000110010101100
1000001001101011
1000011001111101
0010110011111000
0100100001101000
0011011100101110
1100110001111011
1000111010110110
0100010100111111
0011110111111101
0011001101100000
1110110101011000
1001100101101101
1011011011100000
0010010111011101
1010110110010001
0101011110100101
0010100001001100
1010001110100000
0011111110010001
1010110011110011
0000100000011111
0001100001011110
0011011001110111
0001111011011110
1101100111111000
1001101111100101
0001111100001111
0000111011100110
0011001110001000
1100101101001101
1110100111101101
0000001000010101
1110001100011000
0111100100010000
0101011010111000
0000001001000111
1110000100001000
1010011101010001
0001110011111110
1010110000001111
0000011110101101
1111011001110001
0111110000100110
0000011011001001
1010011000111101
0100001111101011
1100111101111100
0110111110110101
1010001011000101
0010101000010001
1110100010001101
0010011111010010
1000101000110111
1011111101001101
1110100110110110
0001110110101110
1100111000110010
1000001010000101
0100110010010010
0111101100110111
0000000000101001
1010111101101100
1011001101101100
0011101000000111
0000010101101111
0101110111101100
1000010101000100
1010101111111011
0111000100000000
1100011010110100
0001101000010011
0011100001010000
0010000111100100
1100010010011001
0111111010010101
1100001001001111
0001011011010011
0001101100100001
0101000110100111
0110001101000110
1100110010011001
0011000010100110
0100010010111001
1001100011011110
0000010001010001
0111101101110100
0001010000011011
0000100001100100
0110100001001011
1011101011101000
1111010101110111
1010011010110111
0111010110011011
1110000101110100
0101010001000101
1000011111101011
0000011010111100
1100110000001110
1010111000000111
1011000100010100
1110101110010111
0001000001110001
0000110011011111
0100101001001101
0101011010110000
1001100111001111
0011010011100111
0001110100101000
1001111100000110
0001110001001110
0000011000101000
1011011000010001
0111110101110011
1010010001010101
1110101111000110
0000110010100111
0100001100110001
0111010111111011
0011000010010001
0010010001000011
1010000110101011
0110101111101000
0000000100110000
0101111100011111
1111000010101001
0010100011101111
0000011101000110
0001000111011011
1001001011110101
1011101000000000
1010110100100111
0100100010100111
0110000001000100
0101010001101101
1001011110000110
1100110110010010
0100110100000101
0100000111011110
0000000001000000
0101010101010001
0110111011100000
0100101000101101
0011110100011111
0100101100110000
0110111100010000
1010000001101000
0011010111011111
1011000001110000
1111110110010110
0010110010100011
0111001010010100
0111110110000001
0001111011000101
1100111111110000
0000110001110110
0001110001101101
0001100110111000
0110100110000110
1111000010001110
0101110001111011
0100101111110101
1000000011101011
1001000100010000
1110000100001110
0100010011101000
1011011111100000
1100101110010100
0111110111111011
1110011010010011
0100011001101110
0000101111010101
1010000100111010
1000010111011010
0000110001011101
1011011000001001
1101110100011101
1010101110110001
1011111100110001
0111110100011111
1001111010011111
0110000100011111
1011001100100000
1111110100001110
0110110111111001
0110010001111110
1000000010011101
0110110011001000
1001111101000011
1010100000100001
1101110101010011
0001100001111111
0001101111110000
1010100010011001
0011101010110010
0001111010000111
0101000010001000
1110001101001111
0000101101010101
0100111000110110
1001011011010110
0111101011110110
1011110110011000
0101111011111011
0010111001011110
0001000110111011
1101000101010101
0011011111010100
0101000111100111
1010100111010100
0100110010000010
0011001110000011
0001000011001010
0100001110001000
1001011011101110
0101011001010101
1111100111100000
1100000100010011
1011001000000110
1111000000111000
1010101111100000
0100101100001000
0001100010110101
1000100001111100
1000101011101010
0110100100100110
1111001111101010
0011111101101110
1101101000101111
1001101100000000
0001101000100010
0101101101110001
0100101101011111
0000010110110110
1110101010000000
0001110000101010
1110100010100001
1101111100101101
0011101001000000
0010000111100001
0100010100000011
0101100001000010
0001110111010101
1010101100010100
0010010011001111
1100111110111111
1110110100000101
0010110100101100
0011111010101110
0110100001001100
0110111010111000
1100110000111110
1010011000011011
1111110011100010
0110111000100011
1001111110011101
1010001010011010
1010001001011111
0100000010001001
1111100100001111
1000001001100100
0001010101001110
1010000111001111
0010100011010000
0011000010001110
0111010001000100
1100001111010001
0001011010100011
1111010010100110
0011101100110111
0000010010001001
1100100011110110
0011111101101101
1101001111010011
1110001101001100
1001110001010000
1001111100000100
0101100010010100
0100001110010110
1001100001100100
1111001000101110
0000100111010101
1101000000011000
0111001110011001
0111000110101000
0011110000111111
0010110011111010
1100000101101101
0101111110001101
1010010011011100
1100111100010101
0010000111011001
1110000100000011
1010111111011101
0001100011100000
0100110101000011
0001101010111010
0101111000000111
0000110110101010
0100001010000010
0101001110010100
1000110100101000
1010110101010000
0110011001101010
1000010101111101
1111000111011111
1000111001100110
1100110000110110
1011011101111011
0000011000000001
0110000010110001
0010011000000000
1011010011110001
1011101000101101
1011000101101101
1000010011110100
0010011100000111
0101001100100001
1001011000011110
0100011011101101
1001101011011110
0101110000011010
1000100010101011
1010000100000011
0100000101011001
0001011011100111
0000001011011110
1110100001011011
0100110010001110
1100110111100101
0010101010111010
0110101100100010
1100100100110011
1001010010111000
0011011111011010
1111011011111111
0010111001111101
1101100100101111
1011000010111101
0000110000111010
1001001101101000
1010101111111100
0000110010101010
1001010000010000
1111000100000111
0000100100011011
1111110110000101
0101110000010000
0011011100111001
1000111101111100
0000011011001001
1010001101011000
1001111011010011
1001110101110000
1010011001001110
1111001101110011
0110110000101101
0101011100100011
0010111100010010
0110000111110111
1101101100110000
0101111100000101
0001100100111011
0011110001101001
1001100010010111
0101111111011011
0001110011000111
0100110001100001
0011001000011010
0110001110001001
1001110010010110
0101001010110111
0011110111001011
0101000010001001
0100110010010010
0111100000110001
1100001011111010
1000100110000101
0010011010110010
1010011010110110
0100001001100111
0001001011001111
0000101011011111
1111100101010111
0101010110101101
0001011110100100
0000101001100100
0110100111110111
0111101011101011
0110000110011000
0101010110100110
0100000101000000
1000011000001011
0101100010101110
0011110100100100
1111011101000101
1011110011111110
0010101010111100
1010000001010111
1001111001110100
0111100111101110
0001100011000111
1000010001101001
0010110111110100
0111110000111001
1010100010110011
0000100110110100
1000110001101111
1111101111110001
1101111011111000
1010110111110110
1000001011100111
0110010100000001
0101101101010010
1011101111001000
1110110110100010
1001001110110010
0101101001111111
1011100100110010
0111001101101000
0011110110011011
1111001100111010
1000000000100001
0000000100101011
0010011101001100
1101010010101010
0001100000010001
1100110111011111
1000011110110101
1010110101101010
0100010000100011
0110100000111001
0001010011001100
1001101101101101
1001000111100010
1110101011100000
0000100110010101
0001111110111001
0110111111001111
0111110001010000
0001010111110110
1010010010110111
1100011001011000
1100111110101010
1011100101110001
0000000101110101
1001100000111001
1010011100111100
1110000110010010
0001011011011101
0110101100010100
0011111001000000
1110000011011000
0101110001100001
0110010001011110
0111000110001111
0100111010110001
1110111111011001
1010111100100111
1110010011101110
0011010111100011
1011101100010010
1100111111110100
0110000101100000
1101110100000001
1111110100101100
1111111011010011
0000100100110011
0111000011100001
0001011000000111
0011111110110100
1001110100110110
1100000110111000
0001101010110010
1011101101000100
1101011001111001
0000001111010101
0110101111000111
1100100101001011
0010101010001001
0100110111010110
1111000011101011
1011001011110010
0010000101000000
0010001000101011
1100100100010001
1010101100010111
0101100101111110
1110011001110001
0100000101111011
1111100011010100
1011111011000010
0010100011000010
1001110100010110
1001100100000110
1000111001100101
