1111000110100001
1110100110110100
1111110000111000
0100010100011101
1111011010001111
0110001111000101
1111010110111111
1100101000100001
0101011010001110
1111101101110111
0001001100010111
0111010110000011
1001011101000000
1000100111010111
1100110110110100
0101010100011001
1011111010001110
0100101010011000
1000110100101111
0000100101111010
0101001001000010
1110111111101110
0011100010100110
0110101001111011
0110110110100100
0000101010000011
1010011011010100
1011101110000111
1010010110101000
1100101110100000
0010110101110110
1100100010110011
1101001011010101
1101110011010111
0110010111101000
0011001110000110
1110000111011000
0000011001111011
1111110000101110
0011110101101100
1101101101100011
1011111101111110
0101110001110100
0101000111111010
1010000001111110
1100000110001011
0101000111111010
1110011101101011
0101001111011100
0000100110010100
1110100000101011
0010111010010100
1101101010111000
0100101001101000
1100100110001100
1010101111111101
1111001101110101
1000011000101110
0110100111010111
1011001100100100
0010100001110010
1100110111000101
0001101110011111
1001101010111001
1110001101010100
1000000111101111
0110010101011100
1110011110100111
0111101011000111
0001010101111110
0100010111101010
0011111111101000
1110000101101010
0011010001101001
1101110010110110
0101010100011110
0100011000100110
1011100010110100
1010001110110001
0000010001010110
0011111110001101
0111000100001010
1011100101001010
0111000100000110
0010011010000110
0111011011011101
1100110010110110
0011100101010101
0010011110110100
1111110111110100
0111100001100011
1110001001001000
1010011010000110
0001110000101101
0010111111101100
0010010110110010
1001001010110111
0100100000111011
0010100000000110
1100000001110100
0101100011010001
1101110010010100
1111101001001110
1000101001001101
0000100100101110
0101001101101101
0000010010000010
0101110000111110
1000101000010001
1001001010101101
1101101100000001
0101001110110000
0111110101011101
1111011000000001
1111100100010011
0010101111110001
0110110101111011
0101101100111010
0010010100000001
1000011111111001
0111010100111110
0110110001001000
0111000110111010
0110000000010000
1011111111111001
1001001110101001
1001110010010000
1110000000011101
1000111111100010
0101100010000011
1110111110011001
1111110010000100
1010001110001001
1110010010111000
0110000011111001
0010001011111001
1000101001010011
1000101011011001
0010010011010011
0000110100010010
0111001111010111
0100101011010000
1111010000001111
1000110101101011
1101011110111000
1010100001110110
0011000000110001
1111101011111001
1010111011101001
1011000110000111
1110010101011001
0010010000111001
0110100011010011
0000100001100010
0000110101111010
0011100000011000
0111110001100101
0010100110100001
0001110110001000
1110101111101100
0011110010000111
1100010110100000
1101010010100101
0100000001110110
1001001111000110
0011000110110001
1010101100001100
1011110011111111
0101000011111001
0001101110101100
0010011110001001
1001011011100110
1000101111000111
1110110110001101
0001001100001111
1000110111001001
1011001001010010
1010010010001100
1110010111101111
1110010010001101
0010011000011000
0101111000110100
0110011010110010
1110000010000100
1110011101010011
1111111000010001
1110111101010011
0101000001011011
0000110001010100
0000101110000000
0000011101000101
0110011011111001
0101001001001111
1000110010011011
1001000000101011
0111011010010001
1101100111111000
1011111010100110
1010010011011011
1100111101110011
1111011101111111
1011000001010110
0001001100010011
1100010100001010
1000101111111010
1011010110001001
1101111101111111
1010111100001000
1101010110111011
1010111110010100
0011100000000100
0101000001001001
1110000010010100
1100101111101110
0111011001110101
0011001110010110
1110110110011100
0001100010001111
0001000011010101
1110001011000010
0100011101100001
0011000110111100
1010011110101111
1111110110101110
1010111101010111
1110101110001101
0000000100100101
1010000001100110
1111011100010001
0110010001100010
1011011110011101
0111000111100000
1010010001101010
0011011000111010
1110100100100000
1011101001100101
1110110110000000
0011001111110111
1011010000111000
0101011101111000
0101110111000010
0000100001110001
1000101001111100
1101011000000011
0011000111010010
0111100110000010
0111111000011010
1111011010111110
0011111100111011
0001110101000110
1100100101100010
1110111111101010
1110000100101110
1000011011001011
0011100111110000
0101100101000111
1001000110011000
1001010001001010
1111111011010101
1011000110110010
1111010100011001
0100111011011100
0010001100101111
1010101011001110
1011010000110001
1101001100101001
1010000001110101
1111100011110010
0001111001111111
1111011010110101
1010110111001110
1110111010001111
1110001001101100
0111111101101100
0110011001111000
0011000010100111
1101010100101110
1101100110101010
0000011000110011
1000000110000011
1001100000001101
0000101110100111
0011100100100100
1110000111010000
1010101110101000
1101111011000010
0100001010111110
0001111111111110
0111000000010011
1101011001110011
1001010111001110
0011010001011011
0000010100011010
0000000010010111
1100010111001010
1011000101111100
1110101001000000
1001000110111111
1100010011000001
1101111100001110
1000001000101011
0110001001100110
0110010111010100
0000110001001011
0100111001010011
1101011010010110
1010111100000101
1111000001010111
1101100000110011
1100001010101010
0111001001101011
1010111110001101
1110110110010000
0010110011010111
1101000011011101
1110001011100110
0000011001011010
0111111100000011
1011101111000011
1100101011001011
0101000010100100
0001010100001011
1001100100100000
1000000001011111
1100011000110110
1101101101100001
0000100011010111
1111010110101100
0111011001001101
0100101011100111
0010010111110100
1011111101100001
0110110010101111
1100000110001110
0010001010000000
1010011000010111
1100000111111000
0010000011000100
0001000011010000
0010000101000010
0001110110110101
0100111100111100
1000001011110100
1101000100110100
1100000111110010
1110000111001100
1000000001001011
1110000101000011
0100111010001101
0100111010001000
0000001101101010
0110100011110010
0010011100000001
0110001110110011
0101011111000100
0011001010111010
0111010011010000
1011011000010000
1011110110011000
1001111111010011
0010100110001010
1000010111000000
0101001111101101
0100000101000110
0011100110111101
1000101000001101
0110101010000011
0101010000110001
0101011000110100
0111110000010111
1001111000100010
0110001101010011
1000001110111111
0011101001010111
1100111011001010
1001010111010010
1000010100010011
1010110110001011
0100000100000011
1101000010010100
1010100111001010
1111000111100111
0010010011001010
1011101000100101
1110010000011111
1100110000110100
1001101100010010
1011111100010110
1100001101111011
0111011011100110
1111110111110010
1011000000010001
1100100100100010
1000100111101100
1110010110001110
1110111101011110
0011000000011001
0001101101100010
0110110000011001
1101110100111000
1011011110110111
1101111110101111
1001001100001101
1011110000111101
0100011101100011
1001000000101000
0010101011011000
1101000101101010
0101000011011111
0111001100111011
0110110001011101
0110010101110011
0011010001110011
0101111100101000
1011011101011001
0100011111111100
0111110110100001
0010010010011110
0011011110011110
0101010101101001
1101010110100011
0011110011100101
1010111011001001
0011100011101001
0100101001000010
0100001001000001
1100111111101111
1111000010100010
0111000000011110
1011011010011001
1101110110111100
0111101100010111
1010001001011000
1000100010001101
1101000110111110
1000110101110100
0010111111000001
1001101110101011
1011111000001111
1011000100110011
0011110101000111
0101101110100010
1010011100001000
1000001101101001
0111001101110101
1001110000000101
1110111001111110
0000010010111000
1100010111011100
1100110100111001
0111010011100101
0010111100010011
1000111010011110
0100110100101110
0110111010101010
1110010110001001
1101110100011010
1011010001010001
0101000011011101
0111101101001100
1110001110001110
1000100000011000
1100100000000101
0010011100100001
1001111000011001
0001011001010010
1011011010111110
1111001001110101
0101001100100111
1110100101011000
0001111101010011
0100100011101101
1101100101001001
1111010000011100
0010010000100110
1010111010100101
0110101000100110
0001110010110010
1010001111111011
1000001101110100
1101011001101111
1001100111101001
1111101000001000
0010111100100010
0101010101101111
0001001101011011
0001100101100001
0011101011110100
0000010011110011
0001110110101000
0100111101001110
0111101100111100
1000011001011111
0100111011111100
0011110100010111
1100011111010100
1110011001101100
1101000101100111
1011011111011001
0100001101001000
0001100000100000
0100000001011000
0101100111001110
0000100110001101
1010111010110010
1001111001111010
0010110010100101
1101010000000001
0110110011010000
1001101101001000
0100111110110010
