0100000010010101
0010101101100100
0111110110001000
1110101000000110
1100000100010001
1110110001011101
0001100001110110
0010101101111011
0111000111110101
1000001110110001
1000110110100011
1100001010101000
0111100110011010
1110011001000000
0100101110111001
1010011000011110
0001010011111100
1100011001110010
1011001001000001
0100100001000110
1111110111010101
1000010100011011
0101110110010110
1001001010001100
1100000010100010
1100110011011011
0000011010010101
1011011010100101
0101001110111001
0010000110100111
1110111011101001
1010010110011011
0001000110110010
1011001011101001
0101000101000001
0101011011001101
1100000011001101
1111101000100001
0110011100000111
1001001010000011
0100101110110101
1110010100011010
1001110000100101
1111011111110001
0111000000111010
1100111100000101
1011111111111000
1010001100111010
1101010111000111
1110111111010011
1101001101110011
0001000110111101
0000010110010110
0001011011010110
1010100011000100
1101001010010100
1111111100010010
0101000001001100
0010100111100100
1011100111011101
0101000001100011
1111111100101100
0010001000000110
1001011010000111
1110110001011010
1110110011001100
1111011001100011
1010001010001111
0100100101011011
0111010101111000
0101000010011101
1001100001101100
0110101101011010
0110100000010100
0010011000100111
1111111011000100
0111100000100001
0001110000001010
0110110001101111
0000000000000111
0010011101110101
1010111001000100
1001000111100100
1000111000010001
0100010001001100
0000110100010010
1101010101010101
1011011011110000
1111000000100000
1011101101001111
1011010110101001
1000110001100110
1000011010000101
0000101100111010
1000011010011101
0011000011011000
0101110110010001
0010001111001111
1011010100010000
0011010100000110
0000111101011100
0111010001101101
1010100011100010
1010011010001001
1110011101000011
0111111000010011
0001001100011100
1111100000001000
1000100011101100
1001001100100001
1011011010010010
0100001101011000
0000101101111111
0100111000111110
0111111100100111
1100100001000010
0011000110110100
0101000010001111
1000000110111011
0111011100100101
0011100000100000
0001101101010100
0100001000110010
1011101111010011
0000111101011110
1011010111110111
0000010000100101
1010011000101000
0001001001100111
0011100101000101
0111001011100111
0011111110111001
1101010100101010
0101100011100011
1101111110010110
0011001100101101
1010110100000100
1001110110000111
1110000111011010
1111000100001001
0001101101101011
0011100001110000
0111000100010000
0110010001011110
1111111110000010
0111010100100011
0011111111011010
0000100100010111
1100111100100010
0011111100011110
1001111011110110
0101100011011111
1100111101100100
1011100111000001
0000111011011001
0101101101101001
0100001011001000
0000110101010011
0110000110111100
0111110111101000
1100011010011110
1110101010010100
0110010010101100
1100000000001101
0110100011011100
0110100001010000
0100001101010111
1010010110100101
1100000110110010
1100100111001111
0011000010100100
0101100000100111
0000000101110100
0001000100110110
1110011111010110
0110111001101100
1101101011000011
0010010110111110
0100100101110111
0101000110100000
1011010110000111
0100110010101011
0000001001010001
0111000100101111
0011011101010010
0110111110100100
0010010110100100
0011100000100000
0000110100001100
0000111101000111
0101011011000110
0101010001011010
1100000010001101
0000110000011000
1010000100010010
1001101000111101
0001000011010101
0110100010100101
0010010011010010
1001000010010000
1100110010011001
1001101001011101
1100101101101000
1111100100100001
1001010001001111
0110011101010100
0010101000100001
1111100001010010
0100100110101110
1110011101111011
0010110001000000
0001110111111110
1111101001001101
0101011010000010
1101101010011101
1010101110001001
0000111100010000
0100001111100111
0111000000101001
0110001100100100
1000011000110001
0001101001100010
1100100100111010
0010100011111011
0011101100110100
0111110010110011
1000001001001111
1010110000111111
1111011010000111
0010100100010000
0111000101111100
0010101010000001
0000101010110101
1101101000111101
0010011100111011
1000101101001011
1010101100011001
0110101011101111
1101000010100111
1010110111110000
0111110001111011
0100001000011101
1011101000101110
0110111101001100
1010011100010111
1000011100001001
0110010100110000
1000100111100111
0001000100001100
0010011111001001
0110101010100000
0001101110011110
0000001110100111
1000000011001110
1000011111100010
1011001010001001
1000000001100111
1000100011101111
1100100111110100
1111010110001101
0111111000000011
0110101101111000
0111000010100110
1011110110010010
0100001101111010
0111110111001111
0110010010010101
0010101111101100
0010000111111110
1011100001001010
0111001111001111
1100111011010001
1010000001010110
1000000010100111
0010011110011011
1111010000111000
0011010111011000
0011110010011000
1010101001110100
1111001110110110
0110101110001110
0101101010101110
1010011111010100
1111101000101010
1101001100011100
1000110001011010
1001011001101110
0011010011010111
0011011000101011
1111001110010010
0100111100101100
0111001100100000
1100100000101101
0000110011001111
1001111110110111
0001111111100110
0111000111000000
0010000010000111
1100110010100010
1011000100101101
1010101111110011
1100010011011001
1000111011010100
1011100011001010
1101001101101101
0100101001100101
1010001110101100
1101010111100100
0111111011111111
1011100100100001
0001101001010100
1111001111101110
0001110101100011
0010001000100000
1101000101100100
1101001100101110
0001010100110001
1001111010011000
0101011010001001
1011101011010010
1100110010011111
0000011001010111
1011001111010010
1101001110110101
1001111110110101
0001101110111011
0001110110010010
0110000101111100
0011111110110110
0001010011001001
1111000001110110
0100110000100100
1000100111010101
1100000100010101
1001001011000101
1110110001111001
0100110010101011
0100011011011000
1000111101101011
1100111000101001
0010111011101111
0101001001100011
0111011011010111
1001010010110100
1000110101000111
1110101000010011
1110101110010010
1111100000001001
1001010000001101
1110100111110000
1011000101110011
0000110111110001
1101000010010001
1010100101000001
0001100111000011
0000010111001101
0011100001101010
0000000010100001
0001010010110101
0111010001011011
0100100011101010
0110001000100110
0111110101100001
1001000110001001
1100010110111111
1010001000100000
1110111010100100
0010000100100100
1101010101110101
0110001100110001
1011101011000011
0000000011110011
0110011111001001
1110000111100110
1011000010010011
0011100000110100
1100101001101110
0100010011110111
1000001010101001
1000111000010010
1100000100100000
0111101000010110
1111001000010100
1101101000000000
0001100001010011
0100110101101011
0000100101010000
1101100110110011
0100100101100100
0101000000110011
1111111011111001
1001000000000101
1110001001100001
1111010011000101
0100011011010000
1101010011110010
1111100101010001
0100000100101100
1101100001001011
1011100001010101
1111111000101100
0101010101010011
1110011110100101
0111101110101010
1101011011111010
1111110010100000
1111010101010001
1011110000101010
1101111101100111
1110001100110010
0111001010011000
1111111001110010
1111000001010101
1010010111011001
0100111101010100
0011111001011100
0110100100111111
1000001111100000
0100011101111001
0000101000100011
1101100011110100
1011011000000010
1000000101001011
1101110001011111
0001101000101101
0101110000010110
1011101011111100
0100010110100101
0001100010010100
0101010100011111
1110000011110001
1111000001100101
1010111001011011
0100110001110010
0000011100101110
1100000100100001
1100100010010111
0001101111000011
0000000101001000
1111100100001111
0111101010011010
1011101110101001
1000101101011010
1001101011110111
1101000010111011
1001101110000110
1001110001101010
0001010010101010
1111111011001110
1001001100000100
1001011010100000
0001011110110111
1001110010100110
0110001001010101
0011011100111000
1100010101101111
0000000001110111
0101011111010111
0100000001001101
1010111011101001
1001111011011010
0011000101010010
1000101101011110
0010000111101111
1011110001000011
1111011001101110
1011000100110110
1000011001111111
0101101000110010
1011111100010101
0011100011011011
1111010111010001
0011110000101101
0001010011101010
0101110011101100
1110111001111111
1101110110011001
0011010111011110
1001110111001101
0001001111001111
1010011001100000
1110101001010100
0110101100010100
1111110011001101
0001101101111100
1100001000001011
1010101100000100
1101011100111101
1001110100100101
1011000100001000
0010000101010110
0000001001110111
0101010100101000
0000001001100001
0011111001010011
0110001100110101
0101000111000001
0101100101001111
0100100001100001
1110010010110111
0010101111110111
0100111001011100
0101010110100111
0101111010010111
1110000100111011
0001111100011110
0110001110011111
0001101010101010
0001111110000111
1110001100011010
1101010110011110
