0011101011110001
1010110001110011
1010110011110011
1010011011111000
0000001111100110
0110111110000001
0101100100101000
0001011001101111
1011011101011011
0100011100101111
0110010111001011
0101101010110011
0110001000001110
0111100011110001
1001100010100010
0011010110000101
0001111100000100
1100110011110100
0100011011000100
1010010100110100
1101010110100101
0011100011011111
0101010110010100
1111100000011001
1000000111100111
0011010010001111
0111010101001100
1010001000100110
0001000011100100
0011001000001010
1101110101010100
0110011111010100
0010011000000100
0000110011100010
0100111101000001
0010111010111110
0100100110101001
0100100010010000
1011010010011001
0001000111001001
1100111010010111
1101101110110111
1011110111001011
1101000100100111
0100110001111011
1010111111010110
0101010111110000
0101000001101011
1100100111011110
1100110101000110
0010011101100111
0001000110101000
1000110100111110
0000011101010000
0101010010100001
1111011000011011
0100111000010101
0010100011000110
1110011111101111
0000010010000010
0111110100110110
0100110011111101
1111111011101000
1010110000101111
1011011011101011
1010110001001111
1111101100101110
1110100100100101
0100011010011110
0000101011100010
1000101100111011
0111010100001100
1101000000110110
0100000001111010
0001010010000101
0010110010100000
0011010111100000
1101011010100111
0001111111010001
1100000100001100
1011010101110101
1000000000111001
1111100111110001
0010110011001001
0100000011111111
0111100010010101
0101000000000000
0000100101101010
1000100000100010
0110101110100011
0011011011110000
1110100000101010
0010001111011000
1110100111110100
0111100001010001
1110100100100000
0001011011111111
1111101111110001
1011001010110010
1100010101010000
0100111000101010
1111010011101000
1010100011001011
0000011101110000
0101010010011111
0010110001101111
1100011111110000
0010011111110000
1001000000001010
1111100111101110
0100001010110010
0001100101001011
0011010111011101
1101111110010011
0010111010001100
1000000100110001
0100000000001101
1111100101101101
0100111111010000
0001000110000010
1001111010111001
1111110000110000
0100001101111101
1010010110101101
0000100111000011
0010001001000010
1001110101010001
1110111000001100
0000100001110100
0111001100011010
1011010100101100
1000011110111110
0010010010111111
0101111111111010
1101010111011101
0101100111011000
1001001100011101
0010110111110101
0100001101010100
0100000110101000
0010001000010000
1111011011001010
0011110111001110
1111011011000101
0110001011110010
1001110010110000
1101000011001101
0100010000011000
1101111100000101
0110110100111101
1100000101010001
1011001001110111
1110100111011100
1100001010001000
1100010011000100
0111101100001110
1110000100001111
1000100110111011
0111110000000011
0100010111001011
0110101001110100
1101010010010111
0000100001010101
1100101110100001
0100111000100100
1011000001010011
1111001101000011
0100110001110110
0010101010001011
1110001101101011
1001111101010101
0011111110100101
1110010101101011
0000100010011011
1000100110000010
1000101101100101
1101100001110001
1110010110001010
1001101110011011
0111101000111010
0101110010101000
0110100111100100
0011010000010100
1001001101111000
0001011001011010
0111001110110000
0001100111111101
1001110101011010
1011010001101011
1101000100000100
1011110011000001
1111110101100000
0110011010010010
1111001000101010
0010000111110111
1011000101000110
0110011110101111
0011111000011111
1000101010011010
1001100010100111
0011001100011101
1011101011111101
0000000101101111
0111101110100011
1101010110111001
1111011111101100
0011001101010010
0110001111101010
0000011010111000
1101101010110011
0111000001100101
1111100101101001
1111000100010101
1000111110111000
0100001110110100
1010010111001010
1100011010100111
1001000011000111
1111101011110111
0110110110010111
1010100000101010
1101011001011111
0101100111010001
0111000011001000
1011100011011101
0101000101011101
1101010101000110
0000000100000110
1010001100001110
1100010111000011
0101110001101111
0000110101010111
0001000001001010
1100000010000111
1011110000010111
1101000010101110
1111100100011110
0001000010100111
0000001011010011
0111000111111111
0100101110000111
0100100001000000
1011001001101001
0111010101110111
0001010101010000
0001011110001011
1101000010001010
1010100011000110
1110010100111100
1010001110111111
0101011111000101
1001100010000000
0001001100100010
0011010010000010
1111001110000101
0000001000101110
1001010100100111
0010000011000101
0011010011110110
0101011010101001
1011001011100111
0111100010000100
0100100010111001
1010100001010111
1001101101111110
1100010101000011
1001100000110110
0000011100001100
0100111010100111
1111000011110100
0011011110111011
0001101011011000
1110101110110111
0101000001010001
1011110000010011
1101110110100000
0000011110101101
1000011111011010
0100110101111101
1110001101010011
0111110100001100
1111011111011111
1010001001110010
0101110101011011
1000011101110111
1110101100100001
1100011101010011
0010100010110100
1011011110010011
1110110000000001
0111100001101111
0011110110111110
1001111010010110
1101010010000010
1011101001111110
0110101111110010
0101111000100111
0010011011001000
1101101111001011
0110100010011100
0110001000111011
1011010111011110
1100110101011001
0001111000011111
0101011010001111
1000111111001001
1001010010111110
0010011000111110
1101110010100000
1110000010000100
0110101111010001
0010011100010011
1001111111011001
1100110010001010
0010001001101111
0011110111110111
0001100110011111
0100100111101111
0101101000000011
0111110100111001
0011000001010110
0001111001100111
1110011011001101
0000111100010011
0000100101100100
0110101011100111
1110000011000101
0001010111001000
0101000111011011
1000111011000101
0011110000110011
0011011001100110
0101110110100011
0001100011001110
1001001101001011
0110100000011101
0000110111101110
0011010000000000
0101101000001101
1111011000101001
1110000111101100
1000101111111110
1011110110100011
1000010100100010
1011010001011110
1111110110111000
1011010011000111
0011111011110001
0101110001010100
1000000101111100
1011100100100110
0101011010010000
1011011011111011
1101100101011110
1111010100101000
1010000110011010
0101001000111111
0110100000111001
0010001101011000
1101011011111001
1101100000111001
1010101000111000
0100001010001111
1111011111010100
1010000101101011
1110101010101100
0010110010000111
1100011000001100
0100101101111110
1000010010001111
0010111010011011
1100010001000110
1011000000111100
1001110100101110
0100010001001110
1011100100101000
1011101000110111
1101101101000011
1011010001111110
0101000010011001
1111100100010110
1111100110011101
1100110110011001
0110110101011100
1110111101010011
1010011100011010
0100101111111101
0011000101010110
1111100001011001
1001110000110111
1100000001010011
1110101111110100
1011100000100101
1010011101111110
1101000011010111
0110111000101001
1110100011110011
1101011110101011
0101100101000001
1010110101101010
0111110010010001
0101000000000011
0101111011100011
0001000111110000
0101010001101011
0010011110000110
1100001011100100
1011001101111101
0111001100111011
1000100110011101
0011011111011010
0000110100100011
1100010010000110
0100100111001111
0011100111110010
1110000110011101
0101101011000010
0001001011011010
1011001100101110
0000110001010110
0010001000110100
1111011101001000
1001110001010100
0001001001011001
0000001001101010
0000101100111011
1100100100110110
1001111000011100
0110100010001100
0010000000110001
1100100010000101
0111110011110011
1010001101010110
1111011001111010
0110101111011011
1011101100111100
1100010000100101
1111110010011010
0111101111010101
0100110110011101
0010110011000111
1111101101011110
0111001111010111
0110010010111000
1100101000100111
1101010000011001
0101010111011111
0000000100100111
0011110000111000
1111101010010101
1010011101110011
1011110001101111
0101110111000011
0110101110101011
0000101011100111
1110001111111010
1011100011001110
1101110111111111
0101011010111001
1000101000010000
1110110101011100
0100100000001000
1000110011111010
1000000000101101
1011000101110101
0001111010111000
0011000101110110
0001110101110000
0100100110100011
0011011011111111
1011010110010010
1100110110101110
0100111110111101
1111111111000001
0011010101111001
0101111110000110
0011100101010110
0100001101101101
0100001111001001
1100011000111001
1100110111011110
0101100110001100
0111011010001011
1000000000111011
1000001101011000
1010000100000101
0000100000000101
0110111110000010
1010101000010010
1100000001001111
0101111111001101
1110000111101000
0111110110100101
1011010110100111
1101111010001001
1001111000111011
1010011101110000
1010111010110101
0000100010100010
1111001011101010
0111011011100111
0110101001000000
0001000000000001
0110101111010010
1010101111001011
1000100000101010
1011100001011000
0000100000011110
1111001101100101
1100001111110000
1000111100110101
