1010010110011000
1000010001100001
1000000110111111
0111111011010001
1111011011101001
1101110001110001
1100010100101000
1100100001001010
0011111110001000
0110001011110001
1011101001111001
1010101001001001
0011110110011101
1111011010110010
0001011100000111
0101001100101100
1001110101100110
1001111010011001
1010100000010101
1111110110110001
1110111010001010
1001111101101101
0011111111100001
1111100100001001
1000011010010011
1111010111100000
0000000011001011
1100010010100101
1011010100101010
1010011101000100
0011001100101111
0100110011101011
1111110101000010
0110100011111010
0000101001001010
0011110011001000
0110100001100100
1010100110010010
1110000100000110
0100100010011010
0111010111010110
1100011100100010
1101011000001100
0010001110111111
0001010000111011
1010111110111011
1011010100000001
1000111111001100
0100010001000101
1010110000001111
0000011000110101
1000101001000100
1101011101010100
0100000111110011
0111010011101111
1001100011011100
0101110000010101
1101000110110010
1101111100100011
1101101101100111
0101111101001110
0000101010000111
1101100000111100
0000000111111111
0000001110101100
0111011011000001
1100111011001110
0001001011110000
0101110010001001
1001110000100001
0101100110000000
0111001011001110
0101011111010110
1101001111111110
1100111001101001
0010111101010101
0101100100010001
1111101101110110
1101010111110111
1000000000011110
0010011000111100
0101001110111000
1111001011001101
1110110100111100
1110010010111111
0000100000100000
0011010111000000
1010101001001100
0010101111010001
1011010101110000
0100011000110111
1110111010110011
0011100110110110
1001011000010010
0100000101011110
1111101111011010
0111011100001100
1101111010100111
1000110111011111
0101110110011100
0010100101001011
0001001001010001
0110101110110001
1110111001010111
0001010111101110
0010101010010010
1000000101011011
1100001111111010
0000000000100111
0001000100110000
0010011000011100
0100010000001100
0101100000101101
0011101111101010
0001111010101011
0001101000111111
0101001100011000
0011100110010101
1001010011000011
1000001001011001
1101001110000010
0000101011011000
0100110111010101
0101101111110001
0100000101011001
0101101101100001
1100011101001110
1000100001010011
1110000001011100
0011110100010101
0000001101001000
1011110100101111
1110010101011100
0101010111011111
1000110010010101
1000110001001111
0000001011010000
1000001101101001
0101101101111100
1111010110101111
0011000011111001
1101000110010000
1111011100101100
1010110011100001
1001101001101110
1110010000000110
0010011100011001
0111001100010100
0001011110011101
1011000010010001
1000001010000100
0011100101011111
0001000011010111
0001011011100101
1111111010100000
0010110010101010
0100101001001111
1011000100100001
0011101011101101
0000101100100101
1001110010100101
0010011110111000
0101000100010010
1101101011000101
0011101011011011
0010001110111000
1101110110111010
0010010010110101
0010101100010101
1011101110100011
0011000101110010
1101010101011000
0100001010100101
0001011001110011
0111001000100111
1110000000010010
1010011001011111
0110011000100110
1100010001000100
1100110110011000
1011110001010000
1110110101011010
1110000001010110
0000101010101001
1000000011001101
1100010101001111
1000111101111001
0111111010010111
0101010000001111
0110111111001011
1011101100110101
0011001101100110
0111110110100111
0001101001000001
0100101111100101
1110011011010101
1001000101110011
1110000111011101
0010001010001001
0100011011111010
1011100100001100
1101001001010100
0001100101000010
1111010110010001
1111100111100111
0111110110110111
1111011000001000
1100110000111100
0010000010100100
1110001001001100
1010000100001101
0100111111110101
0111000110111011
1011010101111101
1001001110011111
1010101101000011
0101110110100101
1010010011100111
1110110101101111
0010101100110111
0110110110111000
1010101111110110
0100000101110111
0101000011111000
0101111110000111
1011100000110101
1101111100011000
0010010010000001
1110010111010110
1101010000010011
0000010011110011
0001000001001011
1000010101111000
0010010011011000
1001000011101001
1101110110010101
0100001010100100
0110110011111110
0011101011100101
0111110010000100
1010000100101100
0100100111100011
1010111101101110
1111001100101010
1000011001100010
1101111001001101
0010100010011001
0011011110100100
1001111001010001
1111101000010001
1100111001111111
1101110010101001
1001011100110110
0011100110000100
0000011110011001
1111100110000111
0001010010010010
1011010110111111
0101010011111000
1101100110000110
0000011011000101
1110100010000111
0001100010011000
1110010001111011
0111111001011010
0101101001001110
1101101100000011
1111100111100010
0000110010000100
1101101011101100
1111011001111011
1101011000110011
1010010011010100
1111001110000000
1011111011111101
1010110000010110
0001101010001111
1011001011010000
1100110100001001
0000011101000000
1000000000011011
0101100001000110
1001111101100100
1000101010011110
1010111000001111
0111100110011110
1010010100110100
0111010100011011
0111101000011000
1101011011000110
0000001101011110
0010010100011101
1001110000000000
1111100010000011
1011110111110000
0101100110000010
1101110001101110
0100001111001001
0011001110010000
0110111111011110
1101101011000001
0101101000000110
0110000101100111
0000101101111101
1100000111000111
0001100100001110
0111101001011110
0010000000000110
1010101111110011
0011111101111001
0111101010100110
0000111111010001
1011000001100111
1010100101011000
0110011111101111
1100100001001011
1110001101000111
1101001010111101
0000001101001110
0111100101011000
1100111110001001
0001111111000111
1100010111101001
1000110011101000
1111001110111010
1110110001111110
0000010100000101
1011000111000011
1010100100011010
0011100111001110
1100111000110011
1100000001011011
1000001000011101
0110011111011100
0010110111001111
0001111011001010
1000111010010001
1101100011100011
1001101110111101
0110111011110111
1010101101111111
1101100011101011
1001111110110101
0111011101011000
0010000110001111
1110001010011101
0001000001011100
1110011101000010
0001100011111100
0100011101110010
0100101011101111
0100010011001111
1000110110100100
1111011100000010
1001101100011001
1100101010001001
1000100100000000
1111101011110000
0001000001101110
0010011110100100
1010011111111000
1101110111101001
1101001111100100
1111111000000011
1101110100100001
1011011111000001
0001000001111010
1011011011111110
0011100110100100
0100110100010110
1101110000000001
0011101001100000
0111010011100111
0101100001110001
0001000100100110
0011011001101011
0011010101111000
0000010000010110
0001101001110101
1011111000001110
0011110100001111
0010010101101100
1001110000011100
1001010011000111
1001010011101010
0001110000101010
1111111000010001
0110010100110010
1111011001100001
1111000111100000
1100100000110101
0000000110001010
1010110010101010
0000111100110001
0100001011101001
0001111110110101
0000001111000101
1001101111100011
1101010000110011
1010100011101110
0100110010011000
0011101001011010
0100111100100001
1100010110000100
0100011111101000
1100110101111000
1100001000100010
0100010010010110
1011000111010101
1011111100010010
0001001011010110
0110110011001010
0011011101110000
0101010010000100
0011010000110110
1100100010111101
0111010011111011
1001110110010001
0110010000001100
0110001110111100
0011101111110110
1000100110010011
0001011100010101
0111001011010010
0000011010101111
1010100010001001
1001101000001110
1001110010011000
0001011000001001
0010001111000101
1011101001111110
1011000110000111
0100000101011010
1110011111001100
0011100010011001
1000010001100001
1111110110110110
0000011100101110
1110100000101110
0101110111110001
1100101100111110
1011010010110100
1110001111101101
0000001111010100
0011010011100010
0110110001110010
0000100100111011
0100110000010100
0000110000100011
1110110000101010
1001111011100001
0110110001101000
1101001011000100
1000111100101000
0010010010110000
0110111110100001
1011111010111101
0001101010101001
0100001010110101
0111110011011001
1001011000001110
1110011100001101
1110110011101000
0010011100010010
0111001101010111
0001110110011000
1010010011100101
0011001110010100
0010111011000101
0100111001000110
0111000101111100
1011110011110110
0100100001001000
0000100010111011
1101000101011110
0100101010110111
0101011001010011
0000010010011110
1011110001111001
0010110011100000
0010111111101100
0001010011111100
1100001111100000
1101010001010110
1110100111010001
0001010101011000
1010101101001001
0001011110100001
1111110101100010
1101000010001110
1100001000011101
1010100101001001
0001010110101001
1111001100010100
0100011111110100
0000110111110011
0100001000111100
1100000100100010
0111001101000111
1101111100110100
1001011010110111
1110011111111101
1011100000010100
0011000111100101
1110000011110110
0101101100000110
1111011111111111
1100100001111101
0110101100111101
1101101011000000
1110111000001101
