0110101000100010
0000100111010001
1111110101111010
1011101100110101
1001110110001000
0000010000010100
1101111001111001
0000000000010011
1000000101001000
1110110011010111
0101011000110010
1110010001110101
0111000110000111
0000100100110001
0110101011001000
1011110010101101
0010011001111111
0011011100001110
1111010100100011
1000010110001001
1000011100001000
1100101011000001
0111011101001111
1101111100010001
0011010010101110
1010000100001010
1011011100000001
1001111000101011
1011101000100010
0111000010111101
1000110011101110
1001000010011001
0101110111111001
0011001011011101
0111101101001010
1110110001000101
0000010110001000
0010000110011110
0110001000101111
1000001111000101
1010101011001000
1010010010111100
0100011110001111
1010110001011101
1101011000011010
0011001010001111
1000101111001111
0100001101111001
1000100001000011
0001011100111110
0110111100000011
0000101011100011
0100011110000000
0001100101110010
0111011110011010
0100000001000000
1111010100101100
1010110010000101
0011010111100001
1011000010001110
1010001011011101
1000010101011100
1101111111001011
1101010001010000
1000011011100100
0110001100101100
0101001100100101
1100110111100101
1101101110100100
1011101001110110
0110011010110100
1110011000000001
0100001001111100
0000101000110010
0001001100101000
0000111000110111
1011100110101010
1101011000110101
1011010011010100
1010000110011110
1011010111101010
0100100100010000
1010001000011010
1000111000001100
0111111011010011
1011000000101111
0110111000000010
1110011100011110
1100000001110000
1101011010001111
1101011111010100
0000100010110000
1000010011100111
1000010011011011
1010000001111000
1010111110111100
1110100011110100
1110111100010111
1101110111111011
1010101001010001
1001110101111110
0000001000110001
0011001001010000
0011100110010100
0011101100000000
0111101111100010
0001011010011010
1101110100010100
0101110111001111
1011010000111000
1110100001011110
1100101000101010
0100011100001011
0101101111001101
1001000000011101
1111001000101000
1111110101010110
1101000001110100
0110000100000100
1111100100110011
1000000111000011
0011000111000001
1111101010111000
1110100100011000
1000001010000001
0000001110001000
1000111010001111
1000001010111100
0100100110101011
1101001011110100
1100010111000001
1011100100100011
1001001010100011
0111100011100110
1010100011011100
0101011001000000
1100100111101000
0111010100101100
1001001111111111
0000110110101000
1111001001001011
1011110110101011
0000011001101000
0101011111001000
0001111101010000
0111100001010111
1110010000001001
0101011101000101
1100001001101101
1010110011110100
1110011110011001
1011101011010100
0011111011000000
0100000010110111
0010101011110011
1100000000100001
0100101011001101
1100101010010100
1001111111000100
1001010100001110
0101111000111000
0100010101101001
1000101001100110
0010011010010111
1010111100000000
1010010000001111
0001101111101111
0111001110110011
0100011100001001
1110101110011111
0110100010001110
1000011111100010
0001110110001101
0110110110011111
0100111000001111
1000000110111011
0000011001111001
0110110111100111
1111100111001111
1110110110000000
1001111000001011
0011101100010111
1011110110111101
0111111011110011
1111100100101111
0000111111100100
1111010100101010
0001100000110010
1100010011000100
0110010000110000
1001001110001011
1111011001101010
1101011000000011
1000100100101101
0101010111011011
0110011010000100
0100010010001100
0101100101101011
1101101001001110
0101111000111110
1100011000100111
1110100110010100
0110000110101110
0011011000101111
0101001111011100
1101001101000111
0001011011100100
0000011111010001
0010111100111000
0110000111010110
0110010000000011
1011010011101101
0100000010100001
1010001011001011
1110011100110011
0001000101100111
0001010000110111
1100010100101110
1010000010110001
1110001011101001
1100000100010100
0100001010010111
1101100111000001
1110010100000011
1111011011001000
1001111101110000
0111111010111001
0010100001011110
0111100001011110
0000100001001000
0101001101100100
1101100101011101
1001110001011101
1011011010001110
1110010110011011
0101110101001011
1101010000011110
0001011010010000
0100000001001011
1111010010001110
1111111011111001
1010101111100000
0110100000011011
1101101001101001
0111001000010110
1001111011100101
1101011010111101
0110100100000010
1111001000111000
0101101110111101
0110001101001000
0011110011101001
0011111000111101
0011101010100010
1111101100110000
1011011100010110
1010011011110011
1111111011100100
0101000001001001
1110010110001000
1100111011101111
0101011000110011
1011110101011100
1110110011100011
0000000111101000
1100111010000110
1000101001100001
0111111011011010
0101111101100000
0001110000110110
1111011010110111
0001010000100111
0100001111101110
0110010000110001
0100000011001111
0100110001001111
0011100110001000
1101001011101011
1000001000100001
0100000100010111
0010000010001111
0001110111000011
0100110011101110
1010110101101101
1111011010101100
0101110011010111
1010011011010000
0100100000101010
1010010011101111
0101001111110111
1000110000100011
0010010110100011
0100101100010000
0000011010101111
1110011100100111
1111000000011100
1001111111101010
0010000111110110
0001001101101110
0110000011111011
0001101111111001
1010110011011101
1110001010111010
0011110111011111
0001000101110001
0100111001111000
1001101111110110
0101011101001101
0110011011011010
1110001011110011
1100100000111110
1011011001111010
1110001001101011
0100010000100000
0110101110011000
0010110011010010
0000001100010101
0000000111101011
0011001000111000
1010110011000100
1001000010011001
1001110111011000
1111100110101111
0001010001101100
0100100000110100
0111000011100010
0111101001100011
0100100011101111
0001111001111110
1110010011100110
0010000011000011
0111101101101000
0101100000111011
1101110111100110
0001011010111001
0001111100000011
0001000000101010
1100111000001100
1010101100101110
0100110111110100
1011100011011001
1001011110011011
0101101101000111
0101101111011001
1111101011110100
0111100010100001
0000101100010001
1111110001010110
0110001111101111
0001010000010001
0101001110010001
0010101111101101
0111110110001101
0000010100100011
0101011011110000
1110001111110101
0101010011000111
0010000010100010
1011110111001010
1111100100101000
0100011111101101
1111010101111101
0000101011100110
0110111011101100
0111101011010111
1011110111010010
1010110101000110
0100001111110111
0001111011111111
0001011111011010
1010100101001001
1100101111110100
0100110000001110
0111110010111010
1111101111010100
1101001110001001
1101100100110100
0101000100000000
0011011000011010
1111110000110001
1110000110011101
1110111010111111
1110100111110101
0011100110011011
0110001101010110
1111100011001110
0011001011101000
0011101011000000
0011111110101010
1111010010110000
0100000010010100
1101110001111101
1001011011100100
0110011010110100
1001001111010001
0110010000100010
1010011001011000
0100010001001000
0000000111101010
1111101000101111
0011110000101000
0001000000000101
1111000011110111
0110010111011101
1010110101011001
0101001110111111
0010101100011011
1110000110110110
0101101111001111
0011111111011000
0110110001100001
1000000000101101
1100111101100110
1110111100101001
1110111110100010
0110001011101101
0001000011100011
0001111101110101
1000010011011100
0001100110110001
1111011001101100
0010100010100111
0111111000010100
0100101111011010
1100110101111001
0000010111110010
1100101010011001
0101011111111010
1101000011010000
1111011101100000
0011100001010000
0111110011111101
0111111110110001
1000001010101101
0000010011000001
1000101100010000
0010001111100000
0001110011100110
1101010000100111
0100011001000000
1100110010011100
0001110011011111
0010110100010100
0011011011011101
1000111010010100
1110011010010000
0101101011111001
1101101111111100
0011110110001100
0011000101011111
1001000010011111
0101001001011100
0100110011011001
0111011111001011
1011010100110100
0000111100100111
1011000010001011
1010010101101000
0011100100101001
0000001111011010
0101100101000011
0100100101011010
1010001101010000
0001110101000001
0010101010100000
1100010110000100
0000010001100100
1101000110001101
0000010011011101
0111000011010111
0101100011101000
1110001101011010
0101101101010010
1000001011100011
0010011011000000
0101000010101100
1101010001001000
1000001111100111
1110100101001000
0000110111000110
0110010010010000
0011000011000001
0110100100100101
0100110010100010
0000100100100011
1100011101000111
1010010011000010
0111101101000011
1111100111110110
0101100100111000
0101110010100011
1010111011001100
0110110100110010
0101011010111011
1111100110010001
1100100000101010
1110000010000100
0110100110001010
1100011100000011
0100110110010010
1100000000011000
1100101001010001
1110101110010011
0111111101000101
1100111111000011
0001111111110010
0010010001100001
1100111010111101
0101101010001011
1000110100111011
1111001111011000
