1001001001111000
0111100000101000
1000001110001101
1111111000011111
1101010111000010
1110110101100111
1111100011001110
0101101101101110
0101001000000100
0010011001100110
0100111011011111
1000001111100001
1001110000001111
0011101100011001
0111100110100001
0110000001011110
1110000000100111
1101111110000110
0111100100110010
1100110001001101
1110100101001010
0010111111101010
0010010000011100
1111111110101111
0000001011011101
1101111010011000
1101011010001101
0001110010010001
0011011110101000
0010110001111001
1110101101000010
1001111011011101
0100111111100111
0011011110101101
0001000000110001
0001100001110000
0110111101111011
0000100000111001
0101010100000101
0010001010011011
0111011101010100
0110111001000011
0001100101001000
0111100000101010
1000001101010001
0001010101010011
0111110101100011
1010000111101100
0010111110010101
0000000111011001
1110010001111001
1111110110100011
1000001010010011
0101001110111110
0011011100100111
0011010000100011
1111101100101001
0000101101010110
0111111001110001
1000011000100111
0011111101101001
0110000100011110
0000001111110001
0011011101000011
1111011111000000
1000101111111001
0001111110010011
0011011001100101
0001011011111010
0100100010011110
0110001010001110
0001101111011000
1111100100010110
0000111000111100
0110110010110000
1011000010000101
1110000000101110
0110000010001000
1011001010001001
0001110100100101
0001001000110110
1110110101111110
1011100100010110
0110000011000010
1011000001010000
1111000100111011
1010001100101111
1110011111001111
0100110111011001
1111011111101101
1101101010000011
1011100100010011
1111110001111011
1001011000000011
1111000000101001
0010101101000000
1010100001010011
1101101000011011
1100010111111001
0010000000101110
1101100010010111
0110010100110011
0011011110011010
0111111110001110
0101011110100111
0010101000101110
0000011001010100
0010010001111111
0110001101001000
1010011111101111
1110001111111110
0010001111111000
0010001111111001
0011110111111100
0101101001001000
0001010000111011
0101000000000011
1000100010100110
1000010001110110
0111110011000111
0011101101110101
1000101010001101
0010010011101010
1111001010011100
1100011011100110
0111000111001110
0011001110010100
1110111001100011
0110111101111010
0100001111011111
0110010011010101
0101000101101101
0001010100011001
0000110010101000
1001100110010110
1110001011111010
0000100111011100
0001110000111111
1011100010100111
1000001000010110
1001100011100000
0000010011111100
1010001100000101
0001100010100010
0000111000111111
1011101111001001
1100011100101111
1111000000111110
1111111010011111
0000101100100111
1011111010100011
1000001100110111
1100010010010001
0110111010111111
0000111001101111
0010110010010001
1010100110011010
0100010001111000
0000010001110000
1000000110010001
1111000010010111
0101101100101010
0001111101100101
1111100111101011
1010011000010011
0101110111101001
1101011010010110
1000101010101011
0000000010110010
1110000000111100
0111101101010001
1100000111001000
1001101001100011
1101100101011100
1001000101100110
0100001010001000
0101010100111101
1010000100111011
1010010001010000
0100110011011101
0000100100101010
0011111110100100
1111011110111111
0110001110111010
1010001010111011
1011001010101101
1111111000000010
1010100100000111
1100111111010010
1010011000010111
0110010111010001
1011110010011010
0111100011010101
0010110110110100
1101010101111001
1101010111110001
1010001110110110
0011100110011111
1110001010110011
0100001010101110
0100111101011000
0111111110101110
1011110000011110
1100111110010111
1011111001101100
0010110100101001
0100111001001011
0011110100000010
0111011011001111
0000001100000111
0100110111110001
1000001011000000
1101001001100110
0000110110110011
1100101001101100
0001110000100100
0110101011101101
0100101011001100
0100101011110011
1100111011000010
0001110000111011
1110001100111110
0110110000110011
1010010001000010
0110100111100001
0101011110000011
1001110011110111
0010011001010010
1100001101010010
0000001100010000
1010001110001011
1101111111100010
1110010001010100
0001101000000111
0100110101001101
0001000111101100
0111001100100110
1111101001010001
0011010001101110
1000010000101101
1110110011111101
0110001101111110
0110100010000010
0010000011110010
0001001110110100
0110101000100011
1100101011110010
1100011111001101
1100001011101110
0011010010001111
0010001001000011
0110011110101011
1111100001001100
1001000000101100
0110101001101101
0100011100011001
1110110001010001
0011010100100110
0101100001100000
0011000000010000
0001111010110010
1100100101111010
0001101000011010
1111011111001111
0110001010001101
0101101100011000
1101100101101000
1011101100101001
0000101001000000
1111001011011001
0100101111101001
0000111100111011
1001100001100001
1110101110001011
0111000011110111
0001011010011001
1000001001100110
0100011000110001
1101010100010000
0000001101100110
1100100000111111
0001010010010111
0100110010010100
1011101011010000
0110101001000101
0001110110000101
1000111010010000
1001100001000000
1110011110011000
1000010001000111
1110010110000110
0000101101001011
0111000010010000
1000010101011000
0000111011001101
0010010101001011
1111001101100011
1011111110100101
1101011010111000
1010000000000101
1110001100010101
0010111001000001
1011010010111101
1011100101101010
0011001111100000
1101110110100100
1001100011100110
0011011001110111
0110000011001001
0101010101000010
1001011110110100
0011110111010100
1011110100010000
1110100111000001
0101011010100100
1000010101010011
1011000000000010
1101000111001111
0100111100000011
1101100101011001
0101101000111001
0100000111100010
1011011011110011
1001010010011000
1100101010000101
1111001010000110
0011100100011111
0010010010010010
0101101100111010
0101001011100011
1010011100000100
1001101001101011
0011110111001000
1010011001101011
1111100111011001
0110111001010011
1011001011101000
0110100011100001
0000111100010001
0001010011000101
1000101011001111
1111000111100001
0000001011010101
0000001101010111
0100001101100010
1000001010000010
0100110011011011
1101101101110111
1101001011001001
1100011101110101
1010010000101100
1011101000001010
1001001010101001
1111100101000100
0111001100001011
1110110101100010
1100010000101111
1011100100101101
0110101010111001
1111101011110111
1110001010110010
1110000111000010
0011100111010000
0000011000000100
1100111000001111
1000111011011100
1010101001111111
1110101100110100
1001101101100000
0100100110010110
0010101011101110
0010001011010000
0001111001001101
0110011100010000
0001010001000110
1110010100101011
1100011100011111
1010010101001111
1101111011011101
1110010111100101
0000011111011110
0010111011101001
0011010010001001
1000100000010100
1010101000101010
1110111010000000
1011000111001101
1100110100000011
0101111010100010
0100101010001001
1101011001100001
1110001110010010
1111100110111010
1101111000010000
1101111011110001
1010100110011010
1000001001101100
0100010111000101
0111100000010100
1110000010000001
1101011001011011
0100101101111000
0011111100001111
1101101001101000
0101110001110010
1000011001000100
0100011101010010
0111101000101011
1111100000001010
1001000101111100
0010110111110100
1001101111011111
1111110001010101
1101010011000001
1110111011101110
1100100010101011
1001111100010100
1111000100010111
1011111111100010
1011010101011010
1011001111111000
1010101111111110
0111111100000100
1111111100101011
0101101111110000
1101010110101110
0011001001100111
1101110101011010
0001000111101010
1111000100001110
0001000101000110
1001010000101111
0011111111001001
0001000110010110
1010101110111100
1110000000101000
0110110111111100
0011011111011011
1001111000111101
0000100011010011
1101101101001010
1110011100111100
0100100001011111
1101110011101001
1110011000001010
1011111001010000
1011011000011110
1101101010101111
0101000110010110
0000100110101000
1110011000101100
1100111001111001
0010100100011010
1110100110100101
0000110100111001
0110111001001110
1101001001110010
1011011000001100
0010110101001110
0010101110101101
1111111110010101
0101010100001110
1110000011000001
0101100001100001
0011001011001010
1000111110111000
1001001100010100
0000110100010111
1010010101100111
0011111011110010
1100011101110011
1100111111010010
1011101010000001
1100110010101001
0001011111001101
0000010100100100
0110001101111011
1110010000011000
1000110101101010
1011000010110001
0110011111101000
1111010011001110
0110001100101111
1110110001001111
0111111101111011
0101000001110101
0011110111010011
1101110011010010
1010100000111111
0101111011010110
1110101110100100
0010011111110011
1000000110001111
1110001000001001
0101001011110101
1001011110111100
0010110011100101
1111010000100101
1001100110101011
1101101011011000
1110000011000011
1011001000010100
0101101010101011
1011110000111100
1101100100100100
0110001111110010
1111001010000010
0010001001011011
0100101011010011
1011001000101001
1100011110101101
