1110011010110111
1001101010110110
0100110101011100
1010100001001001
1111001000101011
1101110100001111
0000011000111101
1100011011111111
0010011110000110
0011001001101100
1111100111111101
1010110001010101
1110011010000010
1001011011111100
1110111101111010
0001100010001100
1111000011001101
0100011100001110
1010000000101101
0000001010101101
1100010010000100
1010000000100001
1101111001100110
0110110000001001
0111100101010010
1100111111101000
1100001110111011
0000010011010011
1010011110011000
1100001011010001
0011000111101110
1000111110100111
0001100000010011
0100110100101100
0101011011100001
0100111011100010
1011001011011111
0111100001111111
1101110100111110
0000100010100001
1100101111011101
1110110111001011
0011000010100010
1111100000100111
0000110010011110
1010010000001101
0000110100111010
0110001010110011
1011100000101000
0101011101000101
1011001001111111
0110101001111001
0100110100110000
1111001010000010
0000110100100000
1111110000011000
1100011001000011
0001110110100101
1101101101001110
1001011101010100
1111010010100110
0000100100010111
0010001000011011
0011001001111001
1000101010011010
1010111111000001
0110110101000110
1001000111001100
0001101100001011
0000011011110111
0000011001000001
1000101110100111
1010101011000011
1110101001100110
1011110101101110
1000011100011111
1011011110010010
1101111100001010
1011100101011110
0100010000001101
1000111110110000
1100010010100001
1100101010011111
1010110111000101
0100110110010000
1111100010110001
0110101110110101
0001101111111010
0110100010101100
1111100100010000
0001101100110111
1000101001010001
1100011100011111
0111000111110110
1010011111011101
1000110010011110
0101100011111100
0010101010111100
0111010100000010
0100100100001011
0101100111110111
0101001101111110
1100010000011011
1110010001111010
0001110101011101
1011111001100001
1101100010101000
1111011101100001
0011001000110001
1110111100001100
1011010001111111
1001000101010101
1011111011101110
1101101001111000
1010100011001100
0010110010101010
0010101111101000
1011100111011011
0010010011110101
0111011010010100
0101000111100100
1011111001110100
1100010101010000
0001011111111100
0111110011101001
0110110001100001
1110001111111100
1001110001100100
0111100101000101
0100111111000011
1001101011001100
0000001010110110
0011100111010010
0010111000000100
1101011111100010
0111000001110001
0100001001111010
0000010001011100
0010001101110001
0001001100101011
1101100101100011
1101000010000101
0010111111000000
1101001101100011
0100110101011110
0101101100010010
0110101111101110
1001111011111001
1000111010110011
0101011100001010
1000100000111000
0010110000110111
1001011111110101
0000000001101000
0011110011010011
0101001100001000
1110001011110110
1101110111000000
1111011010101100
0100011010111100
0000011011001101
1000101100001011
0001101010010000
1101100111010000
0101110100010010
1010111011000000
0011001111101111
0011010001111011
0101110100111100
1111100000011011
0110010010101011
0100100011000011
1011011110110001
1001010010010001
0111010110111100
1000000001011111
1100001111000011
1111111000000011
1000100001010110
0010011001100000
1011001001111011
0001100100110000
1101111110111011
1000001111100111
1110001000000110
0010110011001110
0000101100110011
0001110010100111
1011111000110010
0100110110101110
1110100000100011
1101010110001110
0100001101101100
0110110111101011
1101111110001000
0010111111010110
1110011101010011
1011010001110100
0101001010110011
1110111010110100
0010000010111111
1110010001010110
0111110000000000
0001110100100100
1111101110110010
1100010110011101
1110010001011101
0110101010010110
0111100001001110
0000110000111001
1110011110001010
0110000011111110
0010100100001100
1001110000011011
1100101010101000
1011001111001011
0100101101110110
1001111111111000
1010001110000011
1001001010110101
1111110000101111
0110100000111110
0110001101110101
0011000000101000
0010110001100010
1101110000000010
1111011010010000
0011010100100110
1110001100001011
0100010000001110
1101110110000100
0000001101110000
1000101011110011
1101100011111101
1110010011111011
0110001101000100
1010101101010110
1101011100011011
0011100011001000
0010111010001101
0011000111011001
1010000000010100
0000111001010111
0111110100000101
1010101100100111
1111001000100011
0100010010100111
1110011111111101
0101110001011101
0001101101111010
1011011110101100
1100110011110011
1000010110011000
0010011110101010
0001000101101000
1010011000011110
0101011010100101
0111001011111001
0100001101011100
0111001000000010
1101110010010110
0110100110001010
1101101011101100
1011001010000000
1010000100101111
1101101111011111
1100101000101111
1100100111001010
0111101010110110
0010001011000100
0001101101001010
1011111000010011
0000000101001001
1001110101011011
0110001001010100
0110100101001011
0000111000010011
1101011010001011
0000000111001000
0110001001111000
1100110110110110
1110001100001110
0100111011100100
0010010111111110
0100110101001100
1001101100111001
1101100100010001
0101001101000010
0101000110110111
1001100111010011
0100100000001001
1011111100101011
1011001111101110
0001110111101110
1010000110011001
0111011011001101
1011001010111000
0111110110100011
1111000001100001
1100111101101100
1111010010001101
1100101011001011
0111111110110110
1010001110000101
0011010111101011
0111001001011010
0111000011101111
1100010001110101
0011110101111101
0110011010100111
1110001001111010
0010101010110011
1011011111010010
0011011010101001
0111100110010111
0011000011011110
0011111000011000
1001000101111111
1100111111100100
0111010100001010
0111000100010000
0010111001110001
0100101011010010
0111000001000111
0000011110111000
1100001101100111
1101010001010101
1101010010000011
1010110001011100
1101010101111101
0110001001000011
1010000010101010
1011110011110100
0001101111100000
1001001000100100
0010001100010000
0010101010110000
0111011010111000
0101011011010101
1100011011001111
1001011100100001
0010010100010010
0110101100101110
1011100011100000
0110111100101001
0101110100000110
1110100100111000
1111011100100010
1011111010000111
1111111000110100
1000010000100110
0000010100001110
0011001011111101
0011010101001000
0011100110000101
0010001010001010
1011110100100111
1110110010100101
0011001010010010
0001001001001101
1010001100011000
0011011010111000
1111010000001001
1000001001000100
1010101110101001
0000000101110001
0010101111101101
1111001011011000
0100010111101011
0110011100111010
1000101011010101
0110100000111101
1011111010110000
1111100001010101
1101010101111010
0011101001011000
0011011101110101
0110000101101101
1011110000000000
1110110110111000
1101001101101101
0001010100110010
0011110111100011
0101110010010110
0001001100111000
0010111110110100
0001011011100000
1110010011100011
0101001000001111
1111000111111011
1000011100011100
0100010101000011
0001011010011010
1000010000100001
0010110010110010
1001010000011110
1010110000001101
1000010000101001
0111101001111111
0111101100101101
1100100110101001
0111101100000000
0110101110000110
1100110011011001
1000111110000111
1110100010110000
0000100010001000
0011101100101011
0011110101000111
0000001101111001
1111101000110110
1010101010111011
0000010110011101
0101000100001001
1100011010101000
0000110000101100
0110000000011101
1111001100111100
0110111001001001
1010011011110101
1111011101010011
0000101010001110
1011011101011111
0100001100100001
0000110101110111
0001110000101011
1011000010111010
0011001000010100
0100101101011000
1110110100011101
1011010100111101
0110000110111101
1101000011110100
1101001010011000
0110111000111111
1001011001111111
1101000010110011
0010010010000111
1000010000010110
1100011111100010
0111101011110001
0110001101101101
1101111101001101
1000111000011100
0011111010111010
0010100011101100
1000101110010001
1000100001000111
0010011011000000
1110000001110110
1010100010010111
0100001001011111
0011000011011110
1101110001000000
1101000001000010
1000000010011110
1111011010000110
0110110001101100
0001100010001111
1000000011100010
0101000010011111
0111110001010000
1110011111000011
1000000000011001
0011110001100000
1011011010100000
1000101000001001
1010111001011100
0100110100010010
0100101000010000
1111010011010001
1111010110100100
1100110011110111
0010100100101111
1110000001100010
0000110111001110
1101010001010010
0001100010110000
1001001011011001
1111111111000100
0101001000110011
0101111111010110
0011100110110010
1010011101011000
1111011100000000
0010010110101101
0100011100000011
1100101011111110
1001110010101011
0001101100010011
1100111100101000
0111010101010010
1000111010101010
1010100001011100
1110011010000010
1001101011111001
0001110110110111
1010111110111010
0101011100011000
1010111000111111
1100011111011000
0011011001101101
1100010101000000
1110100001100111
0001001001100011
1000101000000100
0010111001011011
0000000011001011
1011101101011010
0100111111100010
1010000100101101
