1011111110001110
0000001101001111
1110111010001000
1011101110001011
1001001101010100
0110111100011011
1101111110000001
1010111111000101
0001110000000010
0110000011110110
0100101001110010
1011001011001110
1011000101000110
0110110011111010
1000100000010111
1111101111001010
1011100000110111
0001001010001011
0101110100110100
1100111101011101
1011011011001001
0011101100100100
0000100100011101
0001011010100000
1010001111101000
0011100101001101
0100111010111100
1000011001111001
0111110001011110
0110110110100111
1101111000110011
0111100001101110
0011111111111110
1101111111110100
1001001111110111
1011100001001101
0101010001110110
1110001110010000
0001101110101000
1101001101100101
0001110110100011
1001110011111111
1000000101011011
0000011011110011
1011000000000101
0101000011111010
0111100000010111
1110101001111110
0000111000010000
0101001001110001
0011000001010111
0111011110010001
0110001010100001
1111111100110010
0001100010110111
0110011101001110
0011010110101000
0001100100111000
1000011011110011
0110101001001010
1000001000101000
1100100010100001
1110010001011000
1000100010100000
0011001110011010
1101111100111110
0010110100000110
1110101111110100
1110010011010101
0011011110111100
1110100100111100
0000110100101000
1001011010101000
0001100001000011
1011110110001011
0000111101101000
1000101101101001
0100110110000010
0010000001001111
1011011010010110
0011001001000101
1001110101111011
1000000011101000
1001100110100111
0111110111100001
0111000111000000
1000000011010011
1100011110110101
1010110000100010
0100001011110011
1111111001011111
0110111001001000
0111001011011111
1101111010010001
0011110010100100
0010001100000100
1101110001010111
0000000111000100
1010000010110101
1011101100010110
0001100111110011
1110110011010011
0100001110000110
1100001010000000
1000101100000111
1010000011011010
1101000001111101
0100111000011101
0010111111000111
0000011101100011
1011111000001001
0000011110010010
1010111110111111
0111000101101100
1011010111010111
0000011010111100
1000111000011001
1100111101010001
0011000000111010
1010101101011011
1011100010110001
0010010111101000
0001000111011111
1101011000000110
0101101100000011
0001010001011111
0111111111110000
0001110100111010
1000010001010001
1010110011001001
1011101011101101
0111001000110001
0001100000000110
1100100001001010
0111110010101001
1000001101111101
0000011001101111
1001110001100010
0111100011011000
1011001011010110
1011011101110111
1101010101010010
1100100101010100
1111001000111010
1110010011111110
1110100011001100
1111011010110001
1010001111010010
0000000010100010
0001100011000001
1100100110110001
1000001001101100
0100110110111100
1101101111011101
1000010000011101
0011100010111111
0100000000100001
0110110010110010
1011011110011000
1010011010101011
1011000101010010
0000011110111000
0001100000001111
1100000111100101
1101010011110100
1101011110000101
1000111100000010
1011110010001000
0101110001111110
0011101011011010
1000001001101000
0000000110000111
1110001111110000
1001100001100100
1100011001111110
0010010110010101
1001101101100100
0011011100000010
1010101101100001
0111111111001010
0100000011111000
0000010010100000
1011000100000000
1000100111011110
0111111000100111
1100100010011110
0001001010101001
1010011100001010
0111000101110100
0111001001000100
0010010011000000
0110000101111011
1111101010010110
1010110011011111
1010001010111100
1011101101100000
1000110111000011
1001011101001110
1010011100010100
0000001011001001
0101011010101010
1010011010101111
0111010110010010
1111100000000111
1100000011011110
1111100010110100
0101001110011001
1011110101010101
1111010000101101
0011100111011000
0101011110000011
0111100010010011
1001010010100011
1011101111011010
1110111101010101
1111001001110110
0000101010001001
0110110000001011
1110010000111000
1010111100101000
1011000011110011
1111010000001001
0110011110010101
1111011101101011
1011001110110011
0101000101001110
1010111000010010
1000101010010000
0111001000101011
0000011000111010
1010101100111000
1110111100000011
1101011101110010
1110011010101110
0010111111100111
1010001111010000
1111111000100101
0101100101001001
0100101000011000
1000101110001111
0100011000001110
0111001111111100
0111111100101111
0001100100010010
0000100110011000
0100011101011100
1101101001001011
0011001010100010
0111110001100110
0011101100011011
1110101001110010
0011100001000011
0100101000001111
1111100101110100
0011000010011001
1110010010101111
1111111101011111
0000101100011010
1100100111010011
1101010010000001
1001010101001000
1011111111111001
1100011110001111
0010111100111111
1000010110011010
0010101100100100
0100000111111111
0110110100010001
0001111000010110
1011001010101101
1001111101001000
0010010011011000
1001001110111011
0001011001010110
1010100100100100
1010000101101000
0100111000101100
1011001101000101
0101110110101110
0101011101000001
0001110100011110
1110100010011011
0010010011110001
1001100101001001
0101110010111110
0100010100011011
0010101111011101
0101010101110010
0001111000011001
1001110100101110
1111111001001101
1011010111010111
1010100110000010
1011110111001111
1110010011010011
1000010111011100
1100100101111011
1101011111111011
1000010111010001
1000110110110011
1111110001100000
1010101001110101
0001000000100111
0110111111000011
0100111110001000
1000111101101100
1110000100011111
0010101101010111
1001000101001100
1100100011010111
1100111101011000
0101100011111101
1000011111010011
0111110010000010
0010010101110110
0000011101101010
0011110000000111
1001110111010010
0001100010010110
0100111010110101
0100010001101001
1000001001010001
0010110100110111
1111111011010110
1010010110100000
0100011011010010
0111001101000011
0011000101101000
0000001101001010
1011000000101110
0101000110100101
1110001100011011
0011001100010011
1000000111010001
1001000010001000
0001000001100011
0100001110101101
0010010010101101
0100110111000101
1110011101001000
0110100010111100
1010110110100011
1010111101110011
0101000111101010
1011110111100100
0011101010110010
0110111100011110
0011111011011000
0100110101100100
1000010110110100
0110100011010001
1011011001011101
1001100001011100
0010000100110001
1000111011101011
0000000110011111
1101010110110110
1100101000110010
1110011101101010
1010100111001111
1110001011101001
0111000111010110
1101011100101001
0111101010101101
1000110111110111
0011111010000110
1010101100111110
0000011100000011
1000000111110010
0111010110110011
0010100100001000
0011010110100011
0000001100010111
0101101110101001
1101111110111110
1011101111110110
0111000101011011
0011100110110010
1110001110110100
1011111000111000
1111101001110100
0011100101100000
1110111001000101
1001100000011111
1110101010111100
1010000001010100
1000000100110111
0111001011000111
0101111000011010
0110111011001111
1100010011001100
1000010011111000
1101011010010100
1010000001000000
0110011001010001
0111010111011111
1111101001110110
1100000010101010
1010000100101011
1101001100101110
0001101011101110
0111001111110000
1001010000110010
0011000000010100
0010000110000001
0001100101000001
0110010011010110
0111110010100011
1001110101110010
0100110011000000
0011100111001010
0000010111100110
0110100000111111
1011011001001010
0011000111010110
0101000010101000
1101101010100101
1100000110000101
1000000110001111
1011000101010001
1001000100110001
0001110000010000
1111001100111101
1110010011001000
1010010001101000
1000110010001000
1011011101110010
0010111110001001
1111001101101001
0111011011001110
0101101110110101
0011000110100110
0000100100001011
1010110011110101
0001100010100011
1110011110111010
0010111010011110
1110011101011000
0111001111111100
1100110110000100
0001001001100000
0010010100110110
0001010000110010
0000011010010101
0111011100010011
1001100100100100
1111010100110010
0111011110111000
0000111010010001
0101011110010101
0000100001110001
0111001010000111
0010111100111011
1101110011111110
1011011100000000
1101000111101010
0111100010000011
0100110001111000
1110010111110111
1011011001101100
1111100110011000
1110010000010000
0111110101110001
1110000111011010
0110000011100011
0011100111100011
1000111010111000
1100101000100000
1000010011001110
0011110110000011
0101111000001111
0000010001110010
1110001110101100
0000101011110100
0011101101011000
1100000001010111
1101101011100110
1001010010110101
0010000100111010
1001011110000000
0111010000001001
0000011011111010
1101101100010101
0010011000010100
0010101000110011
0101100000110011
0101010100000011
1101000110000001
0010010010101101
0101110110111111
1110111000101010
0110100011011111
0011000010101001
0111100100000011
0011110000110000
0101011110101000
1000010100001101
0010001010111010
0110110111010101
1111111100110101
0111010110010111
0000000001001111
0010011111111010
1101111011101000
0111101110011111
1011100111000110
1101101100110111
1010000010000101
1011011010110101
1011100100111000
0011000011111111
