0011001000101011
1001111010110010
0001101011100000
0010100100010000
1011101100111010
0010001001001100
1010100110101000
0110001111100011
0111111010000111
0010110000100010
0100000110111101
1100010110000101
1000100011010001
0000010000101111
1011001000100110
1100101010100001
0101101001111110
0100000100101110
1010100000111010
1000001100100111
0100100110101101
1101111110101111
1011100111101010
1000101001011110
0101100110011000
1011100110001010
0110110110011001
0000000100010110
1011110110000110
0011111000010110
1111000100101110
0110000010110110
1000011110001000
0110001011111100
1111101010011100
1010001000101111
0101000101000110
0111011100010010
0011010100100100
1100001111110001
1101000001000101
1000101111100110
0111100010110001
1100111010001100
0111001101111100
0111111110011001
1111011100100010
1101101001101100
0010101100111100
1011100001110001
1110100001001010
1000011100011110
0001101111001110
0000001010001001
0011111001001011
0001100010100100
1110111111100011
0011011011011111
1000000100001000
1000000111100000
0101000011100101
0011011010011101
0111001111101001
0010100011110010
1000000011110001
1101010001110111
1011110011011000
0111101011000000
0110000110001011
0110000101010011
1001011011011000
0101111101011010
0011111000001111
1011100011011110
0001111000011001
1100011101000111
1100100011010110
1101001111100110
0010011110010100
0111001011001101
0011111010010101
1110000101110111
0100000110011010
0011001110010010
1000010100000000
1101011110110100
1000000001001110
0100001101111101
0110001000111001
0111101010000001
1101011000110111
0101001010010101
1010010101101101
1000111001011011
1010101110011111
0101101100001100
0001000011010001
0001000100101100
0101010111111001
1100000000101101
1100011011001010
0011011101011110
0111100100110001
1111111101011010
0110010111000001
0111011000110010
0011111010000010
0100100101101001
1001001110110101
0100011110100011
1111100110101001
0000100010101110
0011110101100000
1111110001110010
0010100001010011
1111001101011010
0011100011100000
1011101101111010
0101010010010001
1010110000000100
1111010100000101
1101000000110011
0011000011110101
0101010011001101
0101001000000100
1110100100101011
0011100100111001
1110110100111111
1001010010110000
0010010011111111
1001000111010001
0110111110100101
0011000011011101
1100000100000010
1100010011101110
1111001001110011
0010010001000010
1000101110000000
1111111110011011
0000000110010001
0011001011001100
0001110101011110
1001010011111010
1110110001111001
0001011010110100
1101000101100000
0011100010010111
0111111010010111
1010100011011101
1111001100011011
0000100101100000
0110100001001101
0001001010110101
1001101111000011
1000100101001110
0010111111100100
1101001100011001
1101010110101101
1000101001010010
1000001110111101
1110001010101001
1010000010101010
0011100101110011
0010111000100011
1001111110101101
1101010010100000
0101101000000011
0101011001000001
1100011100100010
1001000101011010
0010111110100011
1000000001011011
0100101010001001
0001101111011110
0110000000101001
1011011111111110
0111010111110100
1110100100011110
0110000110010010
1110010011011101
0010100010101010
0000011010010111
0000110111101110
1101011100100011
0001000000010101
1111001001010100
1001011100001000
1101110111011000
0101011000011000
0001101100101110
1111000100110001
0010010100010111
1101011001000110
0000101000001001
1100001000111101
1011100100011010
0101010001111100
1001101101110110
1110001000001101
1011001010001101
1111000111100110
1111101000110010
0011100101101001
0111011111010110
1111111100001100
1011110011111101
1010000010001100
0010100000110110
0100001111011111
0110011110010001
1011110100111111
0101011100001000
1001101111010101
0100101000110011
1111011011110111
0101101010010101
0000110111111000
1000101010001000
0101110100110010
0110010101001010
0110000010000001
1011011100111101
1111110100100010
0110111110100000
1110000000001001
0111110000001010
1100111000110110
1111000000000011
1010011011110000
0011001010010000
0001101011010011
1011101011000101
0011101000001100
1100111011001010
1011100000110010
0111011100000000
1000010000101100
0011101011001111
1111100001010101
1110001010000011
1000010110001100
0000010011100110
1111000101111100
1001001101101000
0010010010100010
1101111011001011
0000001010010101
1100110110110110
1010010111000101
0011010100000011
1011001000100010
0110010000000110
1101110110010110
0111011000000111
0010000011010011
1011000111000101
1010110001010011
0101011011110001
0011010100100110
0001000010000110
1101000110111101
0111101100011110
0100011110101111
0001100011101000
0001110110111111
1011110101000011
0100001100000111
1000100000001001
1011101111011001
1001001011011010
1110001011011101
0111010000110000
0101000010100010
0000111111100001
1111101110000111
1111101000000101
0111000100011001
1000001101000011
1111001111000110
0111010110010010
0011111101000111
0110000100000110
0111010101001000
0111000000100011
0100001101011001
0010001100011100
1110100110100010
0000110010111101
0111000101001010
1000010111010111
0001001001111101
1101011000101110
1100100101001110
0111011110111100
0111111001111010
1000111110110100
1101001110011010
1000011001110001
1010110000000110
1100000101101010
0100110110101100
1000010010111110
1110011100101111
1011110101001100
0110111110110111
0101100000100101
1011101110100011
1011111101100111
0110111110000100
0001111010000001
0110010110000000
1000100011000010
0101001001011000
0011101111101001
0100111100100001
1101111101110100
0110100101111011
0011110110000000
0110000100110110
1010001111110100
1110001010110110
0011101001101000
0110110000101000
1001111110100001
0010000011111100
1011000010010001
1101110010011010
0100100010110111
1001000100010110
1111110110111101
1010010001110100
0000010100101111
1100001000111111
1111010000110011
1101010110000001
0011000100011101
1100111010100000
1110010001001001
1001100000110011
1011101100101001
1101011010000000
1001010110111100
1101000010000010
0010110001111000
1000011001101010
1000100101110001
0110000010101001
0011100010111110
0010101010111010
1110110110010100
0000010010000110
1011100011010010
0001010110110000
0000001110011100
0101001110101011
1010000100100001
0000111110100000
0001001011001001
1011100001010001
1000100001010010
0110010101101000
1111010011011111
0100110010100110
1100011000111010
0100011001000100
0101110001001000
0000111101000011
1010110000101111
0011110011111111
1111101000111000
1110010001101010
1111101000111001
0001110011010111
1001001111000001
0110111000000001
0100001110100001
1111110010010110
0001000000000110
1111110110110011
1101001110000101
0000100111000111
0100110101011110
1100100010110110
1101110001000000
0001100010000010
1001101011000111
0111011110110111
0000010001111000
0001111001100001
1011010100001000
0001100101111011
0000111110101111
0111101011100100
1110100001011011
0000001100111111
1111100001100101
1110011101010111
1110000001111010
1101111001000110
1100001101110101
1001100110001001
0111100101111000
0011100001111011
0101111010010001
1011010100111001
0000110101011001
0001001001010010
0000111000001101
1100001100100101
1110110010101011
1000110010101000
0010001000100011
0100111010011001
1101010111001001
0011001000011101
0110100100101010
1001110001100111
1001101010011101
1110111000000110
0101011000001100
0011010111000111
1110100001100011
1000010010001100
0001001010001010
1101011000001111
1111001001101010
0101010010100010
1100111011010000
1010100101111011
0011110100101110
1011110111011001
0111000000110101
0111111100011110
1011111000100111
1001111010100010
1110001000100111
1011111110011110
1100010100111011
1110001000011100
1000110110101101
0011010100101110
1110101101111101
1111011010000001
1100001111001110
1100111001110000
1101011011000000
0100010101101101
1100011010110001
0000001100100111
1001010111000101
0000100111100110
1001010100111111
0001101110011010
1011100001101000
1000110001001011
0001100101110100
0000100010100100
0001111111010011
0111001111101111
0111100110110100
0100111101010101
1011111110101011
1110011000011010
0000001000011110
0010011000001010
1100011010110111
1001010100001010
0010001110001111
1011011001100011
1101001001100010
0111110101100001
0100011010101110
1000001111011001
0011111011010011
0001001101110110
1001011000010100
0111010110100100
0100001000011101
0000100101001110
0101011101100001
0010100100101100
1011111110101010
1000001110101001
0010000101100101
1110011010100111
0101110010110010
0011100010101011
0110101001111100
0000010001001100
1110010000100101
0101110001110100
0000100011110110
0101000010001101
1000010111011101
0010011010100110
0010011100010101
1100000110001101
0111001111110100
0011100101011010
1010110010101100
0111011011000010
0111000110100101
0100101101111111
1001000110111110
1000000110001111
0001100011001100
0001111100110011
0111010101011010
1110101001110100
0010011101101110
1110110101111010
