0011000011001111
1110011101110010
0010100100111011
0000011100101010
1000010011011001
0011000110000001
1010111011110010
1100011100101101
1100111001110001
0100111000001010
1100101001011101
0001000010100111
0000011010101100
0101100100100001
1010100011110010
0011100101100111
1101111101001010
1010001101110001
1111100011101100
0101111110011110
1001010011101111
0010000000111011
1010010100010010
0110001010011000
0000000110100110
0001100001010010
1011001010100100
1110110101100000
0110010111001010
1100101001110110
0000001110011000
0100101001111011
1011001001011010
0010011110111110
1101110000001010
0001100100110101
0110110100001101
1101110000010001
0001001111011001
1111011100010000
1001100111000100
1001010101011101
0000010101110011
1001101110100011
1100110000110110
1101011111110110
1101101001111110
1000001001100011
1110010101001111
1100111100000001
0010010100111100
0011001101011000
0000001110001100
1100001100111000
1100010011000101
0101011000010011
1000010110111000
1100000111001000
1100101100111110
0100101000110110
1111001001011101
0001101010111011
0001001010101111
1101011000111011
1111110111001001
0101011110101111
1100001010011001
1111010101010111
0010111110001111
0000100010010111
1000001110001100
1110111011000001
1100010110111111
0011100101000010
0100010001000111
1100001111000000
1110110000110010
0001001001101000
1110001001101000
1010111101011101
0001011001110011
0010011100111010
0100010101010110
1101000010001101
0011100000011101
1111101110000100
0111011000100010
1111000110000011
0000010011110110
1111100011011000
1000110110001001
1111000001100001
0111001101000111
0000111001011011
0010011011001101
0011010111001100
1001001000101011
1001000111011001
1111000111101110
0001110100100111
1001011100011110
1000010111101000
0010101010110100
1110011111110101
0111001111100100
1010110010100000
1110000000011100
1101001010111111
0111011000100111
0011101010100000
1110001111011010
1010101010001010
1001101101101100
1001001101010001
1001110110101101
1011101101101010
1111001011011001
0111100100001100
1100101111111110
1110001100111100
0001100100100001
1010001000111010
0100101001101101
1110011111101000
0101101011101000
1000000110001000
1011100011010000
1100100111111001
1110001101100001
0110101101001001
1010011000100101
0101011001110000
0110101000111110
0101010011011010
0010110100001010
1101110101110100
1100010000010010
0001000110001011
1011001010110011
1101000010011100
1110101010101100
1100000010011011
0110001100010001
0100001100000100
0000100110000111
1011000110101101
0101101011000100
1101101111100010
0111100111011100
0011001101100101
1110001010101000
1010111001011001
0111011110100100
1100011000000001
0100001100001010
0000010010110010
1000011001001101
0011011010110110
1100101010100101
1100101000110010
0111111001110011
0000010010111011
0111011111010110
0111000101110101
0001010110001101
1000110110001101
0010100111110001
1111100100101001
1010001101001001
0110001101100011
0101010011000111
0000111001000000
0101111101101111
0110001101011010
1010110100100010
0110101000000001
1000000000101000
1010111000110111
1010101011101110
1110110100011100
0011010110010010
0101010001110010
0001110001010110
0000111011010111
1111100011000000
1110010011000101
1101010001110101
0010010111010011
0100000000101111
0001100000001100
1111000000110110
0010000000111010
1100010000110011
0100011011010010
1011110111111110
1000000011010101
1110100111010110
0100001011000110
1011110001000110
1011000111111100
1100000000001010
0101011001001010
1101000001101000
0110110010000111
0010100101111110
0011101011101101
0011101111111011
0110101011101011
0010111110101110
1100001000100110
1011110101010100
0100000010101101
0010010111111110
1111101100110011
0000001101000010
1111101100001101
1010100101110001
0001110000101001
1000000110000111
1001010111100100
1101000000011111
0000011100100001
0101001010000100
0011011100111100
1110001011001101
0100110010100100
1110111010010110
1111010100001011
0000110111000011
1101100100100011
0011110101000011
0000001010110000
0101000001110001
1001101011001110
0011000100100101
1100000100100100
0111100100011001
1111010100100101
1111110101110100
1000110111010100
0011000001000001
0000101010110000
0000011101110101
1110110001101000
1111000001001011
1001100001011101
0000111010000100
0000101011101010
0011110100111110
0001110100010101
0010011011100010
1011000111111101
0110101001010110
1010000000010100
0100000011001011
1010010111100010
0011011001001100
0001010000011100
1101110000101111
0100110111101111
1110010111111110
0000001111110000
0111001000101010
0111101110011111
1001111110101100
0111001101000000
1111010100011001
0110111001110101
0001010010010100
0011101000000111
1000000001100111
0101111111000110
0010110011000011
0000001011001011
0110011011111111
0011111000111111
0110111010001011
0011110011101011
0111101000110110
1111010010111001
1100000100001111
1101010110111011
0111100000110010
1110101011111111
0110100010111111
1110101000100110
1010001011110110
0110110011110110
0100011011010001
0000000100001101
0001011010011010
1000000001110101
1110011001100100
1010110010110101
0101001111101111
0001111000001111
0110110001111011
1101000100010000
0011111000101111
0010111000010000
1010111000100100
0001111010110011
1001011110011100
0001101011000100
1010100001000100
1110101111011011
1100101010100101
0110000101101010
0000111111011110
1100111100111111
1010111000000101
0110000001100111
1000100000011101
0011011100110110
0110110011000001
0001011110101001
0101000000111001
0100101111100110
0111010100011011
0001111101000010
0011011100100010
0000110011001111
1101101101000000
1000001110001010
0000011010111000
1101110110111101
1001101100011101
1010111011000110
1011001000111110
1100011010101111
1010111110100001
0001011010101100
1110111100010011
0010010111001010
0101100100011000
1010001111011011
1001100100100101
1000101101100000
1001000100111111
0010111100110100
1000011001101001
0010111001100010
1011010101101010
0010011011011010
0101011010111111
0110110100011011
0001101000000010
0011011001000011
1000111101000000
0000101111010010
0010001110110101
1011011111101111
0100101011011001
1001111111111001
0111100110011010
0000000101111101
1110110001101011
1110001011000110
0000011011111101
1101111110101010
0001001101000010
1011010000000111
0001010111101110
0110111111011110
1101010101101010
0101100000011110
0100000011100110
1010011101010010
1010100001101101
0110011100011000
1101110111111000
0100101011111000
1001000001101101
0001110011111001
0100001001110101
1000111111110000
0001101101111000
1100101010111001
1011100011110111
1010101100001001
0001100111100010
1100001011001001
1000100110001111
0110111101010011
1110001001001001
0101010011111010
1010110000111100
1011101100110010
0100001001000000
0011010110100101
0010001111010011
0110001111101011
0101011110000010
0111000101101001
0111000010001011
1000100100101101
1100000010011100
0111011100101110
0110010100101001
0010010100011100
1111101110100101
0100010101000101
1111010011000000
0100011101101000
1110011011010101
1101101111011011
1100111010110100
0010011110000100
0001111111010111
1011011101111110
0101101100101001
0001101011110100
1011100111101011
1010101100101111
0011111101000100
1000110111000110
1110100101000101
1110001110010011
0010110001101000
0100101011001110
1110101110010010
1010111110001010
1011001000011101
1000111110010000
0001101000010000
0001100011011000
1101101110110001
1101000100001111
1000111001000111
0111011010001111
0011001101000011
1001110100000111
1101000010101001
1100010110100110
0011010010111000
1100111000010001
0011101010110100
1110000000001000
1001010011011000
1001000001011111
0110111110000001
0101010010001011
0000111100001110
0110001001011000
0010010001110011
1111001110100000
0110111100100101
1100110100110010
1110101111111011
1000101100111000
0000111101100111
1000010100001111
1111011011001100
0010100100001101
0011110101100110
1010000001001101
1010000011100010
1110101111110111
1110110000000100
1000110110101101
1111011000100001
1101001011110010
0010010110101010
1010010100101101
1001010110001100
0010000111001010
0001000001011101
1011000010100111
0000001010001010
1101011000110001
1001010000010111
1000110110101101
0100100011101011
0111110101001010
1111100101011011
0100011100110010
1000001111110000
1100110010011001
0001000010101110
1100010000011001
1111010001111000
0111011000110110
0101111100110001
1010110001010001
0000100011000110
1000011001010011
0111000010011100
1110110101010100
1101001110000011
0111101001010101
1011111010000101
1001001000001110
1000110000001001
0100001110101011
0010001101001011
0011000100101111
1100100110011011
0100111111011111
1101101110000110
0001000011000101
0101001110011011
0111111110100000
0101110000011000
1010010100001001
1101110110011110
1111011101000100
1000011011101101
1100000001110101
1110001001011110
0100101010100010
1110000000100011
