1000111110101011
0000100110000110
0101111001100100
1111100111110010
0101111011001000
1111010001111010
0011101011010101
1011101110100001
1100101010110010
1010101010101110
0000101111001110
0111011110011010
0001101101011101
1110111001100100
0001110100011001
1001011001110111
1001011111000011
0100110001000001
0101011011101111
1001111000000001
1011110000011111
0011101110010011
1001111011011110
0000101000100100
1000011011111000
0010110100111000
1001000011110100
1110101110101000
1001001110110011
0110011001010010
0001000101101001
1100001111110101
0110110011001110
1001110111011010
0010000111100100
0101000100001111
0111011110010101
0000110010101001
0011100010111110
0101000100111111
0001001110001010
0011000010111100
0111100001000101
0011100110100000
1010001011111010
0100111011000010
0000101010010101
0111010111111000
1011101000110000
1111101011100110
1001100100101101
1110101110110111
0010100110001110
0011011000101100
1011011010111010
0101000111100001
0010101011000010
1000110010100010
0011101101001101
1100100001110101
0001000110101001
0001101110010100
0100010100101000
1100010000000101
1011010100011000
0001010001111110
0000001000100011
0010010110111011
0110011000011100
0010100111100110
0111111010101011
0011100000110101
0001101111110100
0010100010000100
1000001001110011
1001011001111111
1011001010001100
0101001001011100
1110111111001011
1111011101001100
1001010000011010
1001010010011111
0001101011010110
0111110100011101
1010001100100111
1110100000010101
0000111010110100
1101011101101011
0100000100010010
0110000101111010
0010110110001101
0000111010111010
0110010010111000
1110011001100011
1001011111000011
0111101100011110
1011110001010010
1110110111011101
0111100111100000
1111011011000000
0000101110101010
1100110011101000
0000010101100001
1010100110111011
1110101001010001
1001101001011011
1110010100100101
0000111101011001
1010010101101010
0010111011001001
1101110100010111
0110111101001101
1111100101100001
0100111100011101
1110001100111110
0100110100000010
1100011110000001
0001001011001011
0001000010110111
0001010001100111
0100110001111011
1011011110000010
1010101100010011
0100100111000010
1110100110101101
1001011011100111
1001100111100100
0010000010001101
0100111101011110
1010110100010111
0110010010100011
0011111110011110
1101001010000101
0111101100000011
0001000100011101
1100101001001110
1010001010011111
1000111101011111
1000011000010101
1010101010101001
1110101011001000
0011100101101000
0000111111101101
1101010011011010
1101100100000000
1101011000100011
1000101010100111
0011100110111000
1101101111101011
1100010000011010
1111100001111010
0101110100001110
0111110011011110
0011110011101101
1100000010011010
0110110001100111
0100111001110000
1001110001001110
1000010010110110
1101001110001100
1111000011011011
1110001100100001
1011101100100011
0100101001000110
1001101001101011
0000100000001011
1011010001100111
1101101101001001
0100010101100010
0111100111000001
0111001101110101
1111100111000101
1000110100110100
1001100100111101
0100010001010111
0100101110111100
0100101010110000
1111100100011011
1000001100001110
0111100101010010
1001100011010000
1000110111111101
1111101110011011
0100100101010110
0111011101111100
1110111010101010
1010001100010011
0111100001110001
0110111101110010
1110111011110000
0110001100101001
1011110110101011
0010010011111001
0010010101111011
0110001111110001
1101100111110101
0001101100100011
1011111000011010
1001111111100101
1100011111110011
0100111011101011
0010001011100011
0011100111111010
0100100011011101
0001011110100101
1100111101111010
1000101100011011
0111110110100101
1101001010100010
0111100101111011
1011000100110101
1011110110010000
1000001010010101
0010011110000100
0001100101010011
0101010011010001
1101111111111111
0100010000011100
1111010001111001
0110111011101101
1000101101110011
0001011101110110
1111011100001000
1010001100100001
0111010001111110
1001100001010110
0000011001011111
0111110111100000
1011111000111110
0101010100110101
0001100111000101
0000100100100001
1101111000011010
1011100101000011
1111110011000101
1111011000101110
1101000100010100
0001000000000001
0111011100110111
0000110000001110
0000100101000100
0001101100011110
1111011011010101
0101011101101111
0001110110101110
1010100011010000
0111001011010100
1101101001110101
1011001111111010
1101110101000100
0010001111101111
0000110110100101
0010011000000011
0110010000101111
0001000110011100
1010110101110000
0010000101000100
0010100110011010
1111000101111101
1000000011011010
0010110111110001
0100100000000001
1001110111111001
0110011100100110
1001110000100101
1001110000000101
1101001110101110
0001000000010010
0101101001101101
0101001011100100
0001001110111111
0000101001100001
1110111010110100
1010110000001111
0000010011100000
0110011000101101
1111010010010011
1111000100110001
1001010111100000
0000000110001110
0001011000000111
0010011011100110
0100000101001110
0100011100010010
1110010000011101
0101111100010000
0111110000011010
1010111100111010
0101100011010110
1011110011110101
1101111010010111
1100010110111110
1011111111111101
0110110001110000
1100111111001100
0001111001100001
1001000010010100
1001011110001011
0111010110101011
1111001011101001
0010111100110011
0010100101000010
0100000111101000
0010011101000111
1110001000101011
0011111101000100
0010111101001011
0000110100110111
1011000110010101
0111100110110001
1111011101001110
0010011011101000
0111110010110011
0001111000000011
0110101001011110
1001011100101010
0011111000100001
0110100000110001
0001101000101110
1101011111000011
1110011011010000
1010011010010011
1010001011000110
0110001001100100
0100110010010011
0110001111100011
1011010111100011
0000110011000110
1111101110101111
0101001011000110
1100100010100011
0001111110101101
1110111010100011
1011000101010000
1101001101100110
1001111100001101
1000011100010100
0100000111000110
1110110101101101
1111011010000110
0001111000011110
1011010110000110
0001101110110101
1111010000100111
1010010111011101
0100111100101011
1011101100010000
1011101011011011
1110110011000101
1000111111100001
0000111100101010
0011000101000011
0100001000100101
1101000100101010
1000101011010111
1000100101101110
0110101101010101
0110000010011110
0100100101111100
1000110010010111
0000000111101011
1000110001010111
1001101010010110
0011101011001111
0001001111001100
0011111000111011
1010000001100010
1001011000101110
1011100011001110
1111100010111101
1111001101100000
1000000101010111
0011001001001110
1010011010111100
0000000010111010
1000100011110111
0000000010000000
0100110110101110
0001011111110010
1101010111100100
1111011001000000
0101000101000111
0101001101010011
1010010010001110
1000101010100101
0001011101001011
1110000100010100
0111001001110001
0100101001110000
1001000101001011
1110010000011000
1110000111100101
0110001100101111
0101101111000011
1110111011110100
0010110100110000
1111011101010110
1000000011010011
1010010111010110
0000110100101111
1000110100101101
0110100100011000
1001010110100100
0110111011010011
1000011101010101
0100110111011110
1010110011101000
1111000001101110
1001000011100010
1000111111010001
1111001010110011
0001101000101110
0010111111000110
1110011011111010
0010101100100111
1001000101001010
0001000101111110
0000111000001011
1101001111101001
1100110100011101
1100110011110110
1001011001001011
1011001000011001
0110110111110000
0110001111010111
0010111101000011
1111101010100000
1000111110111000
1010001011000000
0000011011100001
1100001110001111
1110100100011101
1110011101101000
0110001110000010
0010110001010111
0011011011000100
0101110000111011
1101110001110010
0100000110110101
1110010011100100
0100110110011111
1001110101110110
0000001111010111
0010111101101110
0000111101110010
0000010001101100
1011101011000000
0111000001000011
0101100001011100
1011000101001001
1001000101011010
1111110010001001
1011101010100111
1011000110101100
1001000011001000
1101101111001011
0000010100010111
0100111000010000
1111111010110100
1000011010110001
1100110111011001
0010000111010000
1000010111100010
1101101000110101
0101100110010010
1001111110100010
0111001100010011
0111010110101000
1111000100010110
1110001011010110
1001001001100100
0011111001000101
1100111101111011
1001001010000011
1000101011101100
1101001110111110
0111000111111111
0111110001100111
1101000100100000
1111000100110011
0111100011010001
0011000010110010
1101110010101000
1011101101101001
0110110011010010
1110001101110101
1101111101100001
0100010001110110
1011011100111100
1100100110011001
0001100011011011
1100010110100010
0011110001001011
1011111111000011
0110110101010101
1011101110001010
0010111011110100
1001110010011011
1011010100110001
1110000010111010
0100011101110110
0110000111011000
0101010100010010
0111101001101100
0101011000100110
1000110101110010
0000011000011110
1011000011001111
1000011101011111
0100101100100001
0000101101000100
