1001110100000111
1001111001110000
1000111100111111
1101110101101101
0100010100011111
1111001110110100
1010100110101011
1101100110011100
1101111110111000
0000001111101011
1000100001011001
0101101100001000
0001100011111111
0101000110111001
0011111000001101
1001110111010000
0100100000111101
1101110011111001
1110100111000100
1011011101000001
0011000010001001
1101010101000001
1011010110011100
0101000110101110
0010111011101110
1000100011100011
1000000000011000
0101101110110110
1101101010101101
1110100010110111
1011111100100110
1111010011100010
0101001010011101
0101000010110110
0010110101111110
0011101111011101
0100011011001011
0011001101101111
0001101110001000
1010000001000111
0100001100000101
1100111011101101
1111111100111100
0111101100111000
1010001011000010
0100101000011001
0011000100111001
1111000101111111
1001101101101100
1101000010111111
0011001010110011
0111110001000011
0101000100010000
0010011000111010
1101100100100010
1111110110111101
1011101111001010
0101010111011010
1011101111001101
1000100000110000
0101111111001110
0000000000010110
0000000000010010
0101001100110010
1000110010100101
1000010110011001
0000000111100101
0011001111100100
1110100101111011
0010010001110110
0000111000100010
1110001110010000
1101011100101101
1100100111110110
1000100010011000
0111101010011100
0110001000111110
0101001000100100
1001101011001011
1110010010101110
0010001001111010
1011111011000011
0110110001000111
1011100111001111
0010010110100101
0101001100000110
0011001111101110
1111111110100001
0001100111011111
0110001111010101
0110010000101111
1101111010100110
1010001110110010
0101001101000001
0101100001101001
1110001100000101
0101101111110011
1110000010110100
1010101101100111
1111001011110110
0010110111000001
0110111001010001
1100100011100100
0101100010111101
1101001011001101
0001000011110000
1000100001001101
1000100101100010
1101101110001010
1101111010001111
0010111001001100
1100111001101101
0001111111000111
1000001101100111
1110010111111110
1010011000010111
0001111000111000
0100011110000110
0000100101001010
1001010101011111
1000010000111110
1000101111111101
0010011100110011
0010100001001010
1001111010011100
1001101001011000
1111101000101101
1111100100000001
0111001110110001
0101000011011010
1000111110110011
1011110110101011
1011101110110010
1110000100010111
0010110000110000
1111100111101000
1001011100110000
1111100001111101
1110000101100100
0101100010000111
0101010100010010
1110000100001010
1110110000011000
1011111111000111
1100001001111111
1101000110001101
0111000001010101
1110110010010000
0001000111110001
0111111101010011
0111011010110001
1000101001111010
1011010100110100
1000111011011000
1011101100110111
0110010111101011
1010001010110111
1000111001100110
1111011011100101
1110110101101111
1110100001011000
0000000011100101
1101000001001101
0010001010011111
1110111010101001
0100010001011001
1001010100111110
1110010100011001
1001000111011101
1101111000111100
1001011000111011
0111010011011000
0001011001010100
0100110000001101
0011111111010101
0100110001000100
0110100100111111
1000011011001100
0100001000000011
1100101011110110
0101000111001101
1000110111111101
0101101100001011
0101001111011100
1100010000101101
1101100101010010
0011111001100000
0101101111110001
1010101000000111
0101110111100111
1000000000011110
1011011110010010
1100110101000010
0110100101000010
1011001010000010
1010010111001010
1010111010000010
0110011100100001
1011011010010111
0101100101100101
0110111010010010
1101111001000001
1000111010000111
0101000010100110
1010111011110101
0101001100001110
0111001110110001
1101110001000011
1110011001010111
1100111110101100
1110010000000000
1110110010000010
1111001100000011
0011111110101010
0001111000100010
0010011101000011
1000111010011100
1010110101000011
1010101101010101
1010010100010001
1011010111010011
1111001110111111
1111000101111000
1111111100101110
1010100010111011
0001100110010100
0010010111000100
0010101011011100
1110011010000111
0011001111101100
1111001001110010
1001000111010001
0011001010010001
1100001111000001
0000100011000000
1111110101100010
0000110111011001
0001101011101010
1100110010011101
1101100101000100
0011001000001101
0010101000100100
0001110100101111
0010010111001011
0100101001010101
1110000001011010
0100101010111000
0010000100111011
0001110011100010
1001000010011100
1111010110011100
1001110101110001
0101011101111000
1110001001110101
1101110011110000
1011110011111010
0011100000111100
1101000101000101
0010011011110010
0100100111111000
1000011001001100
1010100100101000
1100110111111100
1110101001110010
1011011110001110
0000110011101010
1101101101001111
1011101000010001
0111110111011011
1001111110111010
1100011100001110
1001000010000001
1001010101111111
0001001010100101
1000011110011100
0110000001100010
1010000000011011
0100000000111000
1001100001010011
0000001100000001
0110001110001100
0110011110011000
1010101111111110
1001111010100000
0100100010110011
0000111000100011
1111001110111101
1001010001000000
1111101111111101
1101101000110110
0100010101000001
1111010011101100
1100101101000110
1010011011011110
1001100110110100
0101001011010010
1010101100110010
1111111011100011
1100101111110000
0000100100000010
0101111001010000
0110101000101011
1111011001101011
1101110011001111
0100010110000011
1111001111011000
1101111100100011
0100001001111100
0011101110111000
1010001000010110
0101110100010010
0111001001111000
0011101000110110
1011111100000010
1111101111011110
1000010110000011
1000110010111101
0001000011100010
0101101011011010
0001101101101101
1100000101101101
1101111101100001
0100110110111000
1011010000111011
1101100011101000
1011111010000011
1111000011110000
1010100000101100
0101110111111010
1010100011100111
1110101111010011
1100000100010101
0010010001111010
1111011110001110
0110001101100111
1111110001110011
0100101110101010
1101011100111111
0110101000001110
1011100111111100
1001101110111001
0111111110110110
0000011001101110
1010000101110001
1101111110101100
1001010101100010
0100000110101011
0101011111001100
1100001010001111
0000000010111010
1010010011100100
0111110010011101
0000111110001010
1000101110101001
1010101000000011
1110110110110011
1101000100110101
0110111011110001
0011000101010001
0110100111011010
1010011000011011
0110110000100000
1110110100111001
0111010010101101
1000000001010001
0110000110000011
0011001000001001
1011110101010101
1000111010100101
1001011011010010
0001000111000101
0100010000100010
1001111100101101
0101110111100010
0011001111101010
0101010000000000
1001000110100111
1010111000100000
1110010110111110
0100010101011000
0100110101010010
0111000100110100
0101011000010000
1001011100101011
1001101001100110
1110000000101110
0010000000111101
1000101001110111
0011110000100010
1101000100101001
0110101011000010
0110001110110010
1010110111110110
1100000111111101
0011100101101100
0110100010011000
0000000000011001
1010100010011000
0111111101100100
1011110110110010
1111101110111001
0100011100111001
1010101101100001
1111000000110010
0111110001111111
1010010011001010
0011000111001110
1001110100010110
1000101001010111
1011101110110111
1011110011111100
0100001110011110
1001001101100100
1100010000000100
1000000000000010
0011011000111010
1100010101001110
1110101100010110
0101111011111000
1111000010011000
1101111111110111
0011000010001000
0101000111111001
0010100101001000
1101111101101110
0110101011111111
0101110100110100
1100101011011011
0100000100010011
0111010001010010
0110001100010001
1011111000100000
1000111001100010
0001010100010001
1101000110010010
0000111110001000
1110000100101001
1011101010100011
0001100000010110
0111100010111011
0000011111011100
0000000100010010
1001101100110010
1100001010100011
0110001101011100
1001010101100001
1111010011000000
0011110101101101
1100101000110001
1001110100111111
1100110110110011
1100100111011100
1010110011011110
0110001110111101
0000100110100100
1100001101110001
1000000110010111
0001110100010110
1010101011101110
1000111011101101
0011011100100001
1011111111100101
0001100100101010
1000110100001100
0101001110101100
1100010110000011
0100011101110110
0000100000100001
1010010111111111
0010111010110000
1010010110001000
1001011010100010
1011110110001000
0000100110110101
0001100110111110
0100001010100001
1110011001111011
0111100110010001
0100111011110100
1010110101101111
1111001011011011
1100101011010110
1101111110100111
0101111111000111
1110000010001000
1010111110110000
0011100101110111
1100010000100000
0110000110100010
0011111111110111
0110000100011010
1111001010110101
0100110111001111
0001110010100011
0110000100000101
1100101000101111
1010001101001010
0000011001110000
1011001111001001
1000010111010001
0111100001001000
0000100000101010
1101001000101001
1000111011011100
1110010110101111
1001101001110011
0011101000100100
0110101101110001
1110111111101000
1110010111101100
1000110011000000
