0011001011111110
0000100010110000
1100110000110011
1111111111000000
1000011111101101
1110010001100010
1110011001100110
1110010111101111
0001001001100111
0101010110000001
1011110000100110
1010000101001000
0010110011001001
0010100000011110
1100011100011110
0001000110011101
1111011101100010
0010111001111011
0100100011011101
1000010100101011
0010011101001011
0101100111101111
0101011011111111
0000011011101111
1011010101101101
1010111011010100
1110011100011011
1110001010010010
1110100100101010
0110000000110100
1111010001111101
0000111101100100
1011001100100000
1000011111101100
1011110100001001
1100101001111101
1011100000011100
0000111101110010
0001101011110110
0100001010011001
0000011011100010
1110010101100100
1101101011001011
1100101011010011
1100101000001101
0010111100000001
1100111010010010
1011011110101000
1111110001111001
1011101100011011
0010110100001000
1101110101011111
1101011111001101
1000100110010110
0100100101011101
1010010110100101
1101011100000101
0110010100110100
1011011010010100
1100101110111110
1111111110110111
0111001000101011
0111110100000111
0101111110000011
0100010100111111
0010111000001101
0110111000100010
0011010010100011
1000101100110001
1011101101100010
0000000010010011
0001001111110101
1101011000111100
0010001001110111
1001110110111010
0101101101001010
1100101011001011
1011001001000011
0010100101001011
0011111000111111
0101110001000011
0001011010111110
1011110000101100
0010010101100101
0111001110100011
1010110010011110
1011000011010011
0000000010101100
0001100010010000
1010101011001100
0000010001100001
1111001111001100
1100001110111100
1101001100010011
0010000111100110
0100111011010011
1001110100001100
0111101111101111
1000100101011001
0001001001101010
0100111001100111
0001001001101011
1101110011111111
1001100010001010
1001010100111011
1011101011000110
0010010110001010
0000101011010001
1001010010001100
0110000010110011
0010011100100010
1110110001111100
0001010101010000
0010111010110010
0101011001000001
0010110001110100
0010001011001110
1010001010100000
1100001000010100
1000101100000110
0011110001000110
1001010011101111
1100000011000101
1100100001111000
0101000111000111
1111111100110001
1100000011110111
1001000001111100
1110111111001110
1011111111001000
0001100011111100
0100101000100101
1100001100010100
1110010010100111
1010011111101111
0010110001011010
1101001010001000
0011111110001010
0000001011111110
1001011101111010
0100110100011010
1100011000010110
0100110100101111
0111011101111111
1000110001101000
1010000111001111
0010011000101000
0010100010000110
0111011001111111
1101011000100100
0100000100001100
1101001100100010
1100111101110010
1010111110001010
1001000100000101
0111101111110100
0110101011110100
1011111011011101
0010110010110100
0001110001000111
0000101101110011
1101000100010001
0011100100100010
0001010011000101
1001010111101011
0100011011111010
1010111100111011
1011100101000010
0000001101111111
1100100011110100
0111100101001110
0100000100101101
1111010001011110
0011010111011100
1111110001100011
0010100110110011
1010010010010000
1000000000111011
1011111000111000
0011011001001100
1110101010101100
1010000011011000
0111110001100100
1110001101010111
0011110110001110
1011011010010101
0000001011000001
1101011000111101
1110111100001101
0011110101001101
1111101011100111
0010001100100000
1000001101011110
1000111110011000
1001100101110001
1110011001000101
0111110110111000
0000110000101010
1000101101110101
0101000011010110
0001011011101101
1100001100101100
0000000010111001
1100100000111111
1011101100101010
0010001110100110
1110100111011011
0111111001110010
1100001001101011
0011101100011001
1011110100000010
1001010011111011
0110110111011101
1001101001111100
1010001111110000
0001110001010011
1101011100100111
1001000011010011
1000110010001100
1110100010111111
0110110100001011
1111100110010100
0101000101001001
0111100100101001
0110111001101011
0100001101000001
1101000001001000
1011111010110101
1000010010110001
1100110011010100
1001111110011110
1100111001110010
0011100000001110
0011000001100001
1010100100100110
1001000100000000
0100001000000001
1111001000110110
1100100110111011
1011001010001111
1100101001101110
1110100111111100
0110100110100011
1101111101101111
0100111001100010
0110110001011111
0011110100010111
1000010111000001
0101010010100111
0111101111111010
1011001111100000
1110100101100000
0000110111110100
0110001000001000
1010111101101101
0010100110100011
1110000100001011
1000010000010000
1010011100001000
1001010000010101
0101101011101101
1110111000110000
1110100010111100
1110010111001111
1101110110100000
0011011110010000
1010011011010111
0100000011100001
1000101110001011
1000110111100101
0101011000001001
1010111100011001
1010111011000111
0011001001111010
1010001010110010
1010010011011000
0100000000011100
0011011010110110
0110000011101101
0011111111100001
0100001111000010
1111011001101010
1100011010111110
1010000000001010
0000000011110111
0101011111110001
1101000111101100
1010111111100100
1100011110110010
0101010110101101
0101110111110000
1001100000000011
0011101100100100
0110010001110011
1010000101101101
1000111011110111
0010001100100111
1000010110110011
1000101000110010
1000011100000110
1111101100101110
0001000000100100
0011000111111111
0111000000001111
0111001111001111
0011101011110010
1011000101010001
1001100011110001
1111010010110000
1101001110100000
0100110100011111
1101101000011010
0110010011101101
1010111011011110
0110000000000101
0000110001101011
1100010100011101
1010010000000010
0100100100101011
0111000000111000
1110111101010101
0011100000000110
1000010110100111
0000111010101101
1111001111110000
1101011010001010
0011110101101110
0110011001111101
1011010100110110
1100010110000110
1010100110101010
1010111001000111
0100111110000011
1011100101010110
1101001010001101
0001100110011011
1011000011101111
0010110111010111
1001001010100111
0000111101000000
0101010001000100
1101000010010011
0001011110101001
0010010001011100
0000100101100001
1100001111100100
0011010011100011
1001001011010110
0100101010000101
1010010011011101
0001001110011100
0000001101111110
0110101100000000
0001101110011100
1011100010100010
0100101011001101
0001000100010011
0011011001100000
1000100101001011
1011110001000101
1100101110110110
1011011100111110
0011110101110011
0000000101011100
1101011000101101
0100000110011111
1010110011101100
1100111111001010
0110011001101101
1101101101010011
1101110110110110
1011000110000101
0100110100110010
1000000000101110
0111010101111111
1010000010000010
0001101010011011
0010001011001101
0000110001110000
0100010010011000
0101000101100000
0010001001000000
0101001111001111
1111010001011010
0011110101110101
1100001011110110
1010010111101010
0110000011010110
1001111011100001
0000001110001111
0011011001010111
0111101101101011
0010000001011101
0010001101111000
0110000011100110
1100101100110010
0111000001011000
0011000111010101
1000111101110100
0000111111010101
1111011111001001
0110000010000000
1010110010100010
1110101110100101
1111101101111101
0001010001100010
0010101000011010
1100010110011010
0000000010001000
0111000010000110
1000100110100110
0101000000100000
0000011011010110
0101001011111000
1000011110010100
1010010001101111
1000000001110100
0001000000001110
0101101000101010
1001110111011100
0011100000001000
1010100010100100
0110011001011001
1011101100000011
1001000001101101
1101101100101010
0001000110101001
0100110100001011
0001011000010100
1000001010010110
1011110101110110
0000000101000000
1011101111100100
0010111101011001
0111101000010110
1011110011100010
1101111110011011
0010111111011111
1111101111101001
1000000011110011
1100111101111001
1011010111110111
0011000011011011
0101110110111010
0111100000100110
0000010000111110
0011001010111111
1110011100000110
0101001110010110
1001010000100011
1100111101000101
1100111101110100
0110100000101010
1000100010101000
0110001100000010
1101000011011101
1011111011010011
0111110010111101
1110110110111110
1111010000000001
0011101111100001
0100010001000111
1000011101001100
0110011001010010
1010001101001101
0000100101111100
1110001111111001
1110110100101100
1001111011110100
1101100000111000
1100001001111111
0110011000001011
0111111110101001
0101011100001100
1101000000100010
1101010110010100
0111000111010000
0101100111101011
1110001100000010
0011001001001011
0011010001001011
0101110010110100
0001111001011000
0001011101100111
1010101011000101
1101011100001111
0010010011010110
0111010000101100
1000010101100010
0100011010111100
0111001111011100
0111101000100010
1000110001001111
0101101111011010
1111111000101111
1001011110100100
0011101011110100
0100100011011001
0101000110010001
0001010110100010
1001101101110001
0011000100111001
1100001110010110
0000111110001110
0010110101011101
0111101011000001
1101110000010010
1110100001111101
1101010010011001
0110101111001010
0101010011000101
