0111101100111001
1110001101011001
0011010111001100
0100110011110011
1100101110001101
1001100100111001
1000101011000101
1111101001111111
0111001101010000
0001011101110010
0011101110011001
0110110100100101
1001011011100110
1000111100011001
0010101010100111
1111100110110001
1100111110111111
0000101011111101
1101111110110011
1101100000000011
0111111011101001
0010011011101001
1010011100110101
1111010100000110
1001001111110101
0101101010001010
0010100010011111
0000110000010001
0010011010110101
1001101100001001
1000010110001110
0011010001110101
1110110110101000
1110010001011110
1001101010100101
0000010110110010
0011100001101001
0011000001011001
0111000101011110
1000111010101000
1100100000100111
0111011101101010
1010100001100000
0001010011111010
1110001111110110
0100000111111001
0111100110000110
0001110111111111
0000101101100110
0111111100001001
1110011000000000
1001100110111010
0010010111010100
1110001010110010
1011000100110000
1110001000010100
1100011110000011
1111001101111111
0110100011101000
0001111100010001
1010101111001110
0111010010010110
0101101111001100
1100000010101001
0100110101011111
1011011000001110
1011111110110000
0011100111011001
0010010100101101
0110101000111001
0001110001110000
1100000000001111
0111001111010110
0001100011000111
0110010011000110
1110001001111000
1100101100101110
0100000000011011
0110011110011100
0110001011000111
1100001011100000
0001000000110110
0011100111000001
1000001101001101
0000110100000100
1000111001000101
1000010100010111
0100001010100111
0100001010110111
0011000011111010
0011000111100010
0001100110100100
1100010111010011
1110000100101110
0010100111110001
0110100010100110
1101001110010101
0001010101001011
0001101010001101
1101000111100011
1010001100011001
1101001110100001
1001111000101110
1110000101101011
0001011001100101
0001100111111100
1111100111111010
0111111011000011
1010110101101110
0111001010011100
1100011110100100
1100001000110001
0111100100101001
0000011111010000
0111101000000011
1100110101000011
0011110010000100
1101000011100011
1101111111001001
1100111110001110
1010111101101110
0111101110010000
1101001110000001
0101111100100110
1101110011101011
1100011011000001
0010100110101010
1100100001000000
1011001100000101
0110001011011011
0101111000010110
1000010101010101
1100110110101100
1111111011000111
0010101100100001
1111101100101111
1110010011000000
1001110011101110
0111100101010110
0001100001010001
1101010001000001
1101010101000001
0001010111011100
0000011001100101
0000101100010110
1110001000000000
1010101001010100
0110100110011111
1001101111110100
0000101100101000
1000011000001010
0011111001011101
1111110000001110
0110111110001111
1100110110100100
1100001100001000
1111110100100011
1101100000110001
0110001000110001
0001011111101111
1000010001111010
1101010001100101
1010110111000111
1101011010110001
0010001111001010
1001010000000010
0000110000001100
0100111001011011
0011101011101101
0011110100000110
0101111000000101
0001111011101000
0011001100110111
0111011100000111
1001101111100001
1100011010000001
1010011000111110
1101011000010100
1111111101001010
0001100010001111
1000111111001010
1010100101101111
1001111110110100
1010111111010110
1111001101000100
1110011010001100
0011110110100111
1000010000111100
0100000111000010
0100101001110111
0111010001110011
1110000110110010
1100011000000001
1000010100100110
1111010110010001
1001011011000111
1110000010111001
1000111101111101
1011100000111001
0101100111011111
1011010111010100
0101110000101110
1000010100101100
0011100010010011
1001010010000101
0010011000111111
1110101100100101
1110111100011011
0000101000101101
0001110001111010
1100100011001110
1010101110000100
1100100011000010
1001011000100100
0100001110001101
1111011110000100
1001100100101001
0010100011101101
0000111010111101
0011011101001011
0111100011010111
0010010001000000
0010110110010000
1010110000111101
1101011101110011
1101011001001110
1101011010101000
0000110000001010
1001100100111011
0110011110100110
0011101110110111
0001001001000101
1111101111001111
1101100101100010
0001110111100010
0011011001110001
1100100011011010
1000111001101001
0111111000011010
1101101010000010
1001001010000011
0101101111101110
1010000011101000
1000100111010111
0000110101110011
0111010110110010
0011100100111000
1001000101101111
0011110001100010
0110010001000001
1000110110011111
0111011111001001
1100000011011111
1010010111010101
0011011010101111
0110011000111100
0000000000111010
0111001100011001
1000101110000100
1001110011110001
1111010100011000
0111001010001110
0010100111001100
1000010110111100
0101100000010101
0110110100100010
0011000001011001
1010001100001011
1010110110101100
1011100000110000
0010001000100111
0101011000010101
0000110110001011
1011100010100111
1100010011011011
1010001001011101
1100111010000000
0000011011011111
0101110010011011
1000110010111111
1110101011010110
0001011010000111
0000011011110011
1111111000110000
1111011110010110
0101101100100001
0000001110100111
0000110011011100
0011101101000111
1111100110001100
1100010001000011
0100001100100011
0010001100001110
1111010001100101
0101001010010010
0100010011010110
1111011011110000
0110001100101101
1100011010101110
0101001001001011
1100110010111001
1000110101010011
0111100110010111
0000111110111001
0011000011100001
1101101110001110
1110001101000110
1110111000001001
1100000010111100
1010110001001110
0010111100111010
1010111000110110
0110001010111000
1001101110001101
1000010010110010
1101111001100000
0110111010011001
1010010110010111
0111011000000000
1101000110001110
1111000000110101
0100101111100101
0111000110001001
0010101011010010
0011111001110111
1111110011101010
0011100101011001
1000111111110010
1010111101110010
1100010111100111
0001011101110010
0111101111011000
0000011111010011
0101011100010101
1110101100011111
1101000101110110
0101010111100111
1000100011110010
1001110100101100
0001100100011101
1010110100110011
0100101111110111
1011110100111011
1110100100111100
0110000100101100
0001000101001000
0101101100101110
0101101100011000
0100011010011010
1100011110010111
1101001111000100
1110000001000101
0100011101010010
0100010110101001
0001010111000010
1111000001111000
0001011111010010
0011001100011100
1100100010101000
1111001001001101
0111101100000100
1111100110000010
1100101111011101
1001001101101101
0001101000010110
0100011101111000
0110111100000011
0010101100110001
0111010010010001
1101010001110000
0000100101100101
0011000100000110
1111110000010100
0111111110100011
1001101100011001
0010101010110000
0100011101000100
0001011110110000
0010000011111001
1010100011010110
0010010011000010
1010110010010101
1011010111101110
0100011100111111
1100001000010111
0101010100100001
1000111100001100
1110000111011111
1010111110000110
1010111111110101
1000001110110101
1001100011101010
1111101011010001
0100001001101001
0000010110110101
0100010110101111
1110000111011110
0101000110100100
0011111110011010
0100101101000111
0001100001111100
0001111100111110
1011100011110100
1111011001100011
0011111000011001
1000111111000001
1101101001011110
0110100011111010
1101001010100010
0001111100101101
0100011110101001
0110101000011100
1111100010000101
1010000111011111
0001000011111111
0110101101001110
0101110011011110
0110001100011010
1010111000101001
1001000001010010
0100001111000000
1101111100010101
1001011111000010
0111010011001100
1001000110000101
1111111100111100
1110011110011011
0110011111010000
1011001001100000
0110010000110111
1011011111001101
0101001000000111
0111100001010010
0100000110101111
0111111100000000
1110101101011110
0010100011110101
0110111110110101
1111110000111100
0110010010110111
0111001000100110
0001110000001101
0001011010111111
1001000111011011
0100001011100000
0101001000101111
1110100000000001
0110000011011011
0100101110000000
0011111001000111
0101110011001000
1100101001110101
0110111011001001
0111011000011100
0010010111111101
0100100100110110
0000100000111101
0100101100101111
0110110101101000
1000001011011011
1000000110000111
1010110110001010
1011100110001010
0000010111011011
1111101110101000
1000001101111110
1100110000001010
0011000001000011
1100010100111010
0111000100001110
1001101010010001
0000100001001011
1101110001010011
1110001010000010
0101101101100111
0100101111100110
1010100000010110
0111101111100000
0111001011010101
1001000000100101
1111010110000111
0111110010001100
0001010110011000
0111110111011010
0000000110111011
1001100101111100
1101010010100010
0010001111111110
0101111100001111
0100101111010100
1000110011101001
0000101001101010
1101110001110000
1101100101110001
1000011010110111
0000111011111011
1111010000000110
0100101101001101
0111101100000100
1111010111101010
0000000101010001
0111100010101010
1110010111001010
1010111101011011
1010010100011111
1111010101001010
1011101000010110
0001001101010101
0100011100000011
0101100110011000
0011010111111000
