0101100000100011
1101001010011101
1010100010111110
0100100001010000
0100100000100110
0110000101001100
0100100011001001
1101010001111011
1010011110001111
0101001100000010
0001100001001101
1101101100111100
0010011111110110
1011101110010010
0110100101111110
1100011010011010
0101000010000011
0110001101010011
1000010000100111
1111001100110101
1000001100010011
1010001010110001
1000010010001111
0100000001111000
0100010011110100
0101101001110111
0100000110110101
1010010100001100
1100101010100100
1001000110110111
1100101001010001
0110110110111001
1010101000011010
0111111001010010
0101000000011110
1001100010111011
0000001011001001
1010110010000100
1110111110101100
1011011011011010
0001011111010111
1001101101111011
0101100111101001
0101110101100000
1110010000111000
0010011001011001
1010100010101000
1100111001010001
0101000100011000
0001100011101001
1111101001010010
1111010100111111
1001100000010000
0010110101111100
0000000010010011
0010001000110011
1000010110001111
0111010101101111
0110101001010101
1000101010101001
1000001000110101
0010010110001110
0001101001100100
1011111110011000
0110110111000010
1110000101101111
1110011100010111
0001011100100000
0110111101000110
1011110000100101
1110110001000100
0000010000110101
0101011010010000
1000110000101100
0011010010000110
1010011100110100
1010000110101101
0010001111110101
1101101101100111
0000000010101011
0000011110110100
1110000100001111
0101100110111010
1100100000011100
1011010100101010
1110110000000110
1001011000000010
0101111001011111
0011010101111001
1100110000001111
1010110110101010
1010100101100111
0110100011111111
0110110010011110
1000100110110011
0110010100100001
0011101100111010
1110011000011000
1110001001101001
1100010100000000
0100111011000100
1000110000100011
1010001011010000
0011010111010011
1110001111110011
0001011111011000
0110100001011011
1111100101101111
0001101001010010
1001010101011111
0110001010100000
1001010010001101
0010000010000101
0111110110011101
1001100000111110
0111111010000111
0110101101101101
1000100110100100
0101111101010011
0010010000100000
1010111000110100
0000011011100000
1000000110011111
0001111110001111
0101011000000111
1011110000010001
0001001100001010
1101110100101110
0011000101000101
0111011011111000
1000010000000001
1011000110111000
0110101111001011
1111000011010010
0111010011110001
1010101010001111
0001001111011001
0100110111110100
0001101110000010
1001111101001101
0001101000111101
0101101101011100
0011011000110001
0101001110000010
1011010100001001
0110110010011001
0000001110010000
1100011111011111
0001001101100100
0011000110100010
1101010110001110
1000100000100011
0001011000001110
1101011100000010
1100100101101011
0100010011010111
0010111010101011
0000100110100001
0011101000101010
1101111000001101
0000110110001010
1010101100111110
0101110110111000
0011010110110101
1101111101111001
0011010110100011
1000100111011111
1011110101110111
1000000100111100
1101000101111010
1101010000000100
0001010100000111
0000010011100011
1010001011011011
1101111000010010
0111101111101100
1101000010011000
0010111111001110
0100100011111000
0110010000100001
1000010010010111
0001010001010000
1001000110010010
1001101101111110
1110011100000010
0011100001111010
0000101000100011
0000111011001001
1000001011110111
0011011010111011
1010001001011001
1010010101011101
1011001001010001
1001100101101001
0000011110001001
1101000001011100
1011100011101000
0011111111101000
1011010011010111
0110111001001000
1111001110100001
1101100111000101
1101010001110110
0000100100001010
1101111111100110
1101001001010001
0100011000011000
1001001111111011
0001010000110110
1001001010111001
1101000110110100
0010110000100100
0110001010011010
1101110010110111
0111011000001111
1101100111110011
0111110000110110
1000100011111111
0110000100001000
0001011001010011
0010010000000000
1110011011101100
0111111010000001
0100000111101000
1101111111000101
1001011101101011
0010110011011010
0100000011100100
1000011110010010
1011111000000100
1110001110001101
0000001000110110
0111010000100011
1011010101011001
1100101101010011
0001000010110000
0011111111001100
1010001001011101
1100010011101011
0000100000011010
1000000110100111
0110011000111100
1011101001111011
0010011011000000
1001011100101001
0001101000001110
1001101100011010
0101101001100011
1101000100011110
1111111010110101
0110010011101100
1100011111111000
0010110011000000
0110110000001110
1011100011110000
1111010111110000
1000011110101111
0101100001010101
1110010111111111
0000101001011011
1110111111001010
1111101101011000
1000001011010001
0011000101001101
0010111011000011
0000100100110010
0001011100000000
1110001011111101
0000010110010010
0101011011011100
0101110000000111
1011101011001010
1100001010011111
0010001000100010
1001010110100100
0100011101001001
1010000010010111
1010110110110101
1001110000101010
1110101000000111
1101010111011111
1000111011011001
0011011001010001
0110001011011000
0111111000001000
1101011101011011
1111001000101001
1000101010001110
1010000001111001
0010101100111100
1101000001100100
0000101111100110
1011110111001110
0000110110111010
1100001000101101
1100000001110001
0101101001110111
1011000111011111
1100111000011101
0111011010001001
0111101111100100
1000111000001010
1000000010011110
1000111100011010
0110010010011001
1111001100001010
0000010110001001
0101101011001100
0010010111101100
1011110011011111
0111000111010000
1010010000101111
0000011110100011
1010010011110010
0001110110001000
0010110010011101
0011011001101101
0011100010001011
0000110000111101
1011010101111001
0101111010000110
1000000111010111
0101101001001101
1111010000010010
1011101111110000
0000111100100110
1001101000000101
0000010011001000
1111111110101010
0101101011101110
0101011101011100
1001100101000101
0000100100101011
0110000111010110
1011000001100010
0001011111000110
0101001001101111
1011011111100000
1101011100101001
0101000100001101
1010101110001011
0001011101100010
1001101010110111
0110011110100010
1000010000101100
1010101100110011
0000010110101010
0100111101101101
1001111010001011
0011111110111000
0000101001011000
0101101100010010
0001011011011001
0101111110011011
0100100010101000
0000011001111011
0111101010100010
0001000000000110
1100100001010010
0011110001000110
1010111110101010
0010100110010101
1000111111111011
1001010000010011
1100101010101111
0111010000011010
0010011101011111
1100100100101001
0100001000010011
0000110001110110
0100001000001010
0001100101100000
1001101111111101
0001001001000011
1000111000001100
1011101000001100
0100110111110010
1011111101000011
0010111110000000
0011101101010000
1111110000100000
1111110100010010
0100011101001100
0001001000000100
0000110111110100
1011110011001101
0101000000111101
1001111001001111
0011001110111100
1000001111110001
0100010001011111
0011011101011000
0101000101111100
1001101011011000
1100101000000001
1100101001010101
0111101000111010
1000001001010100
1000001000110110
0011100010001111
0111110101010101
1101111011001010
1010000000101101
1101010111010101
0010010101000010
1101100110001110
0110011100010010
0111010010000000
1110001011111111
1011111110000111
0101111001011000
1110111111010110
1000111010011011
0001111001100100
0011110111000101
0010000111010000
0011100110001011
0001001000001111
0010111001111100
1001001101111111
1001010110110110
1010010111010111
1111011100110010
0001101011001111
1111100011101111
1000110000101101
1101111101100000
0010110010000101
1010110101110001
0001111001110100
0111101100110111
1111111010101100
1000010110000010
0100101000000010
1010000000100101
1001111001010111
1101000110110110
1111010011111100
0000000011011111
1111110111010100
0000110001111000
1110110010001110
0101010011001111
0101000100111110
0111001000010110
0111000001110000
1001000011010010
0110011001111001
1001111101100000
1010110010100000
0011011011000110
1010111110001111
1000111110011011
0101110101100011
1100110100010111
0010100111000111
1101010011011000
0011010010101110
0101001000101101
0001010111011011
1110110011111001
1001111111110100
0011100101001100
0101111001011111
1000111100100011
0101010111101011
1010001100101100
1101001110000001
0011010001110001
0110100111000001
1110000001011001
0011010111010000
1110000111111100
0101000110000110
1101111010101100
1001110000001111
0010000100100100
1110101001011110
0111011110101110
1011000100010010
0001110101101000
1101100111001101
1000111000111011
1100111001101000
1110001110001110
0010001000000110
1101101110000100
0011100001111110
0111011001011010
0000100110010111
0101100100111011
1100100100100100
0001011001000110
1001011101011100
1010101000001110
1000001110011010
0100101011101010
0011101010101110
1101110010100000
1110111111011111
0000001111001101
1000111100000111
1110101110110001
0111010101000000
1000100001010101
1101100000100111
0101000111011000
1100111000001100
1000001101010000
1011011101101011
1011011011011011
