0100010011001100
1000111100001110
0101010011011100
1011010110010111
0010110011011010
1011010100111110
0010001101010001
0111000100101111
1001010111011110
0111111110000001
1101101010110111
0000100010100011
0010100010110010
0010011111101010
0011000100011100
0111011100010001
0001100101110010
0011111110001111
1000000000010100
0010111111110010
0110010001100100
1001100010100001
1101110011101011
0100000111010000
1000111001111100
1001000110111011
0011000111000010
1001111000111001
1001001110100000
1001000100100101
1101101000111001
0011000010000101
1101000100011000
1110000100111101
1000011101100000
0000010010010111
0110101100010100
1001100000010011
1000001100101110
0100100010011001
1000000110000001
0001000101100100
0010000111000101
1101011111111101
0001001011001100
1100001010101001
0110011111100100
1110110111000111
1000000100011111
0111011111110000
0101001011101111
0101011110111101
1011111001101110
1101011111001001
0000011110100010
0010111111001110
0110100100111010
1000101001011011
1101110000010111
1011000101110011
1010010011000101
1100011101110010
0100111001110110
1010100110010100
1000000100100110
1111001111001000
1000111010100111
1101101110101111
1110111100110111
0110101110101101
0110011101000000
0000100111110001
0101001100001011
1001101010010001
0000111100011010
0011000001110101
0000011000000100
0000001100101011
0011001111111111
0111110110111000
1001101101110100
1110111101111011
0111110010110000
0100000011001010
1100011111100110
0001111110101100
1110111111000000
1000011101110110
0100100110111001
0101010101100100
0010111000010101
0111011101001010
1110101010011100
1110111001000000
0001111101111001
1001101101101111
1000011000111000
0100010001001100
0011111000111100
1100011101110001
0011111111010010
0110000100101001
0111011110000010
0000000100011001
1110010111000011
1011011111101100
0010001100000110
1010010000010111
0011100101000110
0011111101110111
1001010010100001
1110100110001111
1101100001110100
1101001010101111
0100001011110100
0101111110000001
1000010110010110
1110101101100111
0111110000110111
0001101011111110
1100101000011011
0100100010100001
1110000000010011
0011001110111001
1110000111110001
0100001110110001
0101011011011011
1000010101100100
1110100101001000
1110101110100111
1000111110111110
1000011101110111
1110011001110100
0101010000010101
0110010011100111
1111001101101000
0001011101101011
0011011100001111
0001100011111011
1010000100101101
0011100011111101
1110110011000000
1000100001110110
1000000010000110
0011000100100000
0100001010111101
1000011101101111
0001100111010101
0111001110000111
1011101001111001
0111010111000010
0100000010110101
1010000110111001
1111010100111000
0001011000001110
0111101100011111
0111001111111101
1011110100010000
0010111011000101
0011110111100110
1010011011111101
0110101101110001
1101101010110010
0111101100010110
0011111000000011
1000000010110100
0010001111111001
1011000101110110
0111110100110001
0110110000100100
0001101100111000
0110001001100000
0100000000001100
1001000010000101
0001000010100000
0101001101001100
1100101111000011
1100111000101001
0110100111110110
1111010111111000
1100011010111011
1001010011010100
1010001001011100
0111111010010101
0111110010101011
1110101001100011
1110111011001011
1001010110101100
1100010100101011
1010010101101000
1100110011101101
0011010011011101
1001001010000010
0010011111011010
0000000110100101
0011001010101010
1000000010000000
0010101111101000
1101011000100101
0011011110001101
0101011101001110
0000000110100010
0000000111011101
1011101100110000
0100001010011001
1010000100011001
0000100001001101
1110100000010110
1110100000001100
1000000101011100
1011101011000001
0010011110110111
0100111111101101
0001001011101111
1111001001001001
1101011001000001
1110011001110111
0111011111010110
1100110011111111
0101100110010000
0010000110110011
1011101000001110
1001101101001011
1001000111100010
0011101111000110
0010110100100001
0100111000111001
1110001100111011
0011101001100110
1011111111000100
0101111100100010
0101011111010111
0100011001010010
1110011101010100
0001001111001010
1111011111111011
1101001000011000
1100101011101111
0001100101100111
0011100110001110
0001000100101111
0001111110000011
0010010100111010
0000110001000010
1111001110101100
0011000011000010
1111110010110111
0100000110101000
1001000000100010
0100010010101111
1101100110000110
0110100010110011
1001000110110110
0000110101100001
1110010011101111
1101011001100101
0000110000000100
1110110110000110
0011110010000001
0011101010001011
0101100000001001
0110011010000000
1000111000100001
1101011001110011
0010110111000110
1101000000101100
1001100000111011
1010101101011010
1011011111001101
0100011101100011
1110100000011010
0000111010100100
1011101010111000
0110001110001011
1010101100011000
0000110000100011
1010000100100110
0111011011001000
1100010010000100
1111100100011011
1100011100010100
1101101000111001
1101111011100100
0011000111101001
0101100010000111
1010011100010101
1111001110000100
0110011001110111
1000010010110000
1010111100111011
1010010001101001
1100000011101100
1100100010000111
1110011000101001
1011000001111101
0010101101010010
1000010000000010
1011110100000010
0001001000000011
1010110010000011
1010000101001000
0001011100110101
0111010111000111
1111101110110101
1001001101001110
1111100011010000
1010110000000101
1000001011001000
0110001000001001
0111001101000101
1011010011111001
1111111111101001
1011010001001000
0000111111011011
0101111100101000
1001010000000100
1100110001010011
1101000100000110
1111010101000100
1000110100100110
0000101110001000
0111011110110111
0100101111010111
1111110010101100
0001000110100110
0011011010101100
1101100010010100
0110001000110001
1001101101011011
1000010110011000
1100010001100000
0001110001011110
0000000111100001
1001011100000001
1001011011100110
1111011010111111
0110011010100000
0100111000110111
0110111111111001
1111010100010111
0111011000101010
0001000001011110
0101110101100110
1010000110011101
1110011000001101
0010101001001111
0111000100110011
1000000000000011
0001010011110100
0010101011111011
1000010111100101
1100010100101101
1001001011001000
1111100000111111
0100001110000010
0011100001001011
1000101000001101
1010110100000001
1011011100110110
0100010001101101
1011011000010000
1111010111101100
0110111100001000
1100110001111010
0001110111100110
0011010000110011
0101010011000101
0000101100111100
1101110110010101
1111100111011000
0001101011001110
1101101100010001
0001001110100000
1000000001010101
1100101010000011
1001101010011100
0100110010001111
1101000110111011
1110111100000011
1001110001001010
0000100101011100
0011001010110011
1110111010111000
1001000110010001
1101001100110110
1010001111111001
0110000101011100
0011000001111010
1011111111100110
0110000011110001
1100010101100001
0000110001011111
0100011011101011
1111110100010010
0111000111000000
0000010110111101
1101111111001111
0100101100001111
1110000101101000
1110111010111100
0010011111101001
1000110000001110
1000011010100011
0110010110000100
1111111010011010
0111100100101111
0011101111101010
1111100010100100
1111011111001110
0001001111101011
0010111000001001
0101110011001101
1010100110010011
0010010011001101
1101110011100101
0110000101011101
1111000011010100
0101110001010000
1010001101101011
0101111001011011
0001111001011100
0100011111101000
0110111101110110
0100010010110100
0010100000101101
0000001000100101
0100110100110111
0100111011111010
1110111110100100
1111011010011101
1110100110111011
1111101110001000
0000101111110010
1101001111001010
1101110000011001
0111101001111010
1100111000010100
0000011100011110
1010011010011001
0001100111111100
0100101101000110
1110011100111100
0010010000111110
0011101000111111
1001110101001010
1000111110101001
1101001011110011
1111000011100000
0010111101110011
0100100100110000
1010100000011001
0101010000010110
0100110111001010
0110001111011110
1110110110010110
1110001111010000
0001111100110100
1000011100100000
1001000100010010
1000111101100011
1110100110111101
0010010000111110
0000010111011001
0011110011110110
1000011111100100
1010110101011000
1100011101101001
1001111101010111
1110111001011011
0110000111110100
0111100000001111
0101111111000010
0101100011110111
0011110001000000
1001110110100110
0011010000101010
1010110101011100
1101100100110100
1111111110100000
1100001000100011
0101000010111001
0010000111101010
0101110101001111
0010101000100110
1001001111010010
1000001110001111
0110000111100000
1001100110011001
1011000011111111
0010111000000110
1101111001010011
1011101101010001
1011011111001011
0000010111001100
0101110111100101
0101011100010110
0101100110111000
0000011110000100
1111011001101010
1011000100100111
1100010011011000
1110110010101110
1010010110010110
0110100111100110
0011011101101111
1110101001110100
1010011010000001
0000110001111110
0000111000000100
0000110101011001
0011001001100011
