0110100010110101
1111110010001111
1000111101100011
0100100010000100
1000011001100011
0000010110100011
1100101101000111
0111000111001000
1101000000011001
1010111101101011
0101010011001111
1111000011011000
0000101000001010
0111011110000101
0111001110011111
0011110010001001
1000111110100000
1000111001101101
0011110011000110
1001110000000110
1100110000110111
0011011000000001
0101100000000011
1101011100100110
1100000010010011
1111010010111111
0110000111010011
0000100101111000
1111011001110001
1101101000101111
1011010000000101
1001010001010010
0000111111011011
1000110111111011
0010100010100010
0100101010000110
0101001111001010
0000001010100101
0001110000101111
1101110101001010
0100101010011001
1010011011000111
1100100001100010
1101110001110101
1010000101001100
0000110110000000
0000010001011011
1100100100011001
1101110111011111
0111110111111000
1111100010101111
0010101000001011
0010100001111100
1011010000111011
0001111010001011
1110011111001100
0100011101110011
1110011010111011
1110010101110011
1100110001010110
1110110001111010
1111001111000110
0110100101011000
0110101000011001
0010000001000111
1010110101010011
0011011011111111
1110010011010110
0010110011011011
0000010100001011
1100000101010001
0001011100001101
0110110100011100
1010000101100010
0110100000001100
1000110110110000
1101001011100100
1110110001101011
1100100011001110
0100011110110111
1001101010000010
0001001010000010
1000111100111000
1000011010011011
0010000011111000
0100010111100111
0010001100110001
1011011101110011
1100100100011011
1111011000001001
0000110100111111
1000000111001000
0110100101110011
0100011110011001
0000110000001110
0000111101001001
1101111111000000
1011000010110110
1010111000111110
1100010101100001
0111000110111101
0000011000101001
0111110101100100
0000111101110011
1111101001101110
0010110010100001
1101111100100101
0110011000110101
0100010111100001
1101111111101101
0010110001100001
1010100010110001
0001111010111011
1001110010100011
1011100100011000
1111100101001000
0111011100111010
1010111101100110
1101001010001011
1010111011000010
1000000011111101
1110111101010000
0001101110011100
0011011110101011
1100101000100100
0110101101100100
1100011000010011
0111011001101001
1110110101100100
0011001010000101
0111101111111000
0001010110000011
1110000011101101
1011011000000001
1100000110100001
1101111111101001
1101001011001110
0001001111010101
0000010000010000
1110110101100111
1001011101101111
0001000110011000
1010011001001100
0000000010110001
1000100100110001
0011100011010110
0110001111000110
0010110010001100
0110000011110011
1001010011100000
1010000010101010
0101100010001111
0011110101100111
0111111011011110
1011001110111000
0010001000110100
1010111001011011
1001000010000011
1001000010001100
0000000100100100
0101001011110101
1010110100111011
0001011011110001
0010101100011101
0011111110011010
0100110010010011
0110101010101010
1111101001100110
0101011001111111
1111111111110101
0110001110010001
1101100111101100
0010001100101001
1100111110110000
1101010011110100
0101000000010011
0100001010001001
1000010110000111
1000001101011001
0010100001111100
0100011100110100
0010010100001110
0000110111001001
1000001110100111
1011010100111001
0001010000110011
0110100001001010
0101010000111111
1001110111111010
1011011111000000
0000111101000011
1010011101111000
1011000101000010
1101001000001111
1001010101101111
1010000110000000
0100110001111110
0100010101101101
0111111101011110
1111001011110001
1011010011000011
0101110101010111
0101000000011100
0001011001110000
0001110100100010
0110001001110110
0000101010001101
0111110000011001
1010000111010000
1010101100101001
1111001101100110
0110100000011010
1001110001110011
0010001100011000
0110110111010100
1110000111100100
1101110100001000
0011000000100111
0000101010010010
1100001111001010
1111011111111011
1110100011011000
1011101010001001
0111000110011000
0110110010010100
0111101110110011
0010011110100010
0111100010110011
1010110110001100
0111011010010010
0110100001100001
1111110110100001
0000110011111101
0111010100011010
1101101100001111
1000001011101001
0011010011111000
0011101001001110
1110011001110011
0110100011011101
0001111010000111
0111111001111110
0101001111000101
1111001001000010
1111100100100111
1000111000001011
0101101000110100
0000011110110010
1010110111110110
0000010101110110
1111110100100111
1000001101101010
0110101101111010
0111011111101000
1101000110010001
0011001100100000
1010010010111010
1010001010000011
0101010101111101
1010011101000110
0011111001001011
0001010011100101
0011100111010100
1101011001001000
1000110011011001
1101110001101011
0001101000001010
1110011101111110
0101100101110011
0010011001110011
0000011100011101
0010101000101101
0110010110100011
0100110001111101
1000001000100101
1101101100000100
1100000101001001
0111100110110010
1011100010010000
0100010110000011
1110011010111011
0000000000110010
1100101100011110
0010001101101001
0000110011011101
0010110010011100
0100100101000010
0101110100100000
0000000000110101
0111111111111101
0000110100001101
0111110100011100
1100000111100101
1100111111010011
1000101100101101
0110000101000010
0110000001011001
0110100111101101
0111100111000011
0001010101110010
0110111100100111
0110010011000011
0010000110110111
1011011111011111
1111011101110000
0111000011101000
0111100001011100
1001000100110010
0101011111101011
1001110010100111
1010010101010101
0111001100100100
1110101111011001
0111101101110101
1111010111010011
1101011111111100
0011001101100111
0101101010001011
1111100010110011
0100000010101011
1001011100000111
1011111010010110
0110000000110111
1011111011100000
0111000010010011
0111011010001000
0110011110010010
0001001110001100
0110010000110010
1000000100101001
1100110001000011
0111110010000110
0100101110010100
0110010000110010
0000111101101010
1111011101101111
1011111000110111
1100101001111100
0110000110010110
0011001110011110
0101100101110001
0100110011110011
0001011000000110
0101000001101000
1110100000101111
1101100110101011
1001110000110001
0101110010011100
1001100100011100
0111101000100110
1000011001100011
1000111110000010
1000110011001110
1011100101101100
1110111110100101
0101110100111000
0010101011111011
1101011101110111
0110001100101100
1110110110111000
0001100001101100
1100000111011000
1111110101011101
1010100100101100
1001101100111100
1111011001001100
1010010110011011
0011111110011010
0110110010001000
0001000001000001
0101101011110011
0000100010101110
0000110000101101
0111001110001110
0101101100110011
0010011100111000
1101111111011111
0101001000001011
0100001110100011
0010101001110100
1011111010111001
1111001110000000
0011101111011110
1001001110001000
1010010110111111
0011100011000011
1000100000000001
1101001100101110
1010010110100100
0100110101100010
1100001100100110
1000100000011010
0100010100010111
0111001001100101
0010110111110011
1011100000111010
1010101000011010
1000101100011010
1011101001010100
0001000101000101
0101011011010100
1111111111100010
1010000011000010
1101110111110000
1101100001110001
0000011100110101
0001110001010000
1010011001100011
0110100000100111
1101000001111010
0100100111010010
0010011011011111
0011111011110101
0101010100000111
1101000001001111
1111100101100110
1111000110101100
0111100001010001
1111001011011010
0010000101100111
1010001110010011
0101111000101110
0110101110101110
1010101100001110
0001010000001010
1010111010111010
0110001101110111
0010000110001011
1011101100111100
0011101010010001
0111010000001010
1010001011010000
1100101000010110
0000001000000010
1111011010000110
0100010000000011
1001001011010101
0110110001111001
1100111100101111
0000110100010100
0101100010011000
1001011101111000
0000101111111010
0000011100110100
0010001011111011
1001101010010011
0010100001001100
0110000100000011
0100011010100110
1110101111110100
0001111101010000
0111111011110101
1111101001101000
0011000001001101
1001010000011001
1010100111001000
0100110000011001
0011101101111111
0000000001001011
0110001100100100
0110111101010101
0010011001111101
1110000001101001
0100000101010111
0001011000010001
1011100101101100
0000110000001111
0001011101100100
0001000110001100
0111100001101110
0111101100001100
1101100100001101
1101110111001101
0000111000100110
0111011010001110
0011010110001011
1011100100000110
0110100100110011
1011101111010101
1101001101000010
1101011011000110
1000000111110001
1011001111110100
0000001010001100
0101110001000011
0111110000010110
1011100001111000
1001100001000010
1011000011110101
1110100101001110
0110110011000001
0001010001101010
0101011110111011
1100100011110100
1000010110010011
1111111000001101
1001101001110101
1101111110110000
0010110000111010
1110001001001011
0011111001110010
1100110101100110
0000011101101100
0010010111011001
1001011111010110
0001110011010101
0110001011000001
0100000111110101
1101100000011101
0111000011101101
0000001100010111
