0011101010110110
0111101110010111
1011001110110000
0110010011010110
0101110011110011
0000011100111101
0010101011000101
0101011111101110
0111110010110010
0110101001011000
0011110000000010
0100001110101000
0000100110110010
1100100011111001
0101000011000110
0011100000100101
1101010001100001
1010110011010111
1001000001001100
0111111001010101
0001101000001011
0100100100100110
1110000001010010
0000110011110010
1101011111001000
1111110000111010
1011110101010011
1010110101011110
1100010111101010
0100101110001001
0111110100111011
1101100011000001
0011010100111000
1000001111101100
0000001001111001
0111010010000000
0111001011110111
0011110111001101
0010100111101010
0110101010101001
1001101001110000
0100001011100010
0000011111100001
0110111000111010
1010100000010111
0001111101110001
1110011100000000
1010110100001110
1001100100101111
1100010001111101
1000011111010001
0000100111000001
0101111010011010
1000101100010111
1010100101000101
0010001011110000
0001110010001001
1000000101100110
0010101101011100
1100111011100001
0011000101010010
0110001101011010
0100101011010111
0001000000010011
1110111110100111
1011001001101000
0000101101110000
1010110010011110
0111000111100100
0011101011110010
0010101001101111
1101101100101010
1110110101111111
0010111010000001
1110111000110010
1100111011000000
0010100000111101
1010101010111111
1000100010010110
1001101111110111
1011111110101000
0100101101011011
1111010000001110
0100100000001111
1000010010010011
1111110100000010
0110011110100111
1011000110110101
1001100010001100
0100011010000011
0011100000111101
1000001011100101
1111001110000011
0001010100011100
0011000001110010
1001101010001001
0001010100000010
1100110001001011
0100000100101101
1101001000000010
1111010001110110
1111001001101011
1001111001110000
0110111010100000
0011000011110011
1100110011010111
1011000010010100
0111100100111100
1101101010101101
0101001011101101
1110000000010110
1100011110001110
1001101010101101
1111010001111001
1001110100110010
0111000000001010
0111011110000101
0100110001000000
0000000110100010
1110001011100010
1100000111100111
1011001111110110
1001000111100111
1100111000111101
0101111101010111
0110011101011011
1011011101100100
0001000010110100
0111000101110100
1110101111110111
1001100000100101
1011000101010000
0001101001011100
0111011110110101
1010101001010000
0101111100100001
0000001100111111
1000000111010000
1010100100010101
0001111001111000
0110000000010101
0011100110011100
1100011100010111
1110011110011001
1010100100100011
0100011011000000
0101010111111110
1111101101101110
1000110000000100
0110011010011111
1111100011001101
0110110001011100
1001010011010101
1100000011111011
1000001101111110
0011111111110010
1101111001011010
0011100110111111
0100001001110000
1111010000011111
0001011100000000
0001100010110101
1011000110111101
1101100110001001
1101100100000101
0110010010000000
1000011001011001
0001110101010110
0010001001010010
1001100101100010
1100001110100001
0000010001101100
1000011101000000
0011011111011000
1100000010111010
1111001111000010
0111000110000111
0110000100010111
0110111000101000
1010010101000000
0010001101010011
1010010111100011
1100001101110010
1101100011100110
1110010100100011
1111110000111001
1111110011010110
0011001101111111
1000011110000000
0010010011001110
1101111000110011
0001000100000111
0000110110101101
1000001011010010
1101000001000011
1010100000010100
1111111111101101
0110100100100111
0001010001111001
1111010011001000
1000101010101001
1000111000111101
0110110111011000
1001111110100011
0010000111101101
0100001111011101
0101100000010101
1101110010001100
0010111000110110
1000101100000100
0011111101111011
0011011001001111
0001000010011000
0010011101110001
0001111011011101
0110111010011100
0111011011100011
0111111011111100
0010110111001110
1111100010101010
1111101000110111
1101010111011011
0010110100100001
0100000001010100
1000011001110010
0011111101010110
0011011001001101
1011111000011101
0110010100101110
0100100111101011
1100110000010100
0001001001101000
1010110010001010
0000111010011001
0111101110010111
1110000001000001
0100010000100001
0010111101010101
1000101111011010
0000001101100100
0100101101100101
0110100111001001
0001111111101110
1010011110010110
0100010111101001
0001110110000011
0000000000011101
1111001111110111
0101101010100001
0110011011001110
0011100110001101
1111111111010010
0001011111011011
1011011101111101
1000000010010100
1110011111101000
0000010111011111
1001001101001101
0110010010111000
1000111011111100
0111000001111011
1011000101010100
1101001101001000
1100000111100111
0110000100010100
0100111111101100
1000110101100110
0001001000110001
1011010101010110
1111100100000111
1000101101100000
0001111010010101
0011000101010011
1101011011000111
1101000110011000
0010000010100111
0110001001100101
0000010100110000
0000101101100110
0111001101111001
0010100010100111
0101010001001010
0010100101111000
1110101010111010
1011100101010001
1100001100010101
1010110110111001
0011000011010000
0000011000010100
0000001110000111
0100111100000111
1110100000010111
0110001010011111
1001101101110010
1100101000110111
1110000000011101
0010011101000111
0000111110100010
0101000000100101
0000100010000101
1111111011101100
1110110000011001
0010000001110010
0010011100100010
0100000000010000
1110001001001001
1000000101001110
0110101010011011
0010101001011000
1101100100111110
0001001011100010
1101000010100111
1110010111011000
0100000010010000
0111011100010111
1000100111001111
0011111010111011
0110011110010001
0101110011111001
1100010001010011
0001111000000100
0100100011010011
0110001111110000
1111101011101000
1000001010100001
0110110100000010
0011010100000110
0111100011011010
1001110111010000
0100001000100101
0100000011010111
1011101111110011
0110000001001100
0001101110100000
0001010111110100
0000010101101000
0111001101010001
0110100000100001
1010110011100101
0011101100010111
0001111011001001
1111011101011000
1111011110101010
1111110011101101
0110100110101001
1000011011001110
1111011010010110
0000111100101101
0001000010100001
0111001101011001
0101110110011010
1010011101111000
0000100100100110
0111010011000110
1011001101010111
1101001010110110
1110111101110010
1010001111110111
1001100110011101
1001000001110110
0001110111101101
0111010001111110
1011010111110110
1001011111010001
0000000010011111
0000101010110001
0011010111111100
0010001101010001
1010000111101011
0001001001001110
0001010111010100
0000001110100001
1011111111111110
0011101110000110
1010101001000000
1000011110110000
0001000010100110
0100000000011000
0110011110000000
1011100100100011
0111100111011000
0010111010011110
1010100010010111
1010000011010100
1001011001100110
1001100011000011
0001101011011111
1011011011011101
0110111010111011
1100001010001110
1000000110011011
1101101111101101
0001101101101100
1011000110110100
1010011000100101
1110100101011101
1101100011101000
1110111101001110
0010011010100000
1111001101000011
0001000000010000
1110000110001000
1001010011100011
1001001110010000
0010101001101010
0011101110010001
0111100100110100
1101111111100011
1101111001001101
0101110111011011
1010010100010010
1100101101001001
1001010001010011
0100011100110011
0100011000011110
0111111010111011
0011111011001101
1010101111101010
1111110010000010
0100101011100101
0000010110001000
1010100101011101
0110111111011100
0001110100000100
1011011110100100
0111011001111001
0100000000010101
0011110010000110
1001100010101110
0010010110011111
0001111111101010
1101011111110110
0110000110010011
0111110110011100
1101010101100111
1110110111001101
0000110110110010
1000001101010111
1100111100000100
1001010101000010
0101010110011011
0111110000111010
1101101111100010
0111001010001101
0110001010110101
1001010111110100
0100001010000001
0111100100000011
0010111110010101
1011100011011011
0011001011000001
0111110011000001
0110100011110111
0001010101111111
1010010011110011
1010001100000001
1100110100000001
0101100010111111
1000111011000011
0011001011101110
1111000001101110
0100100011001110
0010001100000010
0000001010010001
0100010011100011
0111000011010010
1001011011001100
1110011101001000
1100111101000110
1111111101001001
0001011011001011
0000101010101000
0111100010110101
0000101010000110
1100001000001100
0001101010100010
0000001000010011
1100101010001111
0010100110001101
0110000011110111
1011110010000110
0110000111110100
0100011110011010
0101100010101011
0001111011000100
1110001100110101
1101001001111111
1111010101111010
1100111100100001
1001011001001100
0100110110000111
0011101000010011
1111110101100111
1001000100010111
0111110010011000
0110011010101101
0001001100110110
1000000101100011
0011100010110010
0100111011101101
1000111010100001
0011011001011110
1011010110001011
1000111111101101
0101111110011011
0110011011000110
1100111100010110
0000101011101100
1011000000010000
1110011101000010
1000000010101101
