0011111100110100
0000010001011000
1110010101010001
1001001010101010
0000000011010111
1110101110010101
0110010000101100
0111010100010110
1000010011100001
1110100101011111
0111110110001100
1000001101010010
0001010011011110
0101000111001101
0011110110110100
0000111111000000
0100111011000000
0000011000011111
0111010111110001
1110100110111110
1001000110111011
1111101001001010
0000101100010000
1011101110110100
0001101010010110
0011010001000001
1010101001111001
0110110011011000
1001000001111110
0001100100110100
0100101001111001
1111010011111010
0110100001101010
0001100000001101
1000011111010001
1101001100111101
1100001010100010
0100011000010100
1001010110101111
1100101111111111
0001110001001001
0010000000001010
0101101101101001
1110110111100111
0011001010010111
0011110111110100
0100011001101001
0101111001001001
1011111010011100
1010111111000010
0111000110100101
1101100100010100
1000111101110100
1100100100101110
0000011000101000
1011101010000111
1100011101110010
1100000010001000
1101101110010001
1111100011000011
0010110100101101
1101000001101100
0011100100100011
0010001101100011
0001011000110100
0000001011110101
0110001100110101
0101111110110010
1101011000110100
0111010100000101
1100101001110010
0110010010010001
1001000111000001
1101111011111000
0110100110111111
0001011101001101
0101111110100101
1000001011101101
0000111111000100
0010101101000000
0010110111010111
1000000000111101
0010001111011011
0111110010101110
1100010000101011
1001111101001000
0001100000011000
1011111011100101
1001111011100110
1010110100000000
0100100110110100
1011111010100111
0000001101000111
0100001100000001
1100100011011010
1000001110101101
0111011111100111
1010100110010000
0110011001101110
0000010111111001
1011011000001010
0010110111110110
0110001001010001
0001001011101001
0011001100001011
1101101000111101
1010100101010110
1001101111100101
0101000100100010
1001100000011011
1100110111111111
1001000001001010
1011011110101011
1010111111100111
0010101000000001
0001001100101110
0000010111110100
0110010110110001
0100110001001111
0111000110001100
1010111010010101
0111011111010111
1100110100001010
0101000111100111
0110001011110001
0101100111101001
0001110100001101
1001001001010010
1001110110011101
0000000111110000
1100001110100101
0111010010111110
1011001010111110
0101110110111000
1011010010101100
0001100100001011
0010000010001000
1111011101000100
1011110101011111
0100111001100011
0011010111100011
0010001110101101
0110010000100010
1101100100110111
0011010010111111
1001011001100010
0111010100000001
0111001111001111
1101010111110110
0110010100011010
0010100000110100
0010010000010011
0101101010010101
0110010001001111
0111101111101111
1101011100000000
0001001100110000
0111101100110010
0110001000110000
1001100100111001
1001101110110111
0000000111000001
1110100100110000
1001101000000110
1011000101101110
1010011010001001
0100101000010000
0001000011000010
0000100011011100
0111100101111100
1010001100011010
1000000111010111
1110011111111100
1101100001111110
0110010010001001
1000101101100000
0111111000101111
0001000100110010
0101110011010000
0110110000110000
1110110111111111
1000100101110101
0101110100100111
0111100101001111
0011001101011000
0100101111100110
0000000111101100
1011111101101001
0000011011010001
0110010010100011
1010010111100011
1101000110101001
1000101000011111
0011100111101100
0000000010101001
1111110000000000
0100010000101111
1000110001000110
1100100100001101
1111110011000010
0100000010101100
1111001001010111
1101111111011011
0110100001100011
0010011101001001
0011101011111000
0001011000001100
0100111100000101
1000001100101010
0110111001011010
0010001100100100
0011111110010110
1000111101010111
0000001000111011
1000101001000011
1011100110001010
0001110110001000
1100100100111111
0110010101111101
0000001101001100
0110100001111111
1011101101001111
0110000010001111
0010010000000110
1001001010111000
1110011100111100
0111110110001010
0011111000001100
1001010100000111
1110011101111000
1110100101100111
1001111101000011
0100101110010110
1010011101111110
1011010101011010
1111000010110111
0011000000100010
1101100011010101
0111111110101000
1100111001100010
0111111001001111
0000011100111001
1000110110011100
1111011001001011
0010000001100000
1000001000000000
1011111100100001
0010111001011011
1100101000111011
1101011010111010
0111000000101010
0000100001000000
1000110011101110
0010001011110100
0010100111011000
1111101101111111
0111011001110011
1100001001001111
1110010101000011
1011011111101101
0010111011011101
0101101110011011
1010010001111001
1011011000111011
1100100100000101
1111110001011100
0000110000100111
0111110111100111
1001101011000100
1010111111100110
0110001110010110
0011110110101101
0001110100001100
1100100100010110
1011001110010101
0000110000100101
1000101001001111
0110110101100111
0111101001000100
0101111110010111
0000001100011100
1000000011100110
1111010000100010
1011001011111110
1100011010111101
1101011011101100
0111100010001000
0010110000111110
1111000110011101
1011111110100111
1111110100100010
1100010000111110
1100100100001000
1100001010100101
1000111011100000
1011110010010000
1110010110010100
1011011001000100
0000101100110101
0000000101101101
0011000110001001
0000101111011011
0011101110000101
0001100010111011
1011011001000010
1010111010101100
0111111110100010
0011101101000000
1010001111100001
0101000101100110
0001010000000101
1111111010101010
0110011100111110
0101000011001110
1111011001000000
1001101011000001
0111000101001000
0101000011001101
1100110011101100
1100111000001111
0110010001010101
1011000101100011
1010101111010101
1000001101000010
0100100111100100
1101010001011010
0101010100010101
1010011011100000
1101111000110011
0100001111111100
1010000010000010
1100010111011110
1011001001000000
0100100001001000
1110101111101011
1011111110111010
0111011011100100
1111010100011100
1101101101100100
0000001001100101
0010011100010101
0101010011110100
1010000110101000
1010101010011111
1010000010010100
1000100000110001
0110011010000110
1110000101001110
0001010011100111
1110011100011011
0010001001000000
1110001101101000
0100010010011000
1101010111111101
0010101000110011
1000001001011101
1010110001101101
0011100100101001
0111000100110000
0011111111001011
0100100100111101
0000111110100001
1110010000001100
1110110010100010
0010010011111001
0010111100011110
1001001111001011
0000001111000001
0101001000101000
0100100100110111
1010101011001000
0000101010000111
0111010011011001
1110010100010110
0010100100101110
0101010110111101
0000101001000011
1111011111001000
0110111101001110
0101001011011111
0000111101100000
1010010111011001
0110000111010010
0101111000101110
1011110011110001
0110001001011111
0111110100000000
1010010111111101
0101011011111111
0111110011101110
1101011010101101
0110000101001110
1100100100100111
1000011010001000
1001000010010000
1010100110001101
1000100011010101
1001111111010000
0011111010110111
0010111110000010
1101001010010100
0001001101101111
0111100001010100
0110100100000010
1010001011000011
0110101110111100
0001010101111010
0011001011100001
1101110110000010
0000001100101110
1011000110100011
1101000010101101
0011101110101000
0110101111010011
1111010101101110
1110011010011110
0101110110001011
0111001100101110
0011111101001011
0100100100010000
0010001000010011
0111101101100010
1001110011011100
1011110000101111
1001100010110010
0100000101001010
0010100101100111
1110111111110010
0100111111100111
1111001010010111
0111011100010100
1010010101100101
1110100000000010
0110111011011110
1010101000000110
0110000011000001
1101100101000111
1111001010101100
0100111110100100
0010011000001000
0001111011001101
0110000001000000
1100011011011101
0011110001101001
0111010111110000
1001000110000010
0110101101001111
0001100100001100
1100110011000110
1011110111000000
1110000101111001
0101110111000010
0110100010010100
1011010001001101
1111001001000000
0100110001011001
1110011010001001
0010011011100111
0110011000101110
0101110011100000
1111110001110101
0110100000011001
0111000000010100
0000001001111101
0010001100000110
0011011001000000
0010000010101111
1100111101101111
0000011100101100
1000101110000011
0101000101100011
1111001000001010
1010011111100001
1101111011010011
1100101100010111
0111011110100010
0010010110100010
1111000000111011
1000100110010001
1100110001110000
1010000101001110
1000101111100000
0000110000111101
0111001001011100
1111000101000011
1001000000000001
1100111101000101
1100001010011101
1010101000000111
0111010001101111
1010001111001011
0010111001111100
0010000000010111
1000101110110111
0101011000010011
1111010010010101
0101110010110110
0010100101011101
1110100111010001
1110101001001110
0010011010001001
1100111100010000
1110010110100110
1100111100000011
1101000101110001
0111000010111110
0101000011110111
0111100000010111
1100001100001000
0011010011101111
1001110111001011
