1110010010100101
0100111000110000
0010011100011000
0111010001000111
1111111111001011
1111010010000111
0010010101011010
1101011101110100
0000001010100010
0001011000110000
0110001110001001
1000100001000101
1110101000111010
1111100100010000
0001110101001001
1110101001011000
1110011110100100
1110101110011000
0101101011010001
0101111000001100
0110110101011011
1111111000010100
0010001010110110
0011101110110100
0110010111010100
0111001011010000
0110110100000010
0000101110111000
1100101001100011
0101101101011111
0100000010101100
0000100111001011
0101101000110110
0010000011001000
1001101011001101
0110101101100011
1010010000111010
1111001000110010
1011101001111010
1101101011000001
0000001101001101
0001010000000100
1100110100010110
1111100000011110
0001100011101010
0100011100010100
1000100011001110
1010110001000101
1000111100001101
0100011011001100
1110001101001100
1110111010101010
1110011001111000
0111110001100100
0011010000111000
0101011110100111
0110000111000000
0001101010000010
0110111111101101
1011001000010100
1000100011100000
0101010101110110
0111001000101111
0110001101101110
0101001011110110
1010101010001100
0101111101100111
0001111111000110
0000000101000011
1000010011000101
0101110100101110
1100011110111100
0001010000001000
0001110101111111
0110101011011001
0001001001111110
1001011010001110
1100111111010101
1010001101000111
0111100110001011
1111010001011001
1100100110111011
0100011010101001
1110000000100001
1000111101110001
0101111011110001
1010100100111110
1111000010000001
0000011000001111
1001010110110010
0001110100001110
1101001010001100
1010111011010100
1110011000110010
0110010110010001
1111011010011011
1011010110011011
1111010111100000
1000100001000000
0011010110011111
0111111110011000
0100000000110001
1101100100101011
1111000110001000
0110011001011110
1100011110000011
0101111111110101
1010100110101110
1011001111100000
0110100001110000
1100011011010100
1001001110110010
0101110101010101
1111001011000111
0000001001110110
1111001101111010
0010101100100011
1110010000111111
1110011110101010
0101000001011011
0000000101101000
1001101100000011
1100101101100100
1111011001111101
0101011010100110
1011110000100000
0000000011011010
1110101110001111
0100111011001001
1011000101100000
0101101100010111
1101110010010100
1001110101001001
0010110010000111
1010001100001110
1110101110011001
1110111000010101
1011000010110000
0110001001100000
1110011110111001
0100110001110011
1101100000100110
1011111111011011
1011000100000010
0001000010101100
0111101101110001
0110110010101100
1100111010101010
1111100000000011
0010100100010110
1101111110001110
0011100111011001
0101001111101100
0111100110100101
1111000010110000
0111100101101110
1011101000001010
0010101001101101
0100111000111111
0110010111100010
1010010110011110
1111001100100110
1001111011000000
0110011010010000
0010001001011011
1101111101100010
0110111001111101
0011000100010011
0110000011011110
1110101101111011
0000110000011000
1001001110010110
0001011000010111
0110101111011110
0000101010101111
0000101010101111
0111101111110110
0101011010010100
1111001010100001
1000011101100001
0110001000001010
1010100101011101
1010010010010000
1101100010101000
1010000110000010
0100011111101100
1010011111111100
1101011011111111
1001011010110100
0000011111100100
1101101010110010
0101010011010011
1100111001100011
1111111000111000
1110100000000000
0111010001000101
0001111101110000
1010110011100110
1011000001100101
1110011100101000
0001000000010010
1100001011110001
0110100011000110
1010001010000010
0110100101100111
0110000001010101
1100111001000110
1011111100101111
0100010010011100
0001000011011010
0101011000100100
1101010010011111
0001111011101001
0000010101011011
1000110001001000
1101100101100110
0011100111111100
1011010011001110
1010000100100101
0000110111010000
0000010110001110
1101000000001001
1000101100001111
0011101001100110
0111000110011010
0111000011110010
1001100001111001
0111111110101001
0111111110111110
0101101100100100
1100101100101101
0011111101101111
1000011010001001
0111000000101101
0100100000100101
0101001000110110
1000011001010000
1101111011110010
0110011100111001
0011101100101001
0110110001000101
0100011110000000
1100001000010100
1000111101101100
1011111110111001
0001111000000010
1001110000001100
0101110110011100
0001110011110010
0011101000111011
0101010011111000
0011111011111000
1111010111000000
0011111101111101
1011001001101011
1001010000101101
0101110101010110
1000111101111011
0101111110101010
1111101101111010
0000011101001110
1100000111000110
1111111101010100
0100001101011110
0101101011001010
0100111010101101
0011011010010110
1100111110001100
0011100001110000
0100010101011001
1000100110001101
1110010010000000
0001000110000110
1111011000000010
1111001111100110
1101000110010100
0111101111110010
1010100010000111
0001011001011110
0111001101010010
0001111010010001
0001100111110110
0101101101010110
0010110001000101
0101101110101010
0001100100010010
0011000000100011
1010111010111101
1000000011111101
1100100101110110
1110011011011100
1011110001100111
1101000001010010
1100101011010001
0101100001000011
1100011100110011
1110111000001011
0011000000110000
1111101100011010
1110101110000101
1001000010001011
0100100010000101
0111001100111000
0111110000100011
0010100001000100
0111100001100000
1111000001010110
1001000011000110
1011110110001011
0011100100101100
0010010101111010
1011111101000010
1010011001110101
0010001100111001
0001101001111001
1100111101001101
0100010101101111
0011110101010001
0001000010100000
0000010110010100
0101110010111001
0000101010011000
0111101001010110
1011000000110010
0110101001110110
0010010100110011
0011011000101001
0011011101010111
1111010100101101
1111010110011010
1011100110100101
0111111000111100
0110111111101101
1100100010010100
1111100101011010
1100001100101100
1000111110111000
0101011101101100
0110111110110010
1110111010011010
1101010110111101
1110100011010101
1001000000010100
0110001000000000
1101001010001101
1111101101100001
0101011111011111
1110011000010011
1001110001100101
1001011100101010
0011001100010001
0101100010000010
1000001011101111
1111011011001011
1011011000000010
0111001001110100
0000111101110110
0010010001110011
1010011000101101
0101101011111100
0111100111001000
0111110011011001
1110110011010110
1110100011001110
1001000011001110
0101000110010001
1011111111100000
1101101101001001
1111011010001011
1011010010010111
0101100101100100
1011010001011100
1110101010111011
0001000001110001
1010111100101110
0110010101101011
1100111000110100
0101101100001001
0001101010001001
0001111111001110
0100100001101100
0001000000110001
1001001110010110
0000101001001110
1011001010010100
0110010010110111
0010001000000111
0100000110001001
1000110000101100
1101001110001011
1011010010111000
1011101111101010
0011001110101011
0000101010010110
0111010001011111
1101011110110001
1010101010000111
0110011000110000
0100001101001101
0011100111000011
1111010010111010
1110001001011111
0001001101000001
0101010111010101
0101110011100000
1011101100010000
0101101100100000
0101001100010111
0111011000101110
1001011100011000
1000001011001011
1000101010100111
0101000111010111
1110011000000010
1111001011111011
1111110001111010
1110000001110010
1111000000110110
1111000001110010
1010100110011101
0101011001011001
0000010110101100
1010001001110001
0100010101001100
0010101010100000
0110011001111000
1011101100110110
1100011011010000
0110101100010010
1010110000000001
1110010000111010
0101110110101011
0000110010001010
1110011000110001
1110011000111010
1101101000010000
1001100011101110
0010010111000100
1011111110110010
0000100101010101
1000110111111011
1001010110110011
1101000011010010
1000111000111100
1011110001101111
1001101000101010
0101000110111110
0011011000110010
0011000110101010
1011001010101101
0110010000110001
1011110001110101
0111000000101000
1001111010000110
0010000010101011
1100001011100000
0001101010011001
1001000111100000
1110010100010110
0110101111100110
1001001111111010
1011110100010101
1000100101100101
0111100100001111
0101101000000001
0000101001101100
1000001010001101
1101001000110110
0101011011000011
0010111001111110
0111001000001111
0010000000111010
1001100110010001
1001100110010111
0110010011111111
1101000011000101
0001111111100000
1101111000011111
1010100101110101
0011001100100001
0000011100111000
0010011011001111
0111111010011111
1001001011100110
1101100000001100
1100100010011000
0001011011000100
1110110011110010
1100000100001000
0111111010010000
1110111001110010
1111001001110111
1110010001110100
0001010001001011
0111001000010100
1100101000000000
1101101100111001
0100111001100111
1101011110101001
0101111110110001
0101011111001101
1101000100010101
1010001010100010
1001110100100001
1100110110010001
0010100001011001
1010100111111000
0011111111011001
1001001000100100
0101110000110000
1101001010000110
