1101101001001100
1000101100011111
0101010011000101
1000000100100101
1011101000101110
0111010001010000
1010000001110000
1011000101000010
1010101011110011
1010100100111010
0000000101110011
1111011010111100
0011110000010001
1100101010100100
0001011110010000
1011110101011111
0100000111010001
0010110011000011
1010001100010000
0111001010101110
0000100010000110
0100110110101101
1111011101110110
0110101011100000
0000100100001001
1101100100110111
1110011000000011
1100100100101010
0110111110100010
1001011010110100
1110101111011000
1101011110101110
0100111110011010
0100000000101011
1100111101100001
0111001110110011
1011010100110001
0000011010000100
1110011101000100
0011111110010010
0010010101011001
0000101011000101
1000101100111000
0111011011101110
1101110011010000
0010011011100101
0000101011001110
1010110011001000
0111111001100101
1000100100010011
0110000010011101
1111011100111000
0001000001000000
1110100000100111
1001100111110110
1111010101111100
0101011010100110
0110101011010111
0000110000111000
0101010000000100
1011100100000101
0010010011010000
0101101111000010
0010100100110110
1000110100110111
1110100101110001
1001111101110001
0010001001101011
0000010001110111
0010111110000001
1000100001101101
1100000001101111
1001011000011011
1000000011100100
0011011111011000
1110000001011111
1001010010010100
1001001010110100
0110101101110101
0000111110011100
1010010011110000
0010001110001010
0000001000001000
0000011000100101
0000010010000001
0101110101110010
0111111010010001
0111100001000100
0010000000011111
0011101001001101
0101000010111011
0111000000001111
0111110000010111
1010010010000111
1000000000010100
1101001010011101
0101001010110010
1110111011100101
1010011001100011
0010010011101000
1001110110010010
0111001110110010
0110110000001111
1110110010110111
1100001100001011
1101111110110011
0101101111010000
0011000001100110
0100001011000011
1010100001100001
0011100000000000
1110001011101011
1010001110000100
0001010101110110
0101101000111000
1110101010101011
1001000001011000
1010011110011110
0110101010100101
0111111010001010
0101111011101111
0110001001111010
0110101011010000
0110001111101001
0110001100100111
0011011001010110
1001001101101100
0000100010001000
0101111010010101
0011101001010100
1100011010011111
0100001100101100
0001001110101001
0000111001000110
0010011011110110
0011110110001001
0110000001110110
0010010100100000
1011111010001110
1011101000100000
0001111100111100
0010010010001010
0111010010101001
1101110000110000
1111111001001101
1000001010000111
0001001111110011
0000011000100111
0000101110110000
0001010100010000
1011101110001101
1101010001100110
1001100000000111
0101011101000010
1100110111000010
0100001000011011
0100111000110001
0010111111010001
0000100000101011
1101110100101010
0011100000001001
0100111000001011
0100100100100100
1111111001000001
1010100110111011
1000000111111001
1101011011000001
0001001110100101
0000000111001000
0110101101000101
0000100110101011
1111110111010110
1000101110111010
1100011110010000
0000011000100011
0000010101110001
1000000011100001
0111010101010010
0100011001100111
1111111111000110
0010111001001011
1000001001011011
0100000011100110
0101110000010000
1111100000100001
1110110110111010
1111101000110110
1000011010001010
1011001000001010
1010010011011110
1110011101011000
0100111000010000
1100001010110001
0101001100001000
1000001100000100
1001011001010100
1010010010001100
1101000000101010
0000010010001010
0111000010111101
1010110011001110
1100111100010100
0101100000000101
0101010011110111
0111000100000111
0010100011011010
0110001011111001
1100100001111110
1010010100011101
0110110110011011
0101111001110101
0011010100001101
1100010100001110
1110100001010111
1101000001100011
1101101011110101
0010011101111011
0100000010111110
1111001110011001
0100010101011100
0001100000010101
0001100000111101
1100100101111000
1100111110011010
1100010101111010
0011011010010011
1100101100101001
1101100110010000
1100100000000011
0011101101011010
0001110101111110
1011100110100010
0111000111101010
1101111110001001
0110100100001001
1110000001001001
1000010011100100
1111110001010110
1000101011100010
1111111100110011
1011010000100010
0010001010110010
1101111101101100
1100111100000111
0111101101100000
1110101101010101
0000101011001010
1100110011010100
1110001011111101
0011001100001011
0110110100110011
0011111011010010
0000001000001111
1011010111010010
1010001011001000
1011100010100100
1011011000100011
1011111100010101
1001001110100010
0001100001011101
0101010101011010
1011111100011101
0110101101101110
0010110011010000
1111100010010010
0111011001100001
1110101011101100
0001101101101101
0101010111111100
0111100111110011
1111110110001110
0000000101100001
1101001001000010
0100001000100100
0110011010101101
1000010000111001
1111000110001110
0110001001101111
1000010100000110
1010100110110111
0110110010011000
0110100101000001
0110010000100101
0011001010110101
0101111111001001
0100000111001011
1000111011001101
1110000100000111
0111101011001000
1000101000101010
0110101010101011
0110101000101111
1110101001110011
1010000001101110
0011011110101111
1000110100000101
0101110100000101
0101010100000011
1111101101001111
0100111101000100
0010000101101100
1010000111011111
1101101000010011
0101110000011001
0110110110101000
0110000101110000
1101111111010101
0111100010011101
0001010001101000
0011011010111111
1100011000100101
0001011101100100
0110001100011111
1000000111001100
1100011011111111
1110010100100101
0111111010010101
1101111000000101
1001001110001001
1110011000010111
0011101110010110
0010000000100110
1000111001111110
1001001010000010
0011100011110110
0110000100011000
0100101011111101
0111100000101110
1001010111010110
0010110110100100
1010101111111101
1111000010111100
0000010110100110
0100111011000100
1000011000101100
0000000001111010
0111100010110111
1011111011110101
1011110011010010
0110101100100111
1001000110000001
1010100100000001
1000001001100101
1111010111000011
0011001011000110
1110111111000100
0000000011000000
1000010010110010
1100110010010101
1100000000010001
1100111001100101
0000110011110101
1010110001100011
1110110111101001
1110001100000011
1110100010101101
1111100010010111
1000110110111001
0101100110110001
1010110000011011
1010110111000100
0011011011000010
0011111011111100
1101101110010001
0001000010111000
1011010001011111
1110011010010100
0010110111011111
0111111010000111
1010000010110100
1000011101110001
0010000001000001
1110010010101010
1101100010001100
0100010111111010
1100000100011101
0111111101011001
1100111011110101
1010000010100110
1000001011001011
0101010101011101
1101001111000101
1001100100100001
1010011011100000
1000110011011111
1011001101001101
1110110100011010
0010010101100111
0101000100100100
0010101100101110
1011010010011100
0001100000001011
1101010101111100
1101000010011010
0100001110000011
0101110011011101
0010111100100101
1101000100000010
0100011101101111
0011010000111000
1010000001110011
1011100111011010
1101010100011000
0011111111010110
0101111111001101
1100110101100000
1011010011011001
1000011110111011
1001100100011110
0011101110010110
1011000100011101
0110011010100110
0011101101000011
0011001001110110
1111100010010011
1111001001110010
1010110011011000
1001100100110111
1110011110000011
0100011110111010
0111010011100101
1111011010101110
0000011111110100
1100110110011100
1000111010111001
1010011100010011
1100000100111011
1001100101010011
0001001101110011
0010100111011111
0110100000000001
1010000010011100
1110110000001011
1011101000101101
0010100000110011
0001111111000010
0111001101000010
0101101011100101
1000100110110000
1110111110000101
1110001001000100
0101111000011010
1010111000101010
1001111110110101
1101000111010011
0101001101011001
0110001010011000
1011011000001001
0101010010000010
0000100100101111
1010001110100011
1011111111101001
0000010101011011
0101001000010101
0000100101100111
1110001001111100
0110111011101001
0010111010010110
1101101000110000
1000110101010110
1110110101011001
1010101111010010
1001110100001010
1110111001011101
1010001101011011
1111111110001111
1100001100001001
1010100100000001
0010010011000100
0110100111110000
1110001011111111
0100010000011111
0111010101111110
1111011111111100
0110011010011011
1111101110100101
1100011110000110
0010010111101101
1000010110110010
1001000000110001
0011100000100000
0111001100000000
0110111010101011
1000100010000010
0001010111000010
1100011000110111
1011100000010011
1111011110000000
1101000100000010
0100111011100110
1000111001000001
0110001111111010
0011010010010001
0010000010100010
0110000101100101
1111111010011100
1110101100010010
0101011111001010
1011111001110110
0111110101000010
0000011010001110
0111000101100101
0010010001011001
0010010111101100
0111110001001111
1001011010100001
0000001011000001
0100110001010100
0101000110111000
1110001111001100
0111110001001100
