1010000111101110
0101110001001011
1001100011000111
1010100110101101
0101011111010000
1111110011010101
1111011001011111
0110000100010000
1100101010011101
0111100101000011
0100110010100000
1000110111001111
0111101101111110
0110111101010010
0010111011011010
1111001001110100
1001001010001111
1000000101001110
1111101001101100
0000110101111011
1111001010010101
1001011011001010
0101111000010010
0001111000100110
1100001110001110
1100010101011000
0000010000101100
0101000111000100
1110100000000101
0010011010111110
0001000100000110
0101011101011111
0010111000101111
0100110011100100
0100000001101111
1011011100001111
0110010111110101
0011110000011001
0111000001111011
1010100011000001
1111010101111011
1100100111001011
1010111011111111
0101000010010011
0011010101010101
1111000001110101
1100101010100001
1110001000001011
1001001110000000
1010110111100101
1101001011000010
0101010000000011
1011100101110100
1001000101001101
1111111111101000
0101010010110001
1000100010111000
0110010101101110
1101011000110011
1111101000110100
1001011000100111
0001111010101000
0111100001010010
1111000100001010
0010001111010110
0111001000110101
0101000000010111
0010011011000100
0011010111001010
0010110110110110
0111100100011111
0000100111101111
0111001101011011
0110110010001101
0010110000000100
0001101101111000
1111110000001101
1000110011100011
1110101101010101
1000000000001100
0011100101001000
1111110110010111
1101000111010110
1110110111100101
0000011010010111
0100110101000000
0001010001100011
1100010010011000
1001101010110100
1001010000101100
0010001110110011
0011000111001011
0100010000000101
0000110000011100
1100010000110111
1010100011101010
0010100011110100
1010110100000101
1011001010010001
0101010000011110
1100011011011111
1001011111010111
0111101110010010
1100100010010011
0111001010111010
1010001011011001
1011011100011110
0010111111110111
0000011000011010
0001011101101100
1110001110111011
0101100110001110
1001001011011001
0000010010111010
0100011101111100
1000011111010000
1001010011000110
0000100001000100
0000011110000110
0000011000101111
1101001100011110
0001111011000111
1010100101100111
0110101100100111
1010100010110000
1100011100101110
1100101100101111
1011101000001110
1010000100001101
1011111001111110
0100001100101000
1111110100000101
0001011101101111
1010011101010100
1010101011100101
0100001111000110
0011001001001110
1001101110001010
1001001000001101
0111101110100110
0110001111011001
1010011001110101
0101110011001011
0010110011000011
1110101111001111
1000000000010110
0101110100110011
0010101100001101
0101100001110100
0110110100101001
0110010110011010
0011101000111100
1100011010000111
0010110110010000
1011100111010110
1100000000011101
0100110110011110
1010111110000010
0011011011001011
0110111011001000
1110010011111110
1000101000100110
1111110000100010
1010101000000111
0111101100110011
0110111010001001
1111011101100010
0010000000000111
1110101011101110
1111101010100100
1111011110100011
0111011001000010
1110101011100101
0011100011100011
1000111100100100
1110100011111100
0001100010100010
0010100101011011
1000101000101110
0011101111011101
1100111010101101
1111011110101011
1011000001110001
0100100010101001
0010001011011100
1110110101001001
1101011001001101
0011100100011000
1010110001011000
1111100101100001
0110010011011011
1001010100010111
0011110101100110
1111001011001010
0101011110001100
1100000001011000
1101100111001001
1010111000110010
0011111000100000
1011101101101101
1101100001100111
1111100011111001
0111110110111101
0100001010001001
0111011010011000
0111010010111111
0001001001110010
0001101010010101
0101011011001101
1101000011010001
0101111011011010
1110111011110000
0101001000000000
0010100111011010
1000100011001101
1101011110111110
1011110000110110
1110001011001011
1110111101100000
1110110111001110
0111010010111001
1101100011000010
0101101110010111
1100101100100000
0011101100110011
1010011001111111
1111011011001111
1111101011001010
0101111011010000
1001101011101010
1100000111001101
1111011010101010
0000000111100101
0111110110001011
1100010100110111
0110011101111110
0010110100010001
1110001001001010
1101101110000101
1101011001101101
1010111100011101
1100100011010110
0010000111101010
1101001010000100
0000111101111010
1100010001000100
0011011110010101
0011001010010001
1011101011000000
1011100011101110
1011111010010110
0111101000110101
0100011001010000
0111011011101111
0110111100100000
1110011111100111
0001000110001100
0001010111010111
0011100010011001
0110011110101100
0001011000001001
0101010101100000
0010010010001110
0000110000111101
1111010011111111
0110111110100110
1000011000100111
0110110001111101
0101101100111111
0001110010101001
0011010010111001
0101000011000010
1011000101010011
1111010110111000
0110101110011101
1001011111100000
1110000101110111
0100110111111100
0001000000011110
1110110000101001
0110111010100101
0001100011111000
1010000011001011
0011000101100001
0011001101011010
0101010110011001
0110110100101101
1010100001010100
1000110010100110
0000101101111101
1011010010001101
0011010110101110
0001101111100001
1000101011110101
0010100010011101
1001001011101101
0010111000111011
1001011010101101
0001100111111000
0000011110100101
1111010100001111
0010111111000100
1010010000000110
1101111000001100
1101110100101110
0100011101001101
0011000111100000
0000100001000001
0110100110110110
0111100010110001
1111110001011001
0001011000111100
1000111100100010
1111111100101101
1000100111010011
0001010111011110
0010010110100001
0110101101001101
1100010001011000
0010000111100100
1011100000010011
1111011100000110
0001111100110100
1101100111110010
1001011010101101
1101010000001000
0100101111110010
1000001101101111
0100101000101000
1111110001100010
1011110010100001
1011001101100110
0111001101011000
0100101001110001
0011010001000100
1000101110010010
0011000100001111
0100010000101001
0111000001011010
1100111110001010
1110101100111100
1001111100000010
1010100011001010
0101100111110111
0000000001111110
1011001010100000
1011011111100010
1100110010111001
0100001100101000
1011000000110011
0000010110011101
0111001001100100
1101000000010001
0110101000100010
1011110000101011
1011000010110101
0000111000011000
0110110101000011
0000010100101001
1001111110001001
1000101010100111
0111101001000111
1001111111010111
0110001011001000
1000000110101010
0001101110011111
1000000010011110
1000101001101001
0001010110001100
1000101101111110
1100010001110100
1110111101011011
0101000110001011
0111011000010101
0110100010000011
1100001011000101
1001100111011111
1011110101000100
1011011000001011
1101110100111100
1111111110000011
0101010111110110
0011101110110000
1101100100011001
1010110010111100
1111101110111111
0101111111000001
1001101110011001
0000100110110011
0010110100011100
1110101111100010
0100010001100000
1011011011111001
1100101000100111
1101101101111011
0000111111011101
1111101110011110
1101110001000000
1001001010111110
1110100110100001
0011010110000010
0101001110101001
0001010111110011
1110010110000100
0011100001101100
0011011010110100
0100101111001011
1001010010011110
0010000010000111
1110000010011010
1111011110100100
0111011100101110
1101000000100110
0010100101011001
1001011110000100
0110110111100111
1100011100111010
0101110010101100
1010110101110110
1110010000101100
1011000100110000
1011110010011010
1001100011010111
1101110111000000
0011011011000010
0101111100101011
0101000111111110
1100010010110101
1100100100010010
0110100100110011
0110101001110111
0110110011100001
0100100010110011
0111010101010011
1110011010011001
0011101011011001
1110100100000011
1100011110010110
1101111110101111
0110011001000110
0101101000001011
1101101101111110
0001100000000110
0110001001000100
0110001010010000
0100100011111000
0111111000100001
0110010110000110
0100011110111111
0101110000111011
0101011000111111
0111000111110000
0111000011001010
1010000001110101
0110011110011000
1100101000111000
1101101101100101
0001111110111100
1111111001001100
1000101001010001
0011011101100010
0111000110110001
0111000110010010
0110101001100101
1000110001101011
1011011001000001
0110011001011001
0111010000100111
1101101110110011
1010101001100111
0101011001001111
1011101100110111
1001001001111110
0011000111010101
1001010111010010
0001001001000110
1111100011011110
0001110111100100
1001100110100111
1111001001010111
0000010110101110
1110000101110001
0000010100001111
1111010010011011
0111001100111110
1000101111110001
1110000111010111
0001011000111110
1001111001000010
0100001111010101
1001011110100110
0110011110000110
0000110100110100
0111111010101000
1101110111010111
1000011001110101
0101111111011110
0101010111010000
0100010111010100
1111000001110001
0101100000000110
0111011110001101
0100100001011010
1101001001110010
1101110111111101
1110100100010010
1011010101010010
1110100101100100
0100011011000000
1101101011001001
0001111111000110
