0011110011111111
1010100000010000
1001000111111100
0100111011111111
1001001000000101
0010111000001000
0001010000111101
1110110001000101
1110010010001010
1011010101101011
0010000110100111
1001010000011011
1011101111111010
0111011001100011
0101001011001110
1111101110100111
1000001100001000
1110011110001001
0100011011011010
0010101111100000
1001000110111001
0110000011000100
1111010101100101
0001011011010100
1100101011110100
0110100100110010
1110011100111000
0010010111110110
1011100110000000
1100011111111110
0011111010001000
1010011011001100
1001010101011110
1110001101100101
1001100011101100
1001011000111010
0111110111101110
1101000100001000
0110111111011010
0111001111101101
0000001011111101
0011110011100111
1100010100111000
1000001101011010
1100010100000111
1101010100010000
0111011001011111
0100101011000110
0001101111101100
0001110100100101
1010000100011101
0001100110110011
0011100111101100
0011000111000000
0111101100111011
1110001110110110
0010111001101010
1010001010111011
0000001101010100
0000010101000100
0100100010011100
1110100101101110
1110101011100010
1011111000010100
0111000110100111
0100010011110111
0010110010000110
0010100110101010
0010010111000001
1100010110100010
0100000101100000
0001010111010000
1110100000010010
0011000010010100
1010101011100100
1100101011111101
0100010111101111
1111110000111111
0001100011010111
1101011111000001
0100001001111111
0001001110000110
1011011000111011
1100001100101010
0110001111111100
1111110100011100
0100111011110011
0011111111001110
0010010011101011
0010001000101011
1111000000010110
1010001110101001
1101110110011110
0101101101001001
1001000010101001
1111011101110001
1010101001111011
0110110100000110
1110001100101010
1000111110110000
1010100011100001
0111110001001101
1011100100011000
1010110011111111
0100100111010001
1110111101010001
1011101000100000
0001010101111011
0101111010101101
0101001100001010
1111111100011001
0100011001010111
1001011010100011
1101111101010101
1011011110100110
1011001101011000
0101010100001010
1101111101101000
1101101000010100
1001011011011000
1000111001001000
1001101100101111
0100100010000101
1111001110000000
0111111101011101
0011100000110000
0011110000001001
1000101101111100
0110111001011111
1110000100011101
1000111101111000
1111111001000111
0101010011011101
0001110110111111
0001011100010101
0111011011001111
0100010010010100
1011001100110111
0110110110101000
1101001001110111
1000100110111011
0000000001111001
0011011011110010
0111011000110000
0101101011100100
1011001001111000
0000010010010101
1001001111101101
0100101101011101
0011101011000010
1001100101010001
0011001010111000
1110111101110010
0101001011011000
1111100011101010
0011000011010001
0110100111110000
0001110101001000
0110100011110111
0000111011100011
1011101011111110
1000100000001010
1001101011110111
1000011001101011
1000111110101001
1001000010000011
1001100101001110
0110011110000111
1011100110011011
0100111101001011
0001101101110110
1111101011111100
1010100010000011
0001100010001100
1111001000010011
0000001100111110
1011100010001111
0111011011001001
1001110100101010
1101001010001000
0001001011101011
1101110101011000
0010000110110111
1101000011011010
1010010011101011
0100010100011010
0011010110111010
0101001011001110
0111000000101101
0011001011101010
0100010000111100
1000011001000011
1011101011100010
1010110100110100
1111000101011100
0101110100101001
0100010110011100
0001100000111111
0111110011101001
1111000110110101
0101011001010000
0100110111001010
0101101000101011
1100000111000100
1010111111111001
1111101101001011
0011010000001110
1010001010110001
1110110101001101
1111011001110011
0010001100111100
0011001100110101
0100111111100101
1010000011010000
0000001000000011
0100001011001001
1111011101101000
0001000011001011
0011001101110000
1011111001011111
0101100111010110
0100101111100101
0000011100111111
1010110001011100
1000011010110111
1001100000010101
1101001011111100
0001010010111001
1100000100100011
0000100011011110
0001001111101001
1000111101111101
0000011000011100
1101001100111001
0010111010110001
1111110011011111
0001001011101101
0010111001001000
0011011010110010
0111110011101111
1111110111101101
1101111100101100
1110101101110110
1001101111111111
1100110100100111
0001110011111110
0001001000110001
0011000010101011
1001100111101010
0000010000010011
0110000010011011
0111100111001100
0101101101011111
0001001010101010
1001110011010001
0000111000000101
0011011110111011
1110101110101101
1110011001100100
0000001101000010
1101000101101110
1110111011111100
0000000100111001
0011000000101011
1001001011100100
0100011111001000
0011000001001110
0111101001001011
1011000110001010
0100100011101011
0110101001110011
1010110110010111
1000010011110110
1111110000101100
0100110001111100
1101000000100101
1011111000000100
1000111111111100
0010111010110001
0011001100001010
1010101101010111
0101111100101101
1001101110000001
0010010010000000
1100010010001010
0001000010001001
0010111110011100
0101011110110010
1101011111101000
1010010011011101
0000111000011100
0111011001111101
1000111100001110
0100000110000001
0010110010110101
0001000000110100
1111100000111001
1100000100100110
1110000101000000
0101010011001110
1010001001111111
0011011110000100
1010100000101000
0010001101001001
0110001000000010
0011101011001001
0001000001110100
1011100001011011
1100100011101110
0011000001001110
0010010101110111
1111100000001110
0000100110101000
1100011001000000
0101000111110110
0000000111111101
1010110111101100
0101011100101110
1100101011010101
0010011010010101
1110001110001011
1010101001110000
0100001001001000
0010000111001001
1001011001100100
0011110110100010
0001000010101010
1001110100111001
0111001110011100
1111110001100001
1110111111110110
1011000001111011
1100010000000111
0000011100000010
0000010010000111
1010010100001110
0111101111010010
0001010001000100
1001110101110000
0011110001011101
0011101111001101
0101100101100001
0111110111111001
1001010110101100
1101110011101001
1011011101110000
0001000001100011
1011011111110100
0100111111110100
0000101110010010
0000010111011011
0111100111110111
1100101000101100
0000001101010010
0011111101001111
1000111101011110
1100011110111101
0000101001011100
0110010101010110
1010000111110000
0101110000111000
0010101100100010
1010111101010000
1101111110110000
1100101110011101
1111111011010111
1000110100101001
1100111100010110
0111011001101110
0101100000111011
1101010000100001
0010010011011110
0000110001011100
0010101010000000
1100101001111100
0011001100001101
0100011011110100
0011010010010110
0000110100111111
0010110001011101
0010001010000011
1100111010100010
1101000110011000
0010110101110101
0100100110011110
1001010111100010
0101000101101101
1101011110000101
1101101010010011
0100111001100011
0101101011101011
0000111111001000
1011101001101111
0001100011111100
0101111100101110
0111011011111010
1100101101100010
0011000111011000
0101011110001000
0101000101000101
0111010010110000
1000110001010100
0000101101111101
1110111111100010
0001111100000101
0110101111110000
0101111100111010
1000000000111000
1111000001110111
0011110110110101
1111111010111110
1011101101001100
1000101011111101
0110111100000000
0110100011110101
1101101001111111
1001111011001011
1110000100111110
1001110010000111
0111100100011001
0001001000001000
0100000111001101
0111000000001110
0101010110101000
0000100110110101
0110001100011110
1101010111111101
1010001001101111
0010011011110000
0100001011001101
0100100000110100
1100000011011110
1110010010100100
0001111011001111
1010110100110101
0110001000011100
0001100101010101
1000101011001100
0001101000100011
0111000001001101
0110000111011010
1001100100111000
1000111000001111
1001111100001001
0010100010011000
1111011010111011
1001111001101010
0010111011010000
1111001110100000
0000010100000100
0001001010010011
1010001101101101
1001010110100011
1011000010111011
0111111001100011
0001010010000110
0101001100000111
1110000100010110
0111010010000000
1011111010010000
0011010011001101
0011101000010101
0001010110010101
1100001110011111
1101000000110110
0101111011101001
0110001001001111
0110011000100010
1000000111010001
1000111000011010
0000101101001111
1001110001111001
0010111010001010
0100111011010011
1010001111100001
1110000010000110
0010110010001000
1110000111111001
0000011001001001
0000010111010100
1100010101011101
0000101011111100
1101100101000000
0111011011100000
0001111010110011
1010010001100111
1111001101110101
1011100010010100
1010011101101111
0000111110011010
0001111010101101
1000000101001010
1111001011010111
1010000100000010
1100001011101100
1101001110010000
0101011110100101
1010111111110111
0011100110011111
1011111010000001
0011100100101101
0101011001101011
1110111101000001
1100101010010010
1101000001010111
0110011110010111
0001011101010101
1001010110111001
0111100010111110
1000111010000100
1111011111010000
