1110000111100000
1001000010011110
1110000001110001
1111011100000000
1101010010110000
0101011010001100
0011101000010110
1011100100101101
1000101100111011
0000000100011000
1001010000100001
1111101001010111
1011101010111010
1001110011001100
1100111110101001
1010111101100001
0001111010100001
1111101100000000
1111101100011010
0111101100110100
1010100110101000
0111110000110010
1100101110010100
0010000110010110
0001101111000010
0001100101000110
1001111101000100
0011011100111111
0111001101110001
1101110111011110
1110111100001011
1000110111001011
1010001110010001
1100100111000110
0110000101101111
0110011101100111
1100001000001111
1001000000110000
1001110101110010
1101111001010001
0000001101101100
1011101000111101
1010011011000110
0101100110110001
0100101110110000
1111001000111110
0001101010010001
1100000101001100
1010001101001011
1111110010000100
1000111100110001
1110001110101010
0100000000100000
1001010110000101
0110111101011000
1010001011111011
0111111110101101
1011100000111111
0100010111100110
0000010011101101
0100110001011011
0010100110001101
0110010101101100
0101101100101100
1010111110100001
1110101010000011
0001110001001111
0111010101101010
0101001111001101
0000100011001001
0101010111011010
0001110110101010
0000101010110001
0100110111111011
1110000001011011
1000000011011100
1110110000100010
0001011001110011
0000100111010111
1000001101011000
0010001101001000
0010001001001010
0110011000000010
0010111001010101
0100110001010001
0010110001101101
0001110100101010
0101100011101100
1111010010011111
1011010010011101
1101011100001010
1110011011111000
1110100101101011
0111011101101110
1000010010010001
1001011110101100
1011010101100111
0001101101101001
0010001000110101
0001011101101010
1010110110011101
1011010101100111
1001001000111111
0000110110101100
1110000100000010
0011010111101101
0000101000100100
0000000101100110
1111011111000100
1011001111100100
0001111001010101
1011001111001011
0011001010111110
1111101000110000
1001000110010010
0111011011101010
0000011011110001
1011101100111000
0110010000000010
0011000000100010
1011101110100101
1110110101011011
0010010001010110
0110010101001111
0010000111100011
0110011000111011
0101011100100111
0100010110000111
1000101010101011
1010001110000000
0011101011110100
1010110110110100
0011000011001000
0111001111001110
1010100010101111
1000010000000110
0000100100010101
1111001010110101
0111110000111000
0110000100000000
1101101011100100
0011110101111011
0111000001111011
0101001010011100
1010101101100001
1110100000111111
1110110010100011
0011001101000101
0001010101111101
1110110101101111
1011010001111110
0100100010110111
0101000101000111
1000101110001100
1000101101000111
0011001000001110
1110001000010011
1101010011000010
1101110101100011
1110011111001001
0100000000001011
0000100111011101
1001100111110010
1100001100000100
1010111110011110
1110111011100001
1000010100000010
0111111101011001
0010001000100011
0010100001011011
0011000111010101
1101001111111000
0001101011100001
1101011110100011
1010111000011111
1000010101110001
1101111011110110
1101101000001101
0110111010000001
1010111010000001
0001100011101001
1010111000001000
0011010101110000
1100011011100010
0001011110111100
1010110111101010
1001100101111000
0011111011111011
1000101011100001
0001100011000000
0100101001100010
0111010010000011
0101010000000110
1100011001100011
0010001100101000
1100000111000111
1101110110000001
0110100001101000
1100001110001010
1010111101101011
1100000011011000
0011110011100100
0001000011011010
1001001011101010
0100010110111001
1100100110110001
1010111010001100
0000101010001100
0001111110100011
0101111110010110
1000011100001101
1101010111000010
0010111111101000
0101111000011001
0000100101100110
1010010111001011
0010000100111110
0011110111001111
0101100110011101
1111101001000000
1011000000100010
1001001101010010
1000110100001111
1010001101101011
0000111000100001
1111111000010000
1000001011001001
0001101010110101
1010101101000101
0101110010110101
1101010111010001
1001000101010010
0010101110101110
0011110001001010
0011111001011111
1101000010001100
0010111010001111
0011111000001000
1001101001011101
1001011101100101
0100010000001111
1010010111100000
1111100001001111
1111011100100111
1110001111101001
0010110101111110
0100000000110011
0111111101101000
1011001110010101
1100101000110100
1100111010111011
0100001100100000
0111100111100100
1001110101000111
0110010001001010
0011110011100010
0110111100001011
0111100111011101
1011101110000000
1100010011111011
1001010001010001
1101111010010000
1011110000010010
1001110101000100
0000011100101101
0110100011100001
0101100101011101
1111010010010000
1001101111101011
1010110100001110
0011110010101110
0001100010111011
1000111101000001
1101111101111101
1000101011000011
0101100000101100
0100101000100001
1001101010111111
0110001000100011
1000100001010111
0000000001100100
1100111000111000
1101001101101111
1010001110000101
1101100001100111
0101101101010011
1011100100010001
1001111111111000
1110010101010010
1101111010100001
0110100000100001
0110010011111010
1101101000011100
1011111010101100
0111001101011111
1101010100001011
0000111101111001
0110001100010100
1100010001010111
0001100111100101
1000100010010100
0100101111000001
1110110010001101
0000010100101100
0111011000100001
1110101101010111
1011110000001001
0011001011101110
1111010111011011
1010100011110101
1010001101100110
0000001010110010
0010010101000001
0001100010011000
0001011001011100
1111101001000010
0011001101110100
0101101101000010
1001001000111110
1101000101100100
0111001101111011
0110011101001001
1001001111010101
0011001011101000
0011111001010010
1110110110111101
1110100000001000
0011110011010100
0110111100101110
1110010001100001
0101110100101001
0011011110101111
1110110001111010
1011011111000011
0110011110011011
0100000001010100
1001111111000100
1000010000000110
1010111000000000
0000010110101111
1011000001011111
1101101010001011
0011010101001010
0100101001111110
0100010010101000
0011110110001111
1101011100000001
0001110001101100
0110011011010010
0001011011010001
1110010011100011
0101101111011001
0010111001001101
1101000010111010
0100101111111110
0101001111111101
1010111000111101
1011010100110000
0010111110011111
1010001001010111
0100100011101100
0001000111110011
0111010001001001
0011110110110100
0110001010011010
0001010100111011
0001100100011110
0010101010111100
0001101111110010
0100110100011100
1011100101001011
0100010000110011
0001110000101000
0001001000110101
1100011010010000
0101110111011010
0101001011001100
0001011100000101
1000101100011111
0111010010110010
1101010000010100
1011111100110100
1111010110111001
1011100111100101
1010111111000110
0001101110100000
1010111100000000
1101001001111010
0100100001100111
0011011111100001
1011000100111101
1001101101001100
0001011011000100
0001100111110001
1000001110000011
0101110111111010
1111111100111110
0010110111100100
1111101001010101
0010101101100101
0010111011010000
0111001001110111
0111111011010100
1000111001100110
1011001110001101
0010101110101010
1111000100111001
0000101010010110
0101110101111101
0010010011010101
1001011010000011
1110001100101001
1011000001100110
0111111111011010
0110101011000101
0110001101100011
0100001100001001
0000110000101000
0010101101000011
1001111110110010
1000011110111110
1100001101010111
0010010111001000
1100000000000011
1001010111111111
0100001010001111
1000001011000111
1010101111010000
1001111010100111
1110100010111101
0001100100000110
1110110010000101
0001111010110010
0110100111101010
1011110000011100
1101111001000110
0110101110001100
0111100100111011
0010100010001101
0101111101000110
1001001110111000
1101000101111110
0011100101010010
1111111001101101
0000111011110101
1111100110100110
0011000110110011
0001010000101111
1011110110110011
1111100001000001
1110110011111111
0101011101110101
1001110000001000
0111010101000111
0111100001100111
0011100101001010
1000111011101101
0100101010111101
1011111110111011
1101001100010100
0010111010001100
1100001111011010
0111110101011111
1000111000110000
0110110010010111
1101000011100100
0001000011011100
0011000101111011
1100110011001111
1010110101110010
0101010101110011
1100110110110011
0111010101111111
0111001100110001
0011100011100111
1111000001100010
1111100010100101
1000111000001100
1001011010110110
1001101110000001
1101000110101001
0011010111111000
0101010000001101
1011001101100001
0100100110100011
1100110100011101
1111101001010101
1100110001011111
1010110100001001
1001001010000100
0000100000000111
1000101110011001
1000111100011000
1010101010100010
0010010000111111
0111111010101010
0001000111111101
0011010011011100
0010100000001001
0000110001100001
1101100101001101
0111110101111110
0010011001110000
0110011100011111
0011110101110101
1101110100010000
0111001101001000
0101000001001010
0001111100001111
1000110110011100
0001110011001000
