0010001100000010
1101000011110111
1111101001001001
1110101111111011
0100011110000111
0010101100001111
0000011111010111
1001001000101000
0011011101110011
1010100110011001
1101101010101000
0001100110010011
1011101010100100
0001110101011011
1110011001111101
0000001100101000
1011010101100101
1110000100111010
0001110001110000
0010000111110000
0001101010010010
0010001001111010
1110000011011000
1110011110011101
1111001110010000
0101001000001011
0001110100011001
1110111001100100
0001010110011000
0010111101100100
1000101011101110
0010101010001001
1010111101010111
1011110000111111
1000000001001111
1010011101101001
1100110010001000
1110010001001010
1111010010100011
0011110010100001
1110010110111001
1101101111111001
1010010000111101
0011010111101000
0000000001010110
1000100101001011
0101001101001010
0011000100001110
1011000111010011
0010110100100001
0101001000100011
0110101101111101
0001001011110000
1111001001101100
1010100011111111
1000110100001010
0000111100100000
1100000111111100
0010001111100100
1000100100101000
1010001110111110
0010000101110100
1011001111101100
0001010010001011
1100011111000000
1001110000111110
1111111000111011
0011101001101011
0110110010100100
0001001001101000
1111111000110110
1111101110010001
1101111101100100
1000100001011011
1111100000111101
0000001011001101
0110101011010001
0101000111100100
0111111011011101
0110101001001110
0010101010001011
1101111101111111
1101011101101011
1100011011111110
1111010110100100
0110001000110101
1111011101001011
1001000101000100
1001000111110110
1000110000100111
1100101001000111
0010011000110111
0000011111001100
1100101000001100
0011111110100100
0101010000011101
1011010101101100
1101100111110000
0000011111101011
0000001100000000
0011110101010111
0101000011100011
0101111100011000
0100000100111101
0010000001110110
1100110101011001
1011110011111111
0110010010011101
0011010111011001
1011000101000001
0101111100010110
0010111100010010
0011110010100111
0111101111000001
0101010100000011
1000111100111001
1100001011001011
1000001111010010
1101110011101100
1110110011011111
0000001110101011
0001111000001111
1001011110000100
0110010110000010
1000101011011101
1111101101001000
0100101001000000
0010011100001011
1111110101110101
1100010100000010
0101000010111010
0101110100011100
1010011100100111
0001011000100000
0110001111001010
1010001110001100
1111100101111000
1111111100000000
0000010001100011
1111001011011000
0011110110000100
0000001101001110
0110111001111110
1001010110110100
1100010111011101
0100011111100011
1101010110111000
0011010110001001
1010001101100111
0110001110111011
1100101000011011
0111100001010110
0000001101001000
0100010010100001
0000101011001101
0000001100100101
0001000000100110
1010010011110111
1100001001101000
1111001001101010
0000100011001110
1000110010000100
0110011010111110
1110110100011100
0100001110101111
0110000110110100
0000001010100000
0000101001100101
0001001000011001
1010010010100100
1110110001001010
1011011111101011
0011011101000111
0010011100010110
0101100000010001
1100001001011001
1101111100101011
1100010100010110
0101110001011001
1001010000111100
0110011110100000
0010001010000101
0110011011100000
1110111101011000
1001001001111001
1000001100100100
1110100000101000
1001101011111011
0110100011010011
1110101010011000
0101011011010100
1111100100101111
0101010010101001
1011010000001101
0101110110001100
1001100001010110
1111110000000101
0111110001011101
1000101101110110
0001101010010100
0111110101111001
0001011010110011
0001010111000100
1111011111110100
0011001000110010
1000011000001111
1101110110111001
1000001101111101
0001001101110010
1010110101101101
1011000000000110
0010101001110101
0100010000001111
0001010011010111
1001111101001010
1110011101001010
0111010010010111
0010000010010101
1010100000001100
0001101110001001
0010010110010010
0110010000111110
0110011000111111
0110011001110110
1101101111110010
1101110100110111
0011010011100101
1000011001011011
1110000010001101
0000010011011001
1010010100001101
1000101101001111
1101000010110110
1111101100010110
1111001101101101
0110100010111001
1101000001100111
0000001100100010
1100111100010010
1111000001100001
1011000100110100
0100011100110101
1100110100010000
1110101010001001
0100000011101011
0001001010101010
1101011011101100
1110100101100111
0111110010001001
1100110000001000
0100111011101010
1101101011101000
0010001101110101
1000001010101000
0100010010110100
1011000000000001
0100101001010100
0100100110000110
1100101010110111
0110011111001101
0001010011100010
0001100001011111
1001101110000001
1110111110100110
1110011011010111
1011000111100111
1110000100110101
1110100011110010
1101110100111111
0000110111111111
1001001111101111
0001010000011001
0111010110010110
0100101101110111
1110010100110010
0100101010100111
0011111000110000
1011100100011000
1100001010101110
0010110001110011
0110110101000000
0101011110110010
0110010111010000
1011110010110111
0101011011101101
1000011100111101
1000110111111101
1001000001111001
0001101001101101
1001001001110000
1010010001000111
1001110001011011
0011011001111000
1111001101101011
0011110000001000
0101001100001101
0000011010110010
1001100011111100
1100001100011100
0011100011000011
1100000101110011
1110100111101010
0000000100000100
0001111010001110
0110101010100111
0011110001100000
1110100001000110
1101101011101110
0011011001010101
1111100100010000
1101101111001001
1110001001111110
0110000011001000
1111001001001011
1111010111000111
0011101001011110
1100000101010010
0110011111010100
0001001001010011
0010000111010001
1010011000100000
1001000110100110
0101100101001000
1001011011111011
0100110000101011
1011101100110101
1000100011110001
1001011001111111
1011111010001001
0111100110100010
1101001011010001
0000001110001000
1001101011000101
1001001011010100
0011101000100101
0100001110001110
0100100101001101
1001111110110101
0110000000001110
0011111000001110
1010101011010110
0111101011100001
1010101001000000
0110001111001111
0001010000110001
0100110110010011
0110110111000110
0110010001001011
0001100111000001
0110110011001100
0001110011001100
1001001010110001
0011110101001110
1010110110011110
0011011110010001
1000111100110111
1000100010010101
0110000101110000
1011110100110111
1101000100011011
0111100110011101
0101001101011010
0111010111101110
1010100010100111
0110000000000000
0111111110000010
0000110110111111
1001111011111010
1010111110010011
0111010000100010
1101111000111000
1011010000101011
1000010101111111
0010111101100010
0110011110101000
1000000101001001
0101010010011010
1011101110010001
0001010101001100
0011000100110110
0100101111100110
0101000011010101
1011011001010100
0011100000100011
0000010001000011
1001011000111101
1100101101011110
1010101010000101
1011101100001100
1111100011100010
1000010001110111
0101001111101001
0011011001100000
0010110101011101
1011011100001011
0010010101101010
0101100000111111
1000100111011001
1110011011010000
1101000010001111
1101001100100100
1111110000011101
0001101010011000
0111111101011110
0011111000100000
0000111011111100
0111110010111000
1001011000110111
0100010110110100
1001100110010110
1000010110011101
0110101101100000
0111000000111111
1100110101010001
0000000000110010
1000001100101110
0000000111010011
1011110001110001
1010111000100001
0010101001000000
0100111111101110
1110001101101111
1011110110010100
0111001000011110
1000000100011001
0111001110000000
1001011110110010
1001101010101110
1110010110100101
1010101010010010
0000110010100110
1000011010011110
1001110100110000
1110100001101111
1111010000101101
0101100010111001
0001110010000010
1110000000110111
1001100111111100
0010001110001010
1011111000101100
1101001000111011
0000110010100001
0010010001111011
1010000100000100
0000110010111100
1011111100010110
1111001111111111
0111100011010011
0010001100101110
0011000001001011
1000010010010110
0111110010001000
1010110100001011
0001000100110001
0001000100110111
1001100110100111
0000000000110010
1110110000001110
0011100100111011
1111011100000110
0001111110100110
1000001000111001
0001101101000000
1110111101010100
1011101100001100
0111010101100010
0100000100001011
0100010000000011
0001110100110101
1011110100110010
1101011110000011
0110010110100101
0001001101000110
1101100101110010
0001000000101110
1000101101101010
0101111001101110
1000000101011001
1000001100100101
0001100011001011
1010011110100010
1100001100010110
1011011011001010
1110001101000010
1101000110000010
0101011000011010
0000011010101111
1100100001001011
0010111111101001
1000010111000100
0111010001110011
0010010011101000
0110101100111101
1101111110010110
1000001000011010
0001011110000111
0000100111111110
1011000111110101
1000111000110111
0001001001110101
0111010100011100
0100110001011101
1100001001011100
1000000110001110
0110111001010100
1111001110101111
1101100010101010
1110011100110110
0011100011100111
1011000000100110
