1100110000111011
1111000100100100
0110101101111000
0110101010001110
1111011100010000
1100000001110100
1100101101011100
0000010000011110
0101100100100111
1011000100010001
1010010101000000
1000111010011011
1110111100000000
0000101000010101
1010011011010001
1010011010110010
1111110000010110
1110100110101100
0011110001101101
1010010000001001
0101001100111010
0011111001111111
0000100000101000
1010110000110011
0101000001111010
1101011111100111
1101011010011000
1000010100110000
0010000110001001
1011011100111110
0000000001001101
1011100110100100
1100010111010101
1101101000110011
1000100101101010
1001010010101000
0100101010110011
0110000011111011
0110000001001101
1110101110100001
1011000010011001
0100101010010010
1100110010010010
1011110001001011
1010101110011100
1101111100110111
1101101101101000
0010010011101000
0101000110110100
1000100001110010
0011001011111010
1010100000110101
1010100000110111
0111110000001101
1001110011001111
1001110100011011
0101111001010010
1111001000100000
0010010001000001
1011010000011111
1000010000111100
0010100011011100
0011111101010101
0101110001011000
1101001101010111
1111010011000001
1101111110000111
0011010110010110
1110000111000100
1110001010001110
1001101000010001
1001011000100011
0000011110110101
1111101011101100
0101010100111110
0111010001110001
1111010011001111
1000101110011110
0110101100000010
0100100010100001
1111010010111110
0111000000100101
1011001010110010
0101011010101000
1100011110101011
0101110000000011
0101110011011101
1001100100010110
0011100110000110
0001100011101101
1100101010101110
1101000011101110
1011111000000001
1001000101101011
1111001100010011
0000111010011101
0011011111011010
0001100100010101
0100100110000111
0000110110001001
0001000011111000
0001011010000011
1000101010000011
1001001000100100
1011001111000011
1011100110101111
0110111010011110
0101101111100001
0010100110111011
0001010010110011
0000010101010111
1001000100111000
1011011110111100
1000001000101100
1011010001011001
1101010111100001
1000100010011110
1111101011101100
1000001101100010
0100001011010010
0100101100000010
1100000001010110
1001010101001010
1111001011101001
1000111000101101
1001010111101001
0101011101110111
0011110100100000
1000011010010010
1101110000101111
1010010000010011
0100101100010101
1111111111010010
0101011111010101
1000110011110000
0110011010010101
0010011000010100
1111100100110110
1100001111000101
0100111110001010
1010010100001010
1000011000000111
1000000110111100
1011100101011001
0001111011100100
1100111010011111
1010011101001010
1000110000100001
0010011111001000
0111110001010000
1111001110110110
0010110111101000
0001010000000111
1101001000111000
1101111110111110
0011111110000011
0110111101000011
1101001001110110
0111100001101101
1001010000101001
0010000100101010
1011101010111100
1111010001010111
1101010001111101
1010011001111111
0011111001101000
0010100110101111
1110100000000000
1010111100101101
0110000010000010
1101001001111000
1100111101110001
1011000010000100
1000001000100110
0000101111011110
1000101110100011
0001100001101110
1111110101011110
1110000100010011
1101101010011001
1000001110010000
0101011101001010
1111100010110001
0101000000011110
1101011000010010
0011000111101100
1011011100011111
1111100011101001
1101011101101101
0100111000110010
1001100101111110
1011101111110110
1001101010000000
1110110001001000
0110110101110001
0000001010101111
1010000000000001
1101011000000111
1100101011000100
0010100110000000
0000000110110101
0111111010101010
0000011010100110
0101111111001111
1101001100110101
0101010101011011
1100011110011000
1110100000111001
1111011000101011
1101111001101110
0110010111011110
1101101000111110
0001101100110010
1001011011101101
0001001010110011
0100100000011101
0010110001000110
0101011110001100
1001101010000011
0001111111011110
1010100001010000
1001010011101001
1001100110000000
0110010010100101
1101100100000010
0100101111100111
1110101111001011
0011100010000101
0110000111010110
0001100010010010
1001111100011000
1111110101110000
1111100011110010
1000110111000100
0001110011000111
0011110011100000
1000101000110100
1101100100001111
1000101110000001
1011011011100100
0000110000000101
0011101000001101
1000100010010110
1111011010111100
1110101110010001
1100101010001100
1101000000101001
1000010010010001
0011111011001000
0101111011100101
0010101101111100
1001111111110110
0010001011101000
0010011011101101
0100000101110001
0011110001011100
0111111110010101
0111000010101001
1000001111101011
0000111101101110
0011000101110001
1010010011101111
0110101110110001
0010101110011110
1111110101001001
0011100000011001
0001011111101011
1011101110110001
0010100010010001
0100101010000011
1111010110111000
1010001100001100
0100111010000000
1110001000011000
0001110111100011
0100101100011110
1110000110100001
1110010011001110
1010010101010111
0100111101001000
1111000110011001
1110010101011011
1100000011010010
0011100101001001
0100001010101000
0100100111110111
0011100111011111
1100100111110101
1000010110100100
0011111001111011
1100000010000100
0000101100100100
0111000010110011
1011000000001110
0110110110011011
0000010001101011
0011110000111000
0011010010100111
1000101010011011
0111111111011010
0100111101010111
1111001100010000
1110000111101000
1111101011010100
1101011100000100
1100100110011111
0011100010100001
1011001101010010
0111101000011011
1010101010111100
1111100100011011
0001011100000001
0011010110010111
0000000111100010
1011101000110110
0001100110001011
0111101100100001
1111011000001100
0100011110111110
0011101001111110
1001011011100101
0110001110000110
0001011100101101
0001011011001000
1101100100000111
0001100101101101
1111010010111111
0100100100001011
1011110101011100
1000101100011101
0001100110101011
0100000011111101
0000011011010101
1000100010101000
0100001111000111
0001001101110110
1010111100110111
1101001110011001
1100011101111100
1111111000010100
1110100110110111
0101111000000000
1100010111110001
0100011000100101
0001111111111001
0110001010000100
0011010001101010
1100011111001011
0110000100110111
1011101101001101
0111011110100001
0001111011001001
0100101000101111
0101001010001001
0011111001010010
1100110001010001
0101101100101100
1100011010101011
1111110111010001
1010010001111101
1001101100001010
0001111000011110
1011101001111000
0101100011100110
0111010011010110
0100111001111010
1111011010000111
0001110001000000
0000000011101010
1100101000000111
0100110001000110
0110000101111000
1011010011111011
0100101110101010
1101100010000100
0100001110100110
0100010110010010
0111001111111011
1101001000000001
0001110011110101
1001011111011010
1010001010111110
1010000010111011
1110100010111011
1011110101111111
0100110111100001
0101001111001101
0101101110101101
0000001010111101
0101100111110111
1001011101111101
1101100111010000
0101000000000111
1110010001011101
0100111110101101
1011101010000110
1000110001101000
1010010100100101
1001111101000111
0010110100000011
1101011110100001
1001001111010000
0110110010000011
0100111100111101
0100100011111101
0110100111111101
0110101100101001
1011110001010100
1111100101000011
0101001101101001
1100000000000001
1101111111100101
1010110011101110
1100011111110001
1010110000110111
0011100011100101
1110111100111101
0010100011101000
1001111000010111
0000111010001110
1111010000111011
1001101110011001
1101010010011110
0100001101010000
1001111010101001
0110101110001000
1100110011001001
0110010000000110
1110100101111000
0010101011011011
1100000101110100
1010011011101010
1111001001101010
1100101101010001
0100101000011010
1011001011100110
1011100000110111
1111100111100111
0000100100000101
0001111110111010
0111100110101010
1110010111000011
0101111011101100
1010100010110101
1001110100111010
1111010110010010
0000001110010101
1111110010101100
1110011101111011
1000010101101010
1010010000110100
0111011100110100
1100100010100100
0111110101011111
1000010100100111
0001101010100000
0010110100001001
0010000010011010
1010000110001111
0101100101100100
0001111110111010
0110110110000010
1001111001010011
0011010011011110
0101000111101101
1001100110011000
0100010011111100
1101100110111011
0000001111001010
1000111010101000
0110111011011000
0010010010011001
1000110100100110
1110110011101000
0011111001011011
0010010111000000
1101110000011011
1110000100010010
1000111100111100
0110000101101001
1001111010100010
0011101000111101
0011011110110001
1000000000001100
1100000101010111
0110000010101001
1110011101000011
1101100110000011
1101001100001100
1010001100010101
0101010110010000
0110001001010010
0000010101000010
1111110001011000
1110001000110110
1011011111000011
0101100000111111
1000100111100011
0110011011101010
1011010010110010
1010010110010001
0110011010101101
0111110110111000
0000111000001000
0111010011101100
1010011100011001
0101010100111110
1110011101010000
1011001110011000
1100001001000001
0111001010000100
