1110101000110010
1011011011101011
0111010010110110
0110001000011101
1111001010000110
0111001001011000
0001000110010011
1110010100110011
1110100010011011
0111100111011000
0001110010111101
0111100000100110
1111010011011110
0101011010111111
1100101001011100
1111000110100000
0100000000111101
0101100110110000
0101101001110001
1011110111100010
0001001101110011
0100011100001000
0111010111111010
1011101010010100
1110111010001010
0111111011000101
0110101100111010
1110000101101011
1011100010010100
0010000010001111
1110110100011011
1101001101110011
0000001110101010
0110001101100110
0101101100100001
1011101010110010
0001011001010110
0000101001110011
0001101000010100
1101110101010000
0010010011000011
1001111100110101
1100101011011100
1110111010111011
1101110101100000
1001101001110101
0001110001101001
1101011001000101
0111101101110001
1001000011000100
1010000000000110
0010100111001000
1101110010100100
1001101011001000
0001100100110111
1100000011110100
0101011111110100
1011011110111111
1111101001010101
0100011000000010
0011101011100000
1101100110111101
0110101101101001
1100010100010110
1010000111100111
0011101010111100
0010100100011011
1011100101001110
0100110100011110
1000101110101110
1111001110001001
1101101100001100
1100110011010110
0101000101001011
1111011111001100
1110010010100010
0111000110001101
1010010111010011
0110010100111011
1101011000111001
1101001101101100
0010010000110111
0110101010100001
1010100001110001
0111000010111001
0111011011111000
0000001001101001
0101100010110110
0111000001101000
0011000110111011
1101100000111111
1011100100110100
0010111101111000
0110100101000011
0101110010001100
1010010110110101
1100100111010111
1101001011110001
0010000101111010
1010101111010101
1110011001100101
1110000011111000
1000011010111000
1011100100110000
0010111111011010
1001110110101101
0000000101000110
0011101101000001
1001000100011110
0000011110000011
1000111111110001
0101110111001001
0011101011010101
0011101100100100
1110001101111111
1100001010011000
0001110110100000
0100001010010000
0010111000110010
1110100001100110
1001001100101110
0110111000100110
0111011100011011
1000010111101011
1001110100001110
0000100110110010
0011111011001010
1100000101011111
0111101111001101
0101010000101010
1101000101011011
1010001110100000
1011000000101111
0011101110101001
0011101010110110
0010110011110111
0001111011000000
0110001011101110
0101101111001000
0101011110100101
0001001100000110
1010111010011101
0011111011011100
0001000100000110
0000110001110110
1000111011101010
0101101000001111
0011110010010100
0000000100000111
0100011111110001
1010001000010001
1000100011100011
1010001010111001
1101010101100010
0011000101001110
0001100010110111
1000001010111101
1101001101010100
0000110101010100
1000000110001110
0000010100111001
1111100010010110
0111110101000010
1010110100101111
1101110100010100
1101010110010011
0110101110001110
1110010100010100
1010101000011110
1110011110000011
0101110010110011
0000010011000000
0010001111001101
0101001011110011
0101110011000010
1111001011111010
0000001100011100
1100110010100010
0011000010011100
0101000110100011
1010100001101010
0000111011011010
0101101001000101
0001010010010111
1001110000011001
1111010001000110
1110000101100011
1111010010011110
1000101110001011
1111101011011100
1010000101110111
0011011101010100
1110110111010110
0100011111011000
0000110100101010
0010010100111110
0111000010010010
0000000010101001
0110111111010100
0110100101101100
1111110101000111
1000000000100010
0111101010001001
0101001100011110
0110111101111111
1010110000000011
0110100000101000
1000011110010011
0100110000110110
0111010000011000
1010010100100111
0011000011110011
0101101111001111
1101100011000111
0010010101000111
0101001101010100
0110010001110100
0001101001101000
0111110101100010
0001110010001101
1110000010100011
0100000010001101
0001111000111100
1100010111011011
0110011000011010
0001110101110110
0111100000101100
0111011001011001
1110111101111110
0101101111101110
1101100010110100
1010011000111000
0000011010110011
0100111000101000
1010110100011000
1101011000011100
0011111111010011
1010100110001010
1101011101000001
1111100010011101
0111100000000000
0010101011001110
0001010001010101
1110101111110110
1011011111100110
0010001010110111
0101011000010111
0111011111100111
0100101101011111
1101001000100101
1000011110100010
1110110001010101
1101100110101100
1110100111100011
1010000010001100
1111111100110110
1011001101010101
0010101001010100
1001000110110011
0000000111110101
1011000000010101
1010100010000001
1001101011011111
0000111001010101
0000100010001100
0010010000011111
1100011111110111
0000110010101000
1000101101001000
0110001111110101
0100100101111010
1110011010110101
0100000111011011
1111001000010001
1100101000010000
1101000110100110
0100111100011100
0011011010001101
1010001110101010
0110000010010000
0100010110001000
1011000100110110
0110111000010110
1001101001001000
1101010111011110
1011101101000010
0011000111100101
0111111100010001
1100001111000001
1100100001110010
1011111111110110
1010111001001001
0000111001100011
1001001101101000
1001101011101011
0010110001111000
1001000011111101
1101001101111100
0111010011000111
1010101000111101
0011010001011110
1011100101110011
1111001000100001
0010110101100110
1000111110110011
1110011001011111
1101001011011001
1100001001110001
0011000011011001
1010000000111100
0000110001010110
0101100000010100
0111111111001110
0000011111001111
1011111110101000
1001110001001010
1101111011001110
1100011111011101
0000001110110011
1110000110101100
0001100010110000
1001110100100010
1100010111101101
0000111011000111
1101001101111011
0001111000111011
1000011000001111
0001111110000001
0011000000001001
1101001110011000
0011010010110110
1010011011100100
1010100000100001
1100110110001000
1111001000101001
0001000100011111
0010011001100110
1011001011101000
1000000110001010
1100111000101001
1110001111111010
0100110001000000
0001001100000001
1100000000010001
1010100000101000
0101110101010110
0110110001110000
1010100010001100
0011111110111110
1110011111001011
1101111000111010
0101111010100111
0011010000100011
1111101010011111
0100101000001110
0101000100001100
0110011011011110
1111010000011111
0010011101111111
0010010010010000
1011001111000110
0110100111001011
1010110000110100
1101111111101001
0111001000111100
0110111101100011
1100101100011110
1011100001010101
1111110110010010
1110101001010010
1010100011011101
1111110111111001
1011111100001010
1100100001001100
0101000010111101
1110111000001101
1000110010010010
0011101011011011
0101111010111011
1001011110010010
1000011011001010
1000100110101111
1010111111001001
1011000011011001
1101011000001010
1111111111010011
0011111001101101
1000101011110100
0100100010001110
0001001110111001
1111010111000000
1010100101011001
0000010111000000
0111001000001010
1011100101101010
1000111000000010
0100110011100010
1000101100110001
1110100111011101
0011110001100000
1011011000010000
0011111100000000
0110101101101101
1100101010101011
0110000110001010
0101011001100010
1001101001111100
0011101001000110
0110101100111011
1011011000110101
0011010110100111
0111111000010001
0111011010111000
0110101011000100
1111011011001110
0001010101011100
1000101111011101
1110000101110111
1001011011011101
1101001010010011
1100011001010111
0110101100101100
1011100010100001
1001000000010101
1110110011101011
1000110101111110
1010010001110001
1010000111110111
0110000101111111
1011100101110000
0001101011011110
1101100000011011
0001010001010010
1110111110001111
0100011101100100
0000111010101110
1101000000000101
0001000110110001
1100101110110001
0111111011110001
0010011110100111
1011010101010010
0101000001010101
0011100001101011
0101001110010001
1101011000010111
0100101111111000
1010000011000011
1100110100111100
0100101110100000
0100111101101000
1111101110001000
0110001001110000
0101010001001010
0110011000100100
0111100110001111
1011111101101011
0100110001011000
0111111110001111
1000010001011001
1010101001110011
0110100001010011
1001111010111111
1011001100011000
0001100011000100
0100010100001101
0010010000111000
1100110111000001
1010000100001000
1000100001100011
0110110111110111
1001000011001111
1011010100101110
0100111011100001
0001010010000100
1010111110000001
1110111101110101
0101111110000001
0101000101010011
1000001010100000
0001001100001110
1001010101001100
1010010000111100
0001111010001111
1010010001001011
1010001110110001
0111101001010000
0000010011100001
0011110001111000
0111001100101110
0010011011010001
1100010000011000
0011001111100011
1101101111010100
0110100111101010
0100010000111000
1101001000110000
0001111110111001
0110110100010110
1100111101000010
0000110110101110
0011001000101111
0011010111010000
0010111010111111
0001101001110100
1000110101100101
0011111111100111
1000001110110101
1001110101001110
1000011110101111
0111100011001011
