0100110110011001
0100111100110000
1100100110010001
1111100111000101
1100111000010111
0110100100111101
1000001100011010
0010011110101110
0011000001010110
0001110001101001
1001100000001000
0001101100100100
0011010010000000
0111101101001101
1011010010111001
0001100011010101
1110100011011000
0101110000101110
1010011000100101
0110011100110000
0110000000010101
0001001010101101
0101000101111100
1110100010101111
0110100101101111
1100001110010100
0100010010101100
0110000100011100
0101001100110101
0001001100001010
0110100111100110
1000011110101000
0100001011001101
0000110111111010
0001010110011101
1000100110010101
0110101011010001
0101011001011110
1100011001110000
1111111011110110
0010110000110001
0000100100101000
1000100111101010
0101110111000101
1011111111101010
0100110101111001
0100011101001000
1011101101011100
1100011001011000
0011001000101000
1111011000000110
0100011110000100
1010111011100111
1010101000001011
0000111100111011
0101111101111100
0011001001011001
1101011011111111
1000110001111001
1000100101100000
1001100000011110
1111011010011111
1110000011100110
0100010111010001
0100101000110010
1010111010100010
0100111001101111
1110011001100001
0110011100101000
0110101100011011
0011101000001010
0001100010010000
1110100111111111
1111001101101010
0110001110100000
0011111001010101
0110101101111001
1100110111010011
0100100010100100
1101001001101101
1110111100110010
0110111101110011
1010010101010001
0100100011111000
0101110111010110
1000010100101001
0100101101100001
0011100010010110
0011000111110110
1001000101000010
1111010001100110
0100011011010001
0001111101000110
0000110101001100
0000010011100100
1100101100000101
0110110111011001
0101001100000010
0100011011000000
1000010100101101
0111011110010011
1101111110100110
0000011000110110
1001010111001110
0110000001111000
1000010011010110
1001110111101111
1001110001110100
1010100100011111
0111010111111001
0110001001100010
1010001001001100
0000100011010100
1110110000010110
1111001001110001
1111000011101000
0011001001101010
1011000000010110
1100010110101001
0101100001001111
1001100110001010
0011010000011111
0111001000011100
0101110101101010
0010100000110101
1011001001100001
1001101100101010
0100111110011010
0110001110111101
0101010010110000
1100101110000100
0000010100110101
0010000110111010
1010111111110110
0110100001101011
1100001100101001
0110101011010100
1111101100001001
0010011010110001
0101001011011010
0101111010110110
1110100100000100
0101100101001010
1011010000000100
0100100111110101
1110010110000101
0010100010100001
0000000100111111
0001111000001101
0001110010001011
1110100101111100
0100110011100111
0000000011110111
0000011001011111
1101011001111010
0001100110011101
1010011001000101
0100001111000000
0111001101110011
0110110100010100
1110011000011001
0110101010001110
0101101010000100
1010010101101000
1100111111011010
1101110001110000
0101111110100001
1100111110010000
1100100100001110
1010011101110001
1010001010001101
0001100100000101
1101100100101010
1110000001110100
0001011111110010
0000100100101010
0010000100111111
1110111111000111
0000011101110010
1000111010111110
1101010110010100
1100111100011011
0010001111010000
0111001001101111
0111001010011010
1010100001001011
0010100101111001
1010101101100111
1001111001011101
0110011010101011
1100010100010000
1000001011011111
1111010000101001
0000111010101010
1011101110010011
1010001101110010
1011000101010111
0111010100110111
1000000100101100
0000001010101100
0110000110100011
1100011101100100
0110001101000011
0110010111010010
0000001101011101
0010101111110011
0101111011001011
0010100101001100
1100100110001000
0111000000111011
0111000010110111
0011000011110101
1011010000100111
0011100100010110
0101111110110111
1110110010000001
0011101100010111
0110011101110010
1011000110011111
0111001011011110
0011111010010000
0001111111011011
1010101110001000
0001100110100000
0010111000110011
1000000110110111
1111101101001010
1100100011000100
0110000011101010
0000101001101000
1101100101110000
0010010110001111
1000110100011101
1001100010011100
1010100001101101
1000011101100100
0000010010101110
1111110111111010
0101101000001011
1100111110101100
0100001001011000
0101001011101101
1000001100111010
1000010100011110
1110101011111110
1110000111110010
1110101111011000
1110111011100000
0001001000111111
0001010000111001
1010010110101010
1000101001110111
0010101011000000
0110000110000110
0001000000011111
1001000011011001
0011011000100000
1000100000100100
0100110100101010
0101111010010000
0101000101010000
0101010010101001
0001010011101111
1111000001111110
0011100111011000
0101111000010010
0011011000001001
1111010000001100
0111000101011101
0011110001111000
0001100110100110
0010111111010010
1110111001111100
1001011001101000
0001010110100010
1001111110001100
0110001101101001
1111111111101001
0110001001001000
1111111110101111
0111111100010011
0011101100010100
0110000000001000
0101100010101101
0111101001000011
0100101110100011
0101000010000010
1011110001101001
0010100110000100
0010011010111110
0001110110001001
0101000000011101
0101000111001101
0001010010010001
0101111001111001
1100110000110100
1101000101001000
0001000101110110
1101110000110110
1001000010100010
0101010001011011
0011111011011110
1010000011001011
1001000010101111
0110100100010000
1100111111111000
0011010110000111
1111000010110100
1010101111100000
1001010110100010
0000000000011101
1011011110100111
0111000111011100
0001001111001110
1101011111010010
1010111111001100
0101011111100011
0110111011010001
1000101110001010
1111000001111011
1111110110110110
0111011111011101
0000000111110010
0000000110010011
0010000100110110
1111111000000011
1111010000101010
1010111000100110
0000100000011100
0010110100111100
0101001000110110
1010011011100111
0010100111110010
0101011101100101
0110000011000001
1100010100101001
1010111010101111
0000000110011110
1111101100101010
1111010111111110
0110100100111001
0111010100000100
0010100100100111
1000101001101101
0000101010101000
1111101101000000
0011110101100001
0011101011101111
1010010110011001
0000000101001111
0110100101011110
0011010001000000
0111011000000100
0000110110001101
0111101110110001
0110100111000101
0101000110001101
0110000001000111
0110001100111101
0001100101011011
1110111001101001
1011011000001111
0100000100001001
1001110101001101
0001100111110001
0011110011101010
0101111110111011
1010001111010110
1110001001010110
0100111110011100
0001111101100011
0011100101010101
1001110100000111
0001101110011111
1110111111100111
1101000110001000
1001101001001100
1001000010010111
0111011010110000
0001010010101010
1000111000100111
0000000111001001
0001000101110110
0010110111010001
1100101101010000
1110000000001110
0101011010011010
1001000101001110
0100001101110110
1100110100011101
0100110110001010
0001000111011011
0000000011110000
0111101101111000
0100001010111111
0101010100000111
1001001000111000
0010000001100011
1001100101111010
0111001111000110
0111011110011110
1111100101101011
0011001100101000
1110010000010100
1011100101011010
1100010101101000
0111101010111010
1100111010110101
0011010011000110
1100010100010001
1101100010101001
0100100100000101
1000101000101001
0000000101110000
0000000100111110
0100001010101011
1000001010001100
0010100100110000
0111000101000001
1001010010101010
0010110011000010
0001000010000110
0101000010011100
0011001100001111
0011111010101111
1011110001100001
1000011011001001
1010010110000110
0110110101100110
0001101000001111
1001111111011011
1010111000100010
1101110111010010
1011010100011101
1010010111111101
1000100000000101
0001100001011101
1110111101110100
1011011101101000
1110101011000011
1110010011010111
1000011101100010
1110010011101100
0001010011100000
0011100010101000
0000110101111110
1001000100001001
0100110001010101
1011001000000010
1101011111111110
0000111111100101
1010110001011010
1001100011110001
0111101100100110
1000000101110000
0100111000010000
0010110100111100
1111101011101011
1101011111100001
0010011101001001
0010110100011000
0111000011100000
1110000111110110
0000111111000100
1011111010101110
0111011000101110
0000001000101110
0010101100000001
0000100101001010
1010000101101000
1000011001101101
1100000111001101
0001011001000100
1111100010010010
1010100011011101
0011011101101001
1000001010100000
1001001101010111
1000111111101000
1101100010000100
1100100101001101
1010111101011101
0001000100011110
0111010001110101
1111011101010011
1101110100011000
1010010100111011
1000101101100011
0111110110001000
0010100100110101
0010110111110101
0001011111010011
0000000101110001
1001010110100100
0011111110111111
1110011101101111
1001100011000001
0001100011001010
0000100101000101
1001110000101011
1010000000011010
1110001110010000
1011110000010001
1100001010100110
1111101010111101
1110100011101000
0110010010001000
0100110111000101
0010001001110001
0000100111001110
1001010001010111
