1010010010010111
0001011100111001
0001010010011000
0111001101011111
0110000000111001
1001110100000110
1010110010101011
1100010010111100
1111001001110010
0001111110110110
0100100100101100
0011110001100010
1100011010101111
1111011101100101
0111110000111000
1000001100111110
0110111011010100
0100001110100010
0110110010101000
1101101000100010
1001011001100111
0111010100101011
0001110011000010
0111011000101100
1011111000011010
0000001111101001
1111100001100010
0010001001111001
0001100011011011
0000111010111101
0111110000011110
0001000110011111
1111000110100110
1100101111011100
0001111001011000
1111010000011000
1010001010100000
1000001011001110
0111100001000000
1011110100101110
1100100001001111
1010110001101101
0000000110101000
1101110001000010
0001111010011001
0111000111110111
1110010000110100
0011010011100101
1010101000001001
0111111111010000
0001101010110001
0110010100111110
0100000110101111
1011000010000100
0001011011100110
1011101001001010
0001011101011101
1010011111100100
0001011000010010
0111010100111011
0001101000101111
0111101001101001
0100100010000000
0111101110100010
0110111100100011
0110100110000111
1111111000010000
1000001100111010
0010110011010111
0001001000110010
0000101000111010
1100001001100000
1000011010010011
1000111111101010
0001011000011110
0111010101000000
0011011010111100
0101100100000110
0001101000001000
0100101100001111
0001011000100110
0101011001001110
1000010011111010
1101000000011001
1100101100011000
1111111100011011
1110010001101011
0111110101010011
0111001001011101
1000010001000011
0111001000101100
0100010001010011
1000101111000011
1011010100110001
1101110010101101
0000000010000001
1100101010111000
1110010110011110
0011010101100101
1100110011101101
0010000000000010
1000001011110111
1100000101001101
1110010010100111
1100011001101110
0010001101110011
1000101111111101
0011101011101110
1100111011001100
0111110111000001
1111011111101110
1110100110100100
1110001000101010
0010011011110001
0100011001001110
0101001011000011
0010100000000011
1011101100101100
1110011000111011
0100101010111100
1110001101000101
0001010100101110
0110101100111100
0100111110110100
0101001110101001
0010110011011100
0000100000001110
1011101101011101
0000001101100001
1110011111100101
1100100101001111
1000101011000011
0100100001001110
1010110111111101
1100001011001100
0000011110101010
1000100100000101
0101010100111010
0101111101110001
0110100101001101
0110100111001111
0000011001110001
1100101100101010
1000101011001000
1101100101111101
0011100011010011
1010010000011110
0101010001001010
1111110011100010
1100001111110011
0101001011010110
1000001011000010
1000101110101010
0011001011000000
0011011001110011
0111011110110011
0111111101110011
1101111100010100
1011101001100000
0011101100000111
1010001100011010
1011010110111010
0110111100111000
0110110010111110
1011110000001101
0100100000111110
1100011100110000
1101011111000001
1010011101110110
0101101110001100
1001011111100110
1010000011110100
1100000111111000
0011100111011011
1100000100010110
1001000101111101
0001111010010011
1000011000101110
1111011110110110
1110100100101100
1000101000101101
0010111100101101
1011010111001100
1010100101001110
1111111100011100
1011011001100000
1010000110010110
1000001101111101
0010101000100100
0100011110000010
0101000111100001
0111001001100100
1011000110000100
0101011010101100
0101100010001001
0010011000010001
0101101000001010
1101110111100110
0100010101010111
1110000000100101
0010100111100000
1101100110111000
1011110001011010
1001011010111101
1001100111011011
1111000010001010
0110011010101100
0111001011100000
0101100010100000
0001110110011110
1010110000000110
0110101110100101
1011100111101101
0011111000111111
0000110101111110
0100000101111001
0001001101101110
0110000011010001
0100010111101101
1011110100110101
1110111011000101
1010100010101111
1010110011010010
1111100000001101
1010000001010000
0001010000010110
1101010100110101
0000111000110110
1011000100110101
1001001001001101
1101100000011010
0010111011010011
0110001001001011
0011001111111010
1001011000011001
0100101011101100
1000101100110110
0110000110011011
1000101100101111
1000111000011000
1110111101010010
0110100100001100
1000000000000111
0000110110010101
1010100110111011
1100000000111010
0010101111101100
0110111010000100
1100111100111010
1011011111100111
1000111100110000
1001110101000000
0101101100110110
1110010100101001
1011110110010001
0110110000100111
0101101111000110
1000111100000110
0011000101100011
1100111111011111
1000010101111110
0010001010100011
0001010010001001
0000111110110100
0111001011111000
1001010101000100
1010001101010011
1101110110101111
0001001010000100
1010010001110010
0101111110010000
0010011011010110
1010000111001010
1001111011001101
1101011111111110
0111110011010000
1111000000010100
1011111110001001
0011011100100110
1001000001111001
1000010010000101
1111010011010100
0110010110001101
1100110101000011
0011111110011000
0111111000000011
0110001110001001
0101001010010011
0110011100111011
1001000101101001
0010011110111011
1110010001000001
1011011000010110
1011011111010101
0010000000111010
1101110001111001
1011111100000001
1111000010111010
1110001011101010
1111100111001111
0100110011000110
1110011010110111
0110010110101101
0101010001110001
1111011011101001
1101011110011010
0000110010110010
0001100110001010
0011100010100101
1111000111001011
0100110010111011
1101110010111001
0011001101010110
0110111011010001
0110101001101110
0111100011101100
1110011111110000
0001111010010111
1100011011010010
1100101000100011
1001111100111110
0101010001001111
1110101100000101
0000000001011110
1001101110101111
1000110101010001
1011110000100111
0100000000000110
0000011001001010
0111011101000011
1000111110110100
1011000101010001
0101100010101110
1001110111011111
0000011010100110
1010001000011111
1011011000111101
1101011010100110
1001000001000011
0110000000110100
1001111001011110
0000001101101111
0101100001101010
0110000000011010
1000100001100111
1101111011010000
1000101001010111
0000111110010010
1011111001011000
0100001110101101
0001111000110010
0010001100011010
1000110110110111
0000011000001011
0010101011001111
1011111001111111
1111100011010111
0111101000010000
1011110010100111
0011001000001101
1000010010010101
1010111011010011
1100100011010111
1000011010100010
0011000110110000
0110111101110111
0101111000110100
1000001110110011
1101001101111100
0111100001001011
0111101000110100
1111001100100110
1001000001010000
1000000111001100
0011101001101101
1011110011101000
1010101001100110
0001010010011001
0101001100101111
1010010101110111
1001000101100100
1100101001101111
0010010100101010
1000110011011000
0101111000010111
0011101001101010
1111110110011110
1000010110011011
0010110010110010
0011110010111011
0110000000101010
0100001011001010
1110100100110111
1011101010001001
0111111001101100
0101111110101001
0110010101000010
1111110011010100
0101110100011110
0001000001010001
0001000000110011
1001100111011001
1111101010010100
1010111011010010
0001111010010011
0011100111000101
1001011011011001
1100110011101100
0100001000001000
1101001101111010
0111101001111100
1000000001011001
1011101110101101
1001100111001100
1001001011110101
1011100100010110
1001011111111010
0111010001001100
1001111011000001
0010101111011100
1010101000010001
0111001111100111
1100011100101110
0101110101010001
0100100001101000
1011001101110010
0001001010000011
1011100000110101
0101001010000100
1011100100110101
0011110000001000
0100011110111000
0110111100100001
0010110010000011
1101100101101101
1000010100110010
0110001001110100
0001001110100011
1101001100111111
1010110101110000
0100001001110101
0101000011010111
0100011010001001
1101111110111010
1100011111100000
1110000100110111
0101111100001011
0010000001011100
0001010000110111
1000100010000111
1101110011100000
0110100100110111
0111100000111100
0101110100101010
0100101110100111
1011101100100001
0000011111101001
0001010110110110
0001101010001101
0001010101111111
0111001100111011
1010011111111110
1011001110100101
1001111010000000
1001000010110110
1010000001010000
0010001001000000
0011100000000100
1111010001001000
1110011011010010
1001001001001000
1011111010011010
0111100110001000
1101110001010100
0110111010000101
1000011000100110
0001111001110000
0001101001010111
0101111001010001
0100010101011001
0000000000011100
0100000110101100
0011101111000000
0010110011110111
0100100111110010
1111101110111011
1110110110100001
0100100101010001
1110010000101010
0111000100000110
0011100001110001
0000101001011110
1110110110111010
1000000000011101
1011101010000000
0110110001111011
1000101011010010
1001000101000101
1011000000100101
1100101010000010
0100101001000100
1011110101111000
1011010100000100
0011110011010100
0111110000011010
0000110110000100
0000110001010000
1110101110010111
0010010111001010
0000001101010000
1111011001010011
