0111101111111101
1111101001000100
0110110100010100
0011010110010111
1000110101111000
0000011100111101
1111001101001010
0011111000001001
1111000000100011
1010101010101010
0011001001001100
0001000110010001
1001010101001110
0100101001010110
1101011010101101
1010101110011000
1000001111110111
1101000111010001
1111001010100011
0110101010000001
0101101010110100
1000100101000110
0100011100001010
1100011111010100
0000101100000001
1001100000110100
1101001001101101
1101010000111010
0010100010001111
1001001110010100
1111000000010101
0100001010011110
0001101001011000
0101101100111110
0000100101101110
0011111110001001
1001100001110000
1001001101110001
1111111010010001
0010000111100010
1011000100110001
1010010101111110
0111111101010000
1111110111110100
0000101000011000
0011010111101101
1110101111100010
0110100000000110
0110010001001111
1100111000011010
0010111110110110
0100100101000010
1101001111100011
1111001101011011
0100001010111000
1001111010100111
0011101011111001
0100101100110001
1111100100110000
0100011111100101
0110111000101101
0001110100010000
1111101000000010
0011110110001000
0001100100001011
1010100100101001
0010111100001001
1110000000101101
0000010110101011
0100011010010101
0001001101110000
0001001011100011
1110100010001111
0111100111000101
0100110101101000
1011101011100010
0010000000101000
0111000100001110
0100010001011110
1100000001001110
1001000000011001
0010010010011010
1001011111111100
0011001111111010
1000110100100001
1011000000000101
1111011111011101
0100100010111001
1000111101010110
0100010010000011
1111101100001000
0010110111111010
0110000100011100
0011011101111100
0101111010010100
1011101101101000
1011000101010101
1001010011110001
1000011001011111
0010000011011100
1000000100100011
0000000001001010
0011101101101000
1110100110010110
1010010100001010
1011011101010000
1000100001010101
1111111101100000
1001011110111000
0001001000010100
0101011000010100
1111101011000111
1000011110110010
0000101010000100
0101111011110110
1100011010100110
0111100001000010
0110100110101001
0100111101011110
1001001110001001
0000101100001011
0010001100011011
0110101110101010
1011000011110110
0110100001000011
1111101101011000
1011000100101111
1010000010101001
0111000011001001
0011000011010111
0000101001000010
0111001010100010
0011011001011010
0001000111101010
0010100010011111
0001110111101011
0101101010000001
1001001011111011
0111010000100011
1100101011111010
0100011001101110
1111111111101101
1100100110010110
1010011010001110
0000110110000111
0010100110100010
0101101111001010
1011101001100000
0000010010000111
0100100000100010
0100000111100111
0100101101001111
1111101001001001
1000110100100001
1100010101100010
1000100100000100
0010110110110000
1100101000000000
1010111111011111
1110011100001100
0001100101111101
0100010011111110
0100101011101101
1010000000110100
1111001000010101
1010101000010101
0011000111000100
1001011111000111
1010001100010101
1110111111111100
1010110011011111
1001000000011100
0000100000101111
1111111010101011
0000000000001101
0100010101011011
1011001001011011
0111111001011101
0101011111000101
1101101010011101
0000010100100011
0011110110011000
1000000001011111
1101110000000101
1111111011110010
1100010100010101
1010100000000010
0011110001001000
0101100010110010
1010010110101101
0000100111101100
1011100110000110
1111100011000100
0000011111010011
0001110110110011
0000001011101011
0100000101011010
0100100011100000
0100010111010111
1100101111101001
0100100010110100
1101010000111011
0010110010001001
0000110000011000
1110010011010101
1001001101110000
1011001111010100
0100011010100100
0000111010110110
0111110001000001
1110010000110111
0110110111001101
0010001111010100
0100000000111100
0001001010010000
0000000100011010
1100110001010011
0001110011001111
1001001111110100
0110111101100001
0101100101011100
0100001001101000
0110000110111111
1100111100010000
0100100111101000
1100100001001010
0101001111011010
0101000011010010
1110100010001010
0011100111111101
1000100111011000
1100001011100100
1111001110110010
1010010010001010
0010010101100000
1001011011000111
0000011010011000
1000001010100010
1000001010111001
1010000000010111
0111110110100111
0000011101011010
0101011110100000
1110000100000001
0100110000100110
0101010101101100
0110011011000101
0010101001001100
0000000101100110
0011001100111110
0011011101111010
0010110001110101
0111001011111100
1100011001100000
0110011010000110
1000111000101000
1110001000011101
0111111010000100
0100101010001101
0110111010000010
0100111011110110
1101011011001000
0100101001001000
1111100001100001
0111010111010001
1100100010110011
1111001010110001
0100011101010100
1010000101010100
0101011001110110
0010101011100010
1000101011111011
0001110000001011
1010100110001100
1011110001101110
0100000011000111
0010010111101000
1111010100110011
1100001101001101
0111000001101010
0110100100010110
1010110000111000
1101001001100101
1101110101000000
0001110011000100
1010111011100001
1001110010100001
1010110001100000
1111001110010011
1000110001100111
1001010110101010
1001010111011101
1101000101010110
1111100001111111
1001111111011111
0101111101111011
1111110101110001
1100011000101101
0000101111110010
0111011111001001
0101111110100011
0101111010111000
0110010011100001
1011111110010110
0001110001001000
1011111010101010
1110001110110001
1110101111010001
1011001111000011
0110010100010111
0001110101011000
1011000000010010
0110011000000000
0000101001000010
1011101011010010
1001110001001100
1101101010000111
1111001000101010
1000101101111100
1100000101011011
1000001001001001
0100110000101000
1011111111010110
1010001001100100
0000000101110100
0001110010000100
0011100101110000
0100011101010111
0100100000101011
1000100010001110
0111000100110100
0010011011001000
0001010111111101
0001010111001001
0110110000100101
0010000101110110
1001010111011110
1001111110010000
1101000111110001
1001001110100010
1011100100111011
0000001011110010
0010100101111000
0111101111010111
0100111101010111
1011010111100001
1011001000110001
0110111111011111
0010000110011000
1000100001011111
1100010111000101
1101111100110001
0000000110110010
1011100101111001
0100101010100001
0111110110010100
0110110001111110
0100100100000110
1000010111111111
1100101011110111
1110100101101111
1110111010000001
1000111111001000
1111001001100010
1110101000011101
0110000000100100
0001010001001010
0101110101101011
0111001000010011
0010101110011110
0001111010101011
0000110010101010
0001110000001000
1011101111001100
0110001101111110
0011100001101111
1111000011010001
0001011110111001
1101000111010101
0001011001011001
1011010111100000
0111001001010010
1110110010110101
0101101000001110
1111010000010010
0001111101111001
1111110010110110
0000111110001100
1101010110101110
0111010011011101
1011010101001100
0100000101110100
1110110100111010
1110000000000100
1011111011100110
0011101000001110
1010001100110000
1111010101101101
0111101010101101
0001001010110101
1111010001010010
0101010100110111
1011100001011010
0001100110001100
0010111111110001
0010110000111011
0111111101010100
0000010000101000
0011011101001001
0001011000010011
1001000001110010
0110010111000011
0100101001101000
0010100011010010
0110101110000000
1110100000111011
1000101111101111
1111010001111000
0110000010110100
0101110000111100
0101111011000000
1000101111101101
0001011010011100
1000111000000010
0011101001100100
0111111001011010
0001011101100100
1010010100000100
0110011011110000
0110110110001101
0011011010111010
0100100011111011
0111110100010110
1001000010100001
1110000101011000
1111011101001000
1110101101111101
0110011001000010
0110100111011011
1100100101111010
0100000110011111
1011111111110010
0111111001000001
0010111101001010
1001011101110001
1000010001101010
0011010010110100
0011010011100100
1000001101010001
0110010001010001
0000101100100011
0111100001001111
0000010110011000
1101101001010100
1000011001010100
1000110100001001
1000111101001010
1101010111100001
0001000100000010
0111100001001111
1011001100100100
1001001100000000
0001000000011101
1101001001001111
1111000100111001
0100001001101011
0000010001111001
1100010101110011
1110100110010010
0000101010110000
1100110111100100
1111000001100011
0111011100010010
1110001010011001
0000100010000110
0101111010101001
1001110111111000
1110110100011000
1011010101001100
1110001001001011
0001011000101011
1010001010011000
1001010100101000
1000111011001110
0000111011100110
1010101111010100
0010000001110100
1111110000110000
1001110010111000
1101011100010111
0011110010000000
0101100101000001
1100010100001101
1001100100000110
0100010110010101
1000100101111010
1100001011100010
0101101010101101
0111001011011111
1010001110111001
0111011010100101
0010110110011100
0001100110010010
1101110001011010
1011011000011000
0001111010001111
0011000010100100
1101101011001110
1011101010100100
0101011000101100
1100100111001001
