1000111111111011
0111100101100000
0100011000010100
0111000100100110
0111111000000111
1111010100011100
0110010111100010
0100000011100001
0011010100111100
0111010011010000
0100110000000110
1110000001110100
0101011110111000
0000101010101110
1010010000010011
0011110011110000
0101111010011111
0011000010000010
1110110011001010
1011010001011110
1010011100000010
1100100001100011
0010001010101011
0100011011000000
1011110101001011
0110000101000110
0011100010101011
0011101000110111
0000011001110111
0001100011110000
0101111000001111
0101000011011011
1101011000101011
1011010001100011
1010101100001010
1100101101000101
0011111101000101
1111000111100000
0100010000110100
0000101001000100
0010110100110000
1011100110110100
0000111111011110
1011101010110001
1110110001011010
1011110111100001
1010001111101001
0010001011000101
1111100100100001
0111011110011110
1111001110100000
0000011010011000
0011100111011011
0101110111010000
0000110110010101
1100111110000101
0110010100010111
1111001110011111
1111000011000111
1100101000011000
1111111100101101
1110111100011101
0010100010100101
1111100011001111
0110101010101101
1110111111110011
1001110011001000
1000110100010000
1100100110111101
0010000011100000
0101001001101101
0111101111011101
1001010010011100
0010110110000001
1000001001101010
1111110011101000
0000011011110100
1000011000100101
0011110011010001
0100100100011011
0100101101111101
1101100111000010
0000010001101101
0101110001011000
0011110110100101
0111010110110110
0100001100001111
1000001001000111
0010000000011001
1010101000010001
1111110000011011
1001111111110010
1000110110011111
1111110110000001
0011001001110111
1010001010010000
1110010111101110
0100100100000100
1110001000010000
0000011011010000
0000000101010111
0001001110011010
0001000001011101
0110111011110001
1000101101111101
1010010010011101
1110110110001010
1011111100101100
1000110111100110
1110100110011011
1111000101010011
1111011110100011
1001100100111010
0101010000011110
1110001000001110
0101010110000001
0000110000100111
0011001101100100
0011110010001000
0110011011011000
0100000110111100
0010010110010011
0011111101101011
1010111011110011
0101111010100111
1001101111011101
0100011100100000
0010111010000001
1111010101000010
1111111001000011
1111010010110100
1010011001101101
1001101111101110
0001100101001111
0100100010000000
0110001000111111
1011111101001010
0000111000100110
0010000000101011
0010101101110110
0111010111010101
0101111111011001
0010001011000110
0011000101100000
1000100011100001
0010111000000100
1110101110101101
1111000001011101
1011110111101011
1001010000010001
1000111011111111
1001011001100001
0001100001011111
1010011110011000
1010000011001011
0010101000111000
1010101101000000
1111101011110010
0010111010100000
0010110000111001
0110100111111000
1000000000001001
1000110100110001
1011111010100110
1010010011101110
0001000011011000
0100111100010010
0111001111111110
1111111111111110
1110100111101100
0010010110110111
0101101100011010
1000000010011101
1101100001101100
0001001111100100
1100010111010111
0001001001011110
0001110111010010
0100100110011001
0110001101111101
0000010001110001
0010101101011000
1001110101110110
0001000010111111
1001011101100101
1001111100111010
1110100100100101
1101011000010001
1100011100100001
0000110000111011
0000010111011000
1100101010101101
0000100000100010
0001000011111111
1101101100110010
0010100101010100
1111000000001110
0001100010010001
0110001110111011
1011000100111111
0000011000110011
1000010100110101
0001101110111111
0111000011111001
1001010111100000
1001000110001000
1101110000111001
1010100111111101
1100010010011011
0010111101100001
0100100111000111
0000011101010111
0010101001000101
1100101101011100
1011000001100011
1110101001011100
1011011001110000
0010100000000001
1011111101101011
0011000100010101
0111110011001111
0011111000001100
0110011111000110
0110000001110100
0011111101100100
1110011011000110
0111001011111010
1000101111100001
1101100001001000
1111011011011011
1001000110010000
1101100011110101
1000001111101101
1001110010101101
0110110101101101
1001000010001010
0101010010110000
0100010001111110
1010011000110010
1100001100000011
1010001010001011
1011100111111100
0101111110011100
0001001110101010
0011101001001111
0010001101100111
0100011001111111
1110100001110011
1111000111010001
0000010101000011
0000010101000011
1001100001110011
0000000110110010
0000011001000100
1011101101010101
0101100101110101
1000011010000101
0111110101111111
1100011011001101
1100111010001011
0110000000101000
0100101000010001
0111010101101010
0111011001001010
0101001100100101
1001011001000100
0011100011101011
1110101010001110
1110011100101001
0010010100111110
1110011001010100
1111001000100101
0110110110010100
1000001010001010
1111111000010010
1000001001111101
1000011011101000
0001111110101110
0010111110110011
0010011110011000
0011011111101110
1010001001001000
1011101110010001
1000111100010111
1001011001010110
1101010110000101
1011101010101000
0101110000010110
1101011010011001
1010011010011010
1100101101110101
0110010011011000
0111110001111010
0001101011100111
1111100111001101
0000100111101000
0111010011011010
1011010101001110
1111101010111111
0110001011101000
0100110011100010
0011011001100000
1000111000001011
1111101001110011
1111110111011001
0110001001010110
1101000001100100
0100101100110111
1111011110000001
1010101001100100
0110011101001000
0001110111000000
1001011001001001
0011100001111000
0001111110010111
1110011001010011
1111011111001111
1100101001101110
1000101011110101
0101100110110010
1110010011101010
0100111111000011
1001101010011110
0011110000101101
1010000011111011
0010100011001001
1010100110100001
1000010111101001
1001000101110110
0011111010111101
1001011111100101
0101111011101000
0111100110111011
0000011011111011
0110001100000110
0000100011110001
0000000100101010
0001011011111100
1001001101100110
0011011000110000
1101000101000101
1101000001000101
1100000100011110
0011111010111110
1010000101001111
1011010001011001
0101010011101011
1011011100111110
0110110011001100
1011101000000101
1100010111011111
1101100001011100
1110010011000101
1110001101100010
0001101001111011
0101011101101010
1111011010010011
0111011000000001
0111111010101000
1011001100000110
0011111101001011
1010001000000001
1111000111110000
1101101000101101
1001010011011101
0101110110001011
1000000010010111
1010110110010001
1110011100000000
1101110110101100
0011110100111001
1100100011011011
0100011000100110
0000101011000001
1100010001111111
0010000111110010
0011010000110110
1011101001001111
1111101011001110
1011001110110000
1000001110000010
0010111100101001
1001100000011110
1111100010000101
1001101011011011
0111010110111001
1010001011011100
0001111111011110
0110010000010111
0011101001101010
0100001100000111
0111010011100101
0000111110000000
1010001100001011
1001011011010011
0111101010010101
0000011100111110
1011101111000100
0011000111111001
0101010001101110
0001010100100111
0000111100011001
1000010001001100
1101000011011010
1000101001100101
0001011000000111
0011010000001111
1100010100011111
1100110111011110
0101000100101001
0011100000010010
1011011110010100
0101000000100111
1011001000001011
0111000110110111
0001000111010010
1110110000010010
0100100000101111
1000010011100000
0100001000101011
0001001011110010
1110010111000001
1000101000000100
1101110101000010
0101000100001001
0101010011100101
1011101111101001
0100101000010011
1100010100101100
0111011111101101
1110100010011111
1010001011011110
1011010111010010
0010001000111010
0000110100101111
1000010101100001
1110011010000011
1111110101110110
0011001000000011
1010110011110010
1110001000010000
1010110111100001
0010110111011111
1011001111001000
0110001001101110
0010010000000110
1001010000110001
0001101000000000
1101001011011101
1000010100000010
0000111100001110
1111010010100110
1110110111001010
0010011011010100
1010101000101000
0100001010001001
0101110100100001
0111000010110100
1101011010110010
0011011100010101
1101010100110001
1001101010000000
1011011001000110
0111111110111110
0100111010011101
0110110011101110
1010010011100010
1000001001000001
0001111001110100
0010001111001000
0100010101110011
0101011001111011
1000100111001011
0100010101001001
0101111001110100
1101011100101101
0110000010001001
1000011011101010
0110100100110101
1001100110110011
0001101110010001
1100101111010000
0101001100100001
0101001110001010
1111101111011001
1101111101001111
1100101110111011
0001111101110111
0111101001001110
1101111110100111
0100100110101011
1101111011111010
1111011111101001
1001011000000010
0011010000100111
1111100001111100
0000111010000101
0001110011110101
1101101111000000
0001101010001101
1000110101010111
0000110101111011
1111011100001101
0111010000011011
1111011001010000
1000011101001010
1101000100011110
0011011011100110
1111000111111010
1101100001001001
0010010010010010
