1101111100001110
0011110001010101
1110110110111111
0001100000111000
1100011011000100
1101100101011001
0101001010001101
0101110001010100
0100001010100101
0101000001011011
0000011011000111
0010011111011110
0110100000101111
1011111010100000
0100011000000101
1000101011011000
1001011110110010
0100111010101010
0101010010111001
0111110011011100
1111101110000010
0110011011100110
0110100101110100
0001100000010101
1100010110000110
0110101111101111
1111001001011100
0100100100110011
1011100110110001
1001110010101101
1001001101110011
0100000011011101
0000111011111111
0101010101011011
0010000001100010
0100000001101001
1000111111101110
0011110101001000
0001100100000110
0100101000011000
1000101000001000
1110000110001101
1111101111100100
1001111001110011
0001001110110101
1000110110001110
1110101111101101
0111111101011010
0111101100011011
1111101001110101
0110111000001111
0000110110000111
1101010100000001
1100100100100100
0110101101000101
1010000011110100
1101110111000110
0010111010001011
1011010100100011
0110101001100010
0010110100110000
0011011001010000
1101100111110001
0000011111101101
1110101000101111
1000110010011010
1001000010011010
0110001011101110
0111000011110111
0010111011101110
1110100010111001
1111101101010011
0101001011000111
1000001110000000
1001100011010010
1100010010010000
0010000101110110
0010111001111000
1110001100000001
0100000011001100
1111010111011101
1100000110101011
0000111110010101
1010000101011111
0001110011010100
0011100011001111
1100100101001000
1111111011010011
0110110001010010
0100000101011011
1100000110000111
0010010011100000
0100010101111110
0000101001111010
1000111000101110
1110010100111110
1000001001111100
1111000000100000
1001010011010111
0101101000011011
1100110100010111
0001000010100010
1111111111011110
0101101101111100
0001110110000111
1110100010000011
1100100001010111
1011101101110111
0111100001100000
0101010100000001
0101010110111000
1101001110100111
1000010010000001
1010010001000110
1010011111110001
1000111101010000
1010001101110110
0111001101101001
1110001101000010
0011100100000000
1100010011111010
1001010001101000
0001101111001000
1011111010111000
1101001010000101
0001010111000110
0010101110110010
1111110111011001
1100111110101000
0000000100011010
0111001110001110
1011001111100010
0011011010101011
0010010001101000
0111100100111000
1010011110100000
1111000101111011
1010011010010101
0010100101100011
0000100000101000
1100110111001001
0110010000111011
0101011100010011
1000010101101111
0010111110011101
0101100001011001
1100000011100011
1001100110010010
1100100111010101
0101001101101110
1011011101000100
0010000011010111
1101101111010001
0100110010110100
0001010000111100
0010010100001110
0001100000011111
1000011101101101
1011011111110000
0101110101001101
0101101110000111
1000100011001010
0111100111011011
0000000100010001
0111011101111001
1011100111100111
0110011100110100
1110100011000001
0101100000001101
1110110111111010
1110111001000101
0011101101110101
1101000001110110
0011110101110110
1000110001010101
0010000110111111
0010100011010101
1110110000011101
0000110000100111
0000100000001111
1000011111011010
1000010011100001
0001111110001101
0101011001001011
1011111110000100
0101111101010101
1000011010010011
1101110110100101
0000011100010110
0101110110010001
0011111010011110
0110111001110010
0011101011011001
1100011101100111
1010111010010111
0111000011000101
1110100110100100
1011000101000010
1001111000111101
0010010001111000
0000110110101100
0100001010011111
0100100100001001
1101100100000101
1111111011111111
1011001110000001
0110111010101011
1011010001000000
0110100011101000
1100100011100100
1111101010101011
0001111001010000
1001011100001111
0111000011101001
1111011101110110
0000111010001111
1000001111011001
0001100110111010
0100011011101101
1101001010110101
1001110011010111
1010111101000000
0110001010100010
1001101010001110
1110111110001101
0110011010101111
0000001011101111
0000100101010010
1001001111101001
1111001000011000
0000100001001101
1000111101100010
0111100111000110
0000111011011011
0010000000101111
1000111111100110
0000110011000111
1011110010110011
0110001100000010
1011000111100101
0000101111110000
0111100001000010
0010001001000100
0101111000011110
0001101111100100
0101001000110101
1011001101110110
1011101011101010
0110001101000010
1110001011001111
1010001010011010
1111101110000010
1010110010001101
1111100011111110
1100011000110110
1011001010110100
1001000000111010
0001100010111001
1011100011000101
0000111111000000
0000110000110110
1001010110000110
1010001011110101
0100110001000110
0110000010110100
0101010011111010
1101100001101111
1110111011100111
0010110111100110
0100111010011101
1000111001101110
1010100010110100
1111000111111000
0100000011110110
1010111010011010
1101010111001100
0011111000000000
1111100111110011
1110011010101101
0100001000110101
0101100001001000
0001110000101101
0010011100111101
1101100001011010
0100001001001010
1000100011111101
0111001011000011
0111110111110001
0000001001011000
1000100110011011
0000110100100111
0011010101110011
0110111001001111
0010101000010000
1100111011101100
1100110110001110
0010100001110010
1000010100011011
1100110101101001
1001101111110000
1110101100111100
1011001001110101
0110011110110010
0011111001010100
1011001011110010
1101100000011111
0001111010001011
1011101000111011
0100101010001010
1111100000001100
0101110100111010
0110111111100110
1011101111011101
1110101000000101
1010001010000110
0010001000000001
0001001000011001
1010100111111011
1101000000011001
1101000010010101
1100100011011001
0100111111000110
0100000101101101
0011110011010010
1000000011001011
0001011110000100
0000101010010111
1100101001110111
1111000010011010
1110000000100101
1110111001001011
0101010100001011
0011000101011111
0101001001001010
1010011001110001
1100001001011100
0110011101000010
1110010001101011
1000100101000100
0110101010010001
1101101101101111
1110010010011001
1000010111011001
0101110011000010
0100110101000010
1010001000111001
1001010000001101
1001000100111100
0111011100001001
1011111101101110
0110011111111001
1101110010101011
0010011010001001
1011011011100000
0101111000000101
0011101111100000
0001100010101111
1010000000111101
1111011100011001
1000001001000111
0001100100011111
0001000101111010
0011110010101101
1101011000111000
0111010111000101
0000001110100000
0110100011011001
0100110110101000
0010100011101001
0101001100110011
0100100100100000
1010010010110001
1100110110011110
0111101000010100
1000100111111101
1100011100100101
1011011000110111
0110101000000100
0000101001001011
1011011110010001
1101101001000011
0010011111001010
1100000000100000
0010111111011111
1101101010101010
0101001111001010
1011000110100110
0010111101100000
1010110100011111
0101011010101001
1000111000101100
1110011001101101
0001001000101100
1000101010000101
1111011101100011
0010100110000100
0100011010100001
1100000111101111
1001110101011001
0110110100010110
0000110100110010
1110010110101000
1010000000101010
0111111000101100
1001000101101111
0100010110110001
1001111011111011
1101010000100111
1111001000011101
1010101010011110
1010101100011100
0010001100011110
0111011000111000
0111111110011001
1100101110011101
0110000111100100
0100011100001111
1011101011001010
1000011011000111
0001010100101001
1101110101100011
0010110001000011
1010010001101111
0100001010001010
0101111101100100
1110110011000000
1111111110010101
1101111001011001
1011000101101111
1110010000110101
0011011000111111
1001100110001010
1111010101100010
1011101010101110
1101010010001000
1111010100000001
0010010011010011
0010101110111001
0111110001101111
0001110010101011
1011111100101101
0010001110001101
0010100111011111
0100100110001110
1110100100101110
1101111011000011
0011110111011110
0001000001110111
1001000111011010
1101011100011001
1000101000010010
0010110000100000
0000010111100100
1000100110100010
0101101010011101
0010011010101001
1101101101111110
0001010111000100
1011111001111110
1100111100010101
0111000001111001
0110111110110011
0010110101001111
1111001001010101
0110100100010100
0110011101100100
1010010010001000
0001011001111110
0111001101101011
1110001010110110
0000101100011011
0110110100011110
0111000100010100
0100100010100110
0010111111011000
1111100001011010
0111000110011011
0111000010010011
1001100010000000
1101101100100011
0101100101011111
1011010111110011
1100110000110011
0001111001001110
1000100010000010
0001101001010100
1000101111001101
1110011011011011
0111000101101000
0100001010110110
1010000001100010
1010100010001110
1100011000110010
1100001100010010
0001011001100010
0100011000101000
1100101010101000
1110100001111000
0111001011010111
1000001111111000
0001111011110001
1101101101111101
1110001110111010
1000100100011111
1000010110000100
1111001011010110
0001001111100110
1110100111010010
0110010111101000
0011110000101011
1011110010111000
