0011100110100010
0111010010110101
1101000101001100
0101001011001110
0000010110111101
1100001111111111
1001010010010011
1000111010010111
0100101101000110
1001010010101010
0001111110010000
0011100001111011
0101110110111000
0110010010110011
1010100000000000
0100000001110100
0000101001110000
1001000010110101
0101001111000110
1111100101101001
0011001110101000
0000101010001110
1101011010001111
1010101101001010
0010101011011001
0100101010100011
0001011000111110
0001011011111000
1100110000101001
0101001110100100
0001001100011110
0100010110001101
1100100001011111
0001100001101111
0100111111111110
0001001110001111
1010101110010011
0001010011000011
0101010001011011
1110111000101010
0010011100111111
1110100010111100
0111001011100100
1001001110000101
1111101001100111
1111100000000110
0010010111100011
0011110010010110
0101111111010110
1101111110001000
0000110111111100
1100110011011101
0101010010001101
0011010111000011
0001001001110010
1100001110110101
0101111001110110
1011011110001001
1011011111111011
0001011111011010
0101001100100101
0101100101011110
1101000100001011
0111010010101111
1010111010101100
0110010000000000
0011110111110111
1011101000001001
1111101011111111
0111111100100001
0001100011001000
0010110010101101
0001111011100110
1000010111101100
0001001100001111
1101010001111100
0010011110011001
0111110000001000
1001110011110101
0011010101110001
0011111110000100
0110110011011101
1101010101110011
0000100011001001
1101001111011101
0011000111110010
0101000100101100
0001001011100111
1010010100001100
1110010110011100
0001111111010100
1101110110100101
0101011010101001
1010111011110100
1110101010111101
1101000101000000
0011010000101110
1001011101101110
1000001011010011
0110110110000001
1011000011000010
1101000001110110
1100111001001001
0010001010100010
0011101110111101
1110110001010001
0111010100110110
1110101111001110
0011101001100000
0110111000010101
1010000101111101
1110000111111100
1011111100100111
1010111000100100
1101011101011011
0001111100110100
1001011111000001
0011010001010111
1100111100010001
0110100100001011
0100000001110011
0011100010100101
0100000010010011
1110111001000000
0101101000101111
1101000011100011
1110001110001111
0000100100100001
1000111011011001
0101011100111110
0100101110111101
0010101111110100
1001000111001100
1111101001110000
0000101011011111
0100100001001100
0001011111010100
1110101100100011
0010100111001011
0010000010110011
1011100001000110
1100111111010010
1100100011010010
1001010111010010
0111001010010011
1011111111101110
1001001101101011
1001100010010000
0110011001100110
1001110011001110
1000001110111100
0001011100011010
0001001010000101
0000001000000010
1101101011000000
0000101110011001
0110111000001100
1111100110001010
0100100101111111
1100110010101110
1110001111001100
1100000000110101
0110100010100111
0000000111111011
1011010010011000
1010001111101110
1001110101111100
1011000111110110
0000010110000001
0011100111010111
0011010100100110
1101110110110010
0100101001000010
0001110101101101
0000101000111101
1111010001000101
1100110111011000
0110000110101001
1100101111011111
1110001110001001
1111000011111001
1001100100011100
0000001100000000
1101000101101110
0011111101010001
0111111101000111
1101000011000000
1011001000001000
0000010011000001
0101000010011100
1110010110100100
0100111110100111
0111001100011010
0110111111000011
0110111001011011
1010110011001010
0101010011000010
1100010001110000
0001001000101010
1101111000011111
1110111010101010
0010110111100101
0101011001001000
1001000111110010
0000010101001101
0101110100001100
1101101100011110
1100010101110010
0100011110100001
1011100111101110
0101110010101110
1001000100001011
0110011110111000
1110100011101001
0101001010100100
0111010101110010
0000100110110111
1111101110010110
0100100000101001
0001001011100000
0100101010001001
0101000010011100
0000111010111101
1101010100101100
1000000000101101
0000110101101101
0101110101001101
0001011001001111
1011001101010001
0101100001000010
1000110101001110
0001100100001010
1110110000010001
1001110111100011
1100110101001111
1101101011110100
0100010111010010
1010000101000100
1101111100001110
0001101100011111
0010100111100111
1010011111010010
0110101011001001
0111110111000001
0111001111011010
0100111010100111
0111101111000011
1010101110001010
1010101001011000
0001000010101100
1000101000010111
0111100000110001
1111000011000011
1001011111010111
0001101101011011
1011001110100100
1000000111000100
0110011100101110
0110000001110000
1100100111011011
1101001100100010
1100101001111111
0100011011011111
0001011100110101
1001001111001111
0010101111000011
1100010110111110
0101101101100100
1000001100110000
0101111101100000
1010101111010000
1000011111011111
0011110011101011
0010011001001110
1111111110110000
0101001110100010
0100001110010111
1100111101101110
0011111110101001
1110111000100011
0001101001101100
1111001010101010
0111110001000010
0010100111111111
0000010101010100
1011101100001011
1010000110100010
0111111111010011
0110000001111111
1101000101101111
1011011100101000
0000110011100010
1110000110010111
1010110011100111
1100111001101001
1010100000000111
1101000010000011
1011011010010100
0001001100000011
1001011010010010
1100100000101010
1101110001011000
1101010101111100
1011010110110110
1001010111110110
1011010000100010
1111011010011001
1001101000110111
1011111001000110
1010110111001010
0010011111010000
0101010000001011
1111110010111110
0101001001101001
0100000110110000
1111111100010001
1110001011001101
1000011111101000
0000111100010010
0010100011101000
0111100101000101
0001110010100010
1110110111011101
1000010011101000
0011101110001010
0010011101111101
1111000000111110
0101101110100011
0110011000011011
1101100000111000
0101101100111100
1110011011001011
1100111011000011
1111000111101001
1101111111000010
0100000001110010
0000101000110110
1110000011001100
1111010000011001
0011110101100111
1101100110001111
0001111110010110
0001000111111000
0111000000001000
1101001111101100
0011011111101110
0011100011011011
1000001110111110
0100100100110011
1100111010000001
0111100000010111
0000010101111001
1100000101010110
1001101001000001
0010010110110010
0011011101011000
0001000011000001
0110111011100110
0010001101011101
1000010111101111
0100011001001000
0011100011111101
0001111100001111
0011011110101110
0110001010110000
1000110000000101
0101011011100010
0000010101001000
1100101010000010
1101110101000100
0101111010001101
0001100001111000
0001110000011011
1101010101110100
1110100100110010
0001110010011110
1000100001000110
0100110001001011
1000100110101100
1111001110110010
1010100110100110
1100010101001101
0110110101001011
0001101111110101
1001001001101000
1000011101111110
0101110100000101
0011110101110111
1010001111011001
1001011010010111
0100110001110011
1000111101110111
0001110111000111
0101101011111000
0010001110001000
0010011110100101
0111100010101111
1010110110001001
1000010000110000
1100010000000000
0001100111000011
1100110001100000
1000011011101011
0001110111000011
1110010100110100
0101101001000111
0011000011110011
0000101010010011
0011000111110000
0110110110111000
0001101111000010
0110011111011100
1100000110101100
0110101010100011
0111000110010111
0011011010001101
0111001101010111
1111001111001010
1010100010000111
1011110001111001
0110011011111001
0001000110101110
0111010111010000
1011101100100000
0100000100011100
1010111111001000
0001011000001011
1110101101110101
0111011010001101
0010100010011010
0001000000100101
1011000000001000
1000111110110001
0100010011001111
1110111010010000
0101011011010111
1010010100011100
0101100001011101
1001100111110101
1100001110100000
0000010100110110
1000100001100100
0110110101110011
1101001011110011
0100000111001000
0011011111000111
1111010110111110
0011110100000101
0011110011000100
0011111010000010
0001011100110000
0101111000111100
0001110100011101
1010110011000110
1000001100011110
0110100011110011
1011000011111000
0110000011111010
1001010001011000
0001101000111001
0110100001101110
1100011111100111
0011001101111111
0100010000100111
1001100111010110
1111100010110000
0111010111010000
1001001000010000
1100011010101001
0110101001011000
1010101101101110
0010101001001100
1001111011100100
1100110001111111
1011111001100011
0101111001110011
1100110111100001
0001010010000111
1001101001110101
0111101010000101
1010100101110000
1110011110011111
1011111001110110
1001110110110011
0101001110110111
1100000010111011
0100100110010010
0010111110101001
1100011000010110
0010000000011001
1101110101000101
0001001101111000
0111100010100111
1001010011001111
0010000110111001
0101100010000011
0110001010101000
0111101100000010
0101110110000010
0100001101000000
0000111110011000
1010011010111110
0101110010101100
1101100111010110
1011110101100000
1111100010101011
0101101001011100
0001000100110110
1111000001100101
0101001101011010
0110001100101111
