1100110101000110
1111000101110110
0110001010010011
1011011010010010
0111000101110101
0011000000010001
0101100010000010
1110101010010001
1101110101110001
0100010111011011
0010011000100101
0010011011010101
1100011110000111
0100000001111011
1011000100001110
0010001011110010
1011101100101011
1000010000111100
0111001001000011
0010111110101110
1000101000000110
0100001011111011
1001011100011100
1011100110010011
1001001100001011
0000111101010000
1001010001000011
0110001000100010
0111011100000010
0011110111001110
0100100001110101
1010100111101110
0111010100110110
1110100011100101
0100110110110011
0011100000001001
1000000011011111
1000011011011111
0001000111011101
0101101001100010
0111011010100001
1101101011001000
1101100001000101
0100111001000101
1011111010110101
1010011001011110
1110111011000111
1110111100010010
0010111000101000
1111100110110011
1000001001100100
0100000010111011
0011000000010010
1111000001101101
1100111011010001
1010111001100001
0110000110111100
0001011110010000
0111110101110000
0110100010110010
1101011111000101
0111010011010011
1101100000101000
1001110101101111
0110100011101010
1011111101100010
1110100000000111
0011000000100111
0101001010010011
0000110100110001
0100101011100110
0100100011111001
1101101110001110
0100101011111001
0110111110011101
1101011010110100
1010000010111111
1101111100001101
0001111100011111
0100101010000110
0010001100111111
1110011111101111
1100100100110101
1101100100111000
1101110111010111
0001000001001110
1100000010010110
0100001000001000
1100101000110001
0001001010001110
1101011100110111
0101001110111010
0110100000000100
1011000100010110
1110110100001011
1011000010100110
1110100001110010
0001101101010000
0010001111100000
1001000000111001
0000100110110011
1110100010101110
1011001001110111
1001001001000010
0000001110111100
0101100011111111
0101000110000010
0101101100010011
0111110001100100
0001010100001011
0110100110000100
1110011111110001
1101011110101101
0011110000001010
0100000011011110
0110010101100101
0110110101111101
1010100000010101
0000101100100110
1100111011101110
0100101000110010
1100000100101110
1001011101110010
1000101110111011
1110111010111101
0101000010010010
0110100101101110
1010100111011100
1101100001111111
1111000101010010
0001011011100000
1000010000110010
1010100110111000
1101100001001110
1100111010011101
1110101110010111
0111101000100000
0101101110000010
1110011100010001
0100101011011010
0111000001111010
1110101000010000
0111110110000000
1111110011011100
1011110111101001
1100100011000100
1100110010010011
1110001100000011
0010010010010011
1001111011110111
1100010011111001
1110100001011101
1100010011011001
1010110110111100
0010011101101000
0111000110100110
0000000011000100
1001010111000011
1110001110101011
1001010111110111
0010010101111101
1100111000101000
1101100000011111
1110100000100010
0100100111111011
1000010010101011
1111100001010001
1110010011010111
1101011000100111
0000011000110010
1111110000100001
1110010100101000
0011000101010010
0000110011100011
0110100101001011
1100011100101011
0100100110001100
1111001101110101
0111111110010011
0111000110010001
0101011101010000
0000011001110000
0100111011101100
1001111101001100
1101111100011100
1111111010101001
0111111000111001
0001001010001000
1011111010011000
0011000001001101
1101100101010100
0000111111010100
1010111011111100
1000100001001111
0011111101101110
0100001011110010
0010011110011011
1001000100100011
1000101101101000
0110110000010110
1000011000001100
0111000101100101
0001101010001010
1101011110001111
0101010111011011
0110011000011001
0100110101000111
1001010101001110
0011101011110100
0100100100101111
1101101111010010
1010010011001111
0000010100011011
1101000001110100
1111001110011011
1111001110100000
0110111110101101
0011111001100000
1101110001111010
0110100110010010
1111010110100011
1101010110010100
1100001101011011
0111001111110111
0111001100101110
0101011000001011
0110110101111111
1101111101111100
0000000001110001
0011110000101011
1011101111000001
0101100010011110
1110111100010001
1101000111000101
0110110000011001
1010000011000101
0001001010110000
1011010110100100
1001010011110010
1101100101000110
1011001010011111
1010010001001001
1011011100001110
0010111011111011
1000110010011000
1011010001011100
1101100010111111
1101010100000100
0000100011100010
1010000000000111
1010100000111101
1001111100010001
0010100000100101
0000100101000101
0101101111110000
0000110001001101
1100100010011001
1100010111010100
1100011011010101
1101110101111101
1110101011101011
1010110000000001
0011001100000101
1100101000001100
1110110101100001
0101000101001000
1101110110101110
0000101010110000
1100110111110001
0110011101111011
1111111110010011
0101100000010100
1010000011010011
0100111100111011
0001011100110000
0010000111011000
0110101100110101
0101011011100010
0000110111100001
0110100101010001
0111011011001100
1000100000011010
1100100001100101
0100110101100100
1000111101110000
0110100111111110
1110001001000100
0001011101011011
0100101101011101
0111000100001010
1000011110111000
0001011100110111
0111000001100100
0001010001100010
1011010100111100
0000010100111001
1010101010000010
0000001010010000
0101110011011000
0000001100000110
0100010011101001
1011100011110111
0110010011101110
0111110001011101
1011010110111100
0001000001000111
1010111100100110
0000000000100100
0111100010011101
1011110011011011
1100010000011001
1100110111011000
1000110111110111
0001010010010010
0101111100001010
1001110011100011
1001100111001000
0011011110101011
1110011111100110
1101100000111010
0011100011001000
0111001100101100
0111000011010110
1101010101111011
0110110100010001
1101001000000111
0001100100110000
0100000100000110
0001111001111110
1000101100001111
1101001100111100
1011111100000010
0001001001001010
0110111001111100
1000110100101000
0011101110100001
1110100010101110
0101000010011010
0001010111101011
0001011100101011
1101011001111110
1110001000010111
0010001110000111
0010010000100110
0110010110000010
0010011111001000
0110001011011110
1110111101101011
0101001010010110
0011000110111100
0101111110101101
0010101101000101
1101011000111101
0101111011110000
0110111100101011
0001010111011001
1001110000111011
1001011110100101
0010000000011000
0111000000110010
0111011011100100
1100000011011110
0110001011101000
0100110100001001
0111000001111010
1100100100111100
0001110111100100
1010101111001110
1110011100000100
1100100100001010
1101100111001001
0100100110111110
1010111101001010
1010000011101100
1110011011110100
0010001101100000
0100000101001111
1110001011101000
0100000110100100
1011000000110010
1010010100111011
0000101101011111
1101011000001111
0001010001010100
1100111010000100
0001100110011110
1010000011010110
0100110010111101
0010110010101101
0001001100010010
0000101010110110
0001001010110010
0101011001010110
0011011100101100
1111101010001111
0000000101101110
1111100011000110
1110101111010011
1011110101000001
0101001010111010
1111100000101010
1000110100001000
0101011011010101
0100101011110001
1100001101111101
0100100000101000
0100000100010100
0011100000000111
0001100101101001
1100010010111011
0111011111010011
1010101100010100
1111111001001010
0000100100000001
0011100110000100
1000100100111100
1010100010001011
1001111001110000
0101010111111000
1111011001101001
0001011000100111
0100100000001000
0011110000111011
1100111100100100
0100110010110110
1101111001111000
0001001101010010
0111100101001011
1011110010111101
0100110000000100
1111011011001110
1000011101001010
1100010110011111
1101110000111011
0110110101000100
0001100001010101
1011111010110101
0110010000010100
1110111010101000
0011110100000110
1100110100110111
0110101100000111
0001010000111000
0001110000101011
1010100100011001
1110111101111000
0001010000000100
0000101001100101
1000100010010011
1101100110010111
1100111000011010
0111111100110111
1001100010001011
1100010011110001
1100000011000001
1100011100111100
1010110001100110
1111000111101100
0110111111000111
0100101011001000
0100101101110100
0110100100000110
1111111001010000
0111011101001000
1101100110111011
0110001010001000
1100110111100111
1101101101011001
0111101110101000
0011101010011100
1001000100010000
0000011101010101
1110000011111110
0010000011101001
1001010011011111
0001011100100011
0000010100010001
1010010001110011
1001000010110111
0111000111000001
1010100001100000
0011100000111000
1100010000100010
1111000110110010
1111001001001100
0001101110110010
1000010000111111
0011001000100111
0001010010010000
0011010110110011
1010100001100010
0000010100110001
0111001110111011
1101100111110101
0011000100101111
1111001100101010
1011001101001001
0000011010111010
0101001101100110
1011110010100010
0000111111010100
0011001100011000
0001100011100111
1000010110011010
0011100100110000
1101111101111101
1011000101010111
0110100011101010
1100100101101110
0000000110010010
1000011001011101
