0100001110010011
0100101011110011
1010001010010110
1101010101000111
1110111001011011
0000111101010110
1100110101110111
0110011111000100
0001001111000111
1000000010010111
1101011110001001
0100100010111001
0100000011001111
1000000101110001
0011011110011001
0101010011011110
1101100100011101
0010000101000000
1111010011100000
1100100101111101
1110000111001011
1011111100100011
0110001101011100
1100111001011001
1110000011101110
0101110011110010
0001011100110101
0101111101111110
0010000010110101
0111101010010110
1001001001000100
1101111010011011
1000001001001000
0000111100010110
1011101110111010
1001111011111001
0101110100111000
1011100101011001
1100100010101000
0000010000101010
1100000010101010
1110110010100001
0010101001010100
1010111111000011
0100111001011110
0000010010001010
0101001110000000
1101000100010000
1111011111100000
1100101111110110
0100001000111101
0010010101111001
1011001010010010
0011110110011100
1100111100100000
0101000001101011
1110011101100000
1110000011101010
0001110001101111
0010110110011001
1101001101000001
0011111010111100
0001010110100100
0011010000111001
0000101111101000
0000101101001001
1001001111101010
0001000000011111
0001100010110000
0011001111111111
0101110101110110
0111110111111001
0000010101010011
0000110110010111
1010011100010100
1111011011101010
1110101010000000
0110010101111111
0110101001011101
0001000001100000
1000101000110001
1011110111110011
0111110011110100
1100100011001000
1000100110101010
0000100101101011
0001000111101110
0111100001001101
0011100110010010
1111000000010001
0111110101010100
0000001101110100
1110000011011011
0100000110000111
0001011010010110
0111010011101110
0001101111011101
1100110100010110
0011011110010000
1000000011001011
1001101001010010
0101100101011101
0101110000101011
1010001001000111
1111000101111010
0101001111111010
0111101111100110
0000000101010001
0011011000000110
1001111011101100
1111100010000001
0001111100101011
1011110101111101
1011010010001011
1110100001100000
0101101011011001
0101111111000000
1101100011010100
0001101010010000
0001111011111000
0001100101110010
1100111100111011
1010111100000011
1001111001000110
1100101100100111
0111010110110110
1111100100111000
1100010100111011
0010111010000010
1000010000100010
1010111100110101
1010000000010010
1000101100100101
1100111000001110
0011111001001111
1000010000001001
0010101011101010
1111111001010011
0000001100001110
1010001111000001
0000111110110010
0001011011011010
0111011010110000
1110010101100000
1010010101111000
1001100111101101
1100110010101011
1101000101011001
1111001011101101
1101000010101000
1000100010111110
0011001110011110
1011000111010000
0000000101101001
1110001110001010
1101000010111001
0100001001010100
1011001100100111
1101111110111010
0001001101100101
1001000010001110
1010101110101100
0001010101000101
0100001100100001
0110000101110001
0010011100000011
0001000100011101
1010000001011000
0011101001001001
1011110111011100
1100011010111011
0111110001111101
0110010101000100
0100001110000000
0011010000000110
0011011011111011
0010011111100111
1010011000101011
1010011010000010
0000011010010101
0011000111111111
0110011100101100
1111100010101010
1000010111110110
0011000101101110
0100100000001010
0111011011011000
0000101100001111
1010101111110111
0100001011010100
1111100100101000
1001010111101010
0011100000100000
0000101101101101
0101000000101110
0011111001011001
0111010111010001
0101011001111111
1110010000100110
0110011101110101
0100010100100100
1011111010011010
1100010001000011
0010001100110111
0010110111010000
1100100111010110
0101100101001000
1100100111110101
1101000010010110
1010010011101011
0111111101000111
1100110010111000
1111110111001110
1100001110110101
1100011111101110
1010000101111100
0000001000100001
0010111001001101
1100010010001011
1001011111011101
0000101101110011
0010101010111101
1001111001001010
1001011100111011
1101010011110000
1110101011110001
0000010111111001
1100110011011010
0011100100001111
1001000100000010
1100011111000101
0011010011101111
1001110010011100
1010111111100111
1011111110000001
0100001111101000
1101001000111110
0111110100110011
1111110000011010
0110011100111001
0100011010101110
0000000010100100
1010111110101100
1101011110001101
1110101011010001
0101100101110001
1010110010101110
0010100111100000
1101100011110101
1010101110000001
0111001110100100
1011110010000011
1111101111101111
1101111110101110
0010010111111000
0000100011111001
0001111000000000
1001010111011111
1111101111010010
1011110011110110
0100000111101100
0011011001100001
1110001010101101
0101011000110101
1011001101001111
0001110111111110
0011001111100101
1100010011100101
0010010100101001
1111010010100001
0101101100111001
1111010001101011
0111100110111100
1101111100110001
0101010011010110
1110100000111010
1111101110010110
0001110111011110
0111110111100110
1110000110001000
0000111110010001
0001001001100101
1100001011110011
1001100111011101
1111010100010101
0010110001101111
1111000111100110
1001011011100101
1001010110010111
0011001000011100
1001111001110000
1001001101111011
0011000001100000
0011010001100001
1011000001011010
0101001101101111
0100001001011111
1101001010010011
1111100101110101
0001100101100010
0001111101110011
0100011011110111
0011010110101111
0101101101101110
1000111100000111
1000010101000111
0011001101010101
1111111000010111
0000111110000100
0010110010110111
0100001000011110
0100000100001110
0000010101000101
0011101010001101
0111011111111110
1100011100000100
1011011100011010
1011000010001000
0010011100000110
0110000011101100
0010011010101000
1000011000111111
0100011110110010
1110000100000100
1010001000110001
1010001011010000
1111111010101101
1110001011111000
0110000010111100
1111000100000010
0001011010110010
0000111001001110
0110100011001110
0000011010010100
1011110100110000
1000111110000001
1101011001001101
1011111100100100
0111111000011001
0111000011100101
1101110001011101
0111111101010110
1010110101110101
1010001000010111
1110001001101011
0010101001100011
0111111111000101
1111011111000110
1110110111111101
1001000110010111
0110100111111000
0100010001001100
1001000110111100
0101010001100011
1110011111100000
0000100111100000
0000011010111111
1000010111100110
0000101100010011
0001001111001000
1110111101101010
0111110011101011
0010001111001101
0110011110110110
1000000001000010
0000010111010101
1100011011101111
1101100000001100
1011101101011000
0100110011011001
0010001011101100
0000011101011101
1001011111100001
1111110101010100
1101000000000010
0110010010100000
1001111111011011
1111011001101100
0111100101001111
0001110011110000
1111010110000011
0110011111111010
0010110010110111
1111100001110011
0110000001101111
0011000001000111
1101010011011000
0111011010101011
1001111101111101
1111001111000110
1110110110101111
1001000001100110
1010101001010101
0011110000100000
0001011100110000
0100101100100111
1001101011011110
0010000001100111
0111110100010010
0010011111010101
0101010101011010
0110011000000010
1111011001100111
0111010110101110
0110110000001000
0000010111011100
0101010000110110
1100000011100111
0111110101011001
1010100000111111
1101011100010100
1000111000101000
1111111000000001
1011001100000000
1000000011011100
1100100011101010
1001111010111100
1001111101111001
1101010000010111
0111100100011100
1110110011000110
1001111100101111
1110001000111100
1111000001011100
0101111100101011
0010111111110011
1100101000101101
0110100011000100
0110000111011100
0011001110011001
1001110000011101
1111100110111100
1011001110100010
1110100100101101
1100011001110001
0110101011000111
1000000001001001
0100110001000101
1000111110100101
1101100100000001
1010101100101010
1110111000010110
1001000101000010
0101101101101001
0011001010010110
0000000101011000
1001001101110001
1110101010100100
1001111101111110
0100001010101001
0001001110101001
1110110110101010
1011011000001001
1111101000011000
1111101010011101
0001010110001000
1011000011100101
1100010000111101
1111001110101010
1000100001000100
0111111111110101
1101010000100011
0000111000000010
1111000000100011
1110100001101010
0111110100001101
1011111110111000
1100110111000110
1111101000011011
0011000101010110
1001000101001101
1111111111000101
0011001100101110
0010111010011010
0000100011111100
1011110011100011
1111100000111101
1111101001111111
0001000100101011
1011100110111111
1110111001011000
1010001011110011
0011000100111011
0000110000110001
0001000010010001
0110000111011000
1000001110011110
1011110111101011
1100011101011000
0101000100010100
1010111001111110
0010010110010101
1100110011110010
1000010100101110
0000101110110110
1101000001011100
1000010010001100
1111110001000000
1101100110010110
1101001001110011
1010110101000101
1000110011101100
1110110111001110
1100011101100000
1100001110000101
1000100111101111
1000100001000100
0000001010110111
0100101000000111
0100100101010100
0011111011010100
