0000100011011001
0011100001010111
0101110001111100
1001111000011100
0000110100110011
0011000000000110
0001001011111111
0001111000110111
1001101100110010
1100010100110000
1111100001000100
1101001011111000
0001011000000111
0110001010001110
0101001110001100
0101111000001100
1100111011100100
0100000101101101
1010001001111101
0101100110000100
0001101010001001
1111001101110010
1110100101111101
1010111010100001
1110001101010011
1010101001001000
1010010110010011
0100110011100101
1101101110011100
0010001010100101
1011111110100111
0111101001111111
1001011000100100
0010100101111000
0010101100101110
1101111110010010
1100010001111000
0010111011110010
0101110110110111
1010000000000110
1111110010101000
1111101110010110
1110011000110101
0101000100000100
0110001010100101
0100010001001100
1110000000100001
1111100111101000
1110000110011110
1011010010100101
1011011010101110
1111101100000000
1000111111100101
0101110011000110
0010001011001001
1100110101010100
1010110010000110
1110010010100000
0110101101101110
1011001010100101
0110010100010000
0100011101001101
0101000011110101
1010011101111010
0110101001011000
0001110000011110
0010111000010000
0000100110110101
0110011100100011
0111101100101000
1100100100000111
0001110001010101
1011000010111100
1011101000000011
1110111010110100
1101110011110001
0111001010011010
0000011001011110
1000111111111011
1111000110110101
1100110101100000
1010111111111001
1110001101000000
1001010000011101
1110000100011010
0010000000010010
1010001011110001
0001001001101101
0100110110010110
0001001000010101
1101011010110100
0000010000100100
0110111110010100
0000101101001100
0010010000101110
1101000110001110
0101000001100101
0110111101100101
0010011111011010
0000011001100010
1001111100011111
1111100001100000
1100100000000101
1100001111010010
0101110111110111
0001100111000111
1000001101011000
0010001011011000
0010101010011001
0110011001011100
0100000001101010
1100000111000100
1010100110101110
0010001111011100
1001000010001011
0010110000001100
0100110111111001
1101000100001001
1000001101001111
1101011111100011
0111110101010110
1100111110110000
0000100001000000
1100010010110100
0100000000001110
1001100100111100
0001100010110011
1100101000100011
1001101011011010
1111101100101111
0100000111110110
0100111000111010
1011100110001010
0010011000011010
0010000110110110
0001000110010100
1110101011000011
1000111000111001
1011101111010111
1000010010001000
0101100010001110
0101001011100010
0010010010100000
1111010000111010
0011010101010100
0111000011111100
1001110010110101
0011110101011000
1111001111011111
1010011110100011
0101010010101000
1010101010110110
1000010011110111
0010101001000000
1000100110000001
1110010000100100
0000101100111111
0001111100001110
0111011000010100
0000010101011110
0101010101111100
0011110000010101
1100001010100100
1101011110000101
1000000100000101
1111111100000100
1001001011010101
1011011111100101
0101110000111010
1100110011100100
1011111111100111
1110101101100110
1101010001010100
0110011001011101
1110001110001111
0010011011010110
1100010100100111
1010010111011100
1100101010101100
1110010111110001
0011110100001001
1000000111101100
1001001100000110
1111011100101001
0101100101000000
0011100011111011
1000111000000000
1000100011111001
0101101110100110
1001010100101011
0111000010110111
1111000010111111
1111011011001011
0001111111101001
0010110110001001
0010000001011111
0011111110001100
0011011100101101
0011100001010101
1110010110100010
1010100000110101
1111100110100110
0100010011011011
1111000111000010
1011101101110011
1000000010111111
1011001110000010
0101101010001100
0011001010001100
1101001000010101
0100000001010010
1100101011100101
1000101101110011
1001101001000001
0011110101100011
0110100001100010
1001011110100101
1001101011101100
0111010110000111
1111000110101101
1101110000110111
0100110100011101
0001010100010101
1100000101011001
0110110110110101
0111101110111111
0011010011010110
1110111011011001
1000000101010010
0111010101110000
0011110111001011
0010001101111011
1110011110110111
0110100110000010
1110010000011101
1110000101011101
1010011010011111
0011001111001001
0010101001001011
1110001011011011
1010000111001000
1011001110101000
0001111000111010
1100011111000101
1001111111110111
1000111111100101
1010001101011010
1011010100011001
0101000000100000
0101111100011011
0110010011011011
1001001100011011
0010000111001010
1110000100001011
0100101011101000
1000000000110000
1011110001111010
0010110100011110
1010100010000101
0100000101110001
0001001111111000
0001100011111101
1111110011100001
1011100011001010
0100000000011100
0011001101101011
0100010110100111
1010010100101001
1001000111000011
0110011111111101
0111100101001111
1101010111010001
0000000111101011
1100111000000101
1101101010011101
1010001111011010
1001100010110111
0101011011101111
1010111111111101
1010001001111001
1001110111110101
0111000111100111
1100100111010110
0000010000011111
0001100000111100
1111010111110111
1100101011000101
0000011100001100
1100011000001000
0011001100011000
0011001000110010
0011110111101100
1111101101000110
0001000111001001
0011100111101000
0111010000011101
1101001100111111
1101010110001100
0010000111010000
0110111100111001
1011101101110101
0100011000111011
0101110110110001
1101111100101110
0110010001000011
0100110000011111
0100011111101011
1100001111001010
0011001011100011
1110111000001100
1101001000000000
1010010001101111
0110010100110111
0101001001110001
1010101110111101
0101110001111110
1011100000100111
1011011011100111
0100000110011110
0110001111101110
0010011101110101
0100010101110100
0111010111100010
0000001010110111
0011100111000001
1001010001101100
0001111011000111
1001010010111101
0111101001101101
0100011010100011
0000010001111001
1110100000111011
0001101000100101
1010001011000011
0010110111100110
1111001001000111
0011001101011011
1100011111011001
1110010000100111
1110011110101110
1100010011011010
1111011001100100
0101110000000000
1111110010000110
0001101111111111
1000110001000100
0011101110001011
0101101100110000
0111100101000110
0001001010000001
1101000101010101
1111111101010101
0011000011011010
0010011101100011
1010010111010010
0001011010110001
1011010000000110
1110000100100011
1111001101001110
1000101110101100
1110001100011001
0010111001101011
0100011111010101
1110001110011010
0111011000100110
0110111011101000
0001011101101101
1011011101101110
1110001110010010
0100010101100111
0101010001111111
0100001100111010
1110000100111110
0001111001100100
1001100101001001
0111000001111111
0101000100111001
1000011100011101
0110111001011000
1011101000110011
1100011001111000
0110011010111110
1100110101010111
0110011001010110
0011010010000110
1011001110101000
0011100011001011
0101101101100110
1101111011010111
0110100100011001
0111011101010001
0111010001010100
0111010010000010
1110001000001011
0111000111100111
0010010110001111
1111000011110000
1010000111111101
0111101101110110
1011101000001011
0011011101100110
0101011101011100
0110011101100111
0001111001111001
0110101111110010
0001000001101011
0100100100111110
0100001010000100
0001100110111010
0111110001010101
1111101110011011
0100110111010010
0100011110111011
1010000110101011
0001001110010100
0011000100101101
1000011100001101
0111000010000000
0100100101110100
0100111110111110
0101110011111001
0010000101000100
0001111101111101
0101111111001001
1100101001010010
0000100110010111
1110001001110011
0001010001100000
1111001001011100
1000111111111011
0100000011011001
1100100100010011
0000010011111101
0111010111101110
0110010110111111
1010000010100010
0111010011001000
1111101111111000
1011001100010000
1010001101110011
0101101110111001
1101011100110110
1111000010000011
0001111111010101
0001110010011011
0100110011111011
0001011100010011
1100100010110100
0101010111101111
0010011111000110
1000110010000110
0000001010000100
0011110000010100
1011101011101100
1010001101001101
0001110000000001
1100000010100100
1110100110101000
0100110000010110
0010001011010011
1011110010110101
1011111000000101
1001011010000011
0101010111100110
1011110000101101
0111100101011101
0111110111101011
0001100000110011
1001110010101001
1101011110001110
1111100111101100
0110111001100110
1111111111110101
0000000111110111
1000010000000010
0111001001000110
1101101111010001
0011010111111000
1101011000101001
1100001110000001
1100100111011110
0001010110011000
0111111110101011
1001110100101100
0010110100000101
1001111100110000
1011011111000011
0011100011011110
1100101010011000
0111010011001011
1001111111100001
0110001010011110
1001001001101111
0110011111101000
0101001101101000
1011100100100101
0100100010100000
0000100110000010
0101100110111000
1001011100111010
1101011101100000
1011011111100100
0101010111010001
1110110100011100
1010110001100101
0101001011110101
0110011100100110
0100010110011010
1001011010010100
0000100011111001
1000101011001000
