1111000101111000
1011100000010010
1000100100000010
0100001111011001
0110101110000101
0001110111010101
1010111001101000
1000000101110010
1111100111011100
1011010110010010
0011100011110110
0000001110101001
0111010101000111
1001100010111001
1111001011000110
0000101110001110
0000011010001001
0100011101011011
0110111011111010
0001000010000000
0111100011010001
0000100110101110
1100100100100001
1111001100111001
0001010101101011
0011000011100101
1000110000101110
1010101001010001
1011000100110100
0011111010001011
0001110000010001
1111011011010100
0000100010110111
0111111000000111
0000000010011100
0010111001111010
0001011111000110
0111001101010100
0100010101101110
1110011001111101
1011110110111100
1011000000000001
0111010110110111
0001010010110010
1101001111010110
1111110001000100
0101110010110111
0100100111010000
0001010100010100
1111101001001000
1110000000111011
0110110100100010
0110110000000111
0000101011110001
1011011001001001
0101111010011111
0011001000110100
0000100001001001
1001111111001101
0010110111010010
0011011100100110
1000001011110101
0110000101001110
0011011000100001
0110100010110000
0100110100010100
1101011000100111
1011000001111101
0011000011001100
1000010100100111
1000110110111101
0011010001001110
1000001001110001
1110000100000110
0001101110011100
0110001101011000
0000101100101101
0100100100001010
1001111001100011
0010101000010101
0011001000111011
0001111011001100
0011101110100110
0001100101001110
0010001101010010
0011011000001101
0111010001100110
0000100011100011
1110010101101011
1110111110110100
1101000000110101
0010001111100010
1011100010000000
1000101101110001
0011011010001010
0110110010111111
0100001010110101
1111000010011100
0000101001110011
1011111110111000
1110001001100101
0010000111110001
1010000001000000
1010101101000010
1101000001111111
1011101111100101
0001100101111000
1010101010101001
0010000010101000
1100011001111110
1101110100000111
0000100111110100
0010101111010111
0000000011011000
0110111000010010
1011010100001101
1000011101110100
0111011101111000
0000110010100101
0110110000001111
1110011100001010
1100001011100110
0110111010010010
1100110010000111
0110101001101101
0110110110111001
0001110110010001
1001001110101000
1001111001101000
0000110101111000
1011011000010111
0001101111000100
1001100110001110
0110000010011101
1011001010110010
1110101111010100
1111001000011100
0011101001010101
0101111111110101
0000101111010101
1001110100000100
1000010100111101
0100101100100010
1111100000110001
1000010111110101
1010000111011101
1110110010001000
1001011010010000
0000000111111001
1100011011101111
1010001101110011
1000110010010100
1001010010011001
0010101100101000
1111111010000010
0110000000011110
1110000101100000
0101110011000111
1011110011111000
1001001100111101
1010100111111110
1011100001011010
1011010000110100
0110001100001111
0001100001011010
1101101111111111
0100001011101101
0101010111011000
1100110001011111
0110001000110010
0010001001110111
1111110000110000
1111101111111110
1000000011111100
0000000010100010
0101101100010001
0001110000000100
0001010110111011
1110011000011010
0000101111111000
1110000010000000
1111111111111000
1111101011011010
0001101011001101
0000110001100010
1000001101000010
0110100111011011
1110000001000000
1001110001101100
1111011011011001
1001110100010000
0000011011101100
1100101010010001
1000101000111010
0110001111111011
1101000100101100
0100011100111011
0110011101101101
0001000101000111
0011101011011001
1010000011101110
1101111000010011
1111010101000110
0001011110001111
1101000101001010
1110100000010011
1001100111110011
0000111011110100
0111010011001111
1110000001010100
1001101011010011
1001100101011011
0011111110001010
1111001101010100
1110110011101001
0010101000011111
1111000101100011
0010001100001001
0111010100011100
0001010011111001
0101000100111011
0010111000011110
0001011110110010
1001100001110001
1110001110011010
1011101100011011
1000110000001100
1001010100011110
1101100101001011
1000001101001010
1100001010001100
0100000100010100
0110000010111110
0011011000111011
1110111001010101
1011001111110111
0010010100101100
1011001111000100
0010000000111100
1000001001110110
1100110010010001
0100100001001100
0011110100000100
1001101001001010
0011101001010111
0001111001011100
1011000001100011
1100000001110111
0000111010100101
0100000100000101
0101111101110101
0100101000000011
0010100100110101
1010001111010101
1011111001010001
0000101001000001
1000100101001001
1011011000111100
0010100001000110
1010101100010100
1110111110101001
1111011011101000
1101110001001111
0000111000010110
0100001001111010
0001001010000101
1000011001011001
0000000111000001
1010100111101110
0011010100011100
1111100001101111
0100100001011010
0100011001101101
1010001001101100
0100101000011101
1111101010011101
1110000110101011
0111110011111110
1000000010010111
1101001011111101
1110011111001011
1110110010110011
1010111011011111
0001100101101011
0010101100001111
1101110011011001
1011110011100000
1001001100110111
0000010011000100
1000111100100011
0011100001110101
1101000011100011
0001101001001000
0101000110010001
0010000011101010
1000101011001001
0110000000110110
1110101111000111
1011011111100011
1010100111000101
1001100101000100
1000000111111110
1010100000000010
0110001000100010
1100111000101110
1100010111111100
0100010001001000
1111011010100000
1000100010001000
0101100110001110
0001101011010000
1010001011100011
0110000100111100
1110011100111010
0000100110001000
1000011101101110
0101100101110100
0111001100100110
0101110111110010
0100110101001000
0101001000011010
0110110101000111
1010100000000111
1100111111000111
0110001110100111
0101011100111010
1101011101100101
1000011010110111
1110111000010000
0000000111011110
0111110011110000
0010011110000100
1010111100011001
0000010010110100
0001010001100000
1110110101001111
0101001110101111
1101111010100000
1001011110110001
1110000111110001
1000110111001110
0101011111111010
1000001001111100
0101101010001111
0111100000010110
1100001111010111
1111100101110000
0000000000111110
1010011011001011
1101101011111111
1010010101101111
1011000010010000
0001001000001110
0000110111111001
1101111011101101
1011111101110111
0111000110000001
0111011111011110
0100100111000110
1011110000000010
0010111001111001
1101111111110001
1111101001100010
0010011001000000
1000011100001001
1000011110111110
0111101110110001
1011100010010111
0111000111111111
1000011111011111
0101000010111001
0110010011011000
1010111000000001
0011110000001001
0010100011000100
1101011110000101
0001000001011110
1101111010010111
1100000011001001
1011101101110011
0110000111100100
0000001110010001
0000101000001001
1001111101110000
0010010100011110
0110101110011100
0100010110000111
0111101101011000
0100001100111111
1110011111111100
1001001100110111
1000100110111010
1011101001011101
0100011110110011
1010011101001110
0011010001111110
0100000010111100
0100101110011111
0101000001011010
1011000100101001
1000101001101010
0100110000111101
0110100001001100
0010111101100000
0001001010101000
1101001001011110
0001110000011010
0101001101010100
0001011101001110
1001000101010001
0001111001111011
0010100100100100
1000001100100111
0011000101010010
0000100111110010
1010000101001000
1001110101000101
0011001100100101
0110010000010000
1010001100101000
1111011101001111
0001100010011100
0000100101010100
1010101011000011
0100010001101100
0101110101001110
0011100110101111
0110100000100000
0100111101110001
0010000111011100
0110001001001101
0111100100010000
1001010010000110
1010101000110001
1001011010100001
1011111100010100
0010000111111011
0011010111111100
0111000110101101
1000011001001001
0111000011001111
1100100000111111
1110100110110101
1101001001011101
0000001011100001
0101101100001010
0111100000110011
0111101010100001
1000011001000101
1001010110101100
1010100010101001
1000000100101101
0111000011001111
1111111101110100
1010000110000101
1010010111101101
1111110111011101
1110001000111000
1100001011101011
0111001101001000
1110010010100010
1000111111111110
0010000110110010
0101001100011010
1000011111011110
0100110100001101
1000101011011010
0001001110011011
0100111000010011
1100111011110110
0001100000011101
1010010101011010
0010110100110000
1111011110111010
1110100110010101
1010001011100111
1001001101001010
0001100110000111
0100010100011001
1111111101010011
1011001001110000
0000101101001110
0010100000110110
1001010011000110
0011011001100110
0100010000011101
1011111111111001
1101010100110101
0011100000011100
1110010000100000
1000001111000100
1010000110101100
1001011111000000
1100111100101111
1010011101000010
1000001101110110
0101110111001011
1000100001110011
1011001001101011
1000001111101111
1101011101011000
1101110001000101
1010111110010110
0001011110001010
1110001110010101
0101011100111101
1101101010100101
1110011110100010
0000101011111101
1011101111000111
1111100010010110
