1011100101100100
1100001110000000
1100100100111101
1111100001111001
0111001011101010
1010101011111010
0001011101011101
0000010110111100
1010010000010000
1100001000100011
0001110010101101
1100110010100110
1100001001111000
0101110100000000
1110000000110101
0111011100100011
1001110011010010
1010110011000000
0101101010010011
0010101100101000
1000001011101110
1001110011100101
0010110100000110
0010000001110001
0001010010000001
1011000000101100
1010011010000001
1011111110000001
0111101000010010
0001110100111010
1011100000111011
0101000000001111
1001110001000001
0110100111100110
1110011000101001
0001101001111100
0000111101010111
0111001001110001
0111111010111010
1000000111100010
0110101011111111
1101010001001001
0101001100110001
0100111000111100
0100110101111001
0010111100110101
0001001001111011
0011110011011111
1010010011010101
1100001111111110
0000000100010001
0001011110100001
1011100101101011
1010100111011100
0100111100110010
1111000000001010
0011000101010000
0111010001010111
1000011111110001
1110111000001101
0100111011110100
0010111001011100
1111011010010001
1010101111000110
0101100000000001
1111001010101000
1111100011001010
0100000101010010
1110101100010010
1100110110111100
0111000010111010
0011110000101011
0110101000111100
0110001111110101
1011101011101000
1101001101111100
1100111001000010
0010101101010000
1000111011001010
1011111100011010
0011001011000010
0111110101110001
1010101101011001
0110110011101100
1010101011100110
1001001100000100
1111011110110000
1100010110000011
0100010111100100
0001000000011001
0111001100001001
0110011111001010
1110110101011110
1110000011011100
1101111001010010
0010011100001000
0000011000110010
1000001110110010
0101111110001011
0000000001110011
0011110001010101
1001011111101011
0000111010010111
1111000000100011
0101000010001010
1000110100101011
1000001010111111
0110010101111010
1010100011100010
1111110000111100
1001011001000100
0101110110111100
1101001010001011
1010010001111110
1110001110010110
1000100010000110
1010100101110010
1100010000110001
1010100101111110
0110000101000000
1011010001110010
0010100100010100
0111111110100100
1010111101111110
1110001011100110
0101000101111010
0001000111010100
0100100010000101
0011011110001110
1110110111100011
1110011101101101
0111000010111000
0011011010111011
0010000001101001
0111011101111000
1010000100011011
0010101011000101
1000101010010111
0001100101100011
0010110011001001
0000100111110010
0001110011000100
0101100011001010
0101110010101011
1101001101001110
0000111100111010
0111011011101011
0110010010111011
0001110000001010
0001000011000011
1011010011001010
0100011011101010
1100111000100001
1101100000001110
1000110110001111
1101010000100110
1000011010100101
0011011101101111
0111010100111011
1011010111111000
1010100011001010
1010100010100000
1110010010001111
1101100011110100
0000110010101000
0111110010010000
0011100101111100
1110011110111101
1011111011110011
0101011100110010
1100011010110100
0011010000100110
0110000000010011
0010110001101010
0011100001110001
0001110010111000
0110001111110101
0010000101001011
0101111000001110
1100001000111010
1111110000100100
0011001000010010
1111110111101001
1111000111111101
0111001001101001
1001100111011001
0010111010000011
1001001001101010
0110110111010111
1110001100000100
0100011100110011
1000011111000110
1011011001110011
1010011100010010
0111100011011110
0000101101010000
0011110100110000
1101001010010010
0110110111011110
1001001100110010
0000001000010110
1000000000010001
0000110000110000
0000000001111000
1000001110000111
0111111000011010
0101010011110101
1010101011010011
1111100001010100
1110101011000001
1000100110011111
1010100001001001
0011010011010101
1100111001010011
1001011100000011
0000110111000001
0100010000000100
1011111010001001
0100000010111111
1001111000000011
0001001110011001
1110010000011001
1001000000000000
1101001110001110
0001010101101101
1000100110101010
1101000110001010
0110111010111000
1100100110110001
1001011011100001
0100101111010011
1001000101000000
0100011011001010
0110101000110100
0011111011010011
1100100100011101
0001110011001011
0100001110110100
1111000010011001
0100001111101110
1000101000001010
0011001011011010
0111101111100000
0000100010010111
0111010111110110
0111001111101100
0111010111001110
1111110011010010
1010111000000110
0010011110011010
0011100111101111
0111100110000110
1011011101111100
0010100010101101
1000110110010010
1011001011101000
1000001011110011
1111001110010111
1011111110000100
1110001000110110
1101100110001100
0000101111010110
0100010000011110
1000011100110110
1001111000100101
0000111001110111
0000101101100111
1010111010000010
0010011000110101
1011010000011011
1011101010000110
0110011110001000
0000101011010111
0110011111011100
0011110101000101
0011001111101000
0110010110101101
0100001100000000
0000111110110011
0001101011110111
0100111001100111
1100111101100110
0011110110100011
0101111101100110
1001110111011101
1111011010111110
1000101011001000
1001111111000010
1100000001111101
0010110101001001
0110011010111101
0000100001000011
1000010001100010
1000101011001111
1011000010100110
1000001010001010
1100000110110101
0111110101011010
0101100000110000
1010001011100111
1110111001011010
0000001111110111
1010000011110001
0110101000001101
0011010111010011
0101011000111010
0000100111000111
1000000101100000
0111011001100000
1011000010111011
1000000111001000
1001011010001011
0010110011100011
0000100100101100
1001110111100101
1111101001110110
0000010000001001
0000001010010001
0010110100010011
0100001100110110
1000000110100010
0101100000100110
0000110110110010
1010000011101000
1001001111011011
0110110111010010
1101010100100100
0000001001101010
1100010101011101
1010110100010001
1101011101110111
0110010010111101
1101011000011110
1111001101000111
0101100110111000
1011000100001110
1111010000010011
0100011100001111
1010000000110001
1101101100000111
0101110011110010
0000100111100100
1001101010100000
0010011000100011
1111101011000001
0000101001010000
1110100011111110
0000010101001001
1010100100000010
0100010111101010
1001100101011100
0000111101101011
0011000110001011
0010100001101110
0011100101101101
0011001101111011
0110011011001000
0001010101100101
0010100100110110
0000011011010011
1101101101011110
1010101101110101
1000100010010100
1011001110101011
1100101001001010
0101100011011100
1100010001000111
0011101101011111
1100100110010010
1001001001110100
1001100010001111
0100010000100001
1010011001000110
0110111100101111
0111001110011000
0111010001101100
1010111011110110
0111010111101111
0111110111101111
0010111010000000
0101111011000101
1011111010001010
1100001001000000
1100111001101111
1110010000000000
1100110100001000
0101001111111010
1100110100111001
1101000111000011
1010001111011001
0000010000100001
0111111111101011
1000001110001000
1101000001000110
1011100010011001
1001101001101100
0100111011111111
0101100010011110
0101001001100101
0100011101010011
1010101000000000
0000000000010100
0000111101000110
0001110001111110
0011101000100111
0101110100000001
0001111110000011
1000110000101101
0101011011111011
0001001100011001
1111100111101100
1000111000010110
1000000111101101
0110111110000010
1100111101111111
0011010111001011
1100111101011101
1010001111100011
1011111001011100
0000100011000101
0111011011111111
0111011000000011
1110100110111111
0101000000100100
0110010001000000
0111000100111011
0110011111000100
0000101111100010
0010001001000110
0100101101110111
0011010010001110
1100010000000111
0011000000111101
1000110110011110
0100010000011100
0000111111111011
0111111100100110
1001001101001000
1100011101100110
0011011100110110
0100010111101100
0000011111011100
0001100101010000
0110010111001001
1010001101011111
1100010010011001
0010001100101001
0101010011100110
0100110000010101
0101100011010111
1111110111101000
0111000110100110
0111001111101001
1000100110101010
0001000110111101
1000011000100110
0101010011000011
1110001101100001
1111010011001011
0111011101001100
1010001011001101
0011110011000110
1101000010110011
1011010011101110
0100111100111011
1010101111111010
1100011100111011
1011000100011011
1000111011000110
0010101001101100
0100111001110101
0101011010101110
1100100010101000
0010000000110001
0111100000010000
1110010011100010
0010010010110100
0100110100011111
0101100110010011
0110110010100010
0101011010011010
0111010100100101
1001001010010100
1100001101011110
0101010010101101
0010100110100011
0010011100110000
1010101101011111
1010110011100111
0100100110100010
1001101001101110
1001001010110000
1001011110110111
1100000000101000
1100111010001011
1101110000101000
0010001100001100
0111110001101110
1001110011111001
1011001101001011
1001110100100110
1111001101011000
1000101010110000
1111000000111001
1001010011000111
0101100001010100
1101100110010110
1001010011000100
1101101111110011
0101110100111100
0000010001100010
