1010101110101101
0000111111110010
1100101111101000
1011110100110101
0100001111001100
1111101011011100
0001100110110100
0110001100000100
0101010011100110
1111100100000101
1101111101001001
1100110001110101
1011001100001001
0101101110000001
1111000100101000
0110010110001111
0111111101001000
0011111110011111
0110101000011110
0100101101000001
1110100001001111
0100000010011101
0001111101111101
1011001110001011
0111000101011110
1110110101011110
1010101000110001
1001111100010110
1100000111101100
0011001011000011
1110101001111100
1000111110000010
1110011010011100
1110011000100101
1011000101011011
0111010101010010
1010110000010001
0101001010010010
0001111111100010
1110101010100001
0010001110110101
0101111110111101
1100000010001100
1110101001100101
0110100000111000
0100100111011100
1111100100000101
0101111111000011
0101011100100111
0001011011110010
1100110011111100
1101010100111001
1000001101110011
1110110010011100
1101101001111000
1110000100110001
0000100010100001
0101100011111001
0000011000011000
0110011001010010
0010001011010101
0110101110101110
1001111010010000
1011000010010100
1010111100011000
1011001100001101
1000000010001001
1100110001101100
1000101110001111
0001000001100010
1000110110111000
0110001101101010
0110000101000100
1010000010000000
0100011011100110
1011000011100110
0011111101111111
0011011111011110
0011111100101000
1101001010011000
0101111110111000
1110011001100001
0110001010010010
0111110100100001
1101110010010001
1001101011110010
1101110110100100
1101000110111111
1111101011111000
0101001010011000
0011000010111101
0001010101100010
0010011111001100
0011000000000011
1011010101101100
0010110010111011
0111011000011100
1000010000110000
1010001010111101
1011101100001001
1101111010011111
0100100010011100
1011000001111110
0110101111110011
1101010100110101
1111101111010101
1110100010100001
1000011010000110
1110101010101111
1010100011110010
1000111001110111
0110110111001000
0010111111001010
1100111010000100
0001101111000111
0111111111000010
1010010001001010
0000010000110111
1111101001110100
1100000001011100
1111100100010100
0011111100011010
0100101011111101
1111011100010010
0011011110000101
0101110110000010
0101001100000111
1100110101001000
0111101001101101
0011111100110101
0111111011011010
1001110011101111
1001110100010111
0111111000010111
0101111001011010
0111101001000101
1101001010101110
0000100010011110
1010001011011001
1000001101011100
0110111101001101
1100101000110100
0010110101000001
1011111010001111
0000001111001000
1110011101111001
1001010111011111
1111001000101000
0100111001000010
0111000001101001
1110110001101011
0011100011100001
0010110110001100
1110100010001011
0011001101001110
1111100011110110
1101110010110110
0001110010000000
0101100001011011
1000101011101000
1011111000011001
1011110001000011
0000000011111100
1101101100110000
0101001100111101
1101101111011001
0101100011010001
0000010011101101
1011111100001000
0111101110111111
1000011001010110
0100101010001111
1001011111101101
1001001101111000
0011010111100111
0101100111010000
0001111011110101
0000011110001000
0101100110000101
1001010011010001
1010110111000101
1100011111001001
1011110111011011
0100000111111010
0100011011100011
1001000110111011
1100001000100011
1001011100001000
1111100011101110
0110110111001010
1001101011111010
0101100000001000
0011000001000110
1010010100011110
1111011001100011
1000110010011100
0001111011010010
1100001111100101
0111111101110010
0010110011110110
0111111000101101
0011001100110111
0001010001100101
0100001111111000
1011010011001000
1011110000100010
1000010010101100
1110001110001001
0111011010001010
1111011111101000
1110011100010001
1110110100000001
0011111010111100
1100101100101010
1111101011000010
1000010010011100
0010001101100000
1111111001011100
0111010111111010
0101101111101101
1100010011011000
1000001101000011
1110110111100010
1110011100110010
0110101001001111
0011000100000001
1101000001100000
0101100111001000
1101101011010011
1100001110010101
0000101001101001
1110110000110101
0000001001100000
0110001101101001
0000101001101110
0010001011110001
1111110011101100
1010010100000111
1001100000101010
1011101110110010
0110101101010101
1000000001001111
1101000100110101
1101101011010010
0111111011011110
1100100100010010
0001101100110111
0011111110010011
0111111000001010
0110000011000110
0010111110101000
0000010110100001
1110100010111101
0010100001101000
0111100111100011
0100010000000111
0001000101011101
1000010010001111
1000011010100000
0000110100111110
0001110000110100
0111011111100110
0010010001011100
1000001111000010
1100101011101100
0111101000111000
1000110001111011
1101010000101011
0111111101001000
0000101001000100
1000011100011111
0011010111000010
0011100101111001
0010100010010110
1011001101111111
1000011000101101
0010010101110101
0101100010011001
1100010010000111
1010100100111011
0010110101110011
1010110011001001
0010001011111010
0100111100001010
0110011111100110
0000111010010001
0110011110101101
1011010011110010
0011001011000111
0100010001100100
0001001110100101
0000100010111100
1010000011001001
1111001110011001
1100011000110101
0110101001001001
1101111101000101
1001000100111001
0100100110110000
1101010111001111
0100101111001110
1011001000000001
0000100111101000
1101100110011100
0111101011110101
1111111110000110
1111010010001001
0101111011000110
1010001011001101
1010001101101100
1111100101000001
1000001010110110
1010011111010010
1000010001001011
0100000011111011
1000101011110110
1010101110001100
1110101011000000
0000111001011011
1111011101111110
0101100110001010
1010111000100011
1000100000110001
1110011100001111
0010001101001010
0010010000010011
0011000010010000
0011011101111010
1110100111011010
0011110110100101
1010000010010111
1111011111000011
0011101111110110
0111100100001101
1110001110011001
0010111010000011
1111011111011010
0101110110011101
1000000001110011
1011111001001110
0100000101100001
0000010100010101
1100000110100111
1111000100100100
0011110001101001
0010000100100000
0101111000001011
0111110101101010
1010111011110010
1100111100111100
1101001111001100
1010101000011100
0000000010111001
0111111001101010
0011010000010000
1010101101101000
0010000111100100
1111100111111011
1111100101110010
0111001110100000
1100000001010111
1111101010010000
0110101100010000
1010100001011111
0101110011101010
0110010111000001
0010000010110011
0100010001000111
0100001110010110
0000011000100011
1101001101000010
0101110101111001
1110101011001001
0111110000111101
0100001001110101
1000001000010011
1001110011101111
0110011000111111
0111111100111000
1001011011000101
0110111111011101
0100010110100011
0100011011101001
1101101000110001
1110101011010101
0011111110010111
1001001001101011
1110101111000010
1111110011110110
1011001011000001
1000011111101110
1101101110100101
0000100111010101
0110101001000011
0011010111001100
1110000100001000
1101101011111110
1000110101001100
1010001000001010
0110001010011011
1111010010111000
0000010111000000
0111111011111000
0011001001110001
0010000110111001
1101001011111100
1110010110110001
1111001101011011
0000010110111010
0001101111100101
1000110000010111
0011101110001010
1111101010101000
1111000110110010
0110010100110100
0010000100010010
0010110011010100
0010100110100000
1000101110101111
0010010101111010
0000101101111000
0111000010110010
0011111111111111
1001010111000000
0000111101101000
1011100001001010
1111001101001000
1110011110110011
0111111010010101
1100011101000000
1011001010011000
0010000100100110
0011010100101101
0100001101001100
0010100001111110
1001001011011111
0010010000001110
0100010101101101
1001111110011100
1101011010100011
0011100101111101
1001101010000010
0110100000110110
1001000111110001
1000011011011000
0001000011101010
0100011010101111
1111000101001001
1000010110000010
0001110101010111
0010001001011010
1001111111110011
1010010000001000
0111011111001101
1011001110110100
0111011101011110
1101101000000101
0111110010000011
0001010111001110
0000111010000101
0110101000100111
0000111101001001
1000101111101100
1110001000000000
1001001010001010
0101101100011000
1110110101000000
1101000011100111
0111101111101010
0010101101101000
1110000010111101
1001111000001011
1110011101100100
1001111111001101
1010110101000010
1011111000001101
0101011011010110
1010011010111101
1011000111100010
0001101100001000
1011010011011101
1111011001111011
1001010110000110
1110000001011111
0101101001011000
1110111110000110
0001110000110010
1001011100110011
1010000100001011
1001101100010100
1001100100101000
0001110001111101
0001100000011111
1110111000010001
0101001010111001
1010110111011110
0001001110101111
1001100110111001
0000010101110001
1110001110000000
1011011111011001
0010101111001011
0010000100011111
1100010101101010
0010111010000010
0000110100110100
1010110011110010
1011101000111011
0111010100110010
0011111111010001
1101110100000110
