1011111100111100
1010011111101110
0011011001001101
1110010111111110
1100011111111100
0010101100000110
0010100111110110
0101011010100100
0110100101100110
0010110000110101
0001101010101001
1000101000000001
1011010010111001
1011011011101001
0110001010101100
0011010110001100
1001100000001100
1110010010101011
1010111010010110
0101100001101010
1101001101110011
1100011010101000
0001101011001001
0100110001101101
1000100001011101
1101011100010111
1100011100111000
1011010001100011
0101110001101001
0010111001100110
1011101111110010
0010010010100011
1100100001011110
1101100100010010
0011000100001111
0000110000001111
0000011010000001
0111011001110000
1000101100101100
0111110000100110
0011000100101111
0111001000000010
1111101001011011
0011011010100000
1001110001001111
0001011101011000
1100011101101001
1011100001001000
1110100100111100
1110001011100011
1001011101101010
0000010101001111
0011101001100001
0001111110101011
0101111010110011
0001010001101101
0011001001101001
0001011100011010
1101001010001100
1001011001110000
1111100101000110
1000011001011001
0111010010001101
0010011011111011
0110011101001110
0101111111000100
1011000010100000
1011110011000101
0111100000000111
1000100110110110
1010001010101011
1111000101001001
0101001100111101
1100100011001011
0001110001010110
1110101000010101
0101001111110110
1011111000001111
0011100000001111
1011010110111110
0000000111100000
0111010000111010
0100110001110110
0000101101001101
0001011010100001
0011110010011000
1100000010110101
0000100010000001
1001010111100111
0111101110000110
1100111001110100
1111100000010110
1011101101011000
0001101010000011
0000101011101111
0101110011110101
0111101001010000
0100010100111100
0000011011010101
1010111010001010
1000110100110101
1000011010000000
0111000101100011
1010111100110010
1000011000011001
0001011101100111
1001011111101000
0000001000011110
0101111111000110
0101011001100010
0100110001101101
0111111101011100
1000001111010000
0101100101000111
1010100001101111
1111101010011110
0010111010110001
0001000101111110
1001011000011101
0101100101111101
1001000000100000
1011110111110010
0111110110111001
1100101001010101
0100110100000000
1000101010010111
1111001010001010
1000100011100110
0101101000001001
0010011000010101
0000000011011100
1001010111101011
0110100000101101
0001001110111000
1100100000111101
0111010111010110
0100101110001110
0110110011101001
0101011101110101
1101001110100001
1110001010101111
1100001010001110
1010100001101100
1111001011101110
0001000000001100
0010010111000000
0111110001110110
1111111111110101
1111100110000111
0101010101011111
1111010110100110
0001110100110001
0000011010010100
1100001011011000
1101001001100000
0111101000001001
0110000100010110
0000000010101001
1101111111100000
0100001010100111
0010001110100101
0001111001100111
0010110010000101
0001110110010101
1101111111011011
0101011000111100
1111000100110110
0001101001100111
1100100010111001
1111100100101011
0000110101010011
1111100100100111
1001000010100100
1101100110100001
0111000000000011
0000111001010100
1010000010000100
1001000001100110
1101000010110110
0011111001000001
1100110101101000
1101010110111100
1111100101111000
1011101100110100
1100011001000101
0110100110001011
1100110011000000
0101000101100001
0100111011111000
1101111101100101
1101001111110000
0111011001011011
0001110010100011
0001101001011111
0010011100110000
1101001010101010
0110100001110111
0001001001001001
1010111000000010
0000111100010100
0110000010001001
1111000011101110
1001100001010001
1110110000110001
1000001101010111
1000101000110000
1111111001111101
1110000100110100
0010011000100001
0010100100001001
1000001010100100
0111111111001011
1001000010111011
0010010001101011
0011101010011010
0001000010100011
1000011110111100
0001011000110101
1111101111001001
1011101110011000
0000110000110111
1000000111001100
0000110010110000
0101011000001000
1000101011100011
1100101010110000
1010000011000101
0011001101000101
0101010111110101
0011011000000001
0000000101011111
1101001000011111
1011011011110010
1000110100000110
0110110001011000
0111110110111101
0100001101000110
0000111010000000
0101101000100111
0000101011111100
1000001101100000
1000000100010011
1101111101111001
0000001111000101
0111011110001110
1110000001101100
1001010001000111
0001001100011001
1010110011000000
0010010001010001
0010100111111111
0010011010111001
1010110000100011
0100001000101110
0110011001100011
0001011101001010
0001010101011001
0000100010111000
0010010100100000
0111111111111010
1001100110110010
0000011010100110
1001110100111101
1110100010011101
0001110001000101
0010011010010101
0101111010011100
1011100000101101
1111010100100111
0101000000011100
0000101110100001
1100010100000000
0010011010111100
1101111110111011
1010000101100110
0100101000011110
0101110000010100
1011101101000010
1111000001010110
1011110001111011
1010011011110101
1111100001101001
1000111011110100
1101111100000010
0111000101000100
1111100110000111
1100010010011101
1001001011010011
0110010110001111
0011110101111100
1100100111000010
1001001011100011
1110010111011111
1001110111110100
0101111010100010
0011001001001010
0000110100101010
1100011010101101
1100111100101010
0001111001000110
1010101010100001
1111001011011100
1011010110100100
0101100001100101
1000101010010001
0100111101101011
0100110010110011
1000100011011111
1001100000101011
1110111101010111
1100000000100111
1001011001100110
0001000101000010
0001110011100110
0010001000101110
1001000100111001
0000011010100111
1000011111110110
1101000101101001
1111001010111110
1110010100001000
1011111100001011
0100100111100110
0010100110011011
0011001111110000
1010011100111011
0110110110010001
1001001110110110
1100100010101000
1101010101101010
1000101110101110
0011100001101111
0101101000111101
1111111101111100
1001111000100101
1111110101011000
0110001101010110
1111110100001011
0011010010100001
1100011110010101
1001001000001000
1010111110111111
1100111011101011
0010101100110111
0100111011001101
0010011101001010
1001011101100000
1001010101111101
0011001001001111
0100000101111100
1001011001000101
0011111111010100
0010101110010001
0000011101001110
1111011111000001
0101001010111100
0000001011000010
1101100000111111
1101001101001010
1001000000101101
0001110011001101
1011000111101111
0110101101000101
0111001010101101
0111001001001001
0101001101100001
1110001000110010
0000000000101000
1011001011010000
0110101001001101
0110100110000110
0101000001011100
0100111011000011
0010001001011111
1010101011001011
1010111010110010
0101111101100110
0100000001010100
1000011010000001
1101001100010100
1000000011010111
1110100001110000
1011110101000000
1110001101001100
0001100001011010
0001101110110000
0101101100111100
0111011111000011
0001000110101011
1110101001100000
0111001111100111
1110110000100100
0010101001000101
0011100011011101
0010010101110001
0001001011001100
1001101000100100
0100010100101010
0101101111000111
1100111101110000
0110011101001100
1001111000100110
1001101000000010
1011101011110100
0100011101011110
1011000000111110
1001001100101110
1101100100010111
1001010010010000
1010101111111101
1011010100100111
1111001101110010
1101110100001101
0111000000001110
0000101000110100
1110110100000101
0000010001010010
1101101001000001
0010111001111001
1100010100100001
0110011100001101
0110100010000010
1110000101100010
1000111110101101
1011010011110001
1101010011101100
1011010010010100
0110111111010011
1011100110111000
0101001000110000
0011100110010011
1111101001011111
0111110001111110
1000010000011111
0110001101101101
1100110101001011
1000101000110010
0110010000011100
1001101110011001
1110001100011111
0011010111100001
0010000011100110
0011111001011011
0001010100000011
0101011000100110
1011011111111011
1000111000000101
0000010111101100
1110001101101000
1001111011110111
0111110110000000
1110110111111100
0110011111010010
0110100100010001
1100110001100100
0101110111100010
1110011000100101
0010100001011010
0111001101101011
0011001110110011
1100101101100100
1111000110100111
1011111010011000
0101110010100001
0110000011111110
0000000000011111
0001100100111111
1000110001111000
1000101001101101
0100100100011100
0010000011011001
1000100111101010
1000101001001101
1010010010101010
1001010110101011
1110100111010100
1001100101100100
0010010111101111
1101000100000011
0111001011100011
1110101001011010
1001001110110010
1011110000010010
1110111111000111
1000000011111000
1110010100010101
0110100101011011
1100000011001011
0110011100110101
1000100000110111
1100001101010000
1001001000101000
1101101010011011
0100010000100011
0011011011101001
1001000111110000
1111001101110011
1011001011111001
0101100010011000
0011000001010110
0111110101100001
0111010101011101
0101011100010010
0101111110101101
0011111001110110
0101011101111011
0010110110010101
1101110111000111
1011001110001101
0010100101100110
1010111111011101
