1100111100100011
0001101001110101
0001011110010110
1001010110100111
0011100110101100
0110100010011111
1111111001101101
0011010100000101
1111001100010000
1111101110101001
0010000100011010
1010001101011000
1010110101110010
1010011010111011
0101000000101010
1001010101100011
0111110111010111
1101101101000010
1101100011000101
1100010001100101
1100011011001001
0001011110100110
1010101101110100
1101010011111100
1000000001101001
0010001010111000
1101100111110110
0011000010100100
0010011111111111
0010011001001101
0100001001110011
1101110101110110
1100100100110010
1111010011000100
0011010110000000
0100101010011011
0001011011000011
0001001110100101
0110100100111100
1100111110000111
1100110101101010
1011110110101001
0111110010001000
1110001111101101
0101001011101101
1100011110011111
1110110100001010
1000100000110111
0101101110110000
0101001111111001
0011001110011000
0011110010110000
1110100111100000
0110100010110100
1110100000100010
1001100011001011
1000000010101101
1011111011010111
0010010011000101
0111110011010010
0110001010111100
0110010101110111
0011010101010111
1101111000010100
0011011100110011
0101101101011110
0100011011000011
0110111010010000
1011110000101110
0010001100001011
0100110110100000
1001000001010000
0001110101111011
1100010010101011
1010000010110110
0111110010100110
1101111110100011
0100110110101000
0101100011111111
1110101000000101
1111010011101101
1000000001100100
0010110011011011
1101101000110110
0011110000010000
1000000010001100
0001000111110110
1011100000100011
1010100011110101
1000011010111010
1100101010010100
1000011101111101
0011111101000011
0000011100111100
1011111110010101
0100100011001010
0101010010111001
1111011011010110
0100010000101100
0100111010001110
1111100100000001
0011010111000010
1101101011111000
1110100001110111
0011100011101111
0110010010111110
1111110010010111
1010001101000101
0010011110011011
0001100000011101
1100010001101101
0111011110000101
0001000001011010
0100000010111000
1110110010110110
1100010011010101
1101010111111110
1111100101111111
1111100001010001
0101000100100110
0011011001010110
0111101010011101
1111100100111100
0101010110001111
1001000101111011
0001011101100110
1011100011101111
1000100101001101
1001001011111110
0101100100001110
0001001001011010
1111101001010110
0101110000000000
1000100111100010
0000001111111011
0000100110001101
1100111110011111
1001010101011001
0001010001011110
1000101111101100
0110011100010010
1110111100000111
0111001000010011
0010111011111100
1101100101001001
1111101101111100
1011110000110110
0101011001100001
1110111101110101
0011011001111010
1100100000000111
1101101101001111
0000001000100011
1011110101110010
1111010111111101
0100111001111100
1000001100000010
1001001001010010
0001000100001000
0101001111111011
1000111001001101
0111000001000010
0011101110111100
0010111111001000
1101111100000010
1111101000001111
1001101111001000
1000100000111111
1100001110111101
0010010101010111
1101000001001000
0111100001010011
1000110101111101
0111110101101101
1010000000011001
1110001011011000
1010011110001010
0100100001001101
1110100011101110
0100101011000011
1110010100000110
0100111101110001
0001110110001110
1111111111011011
1011011010010010
0010101110110011
0000100101111001
0010101110010101
1011111100100111
1001101101001011
0010111001111011
1101100000001010
0100101100000000
0110000100110101
1000000111111010
0010001111101111
0111010100000001
0011100100110011
1100010011110010
1010000101101011
0111001101100010
1100010010001001
0001011000010000
1110110100101101
1011100110101100
0000010110111011
0101010110000011
1100110000011101
0110011000101100
1100100011010111
0111111011000011
0000101111100001
0001110111111011
1101010110010011
0000011100111001
1010110010100011
1111010100010111
0001111110100011
1000001000100011
1010000111011010
0011001111110100
0101100111101101
0110000011000111
0111110111001010
0000110110101000
0001000110011001
1010011011000000
0001001111100010
0110110010011010
1101110001010000
0110000111011011
0101100111101101
1011111011111101
1001101010100100
0111010001111011
1011101000001101
0011011110001110
1100000110000011
1101100000110010
1001000010010011
1000010111110101
0111111101011110
0011001101100011
1101010000000011
0010111000011100
0101100001001100
0101100101000010
1111011100011000
0110001000111100
1001110110001011
1110111001111000
0110010101001101
0011101110001110
0011110011110011
1111010110011000
1100111000101101
0001100010001100
0000010000111101
0101110001011111
0101101101010100
1010110001101011
1010110000001000
1101000011110000
1001001110110001
0001101110100101
1011110001001010
0110001100001010
1111110101111110
0000000010000101
0111100111101110
1000000001111101
1011000001010011
1100110000111101
1011010001011010
1100011011101010
1001011001100111
1111101010101010
0111011111010101
1001101010111101
0111100011100101
0011010101011110
0010001111010010
1001000001011101
0101001101010011
1010000000000100
1110100101101111
1101100100000010
1111010010100001
0000101100111110
0110100010000010
0100100010010011
0000010000011110
1011101111011101
0001011001100101
0001000100110101
0001011011000011
0111000011100011
1011011110000111
0100101001111010
0111101011000011
1100000000101100
0110000110000110
0000001111011001
0111001101101101
1111011111001000
0100000101001011
0011011010110011
0111110110101100
0000110101011000
0011011011000010
1100000100000001
0001100010111001
0010010101001000
0111001000100010
0111100010001000
1100001101101100
1000011101000011
1000000100111100
1111010110010110
1110011011111100
1000011111001001
1011110010011111
0110111110011101
0110111111110011
0001011110011011
1010111100011010
0101001011110111
1110111001000011
0010001011110001
0001110101001110
0101010100010100
1000011101011001
0000010111110110
1001100101000001
1110111001011011
0100100011100000
1001110010000011
1101010111001000
1101011010111011
0111010101000101
0110110011001001
0010110111100010
0111000010110101
1101001111100000
1111010111011011
0000010110001101
1011111110101110
0010001110101110
0110000110100110
1110011010011011
0110011000110010
0000111101100110
1111001101001010
1000101011001011
0101100110000110
0011111100101110
1010100011011001
1001110010001001
0001101101111101
0010111001010000
1010011101100100
0011101010111101
1110001110101010
0111010000000010
1111100111001001
0001110010100011
0010101010001001
1011110110100001
0111000011110010
0111001011010110
0110010111010010
0001000100001001
0010101100100001
1001100110110101
0000111010101111
0011001110010000
0111101010111101
1101010110110110
0001010100101111
1100011000000000
0111100101111010
1010100111110111
0000011101110111
1000111111010001
1000011011110010
0010101010100100
1100000110011011
1001010110100000
0011001000101110
1000001011001010
0000100000101000
0111110100111110
1001111000110011
0101000101000010
1011010101000001
0101111011001100
0101011110111111
0000110000100011
1001010000111001
1100110000100000
0100000001101010
0100101010010000
0100110000000011
0101110101011100
1011001100010001
1110100010001000
1001000110001010
1101000000000111
0110101011111111
1001001110100101
0101010010111000
1010100000111101
0001011110111111
1110110010111111
0001000010001110
0000100010110111
0111100011000011
1100100001001110
1011110101001100
0110101011101011
0001011011011010
1110000101101011
0011110001110001
0000100000101111
0100001001001100
0001110000000110
1100001100111111
0101011000100100
1001001111001011
0101011101011000
0101110011001000
0101110001111110
0001000111100100
1110000111010100
0110100000111010
0111110010111101
1101001110111010
1000100111110110
1000011000001011
1011010111011001
0011001111101010
0001001111011100
0000000100110011
0010011101101101
1000001101011011
1001110101010110
0111110111101000
0010011101011110
1011101100010011
0011100101001101
1101001111100100
0001010010000111
0000110000101000
0100101001111010
1100111100011010
0111100100111100
1000111001111111
0000001111010110
1111101000100001
1010101011111100
1110001100110010
0101011010001001
0000000010001000
0100001110001011
1100010100001110
1000101010011000
0100010011101100
1001111110111010
1100111010110101
0101010110001100
1000111100000001
1100100101100110
0101111110110110
0011100000000100
0111011101101110
0101101111011101
1110001011110111
0101001110110010
0011011100101111
1011001111011001
0011100101000010
1100110000100100
0101100000110000
0000000111010101
0100111111111111
0010111111111100
0011011100101000
0001010001100111
1001100011100101
0010101000000010
1110000001001101
1001100011110111
0010110000000100
0010011111001001
1100111000010000
1011101000111001
0101100000000001
1101011110011001
1010100110101000
1110010001010001
1100011011110001
1011100111111000
1011101011001001
1100101100110000
0001010101011000
0110010000100110
0100001111101011
1011011100000011
1101111001101100
0001100110111101
1111111001010011
