1111000000100001
0110011110111100
1100011011000100
1011001011101110
0000110110000101
0111111011110000
1011110111011111
1111110010011111
1000111111100011
0101000001000100
0010011000011110
0100011010110000
0100011000101000
1000000111000110
1011110110001100
0011111101010010
0100100101100100
0110001111011001
1010010000110000
1110001101001001
0101111100111100
0110111011001001
0011001101111000
1111010001110011
0011011011111011
1111111100000110
0011000101101011
1110001010001100
0111110101000001
1111000110110011
0000111000110110
0011001001010011
1010001000100000
0001111101100011
1000100001110110
0110010000100111
1100011010110011
0001101011010110
1011001110100101
0100100011001111
0110101000011111
1101000111001011
0100011111101011
1101011100001101
1100000010010000
0101010101011011
0010011100101100
1100110111000010
1001001111110101
0001101111101100
1100000101000100
1111001010001011
1111100011010110
1010111000111000
0110011111100111
0110011011101000
0110111100110110
0001001111001011
0100000111110010
0001010001101001
1010111100001100
0011111010001000
1001010110011100
0010001110000010
1000000001110011
1000111010000010
1010010101000110
1111110000110010
1010001101001011
1001000000100000
0111100011001011
0010001000111100
1110110100001111
0110011100011111
1100101011011010
1100100000000101
1100110000000111
1101001011011111
0000011011101001
1001111110000010
0011001010111101
0010110011010000
1111000010001110
0010100111101111
1101001011001110
1010001101011011
0001010110010100
1101100111000100
1100001100001000
1110101010110100
1000000110001001
1111000101111010
0001100100100101
0011110100010110
0101100000101111
1011011010011111
1001111011111001
0110000011101111
0011000001011110
1011000000001110
0111110000111101
1000010101101010
0001011100100110
0101010010110000
0001111111101001
1101011100000001
1101110100111001
1010001011011010
0011100000011010
0101110110111110
0111011000110011
0111111001001101
0101000001000111
1110101011111000
1001011100011101
1010100010101110
0110100010100011
1001110100000011
1101110100010110
1001110001001101
0110010101110111
1000010010110100
0110010111111111
0111011000000001
1000111110011000
1110001101010100
1111011000100000
0001000001010100
1000100011011101
0001000010000001
0001010110111101
0011110100100100
1100000001100111
1111110110111110
1100101000011111
1001001110000111
1101111111101101
0010111110111011
1010011101001100
1011001111000110
1101111101001111
0110110011100110
0101000100101011
0111100010000001
1001000101000100
1110000101000001
1001100101100110
0111010111110101
0100000010011010
1111111110011011
0001111110110111
1101100111011111
0100111001100111
0111111010110111
1010100100000101
0001111000001100
1011000101000011
1101111100000001
0100111011111110
0111001000001010
1101011010101011
0000000000001011
0000010100011011
0110000111011100
1001001111000010
0000100111101111
1100011110111001
1110111010000000
0001000011101010
1100101111000111
0100110000010101
0000010101111111
0000011110101101
0010010000111011
0010111101100101
1110110001001010
1111001001101101
1110100100101011
0100000001010001
0011110011111100
1000111011100101
1101011111111001
0010011101010100
0111011101111101
1110001101110101
0010011110000110
0001010101001111
1100111000111011
1001000011000010
0101100001000101
0101000010110101
1011011011111100
1011101010010001
1101101000000100
0110101000111110
1111110010110101
1101010100101010
0100010100110100
0011001111110111
0100010110101011
0000111011011001
1000101011000100
1101001110010100
0101010000010110
1110101010000000
0111100010000001
1110000001000111
1010101111000010
0110011110111011
0110110101111100
1001100011010001
0111111111100110
0011101111100001
0110001010101110
0101011011010011
1001000110010000
0100101110000000
1000110011100111
1100011011100001
1000011001110100
0000101111100011
0100110001010110
0001100101100100
1010101100001111
0111101101101101
1011110011010100
1010100100101111
0010001110111001
1001000010000010
0110101010110100
0101000100101011
0001010110101111
1100001000010100
0011101110110111
1110001110110100
1111010110011000
0010101110001101
0000101101000011
0110011111001000
1010001101101010
1011010000100110
0000100111100100
0111100110001000
0111010100111010
1111011101100111
1011110001100101
0111010001011111
1100100111011010
1111111001111100
0001010010100001
0111110101001001
1011010011110010
0001000011100111
1111001001001111
0100010101011110
1100101011100011
1110100100001000
1000010011100110
1111001110001100
0001111010011001
0111000100000101
1001111000010100
0001011110100101
1010010100111011
1001110011010010
0100000010101010
1001010100110011
0111001011101001
1000111010000001
0010110001100110
0101100011000001
0010101000100000
0011111110111110
1001010001001010
1000010010101001
1101000010110110
1011011001110100
1001111001100011
1110000110000001
0100011101101101
0000011001000101
1101100110110000
1101010111001011
1110010011110010
1010110100010000
0001101100110001
1000011010010110
1010111100110100
0111010000101101
0000010110101101
0101110000010110
1101110111010101
0000100011100101
1111010010010011
0000101111111011
0100101010011000
0110000110100110
0001101010000001
0101110111100000
0100101000001110
1101000111101011
0110010001110001
0011001011111101
0101101010000001
0111101001000111
1011011111000110
1101100011010000
1101010010100111
0010100111010000
1011011001100111
1100111110100010
1010100010110110
1111100101011001
1111011001011100
0111100000111101
1010001010110000
1010001010011010
0101101101100010
0011001011000010
1011010011010010
0110101000100110
0000010000000100
1111101101000111
1001100110111111
0000100011110100
1011011011000010
1111010111101001
0010110101000101
0011111111010001
0010000001001010
1010110110111011
0110011001000111
0010111111001110
1000011001000111
0010011001101000
0111111000111001
1111001011101110
0010111110110100
1000010000010010
0010010010000100
0000001000101101
0010100010010011
1010000000100100
1001101100111010
0111000001011110
0101100110110100
0010110010001011
0111101011100001
1001010001110011
0000110010000100
0001000000100001
1111110111110110
1000011010111001
1100110001101101
0001101110110000
1001110010111001
0111010110111101
1001101110001010
0010111111001010
0111010100011010
1000010001001001
1001010111110010
1101011001110100
1011010110000010
0110100011111010
0101110110010101
0000001111011010
0101111110110110
1001100101101011
1011101101010010
1011001110001110
0010110101001011
0110111000010010
1101010001010101
0010010011000111
1100111101000100
0110111110111110
1011100011001110
1100101011111110
0101000110000100
0011000000000100
0010010011100000
1001111111101010
1011111101001101
1010111010000111
0000010010011001
1011001001100111
0011111110110111
0000001100010000
0111011100000100
1010000101100111
0010111111101001
1111000111001011
1101010100110111
1011001001100100
1011000000010101
1111101110000001
1000101000101111
1100011001110000
0010100011000111
0000010111000111
0011100110010110
0000101100010100
1100111111110010
1010011000110011
0111101011010110
1001011000101001
0110110000000100
1110000010010010
0101111100010101
1000111101111111
0011110010110011
0101010010111000
0110110110000100
1100000110000000
1111010010100011
0101010001110001
0011000000110100
0111101111101010
0011011111010000
1001010111100101
1011111010110110
1011100101001001
1110111100100011
0001010001010110
1001000010101001
0000101101011100
0110110100101001
1111011100110011
0101010010001010
0101011011011110
0001110011011001
0101111010100010
1110011100000000
0000001100011000
1100100001110010
0100101110010010
1001111011110100
1001101100100010
0100111111010101
0110110110000111
1110110010111001
1001100001100000
0100001111011000
0011011000110001
0001011101101000
0000000011101110
1101101011001001
0010001011100011
0110000110111110
1111110001110010
0100010100010010
1001110000000010
0010011010110011
0111010001110110
1011010100100110
0101010010011010
1110110010010111
1110111011000100
1110101110100011
0110010110111000
1111001101000100
0010110010001001
1111001101011000
0010101010111010
1001111111111000
1101101111010000
0010101101100111
0111110110111001
1111100100110111
0110011001010000
0000101101110101
0110111110110111
0011100101111000
0101110111000010
0100111111111100
0101001110011111
1110010101001100
0100011101011011
0000010101011010
1100000011101111
1000101000110011
0011000101011011
1010010000101011
1110101000111001
1010000011010101
0000011010011000
0101011101000011
0100000011100000
1110111101101100
1100111001001111
1011000000111110
1111000001010110
0011000000001110
0010011111011011
0011100010110100
0000010111011001
0010100010100001
1000011011000110
1100110010001100
1111011011111011
1110101100010101
0000110111001011
1010001000110000
0001001111110000
0111100101000111
0111111100100110
1101111111101000
1001000100100110
0011101001100001
1110110111101111
