1101101010000011
0100100111111110
1011101010011010
0100101000111101
0111101001111110
0100100000101001
0011010111111011
1100101001111011
1000010101101010
1000001101111011
1010010100100001
0100000101001001
0001100111110100
1001010111110111
1101000101000100
0101010011111001
0110010101000100
1001010011100100
1011001010110110
1101111000010111
1100010101011111
0111101010001101
1001010101101010
1101101101100111
0010011101011001
0010100111010111
1110110111111100
0010001101010000
1100101011001101
1111010000111100
0010111110001111
1010110101010011
0111000101111100
0100011001111000
0101000101100001
1000110000110100
0110110110001011
0101111100001000
1000110000011001
0100011111000000
1000100110011101
0110101010111111
0000110111001110
0010110111010101
0111100000101111
1110011110000000
1100011111111110
1000111001101011
1011011100011100
1110101101000111
1110110001111101
0000011011110110
0001101110111100
1100100110001010
1100001100000000
1100110101110111
0101001100000110
0011010110011010
1111001101111011
1010000011000010
0010001101100011
0001101100000010
0110011001001110
1001010111100010
1101000011110001
1100011110110110
1100111111010100
1000001000000011
0011101110110111
0010001001101110
0111100111111011
1010111111001011
0011101011101000
1101010010111000
1100110110011101
1101001111111100
1001111100101001
0001110000111011
1001011000100010
0101000000001011
1000101000011011
1000100100101100
0110110110110000
0010100000010100
1011010111001001
0000111001000111
0110010000011001
0000100010111110
1010011111010010
1100111011010101
0000011101010000
0001100000000111
1011000000000000
1110010100010010
0010001010101100
0110000110111111
0101011100011000
0111010111010011
1000111100001001
1111101001111100
1101111101101110
1001011100001011
1001101110010110
0111010110111111
1101010100100100
1101000000001111
0111100110001011
0010100101100000
1110011110011000
1011011010010101
1000001000101001
1101000011010100
1110111001110100
0100111111101011
1011000100000100
1111010110111010
1011000101000010
0100101100010000
1100001011000001
1011110010001010
0011011100111010
0100000111101110
0010010101100001
0111111010010101
0001010100011001
0100000111100110
1000110110110011
1100100111000100
0010101011110011
0001111101100100
0100111001110100
1111001010101010
1111101100111011
0100110110111110
0110000000000111
1101001000010101
1001100101001010
1001110101010001
0001011110101111
1100110101100101
0011100011101110
0001100000000001
0001010001001111
1011101100000001
0001101101111100
1110011001000011
0001100001001000
0110011010010100
0001010000101110
0110101111001000
0011001010110010
0100001000011100
0111001111010010
0110100001110111
0100100110010001
0000010110101100
0000011001101001
1111110110001001
1100001011011001
0010001110110000
1111011100111011
0101000100100010
1110110000011111
1011100100101100
1101001110010001
0011001011001011
1011011111101110
1000110000000111
0010101000011010
0011110100101110
0001111010110011
0011000111110110
0000110110111101
1001110000110111
0011111000111010
0001101101100110
1111111111010000
0100010100001001
1100110000100011
0111011111011111
1010000111001100
0110110100010001
1010111111110101
0011010010100101
1011001010011110
1100000101010100
0010000100100011
1100000100010101
1001110110101100
1100011000001011
1011101101011101
0010011001100000
1111101001000010
1101100010100111
1010110110110000
0001101101001100
1001001101111011
0111010000001100
0110000001101010
0101001000100100
0101111000101101
1011101001011110
1101101110000100
0101001011010001
0110001000111110
1010010011010110
0001000111100100
0010100011000111
1101101001001111
0110100111010111
1110110100000011
1100110100100111
0101100001101010
1110110000010100
0111010100000100
1000111101111011
1000001001001010
0011011010110000
1111000000111101
1010011101010001
1111000101100111
0010100000101001
1000110000001110
0101000101100011
0011110100111001
1000000110000010
1110110111111000
0011111000101100
1101010101010100
0001100110001001
0011010110111101
1000110111111111
1110010000100111
0011000000000010
0010010101001010
1111100011001111
1100000110000100
1101011001010110
0110010111100001
0000001010011110
1001110001110111
0001000100011111
0010110111001111
0110101010010011
0000000100111001
1001010010110111
0100101001100001
1000001000000001
1011000010100000
1100011000101111
1001100100001110
1111111111000010
1101100110100110
1001101101100000
0010110100110011
1101111000110101
1000110110100010
0000001010110111
1111111101101011
0010101101111001
0111010010101101
1000010001010011
1101110011101111
0111000010100110
1000110000100000
0000010111001111
0111011101111000
1110000101000011
1100000001100100
0011010000111001
0110001101111101
0111101111111011
1000000100010001
1101111010101001
1000111101010000
1001011111100100
0011111110011110
1100001001101111
1000110101110011
0111110010011011
0110110111000000
0001101110101100
1110001111000010
1111110000010100
0100000110001010
1010101011101010
0100001101000001
0110010100011010
0000100001101111
0000000101000110
1110000101101010
1000010100000011
0111111101111011
0110101010100110
0101000001111011
0100010011011101
1001000001100110
1010011110101000
1000100000000011
1110010010011001
1101101000100011
1101010111000100
0110111111101011
0101101100010101
1000111100010100
0100101011100010
0111101001111010
0010000011101011
1010101100000101
1010101100100000
1010101001111110
1101000111011100
1000110011010100
1001110110000011
0110111011111111
0010011110101100
1000011000101110
1011111100101010
0001101010100110
0100111010010100
1101011110010110
1011101011010110
0100010010010010
1110001010110011
0111110000000111
0110101110010000
0101100001101111
1100011110101010
0010011101110100
0111000010101111
0100111100110011
1111011111100010
1001010001000001
1101111101101000
0110001000010011
0110101011010101
1010011101010110
1001000111110000
0101010110101000
1101011101110011
0000100110111101
0011010010000100
1110011111000100
0010010100110001
0010101111001000
0110011110010011
0000010000111011
0111001111001010
0110100100110111
1100100011100100
0101010000001101
1111111110100100
0101010100111011
0011010000101010
0000100010010010
0101110101101101
1100111111000110
1100111001101101
1000110100100001
0111010101011011
1100111110010001
0001101010101111
1001000011101100
1011110101001111
1010010100011010
0100000111010101
1001110001000000
1100101101011000
1010100101001110
1011100000110011
0011110000101100
1100010111001110
1100010111000110
0110100111100010
0001110110111110
1110101111111000
0100100001111001
1110100111010001
1101011011001110
1111100100001001
1110011100101100
1101111011000011
1110010100100111
0000011101011111
0010010101111101
0110101101000001
0100011000110001
0110000011011101
0000110110110010
1001000010111000
1010011010111100
0111101111111101
1001000101100010
0111110100010101
1000100110100111
1001000011010110
1110011000100101
0001111010011011
1010110111010011
1111001000011111
0101100011101110
1011100000011110
1001111100010010
1000101101011010
0100110000000000
0101100110001011
0111110100111101
0010000000011110
0111001100100101
1011101110101110
1100010100001000
1001100101110101
0000111001000000
0010010000100000
0101110010001111
0110111111011111
0101001101100101
1101001011011011
1110110000101001
1100101111001101
0111111000000101
1111101111011110
1111000111000111
0011001111001101
0111000100010001
1101000000000011
1010101100000111
1101010101110101
1111011001011011
0110110000101100
1111110100111001
0010101111110010
1101110111011110
1110100010000100
1001001100100100
0011100110001100
0010000010001101
0101011001110100
1000100000110111
1000100000110111
1001000001011100
1111101100101001
0010111110100001
1010010000101011
1010010100100001
0011111101100111
1100011011111001
0001011010011011
0101001001110000
1010011001101111
0100100111100100
0011111101111110
0110000011011111
1010100010101010
0111101111100000
1010101100010110
1001000001110110
1011101011110000
0010100000001010
0100000100100100
1110100000000000
1011000001001001
0011001100010010
0111010100110111
0111100001111000
0110100001101000
0001100001000110
0100000011100010
1100001010000101
1011111111001000
1001000110111111
1110111101111011
0010111011100111
1010001111001011
0001100011101111
1111000011010101
1011000100010111
1001010110110001
0000110101110010
0011010000001001
0111010100101010
1111100111001111
0110110001100011
0101001001110010
0100010100101100
1011001011101001
1111110110001010
1110010110011001
0010011100000011
0010111101011000
0100000110100111
1000101100110110
1000101001011100
0001111101010100
0101001001100101
1000010100001101
1100111101001010
1010110011000111
0100000011001110
0111000000000011
1100000001011111
0010111111011010
0000101111110100
1000010101010011
1111111000011001
1101100100011110
1101100110100111
0000101110000101
1000011111111001
1010000001101000
0000011010111001
