0010000010111111
0011011111110011
1101101001110111
1100111010101011
1101011111111011
0011011011010010
0011001000010010
1000100011011111
0110011000000101
1101010110110111
0111011100000110
1101101111101101
0000100101010101
0010000010110001
1011101100011001
0101011100100111
1110110011001010
0001001011111011
1110101011000011
0100101111100000
1011001011011001
1000100110100111
1101100001110000
1110011100011101
0110110111010010
0101110000011111
0110100101100000
0111001111111100
1010111100110111
1100011110010000
0100110111100001
0111100001100011
1011001000101101
0010011011001101
0101000111110001
0001000000100011
0011000010011000
1111001000010100
0000100011001000
0001001100000001
1101110110110000
1001001110010000
0111100110101111
1101011011001111
1100111100000100
0100111000111101
0010110110111110
1001010010010000
1101111001000101
0000001101111110
0111110110010110
0101110111010011
0100000111010000
1001111111000000
1111001011001101
1110000001100010
0000011101101110
1000101110110011
1001101010101011
1111010100011100
1100011010101110
0100110010000001
0101101011110100
0010100110110100
0011000011000001
1110111111011000
1101000101010111
1000001000100100
1010000101001011
1000110111011101
0111011000001010
1001110101011011
0111111010110111
1010111111111110
1101110001000100
1000110110001111
0100100000000010
0010001110110000
0111011100010100
1111101101101001
0001011111110101
1110001111010001
0000101100000111
0000101111000110
0111101000001000
0010000100001110
1011010010110110
0100011011100100
1011010000001101
0111001111001011
0010000111101010
1110000100110101
0001101000010001
1011110110010010
1110011001111100
0110011101001111
0111001100010011
0111011011000001
1110011011001111
1000011000011010
1001011110111100
0100111001110011
0101000010000011
1101110010000111
1111001001000001
1001001101100011
1111011110110010
0000000000000101
1010100001101000
0111001101001111
1101000000100000
0000001000001110
0001111100011110
0101100111010100
0111000100010101
0101001110100100
0111000010011111
0000110110000100
1100000101010011
1111011010011110
0000110100011101
0100110001000001
1110111010011000
0000110000110111
1000000010100010
0101001100110010
1000000011011010
0101111111000111
0100110000000001
1100100110011011
1100111111001111
0110101010010001
0100100000110001
0110001011101001
1110111011101001
1100101000101011
1010110000101001
1000011100000101
0010010110000110
0110101011010000
1000100111001010
0110011100011111
0010110000001110
1100100000000000
0011101010110011
1011101111101111
0001101011000111
0001011011111000
0000001110001011
0001010111011001
0001000100011001
1111001101001101
0110111001100000
0001000000000111
0111101110101011
1110100110011100
1000011100100011
1110011111010110
0100010110100000
1100110100101111
0110011011010001
0111101001010101
0010110001111100
0011000101100110
0110001111001100
0001101111101111
1111111011111011
1110110101011000
1110000011111000
1111010100110110
0110010101101010
1100110110010010
0010100111100011
1100001000111111
0111101100100101
0011001110111100
0010000101101110
0000000000000101
0100111110000011
0100010011001101
1100111010010011
1011110110110001
0101100100000001
0001111010100111
1011000000001101
0111000111000100
1010000001110010
0100110110100010
1100011110000010
0111011011111001
0110100000010010
0111011100000101
0111001111100010
1001001000111010
1100100001000101
0011100000100011
0001000000000100
0100000010010001
1001000010100110
1011100100110001
0111101011100001
1011000010100000
1110111001101011
0111010101100011
1001000100111100
1101100010010110
0000010001100101
1001011010100110
1000011000110110
1110000010100110
1010101101111001
1011111101000111
1011011111100010
0011010010100101
0011000011100110
0001000100100001
1110100010100100
0111000011101001
1111111110000001
0101110001110001
1110100100000110
1010001100101100
1110111000010011
0110101101110001
0100011001000111
1000000101010111
0010100000010100
0000100011011111
1100111100000101
1000000000001111
0011001111111000
0010000001010000
1110101100011000
0001000111110010
0110101000110001
0110110000100011
1010110111000100
0101110011010000
0100010110000111
0101000100010001
0111100011010010
0100011100001110
0011110011100101
0010000010011100
1110010100011101
1110111101000001
0001101110001100
0110111111100000
1110000000011111
1101101001010100
1000000110101110
1101101010001010
1110100100110010
0000110110011011
1101001100110110
1111001000000111
1111100110001011
0110111111000110
1000000110011011
0111000010000110
0011100101001100
0100100111000100
0000111101100001
1011000101011111
0000111101000001
1001111010110010
1011001100101101
0111111000110001
0000111101000110
1000010111110011
0100011100110001
0100101110101010
0111111010001001
0111111101110110
1010101100001100
0010100101001110
0111001100101111
0110000100100000
1111100101111010
1001101101011110
0010111000111011
1110001000000100
1011001000010010
0110111000101111
0110000001100111
1110110110001010
0110010100011101
0101111100000100
0110000110001011
0000100110000010
1010011000011011
0000011001101000
1000010011010101
0000010011101111
0110010101101000
0110111000100001
0101011010111101
0100101111011010
1011111100011001
0100011101011001
0101110000111101
1010100001001010
0111011110000100
0010011001111110
0001100110000010
0000000001100101
0010111010000100
1001011110101101
0000001010110000
0100111011110100
0101010010110000
1001111000011111
0010100110001010
1101000111101001
1000000100011100
1100100100100101
1000110010101110
0100000110000101
1110110111001100
1001000000100001
1001001111001011
1100111111000001
0000000011110000
1111111101011000
0100101001000011
1100100110111100
1000100000000011
1000111110110100
1101100010011001
1100011000110011
0110010011000001
0101001000000001
0111111110110010
0010000010000010
0010101010000100
0000011101101010
0100010011100101
0110011000010001
1010111111110101
0100100000110100
0010100011101111
0101100010110011
1100000100100011
1100001011000000
1100010111011000
0101111011110101
1001010000101101
1000000100110000
0101000000000100
0001011111100001
0101101111011000
0011100101101101
1001001001111100
0001001001110111
0011011001101111
0011001111011001
0111001011111000
0000010001111010
0100010011100001
0100010001110100
0101110110010101
0011000010000101
0100101001010000
1111001010000001
1000010000100011
1111010010110000
0001010000010011
1001101000111001
1000110011001010
0001011010110001
0101110111111011
0101100111011111
0010111010011011
1101100101010100
1000001111111011
1000100001000111
1110101010101000
1000111001110011
1100011101100111
0010000011011100
0010101111001001
1100101100010001
1010111001001111
1010011011011001
0000100100110000
1111001000111001
1110011101100101
1111110011110011
0100010011010000
0101110100111110
1101110011000010
0000111101000000
1001000011011100
1100011001111001
0100011000101001
0101010011000101
0011101001000000
0110010001011001
1001101111101110
0100010110010010
1010011001100000
0100010000111001
1000010110110100
0101010110100010
1000010001011110
0100101010101110
1000111011000101
1110011000011010
0011010010100010
1000111001101001
1100101111111001
0101111001010001
1101010011111100
0000111100101111
0011100010101111
0001000000001110
0011001000000010
0111010100100000
0011111100000010
1111010011000011
0011000000001110
0111000010110110
1110011000010011
0111100000001100
1101110001010111
1000011110100101
1111101111110111
1100000110110011
1100100010000100
0000100110010000
1111011110101111
0110011101000111
0010111100110011
1110000000000011
0010010011101011
1110011111101101
0110110010001101
0101101110000111
0101000111001000
1110011101001011
0100110000010010
1001100110000100
0011101111000010
0000110011110100
1011100011101011
0101110001001101
0000110100101001
1101000001101100
0100001000001010
0011001010111011
0010010001110000
1011111001101111
1011011010010100
1000100110110111
0000010100100000
1011011111011101
1100111000000110
1110100111010010
0010010000001100
0010010001000000
0001110111011010
0110000101000001
1110100110011011
0011110010010000
0000101011011101
0000011011101001
0101101100011110
0010100001101000
0100011000101100
1010010111001000
0011000101001011
0111101010100011
0010100010101001
1100010111000100
0001111010101000
1011011001010011
1111001011011101
1001111101011001
0111001101101100
0101100011011001
0010001011100000
0010111000010100
1011000011110100
0001111100110101
0101010111100000
1111011010111111
1011111000111111
1011101111011111
1110000111100110
0101000000110110
0011001010101001
0010111010011011
0010000001110111
1111000010000010
0010000001010110
1010010010110010
1111100101100101
1101101101010111
1001000101100010
1010000000101000
1110111100111110
0101110111011010
1100001011011110
0100011100001111
0010111110111101
0101010101111101
0000001000000111
1000000011101001
0100110000111000
1101000101110000
0111010001010101
