0101011101000000
0001011111010101
0101110101111000
1000010100010110
1000001111000110
1100101011101110
1001001001100110
1110011110110001
0100001000101101
0101010000001110
1111111011001111
1111100011100100
0011001001100011
1010100111000110
0111110111000001
0110001011000100
0001010011010011
1101100000011101
1111111101000001
0011001010101101
1110111101010110
1001110011011001
1111010001100010
0000001011001111
1000011110010010
1000111110100000
1000111100100011
1010110000000111
1010110110111100
1010000101101110
1001110111001001
0110101011001001
1100001001001101
0010000111010110
1111101101101110
1000010000000100
1001001100001111
1010110111000011
1100110110000011
0110110001101010
0111111011100100
1101011101001011
0010000010111010
0100100010001111
1111011010001001
1011001001011010
1010110111000110
0000100101010110
1000001110010100
1010110101001010
1010101101010000
0101000100010011
1010010111100011
0010110101101011
0100110000100110
1111111101110111
0110111100101001
0010111110100011
0101010101100011
0110100101011110
1010011001111000
1110100111111110
1000101011010101
0011011100110001
1001001000110010
1101000101100000
1101111011000100
1001001001111101
0000001011001011
1111010011001010
1111001101111100
0101111000011111
1010010100010000
1101101111101101
1001011111000110
1010001010001011
0011001010101000
1111100111001001
0101000011010011
0010000010100101
1000101000011010
0101101001100000
0011010110110011
0010010101101010
0110101011001101
0111110000000010
1000101101010100
0101101010111101
1100010111010110
1001001101001100
0100000111001010
0100001110111110
1010101110000110
0111110010001011
0100111011101010
1101111101111110
0100101010000110
1010110110110001
1111000100011110
0010111010110111
0101001100111001
1101001111010100
1011100011100110
1001011111110010
0001001000010110
0000101110110011
1111111110010100
1111011101100001
0001101000111011
1100010111010001
0111101110110011
0110101010011011
0101111000111101
0011110101001100
0110000100110010
1010001001101110
0111110001000110
0111000101010110
0001111100111110
1110110101110111
1100111110101000
0000100110011011
0100110000010101
0111010101100100
0000110001000010
1111010011101100
0101011101110101
1100101001011101
1010011101001111
0001001000101001
0111000001000110
1001101110110101
0000001101010011
0010110100000100
1001111111010100
0111010111101111
0000001000101010
1101100111000001
0110111100111101
0101100000000101
0000111110111001
1010001110010001
1111011000111101
0110101000011010
0011011101110010
0110110001100111
1010100010111101
0101001110110000
1101001101001101
1101001001001001
1011010110111110
0010100010011010
0000101100101110
0101011001011010
1000100111101111
0100001111101111
1000001010010010
1111011010101000
0100011011110110
0110010001111011
0110101100000101
1010011100000010
0000111101010001
0000110111110011
0110010010010100
0100100001010010
0011110000001100
1010101001111111
1001111111000010
0101001000011001
1000110110110111
1111111111000100
0110110000101100
0010010101111101
1101110111101100
1101000001100001
1000111000011101
0010001110111101
0100111010101100
1011000011110101
0011000101101000
1110011000101111
1110111010110011
0101100001100111
0111100101100110
1111110100101001
1010011100011001
0111110100001100
1010000000000110
1110111100001111
0110111000001010
0001000011110011
1101101011010001
1100010010100111
1010111001001110
0000111101011111
1010100011100001
1100011101001001
1010001100111000
1011000011011111
0100110001101000
1110111011100000
0010111100100100
0000110000100000
1111110101111010
0000010101101111
0011111110010100
1101000001101111
1111111101100000
1000010111100011
1011110110011000
1001010011010111
0101000001000000
1101100010100111
1011110001110111
1110111110000100
0111101000010101
1011110011010011
1101010001110010
1110101011001011
0100010101111001
0100100111100000
1101011010110110
0010001101100100
1011110011100000
1011011011101001
1101001111110010
0110000001011010
0010100100101001
1001001000100000
1011110010010011
0000001001111110
1011111100110111
0110000011000100
1110110101000110
0110001101110010
1110101110100100
0010100000101011
1111001001011101
1111000100110000
0101111100100101
1101011011000001
0100011001101010
1110110011000010
0001000010111001
0010010110101000
1001010011100110
1100001101010100
1110000110111111
1100111110100110
1110111001001011
1010101011000100
1111110111011000
1010010110011100
0111001100100011
0011100110101100
0001010110000001
0100101001010001
0101011010101011
0011000000100010
0111001111111001
1101000111011000
1100010000101011
0110110110011110
0101100011001011
1010100110011101
0110001110001001
1111000101101011
0011111001001111
1000011011110010
1100011110101100
1110100001101011
0110000101010100
0000010100100101
0001100111100011
1010101001111100
1100011010111100
0001010101111011
0110111111100111
0110111001011111
1110100111010011
0010101100100110
0010000001010010
1010011100111010
0100010111000100
0110011110010100
1100111011011101
1011100011111001
1011010101011000
0111110100101100
0100100011100111
0111000001111010
0011000010101010
0110010110000011
0100100000111010
0111100100110010
1110000000011010
0111110110001100
0101110110011100
1101111000011010
0100100110011011
0000000000110001
1110010101001100
0001000110100111
0100011111000011
0001110010001010
0101001011011100
0101001100001100
0000001001110000
1010000111111010
0101000011111001
0110100001010100
0001110100000111
1100100101101100
1011001000111000
0101001100000000
1001101101001001
1110111101000100
0100000010011011
0110110100011111
1010011010111000
1010110000010100
0100011101000111
1101010110101100
1000101100010101
1011001000110100
1001001111111100
0011110010000110
0110101000010100
1100101001100111
0001010110000000
1001111010001111
0101010101100101
0111100111110000
1000100010110100
0011010010001110
1011010000111100
1001101100101110
0110100000000000
1001111011100010
0101101011011111
1110101000110010
1111010110110000
0101101100111011
0011001101000010
0001010101010001
0101001010000111
1110001110100000
0110110010000101
0110001010010110
0001000111010001
0110011111100000
0111000110110111
1001110100101011
1001000110111000
1000101110001011
1011100010110111
0000000000001010
1111011001000010
0010100110110110
0101000010010111
0011100011100110
1110011101001010
0001000100110110
0000011001000010
0101101110000011
1011001000100001
1000011101101000
1101110000001101
0101100111101100
0010101110100011
0110100011111001
1101101111110100
1010101011011111
0111000101000101
1110110111111101
1110010100101011
1101100100111011
1001110010111100
0000010111001001
1101000010100110
1111111001100100
1111001100110101
0111111011100100
1011001010000000
1011110000000010
0100011101010110
1101010101010111
0010110111111111
1000001100100000
0010101110101001
0100100000001101
0110110110010010
0100011011001000
0001111110011111
0110011111100100
0011110100000011
0111001000011001
1001011100111011
1000000100100011
0001111110010011
0011101100100011
1001000110011010
0110010001111011
0011100100110100
0010011100001100
0110011000000010
1001011111001111
1111100010110011
1100000100100101
0000001100001100
0111111101000111
1011101100010000
0000111001001011
0100001100010001
1111100010010101
0010111011001110
1001110110110011
0010000101101011
1001110110010010
1100001010110100
0010010100110100
1100110101001101
1101011001111000
1101101000010000
0001110000101000
1001100100011010
0111010100110000
0001000000011101
0101001010101101
0101110110011011
0100011001010111
1001100010000100
1110110111001101
0100111101000101
1110100101100010
0000010001010011
0011101010110001
1100100011010100
1000101000001011
1110111110000101
1110001100100000
1010011000001101
0100000010001001
0010000110111111
1000111011111100
0010011010001111
0011010001000001
0110110111011011
1010010011101000
0011101110100101
1101101011101001
1010000010001010
1000110001010110
1110001000100000
0000110101100001
0000011111101010
1010001101011010
1010100100110001
0101101100001100
1110110100000010
1000000000111001
1100101000110111
1110011110010010
1100001010010100
0100010110010010
1111101000001001
0011000000111010
0001000101101110
0000111111010010
1100110110111010
0000111100011111
0011101100101110
1100011111001010
0010000000111101
0010110001011100
1110010001100000
1001011001011111
0001000001110001
1110111000000001
0110000111001001
1001010000101110
0011111000011100
0011100000110010
1111100110000111
0110101000001110
1011111101011111
1110001000000011
1111000011110010
1110010110110011
1010111010000001
0110000010111110
0010000110110001
0001010001000100
1100111101000101
1100001010000110
0111100100010101
1000001011000010
0001000101001001
1101111001011000
1110100001101100
0100000001010101
0010110010110100
1000010000101111
0010010001101111
1111011001111100
1100100100000001
1011011001111001
0001101110110101
0110100001101001
1110001001111101
