0110000110001000
0100101010011001
0110010000000101
1101011000000001
0111010101101000
1001101111010111
0010001011110000
0111100010011100
1010011011101001
0100011100010111
1000001101010010
1110111110011010
1100001100101110
0000100110010100
0001000001110011
0011111110001101
0010010100000111
1111101110100010
0110100001101101
1010101110011101
1101111111011000
1100001001010010
1010001001001001
1110100101000110
1011011011110010
0110001000110110
0110000011000001
0000110001000010
1000111000010000
1100100111100001
1101011000100010
1101001100010011
0110100011001001
1100110101111100
0111001001100011
0010011011101111
1001001000101000
1010011100110110
0011110101111101
0011010100010011
1001000011110111
1000010010101100
1001011000010111
0000110101000000
0000111101111001
1000010010000000
0000100110110001
1011000010110111
0111100100000000
1000010011011000
1010110001000010
1101000010101000
1010111011111000
0100100010001011
1010111100110001
1000100101101110
0011110000010011
0101011100111100
0101101010100100
0011100111011001
1011001100111110
1101011110001000
1101000111101001
1001110100100011
0111000110111100
1110000011001010
0111010100000011
1010111001100001
0010001011011010
0111101010101010
1001001011101010
0001101010100010
0010100101010111
0011010110110110
1100111101111100
1100101011000110
1100001000011111
0010101010110110
0001011011001110
0001110111010010
0000111111111110
0010000111010111
0001001110011011
1110001110110000
0000100100101000
1001111010111100
0101111001101110
0111010000111000
0010111101001110
0101100001101000
1000000101111010
1100100100100100
1101101101111111
0100101010100000
0101110110111010
0010001011011010
1010110110011000
1011100001000001
1110100100111101
1110001101111000
1010001111100100
0100011101001111
0111001101101001
1100011011101111
1100100001000010
0001010110110111
1101101011101011
0010000111000110
0110100000100011
1000101000100000
1011010100100011
0100000110101101
0010011000111111
1100111001010101
1111000010101000
0111011100011110
1011101111100010
1100010001110110
0111100011100101
1001111101010010
0000100110101001
0001110000110001
1000100011110010
1111110010100101
0011011111010101
1010111111100010
1000110100000100
1100001001011110
0111110100010000
0110100001011001
1111110011100100
0110110110001110
1000100111000011
0001110101001011
0001001111100100
0110000010100101
0111111111101111
1110010011011111
0100110010101110
1111001110101001
1011100101010001
1101010010100111
1100000110000110
0110000100110101
0101011000111011
0101111111100011
1110100000101111
0100101101110011
0001001000000100
1011011101010101
0110011011111110
1111111010110001
1000000001101100
1111000000101010
0111001000000000
1101110010101110
0100010011010011
0001010011101100
1110111001011111
1101010011101101
0101110101110011
0111111100100010
1010101101100000
1010000000011000
1110000011100000
1011001101110100
1001110001101101
1001101100111010
0000011001111001
0010100010010100
1011000101000000
1011001100100100
1010111111011100
1100100110100110
0001100010111000
0100100100100000
1110100110100110
1000011110100010
1100000010110001
0101100011110001
0111100010001100
0101010010001000
1000100001111100
1001100110101000
1010010111010001
1000011100100110
1011011111100011
1100100010110100
0000010000001001
0011000100001101
0110110111101010
1101011110001010
0001110000100000
1101100110001010
0011110011110000
1110110001001110
1010001110110010
1100001011001010
0001100100000101
0001000100011101
0111001011111111
1110010111110110
0110110110011011
1111000011110011
1111011000101110
0010101011010101
1100110111011100
0010100110100010
1100111100001011
1110100100010011
0010101001101001
0101110001100000
1110110110100010
0011111110110001
0110100111011110
1110000000000100
0110010111101001
1100100110110000
1011011001110000
0010101100010101
1111110100110010
0111011101111111
1110110100101010
0110001000001101
1100011001110000
0010111100011100
1010110110011010
0010111111110101
1100011110100110
1100110100101010
1010100100010001
0000101110110011
0101010010111111
1101111101011011
0001010101000100
1100000110000110
0101110101101000
0000100010010010
0010111101000111
1011110101111111
1101110010000101
1101110101011011
0011101011110001
0010101111000011
1001110111110000
1100110110001101
1010110111101101
1100010101100111
1110110001000100
1011011000010111
1000000011011000
1011100110110010
0010101010110000
1110100101000000
0011111001010111
0010010011001001
1010101000000001
0001001100011100
1100100100000111
1100011000110111
0101100101101110
1011110001000111
0001001100111000
1101010100101001
0011101001111011
0000101100101101
1100110111101011
0111011100011110
0101011011100001
1111101000101010
1110110000001000
0010100101111110
0011000100110000
1101111100000110
1011110000110011
0011011111111111
1101011001101100
0101010001011001
1111000110100111
1001011000101011
0110100011101110
0111111101011001
1110010101010111
0000111011111100
1110011011110010
0010001010011010
0110001000010110
1000001101010011
1101100110111111
0000010110100000
0000101011100111
0001011000110111
0101100101011100
1000000101011011
0111100010001101
0111000101101111
1011111111001000
0110101110100110
0111010000001101
0101011000101111
1100000101100000
0011111010110111
1110000110001010
1000000100111010
0111010000100110
1010110001110100
0100101100100110
0101001010100101
0111001110001001
0100011010001011
0001010001000111
0111001100001001
0110110110011101
0100101101110001
1111101100110111
1100100000010101
1111110100010000
1110111111111110
1110010111011001
1100101110001010
1011101011001101
1110100110101001
1111110100010001
1010011110100100
1111110110111001
0110011110101011
1110111010110111
0111111100000101
1100110101011101
1110110001101111
1110011010100110
1110001100011100
0100100000111000
0100111100001000
1000001010010110
1010001000011000
0111010010000011
1100000100111111
1110010010000010
1110101000111011
0100000111111100
0100001110100010
1101000111101111
1011010000110101
1111011011100100
0001011011001001
1010110100110010
0111011111010110
0000111000110111
0011110010110010
1011011100101101
1011000100011101
1011010001010000
1010100001000111
0101011110111010
0001001110100010
0111010010111100
1100010000111111
0001111111000001
1101110111011011
0011001101111011
1010111010011000
1011011011001010
0011001011110010
0110011011111001
1110111110100110
0110010001001100
1110111001110010
1111001001101011
0110111111101110
0001010011100001
0110110010000011
0000111111001100
0011011111001101
1000110110100011
0010110101011111
0100111010110110
1100000010010010
0011111011111101
0100110011011000
0101101111100001
1101110001111111
1000010010111000
1001001111100000
0001001001000111
1011010101111101
0101000110111110
0000000011100111
1011101001100010
1011100101110111
1001111101011001
1100110100010111
1111010100001010
1011011100100111
1011001010011011
0111011011111000
0000111111100001
0011101101110011
0011111110111000
0000110101110011
1111011100101101
0010101010100010
1000011011010001
1110010101100011
0011000100000110
1001001111010001
1001011010010110
0110111100000001
0000011001110011
1011000000011101
1000110011001010
0110101110011101
1100011011100000
0100101011011011
1110010101000011
1001101010100001
0111011100010010
0001010011101001
1001001110011101
1111101011101100
0010011111100011
1000111100011010
1001100110000100
0000011100100000
1101100100100010
0110110100110110
0111000111111010
0000101011100011
0011011011000110
0000101100010000
0100001001011100
1100100001110100
1111011100010100
1110000000010011
0100011011010000
1001110100101011
0100011111001100
0111010100111001
1101011010111011
1000111100011010
0100010001111101
1110000011000111
1110010110000100
0000110000101000
1010011011011011
1110111001101011
1101101010001000
1001000101001101
0100101010100110
1111101001111000
1110010001011000
0001001100000100
1001100101101111
0000001111111010
0010011000010010
1101000010010100
1110100011101010
0011101100101001
1011010111000010
1101100111101001
1001010110111101
0111100000111111
1100011001100011
0001011111010110
1101100001100011
0010001011111111
0000111111000110
1011011001110101
0110101101101101
0011010110111100
0001111010001001
1001000010010101
1101000100001000
0100111101101001
0010001100010111
0001111010000110
1000000000001100
1011100000100110
0001000010100010
0110010010000010
1111101100100100
0000010010001111
1001100001101011
1010101111100110
1110001000111111
0000001011001001
0110000000010111
1000111100010000
1001110010111000
1000010110010110
0110011000010110
0011110010101111
1100101111000100
0111001000000011
1101010100011101
1110111111011101
1111110100011100
0000001100011000
1001010001101110
1001111010011110
1010010100101100
1000011000111110
1111100010001101
1010011011111100
0001101110010000
0100011111100101
0110100011011100
0100001100110000
0101001010100000
0000100011101100
0100110100101101
