0001101000111101
0011000100111001
0011011000110000
1110010010001010
0111000101011111
0110000110101110
0001100001010011
0101111101000111
0000100110011110
1110100011010100
1101111001000101
0110101011110101
1110100111111011
0101000100011000
0001100000001110
0100000011111001
1010111100011110
0111111101001011
1110111010100110
1101110101010001
1101011110100011
1110011001111000
0001100010101110
1111101010111110
0001011010001100
0100100001111111
0011000011010110
1111110010100000
0000110100000100
0100010111100100
1001000000001000
0000001001100111
1010110100110100
0010100010100100
0010110010010110
1011001001111000
0000010010100010
0001101011111010
1010000011011010
1111010011010000
0100101011111111
0111100011010001
0010110011000111
1110110001000000
1000100010011010
0011001011011001
1100001100001101
0111101011110110
1110001001010001
1101100100111011
0000111010100010
0001000011011001
0110101011010111
1111010101100001
0000100100000101
0101100011111011
0110010011110110
0110010010111010
0010011000100010
0110110100100000
1101111101001111
0011101011111111
0011100111110101
0011011011101110
0101111000011100
1011101101001101
1111100000101001
0110010111100101
1101111110110110
1000110101111010
0010110111101001
0111111111010111
1010001101010101
0010100000001111
1100110111110110
1100110000110101
1101011000011010
0100100110001000
1111011100100011
1100101000011000
0111111011010000
0011000111010100
0010011000111001
0101011100000001
1010011000011101
0000001100101110
0110101011000101
0001111011110100
1010001000110101
0111010001110110
0010010100110111
0110000110010110
1010001000100010
1111111111000011
0010001111101010
0101011111001001
0110010110111111
1011111100000111
1100011110011001
0111011000110010
0110000011001001
1110101100111101
1001010100100100
1100000001110001
0110001001001111
0011101011010111
0100110100011000
1001001100101110
0001010001010100
1110101011000110
0011110011011110
0110011000000010
1011010010101111
1001100011001000
1011010101100001
1001101011000010
1001001110101110
0100101010111101
1101100001010110
0110010011011001
0110010010000011
0111011101010000
0100011001010011
0111101011100110
0111111011010111
1110111100001111
1111010101110010
1111100111110110
0011000011010000
0101100100111100
0001111100011010
1101110000111000
1101110011111011
0010111011101101
0000000100011001
1101100111101011
0111001101011101
0100011110101110
1101010010101110
1000111100100001
0010000110011000
0101011101010100
1000010100011110
0101110100010101
1001010101101101
1110000110010010
0100101110100110
1000010110110101
1110001010101001
0101110100111110
0010000011110101
0110101110011110
1101000010011111
1110100010111000
1010101011111101
0110101100100001
0110011011000001
0110100011000100
0001110010111011
0001100001010101
1001001000100001
1010110010001011
0000100010011110
1001000011110000
1110111110101001
1011110011001101
1000000011001010
1110010101100001
0100001101101100
1011010110010011
1100111000001011
1101111110100100
1000101000100111
0001101000010011
0011011111100000
0011000100101110
1100010001101100
0100011011011110
0000111101010000
0111110000011001
1110101011100110
0111011011010010
0001110010010101
0110001001001000
0100101010010011
0000010000100101
1000010010111000
0100010111011110
1101011011010000
0010111001100000
0100001100111100
0101010100110001
0100110011110100
0110100010011001
1001111110110100
0000101011000010
1101101000101011
0110011100100011
1100101111111101
1110001000000100
0100010000101010
0101111001000010
1011100001100000
0011100001101110
1101000001011010
0111110001101011
1110111110011000
1110010110001010
1001101001100000
1111100010101100
0100100010011010
1010010111011111
1110111110111010
0010111010011010
1111010000000011
0101100000010000
1011011001000001
0011001101101010
1011011101100111
1101011001111100
0001101010110001
1101011011011010
1001010001100100
0011110000001100
1010001110001010
1101011111010101
1000111100001110
1000110111001111
0010010110110111
0000000101001101
0110110001001111
1101011011010000
0010000111011110
0001111011011010
0000110010111001
0011100110000110
0011001110100000
1111011010000110
1000000111001110
0010110100101011
0000010110001110
0000010000000000
1011001100001001
0010010111011101
0011000001000100
0110101110100011
1101111000101010
1100001000011001
1100000011011010
0110110001100110
0110010100100000
0100011001101100
1100010110011110
0111010010101101
1100011100100011
1011111101001000
1010111001111110
0110011011000010
0111011001011000
1011111100110001
1000110000001000
0111001101011010
0001101101100011
0100001101111101
0100000011101101
0000000010100100
0101010011101010
1101000000010011
0111000100011000
0101010001111000
0001000100001001
1100101110110011
0100110111101111
0100010100111010
1010001101001100
1011100100110101
1000111001110000
0010100100010011
1010111011010110
0101111010111111
0111010001111100
0110000011010111
1101101101010010
0001011001111111
0100011000010000
0001000011001010
0000110110101100
1001110111010001
1010001111100011
0000010000010101
0000011100001000
1101001010011111
1001001111000000
1001011000011011
1111100000100110
0001110101010101
0111101000010100
0100011100111001
0000110010010011
1000111101110110
0000001010100100
1110011111011111
0110010010010110
1101011110111011
1100101100000110
0100010111110111
1111101100010111
1011001010011011
1111000010101100
1010001110110111
1001101100110100
0101000001010001
1001100011111111
1001000010110101
0011010111101110
1111111101101110
0010101011000100
1000000101110011
1101101010111000
0100100000000001
0101100100111001
0000111011101100
1100001001001100
0011010111100110
0010100101100000
1010001110101111
1100000001100000
0001010111001001
0100100111000001
0100011100011000
0001010101001101
0111100001101010
1111010110110001
1110000110001011
0111000010110010
1110101101000111
1001011110101100
1011110011101101
1101010001100101
0001111110101110
0000100010000011
0010100010111100
0011110101011011
0111001110000001
1010100011000011
0001100101110110
0111110001100110
1111110000111001
1110110100011100
1010111010101000
0100100011101011
1101000010000000
0001001101100010
1011100101100010
1111101111100001
0010011111111110
0101010011000001
0001010101001001
1101010100110110
0011001000001100
1110001110110101
0110011001000101
1010110110101011
1000010100000101
0111110000101101
1101000111001101
0010011001010010
1001010100101001
1100000010100111
1101111001010100
0010011000000011
1001111011011101
1011110001110000
0100111101011000
0001011010110000
1111011011100000
0110110010100111
0111101010101110
0111101001000011
0100101000100011
0110110000010011
0011001001011110
0010110000111010
0000011100100001
0011100101101011
1110101100001000
0101101101010001
0001111111010100
1110011101000101
0100001011110000
0010011001111001
1111101000111111
1101010000010001
0110001111001000
1110010100011101
1011100011010000
1001001011110111
0100110011111110
1101101000100110
1110101000001010
1010111110110001
1010001110000110
0100000100001100
0101110001000101
0010101110100101
0011101000011100
0000110100111000
1011011001110110
0111100101010001
1110101010010110
0001001110001010
0100111101101010
0001100011000100
1101110010000110
0011011101101001
0010011110000010
0100111111111011
0100111011110011
1001100111011000
0010101000011001
1010100000001100
1000001110100000
1111101000110001
1000001000010010
0000011101101101
1001100001110011
0001111001101101
0010010001100111
0101001010011111
1010010110000011
1101001000110011
1010110001100001
0101101001111010
1011001011111010
1111101010110010
1110011010111101
1001001011000011
0001110110100111
1100110001000011
0010001100100110
1111011111101111
0110010001110001
1001010001101000
0000111101111110
1000111010110110
0100111000101010
0010000111011011
0001100111011000
1000110110111100
0101110000001100
1110110011101100
1111111110101001
0000010011011000
1011001100011001
0110110001010011
1101001000000011
0011101111100111
0101110111101111
0000100111000111
0101111011000101
1111010100010111
1001010010100100
1010000100001101
1101000011100011
1000001100101101
0100100001111111
0011011100001100
0100001001011101
1111011011111110
1110100111000011
0010111111101010
1110111010101101
0010010101111011
1000110100100100
1100001011110001
1100110110110100
1001001010101001
0100011011010100
0001111001101011
0011110111101111
0100010000001111
1010010110100010
1001010001101011
1000000100000010
0001100010010111
0011011111011010
0111001111011110
0001110010111010
1110001000111001
1110110011001110
1001000110000010
1010010010010011
0001111010010101
0010011010011111
1011101111101101
1001001011000010
1001011000010110
1101011111000100
0001111111011110
0000011010001001
1101011010001111
0001111111011010
0101000001111101
0110101010011111
1100111010011100
1101001001101010
0011001100101010
0111010101010000
1111101000100011
1111111001100000
1000100110010111
