0100011011001111
0110110110100001
0001110101110010
1000010011011110
0101001000001010
0111100000110000
1110111010110001
0000001111010110
0001001001001001
0101011011010101
0001101100011011
0111101010000111
1010001000011000
1101001100111001
0110110101001001
1111101010011011
1011110011111011
0001001110000000
1011111110001101
1000010101101110
1111110011110000
0001010001011000
1010011111000110
0111110100011110
0111100111101100
1110011000001111
0111110101011000
0101011010100011
0101101100000101
1010101111100001
0100111111101011
0001010101010000
0001110100100100
1010001001111100
1111000100111010
1111101111010110
1110011110010011
0100000100000100
0011010100100001
0100001001011101
0100000011000001
1000000111111111
0100001011000101
1110110010011011
1111100000100100
1001000110001010
1100100111001011
0010011001100000
0011100110001000
1010001100110100
1010000011011011
1100101000011010
1101111110101011
1100011001111001
0111011101111110
1001011100100000
1101111110100101
0001100001100001
1000000101001101
0001000000011111
0000010101111000
1100100000011110
0000100111111010
0111000011100011
0010110001100100
0111111110011000
1111111100110000
1010010101110000
0101100101110010
0110010011110010
0101101111001011
0010000001111001
0000011000000000
0010101110100100
0110101111010110
1101110101100000
0110110101010100
1001000100011001
1110111111101001
0101000010100101
0000111100010011
1011100000000000
1100100010000001
0001101000110011
0110100010110001
1111001000111101
1001100011010000
0000001101101100
0100111000110001
0110010010010000
1010010111111111
0001111110100100
0000011001000011
0101001101110000
1101101011010100
0010000001010000
0111110001100101
0011110011001001
0000101010110110
1010101111110101
1100100001100101
1010101000101110
1011111110110011
1000011110100101
1001101101110111
1101010110110011
0010010010011010
1011010011000110
0001100001100110
1000111101100110
1110111100001000
0111010010010011
0101111111111011
0110100010011001
1000101100110110
1100101100000111
1110010000001100
1001011010111111
1011010110011100
0110101001011000
0000100001111010
0011011001110111
1100010101011110
0110011010000101
0100010100000010
1001111110100101
1110110100001100
1000010010011011
0011010010011101
1100011101110100
0000111100111101
0100100111101001
1000000100010100
0000001100011110
0101101110101110
1000000001110001
0110110110001110
0101010100010111
0001000000000100
0101010111010111
0100111111011010
0110110000100101
1011000101001111
0001001111110111
0111011111100110
1011010110010101
1010000011000001
0100111111111110
1111110011011100
0011000101110111
0111001100111010
0101110011011101
0001001000001010
0111100111011011
0010000000100101
0110001110011100
1000101100101101
1100101000100101
1000010011110000
0101101111001000
0011000101000010
1010011101011101
1000110011100011
1000011101010100
0010010101111011
1001000111001001
0011011111010001
1111001010011100
0000110110101111
0111010110100110
1110110010000010
1011100111000000
0011100100011010
0001101000100111
0100100000111110
1010101101010011
1001010110111101
0111011000000000
1111101100011110
0010100001011000
1000100010010010
1011110001000000
1001000101110001
1011000100111010
0110001110000011
0001101110110001
0110110010010111
0110001101011100
0010001110010100
0011101101011101
0000101100100011
1000011001000100
1001010000100111
1111100010010111
1111110111110000
1011001101110110
0101111100100001
1100101001001111
1011110011100100
1011100111100111
0000010011000111
0110000000110001
0110010011101111
0000110010000111
0010010011100101
0000100001100010
0011100110101010
1011100110100001
0010011011111111
1001111101110001
0111000010011100
0010000000101111
0011100110111100
0111110111011100
0111010011111011
1000001100011010
0000011000111110
1010011110110101
0010000111000101
1011101010111110
1100111001001111
1111010011000101
0100000000100111
1010010100111010
1001100000000100
0101001111010111
0010111100001111
1000011010101111
0100000101001001
1010111010101001
1000000110011001
0111110100010011
0100100001000000
1011011000001110
1001100011101000
0101100010010010
0100000101110001
0111110100011001
1001111000111101
1010010100010110
1001101110100111
0000111010010111
0010110101001110
1101010001100100
1111011000111010
0111101010011111
1000011101100111
1000000110110110
0011101011011100
0111101101000110
1011111110010111
0101111100001001
0110110100011010
1111110100011000
0010110111100100
1100100101110101
1001110010110000
0111111110110000
0111110001111001
1001011110101110
1101101010000101
1000010111100010
0000101001001000
1110001111010000
0000011000110010
0100100111000110
1100111001000010
0010000101001101
0011110100010110
0111000010101010
0010000001110011
1001001110000111
0001001011111100
0101111101110000
1011011001011011
0011100100011110
1010010100111101
1001100011111010
1111110111001111
1010111101100110
1111001001110110
0011010111110100
1001011000011011
0001100100011110
0100100111100001
0010110101010110
1010011010001001
1100011111010100
0110000011000100
1101111110101110
1001001010011100
1110010000111001
0100000001111100
1011100100001111
0000010000000010
0110111000001001
1100000011011011
1010101000111110
0010100011100010
1011101110101010
0111111111111101
0110010001110001
1001101101101100
1110100101101100
0010010110000101
1101011111001100
1101110101011000
1000101100111001
1011101101011110
0111001100110001
0011101111100001
0001111000011000
0100010011110111
1111111000101101
1011000100110010
1111101001000010
1111011100101111
1001111111011000
1001100000100111
1001010100100101
1011110100000010
0011111000000011
0111010001100001
1101001101000110
0100100100010110
0010110011001110
1100001100010011
0101101101100000
0100001110011110
0110000011000011
1001111011000110
0001110001110011
0011000000101000
1011101101101101
1110101001100111
1111110110010111
0100000110000111
0100111011110000
0010000101110011
0001100011111001
0111110000011111
1011001111110001
1000011111001100
1111110101011110
1010010010010001
1001000010110001
1011000001011001
1101110010001000
0111100101110111
1011101000110110
0011101111100110
1101101010110000
1011111011011111
0100101010111000
1100001100011111
0001011011010100
1010100101100001
1011011000110011
1000111110001110
0100011001010101
0001100111110100
0010000010110010
0110000010101101
1000100101000101
0000000010011110
0001101100100110
0001101110110001
1010011011110100
1000110111111100
1000100111101100
1100010001001101
0111011000001110
0100001010011011
0010001011100111
1000110101110001
1111010101111101
1110101101000001
1110011000100011
1100101100011010
0011110110101001
1001010011011011
1010001101011110
0100001001011010
1010000101001010
0111110010111011
1000101110010100
0101110110010000
0010011110001101
0011111111101001
1111100100000011
1111000101111000
0111010101100001
0100110110010101
0100011001100000
0000101111100100
1000011010001100
1000011100011111
0001110010010011
1010010100001110
1000111111111110
1000100011011010
1101001000111111
1101111110000100
1001101001010100
0101110011110110
0110000011100010
0011011000000000
0010100100001101
0100010111111010
0011010000111101
1001000111011111
0111100001101110
1100000010100110
0110110000100100
1101101111000001
0110000111010101
1101111111110101
0110110101000000
0011010001011101
1110101111000110
0111011001100011
0001110011100101
1110111111110110
1001100100101101
1110101010110011
0011000001101110
1110111111011010
1010101101110000
0101100100011000
1001010001110010
0101111000101101
1010000000000000
1011100011010001
1110001110000010
0001111000100111
1010011100111010
1000010111101110
0111011100101000
0001011001011011
0110000011000011
0001011100100111
0101000101110110
1011110110101110
0110111100010110
1101011100001001
0111010111100101
1110000001000000
1000011101001010
0100111101100111
0000011011001000
1111100000100101
1011100011011111
0101010101011000
1100000000101001
0001110011010001
0000101101010010
0000001110010001
1001011110001010
1001001000101001
1110101110110010
1011011101101011
0001110100011110
0101001101011001
1111111000101010
1000101101110101
0101111010100000
1111010001000000
1010100110011011
1111010001001101
1001111001111011
0110101111101100
1000010111011101
1000010010100010
0100010010011111
1110101101001111
1101100101100011
0101010001111010
1100011110000001
1110110101111101
1100101000111010
0010110001101111
0011011101010110
0001101101111101
0111111111011110
1111001101001011
1010111101000010
1111000010010100
1101111111101011
0011000010010010
0101101000111000
0100011100001010
1111110111110010
0100000010000101
1011000010000100
0101001111100011
1110110001111110
1111000111111010
1110100001011111
1001110110110100
1010011010001111
0010100100100010
0010101011010010
1001100011100000
1111010011000100
1110011110110000
1110110101111010
0010001000011101
0001000010100110
1010000100100101
1100101110010010
0101000000110001
