0101110111111101
1001110001000101
1011110101100011
0110011100110110
0000011101100101
1001011100111011
0110010011000001
1000011001101110
1100001001100011
0111110001010100
1110100010010101
1001111101010010
0011010010001110
0110001001001111
1011100111000111
1100100001111011
1100001001000110
0110110011100010
1010111001000111
0100110101110010
0010100100110111
0110011010101010
0110001111001101
1000001111011001
0010101111110001
1000001110110001
1011001101010110
1100011100010010
1010110110101000
0100110101001110
1010100111101010
0010100111011010
0011010111000100
0111010000110100
1000001001011110
0111011001110011
1000001101111110
1001110110110100
0100011000111110
0010111001110010
1100111101011000
1110101101010100
1011011011100110
1100001010111111
1000011111111100
1101001001100010
0100100001110110
1101010111011001
1110001111100110
0011111010000000
0010110111000001
0100110001000111
1001011111110111
0100111001001001
0000011000101100
0010000010010100
0011111100101100
0001101001000110
1111100110000001
1110111111011110
1001111011100100
1110101110010010
1110010110110101
0011100101010001
1100011110100111
0101111110010001
0010100110010111
0001010111011011
1111101001110000
1101000110100101
0011000111111010
1110100101111010
0010010101001011
0011101010000110
1101101110111111
1100010011000001
0000110111001101
0110000010101010
0101110111111100
1011110010111111
1011011110010111
1001101110001011
0000001110001111
0000110000001000
0111000001000000
1000010010011010
1011110111101100
1110100001010110
1001110010000111
0010001100001010
1100000000100101
1111101000001001
1100100011010110
1101111000001010
0101110101110101
1101110001111111
1000110100111000
1000011011001110
0011110011000101
1010010111000100
1001010101111111
0100001100111001
0100101000011000
1001101011101011
1100001101110100
1100110010101000
0010101110010111
1001011010111010
0000011011110011
0001001100010001
1110111101000000
1000101010110000
0011111111100010
0101110101010010
0100101001100010
0000001010001100
0110111110111010
0111111001000110
1000111000111001
1001011000011101
1100010100001010
0111110010101011
0010110010110101
0101110000110100
1110101110110010
1000110001111001
0010111011011010
1000011010111110
0001011011000011
1111110001011000
0011111110110110
0100000100001111
0011100010110000
1001000101110011
0001001011100011
1111000000001001
0100100111110100
0011001011010100
0011000000000011
0000100101010101
0000101110000111
0111110010100001
0010001101011011
0110010000000001
1111011111111001
0000000100000000
0000000111110000
0011101101101000
0011000010110110
0011101110001001
0110100101011100
1000000100010000
1010111111000010
0101001110111010
1011011001001101
1010000010001101
1111001010000111
1101011001000011
1000100001111100
1110010011010001
0100101110111101
1000011111000101
1100111110101001
1011010111010001
0101000001010101
1011100010010000
0000001001010110
0010011110100000
0111100000110101
0101101100100100
0111100010110011
1011110011011100
0000011000000110
1101101000001100
1110010100000110
1001011001011100
0101010111111110
0000100011010111
0001011100000001
0111000011010110
0110011101010101
0000101100000101
1000110001100100
1010010001010100
1000100001110110
0111001000010011
0001101111010110
1100101010000100
0010001111110101
0000010010011101
1000010100101001
0111110011010111
0000111111000011
0001101101000111
0101111111011101
1010000001110001
1110011001110111
1110000010000111
0110110111110100
1000110110111001
0100100110011001
0111111010101101
0011001011110111
0100001001100111
0111001000000001
1101011101100010
1111001010000110
0011101110111100
1001111111111000
0001001111101011
0110100110001011
1000101100111011
1110110101011111
1001101011010011
1101100011111000
1111110010010110
0111100011011001
0100101001001101
0101100010000001
1100011111110000
1001111100101000
0110100000101000
0011110000000011
1010110101110110
1000000010111010
0000110010110001
1111110010011111
1000100010000001
0110101101010001
1101000010000100
0000010000000010
0101001110010101
0111111010110111
0011010000011010
0011000111011011
0001101000000011
1001110101110001
1111001110011011
1011111010100010
1101110000010100
1111011110100010
0100111010010001
1001001000110111
0100100100010110
0110100011101001
1010000100011010
1011010011110101
0001110101011110
0000100101101000
1011010001011101
0000001011010001
0000110000100101
1011101001000110
1011001001110001
0100100010100101
1000100110110011
0011110110101010
0101010111100100
1111101100011001
1110011101111001
1000010101111010
1000111110000011
0011000111111100
1110010011111111
0010111101011111
1111011001001000
0011010101000000
1100011100011110
0010110000000111
1010000111110110
1111010100010111
0010000010110100
1011110111011001
1110010001111011
1110101101011111
1111010111000010
0000100111000111
0100010001110001
1111001010101111
1010010110010110
1111010111101011
0111011001101011
1110001011010101
0111111111100111
1101110111110101
0110111010100001
0000100100000001
1000011111100011
0011101001000001
0101110100110110
0010111111010101
0011000011100100
0011011011010101
1111110111110000
0011100010110100
0010100111110001
1111100101100000
0101001011011000
1110100001111010
1110000111001000
0111100110000001
1010000110101100
0000000100011110
0000111110101101
0100111011011101
0110100011111110
0011011001101111
0101111100001000
0111001011100000
0000101001010000
1110100111110110
1110000111001111
0011011011100010
1101000000111001
1010001101001000
0011010100111111
1011111001100010
1100011001000111
0000111101000110
0000000101110011
1011101011001010
1111110001011101
0011001110100001
0010111001011100
0101100111000100
0100100101111111
0001110000010001
1001100001010001
1110010001011110
1010100100101010
1010001101111111
1100011011111010
0110101001101000
0011100110110000
1111100010111111
0100010000010010
1110100011010011
1000010010011010
1000111110110011
1101011100001100
0100110100100010
0111100111110100
1101111010101001
0101010001011100
0011111000111011
0111010011011110
1111100001001001
1011100011011101
1110101101110010
1010110011100011
0101110101101100
0101100011101010
1111100001011101
0010001111110110
1110100110000110
1001101101100100
0000110011010010
0101101100110100
1001010100011101
0100100001101111
1111001111001110
1111011100010001
1010101010110110
1101101101011010
1100101101110111
1000101100000111
0011111010010100
0100010101000100
1000011101101001
0010111000011001
0111001110101100
0010001001100001
0000000111001010
0100000100111111
1111100001001010
1010111010111001
0110000000000101
1001100111101011
0000101110111111
0001101100010010
1101101001001110
1000010110001011
1001001000011010
1100100101000100
1011011111111110
1010011011010010
0111001010011100
0011000101100011
0011110110010011
0011001111100110
0011110001011110
0110010101100110
1010001010101000
0100010101100011
0110111111110001
1010011101111111
1111101011001010
1000010101010011
1010110110011011
0100111011001111
1001001110011110
1000101010001000
0100011001110101
0110100001100011
1010011111010101
1000001110001110
1000011011101000
0100001010011011
1111111110111111
1011010010110110
1000110100001001
1001100010110001
0100101100110110
1111000000101010
0011000011000110
0001100001111000
1100101001101011
0101000111001100
0000101000000100
0100111111010001
0110111011001110
1110011111110000
0111000110001110
1000011111110101
1111000101000111
0101010010111111
1101000101110010
0100110101000011
0100101100100010
0110010010110001
1000010010000111
1101001000111100
1011100100110101
1101100000110100
0001010000000010
1101000010011101
1110110101101110
1011000010111000
0011101100111000
1010011000001011
0011111111010001
0010010001011101
1000111110000000
0101110000110000
0011111100001011
0100011111010101
1011100001001111
1110010001111001
0111000011100100
0010100000001101
0001011100010101
0100010011000011
0001010011001010
0111110001000111
0101010000011011
0100000000000010
0011101001100000
0111011100101111
1011001000010100
0000101101011101
1011011111010001
0100011000110011
1101111100110111
1010110101011101
1011000000011000
1110100001000011
1000101110001000
0110111001000010
0011010001011101
0000111000100001
1100101100100110
1101011000100110
0101111111101001
1111010001100001
1111011100110100
1101101010001110
1011101100111011
1001001011111011
0010100110011010
0011011101010000
0101101001010010
1100000111010001
1110110011001010
1100100100111010
0010010111001101
0000000011111010
0100111010011000
1000100011010001
0110100010010000
0000110000100000
0001110111100100
1101110011010001
0100000110110100
0100111110110001
0111000101010110
0001101100100000
0110001111111110
1100111110001000
0000010010100000
1000111011000010
0001100111100010
0000011011101010
0110101100110010
0011101001001111
0011101111011011
0111100111110101
1010000010101110
1111111001001001
0100100010110011
1110100011010001
0010001101000111
