1001110100000100
1100001000110101
1111010000001101
0000111001011100
1000100001011010
0101100000010001
0100101110100010
0110001001110000
1110010110110001
0111111110110110
0000111000011101
1110000110110101
1001101000000011
0001011110001111
0011000111001101
0000000011100001
1001010101011111
1101110011101110
1101000010100000
0010100011010000
0100100010000000
1000011100001000
1011100010110110
0011100101110011
1010011110101101
0100011110100010
1111111011111110
0001001110011101
0101111001011100
1110110000011101
1111011100011010
1011100100110001
1000000100001101
0000101111010110
1111001001011010
0010110000010101
1010000101110001
1000010100010001
0010001111001010
1011001111010001
0111001101001011
0011100010011010
0101100111011100
0000011100110100
1110000110010111
1010101110110000
1101111111001101
1001100011110100
0111101000110111
1100111100011001
0111010001000111
0001100110100011
0000001100111100
1111011100001111
0011000001110111
0101001011110111
1010110011000111
0110111011101110
0010011111011101
0110001000001000
1100000100010000
1100100001010000
0011100100001010
1000111001100100
0111011001101000
0011101011000001
1000101110001101
0110111000110110
0111111100000101
1000111111100110
0100010000011001
1011101110000000
1010110001100011
1100111011101001
1010110110111110
1110001000001110
1100101111011111
1010001110101100
0111001111011011
1110101011001100
0110100011110110
1111100111101001
1111010000011111
0011111101101001
0001011100101101
1010000101110000
0111101001111100
1010011100110100
0100100010110000
0111111011011000
0100011010101111
1010010111000000
1010001010011000
0110111101000001
0110001011100010
0110110100011011
1100000110111100
1111011000010000
0101011001000100
0100101000010111
0101110101100011
0110100011110100
1101001111101011
1100001100101010
0000011011000111
1010011100011111
0001011111100110
0001011111100110
0100101011100101
0010000010010101
1011011011000001
1110001010100101
1100101100100001
1100110110111000
1010110000011000
1101100011010001
1001011101011101
0001101011100011
0111000111000010
0110110101111101
0010001011001111
1010000011110001
0011100111111101
0001000100001111
0011101101000101
1011011110010001
0110111110011101
0000011101011011
0110010111101011
1010010010111010
1111011100100011
0101010111101001
1000110100010110
0101100111001100
1010110000010001
0010111010100010
0000101101101110
0001110101100100
0000010110111001
0001111011001101
1101001010001000
0100100111110100
0011001011000011
0011101100101111
1111111001111001
0100000101000101
1111010010011101
0000000100110000
0010101110101010
0100011111011110
0000001001100111
1010111001111111
0101101010000011
0010000001110000
1011110101001100
0100111001010111
1011011111110011
0001011000111100
1001111001000001
0101101111110101
1110110001110011
1010010110111011
1101011110001111
1011001000101011
1010011000110100
1001110111101001
1110101001011111
0001000100100010
1110000111010011
0110100101111101
0000000001000011
0010010101101111
0111111111111101
0111001100010010
0100010010100110
0010011110010010
0110101001001001
1100010011000001
1001010101110101
0100010111000101
0101011001111110
1110101000000001
0111001101101101
0110000111101111
1110011011010100
0100010011010010
0010111001011100
1001010110001010
1101100101100000
0110001010000000
0000000000110010
0011101011100000
1111111110011111
0001101011111001
0000100010000101
0000011000000000
1110110001101100
0110101101110111
0101000011000011
0101010010111111
1001111110001101
1111100010001101
1100110110110101
0001001111101011
0010010000011111
1111101101111101
1010001101011010
0000010101111010
0101111111010011
1010001111101001
1111111000110010
1110101001100000
0110111000010011
0001000110100110
1111001111101100
0101101100001111
1101001110110011
1001010011111011
1000001101100100
0000010010100101
0011001100101101
1000001001010000
1001100100100011
1100001001100000
1011001110011000
1110101001011010
1100010001111101
0010100010110011
0100000100010101
0110101001010111
1100000111001101
1110100011001101
1000010111010011
1001000111011000
1001101100011000
1000000110011010
0010010111001100
1000000001000010
0010010001011100
0011101110011000
0000100101010001
0001111011101100
0000001111010101
0011011000010011
1000010101011101
0101010001010001
0010001010101000
0101110000011011
1101110001100111
0011110111000011
1001011110101001
1010111111010000
1000001010110010
1000010110000110
0000101011011010
0011000011010100
1011010111001011
1100101011100110
0000000011111100
1010111001110010
0000011100011011
0010001011101111
1011111010101001
1100000010100000
1101101100110001
0010010011110100
0110100110000101
0111110100010101
0011110010001110
0011010111010000
1011110001110000
0111110111000111
0111000100101001
0011101001110010
1010111111011100
0000011111010001
0100110011011011
0100011111010010
0101010000111001
0100100110000110
0010010001100101
1100100101110001
0001000011010110
0111100010101101
1101011111001010
1100000111111110
0011100011100110
1100010001001100
1111010001001000
1100000011001101
1011101010001111
0001000001001100
1001000010110011
1101000110111101
1000001111011010
1110010101110100
1110111100111110
0110101110010000
1101010100101110
0010010100110111
0100100101110100
0011000010101110
0101101011001000
0000011110110000
0000011110101011
1001101011101011
0101100111100111
0111010000100111
1100001011010000
1110011010110010
0101000010010110
0100101010011010
0111001110010111
0100010010110100
1110001111111100
0101000101100110
0100100000111011
0101111011000010
1101010000011011
1101011000010010
1000010011000010
0100001010011000
0110010111110110
1101101001001000
0001011110100011
0110111011110111
1010110000001111
1001001011011000
0110111001010101
0011100100010011
0111010011100100
0010001110001010
0101101100001101
0100010010010100
1111011000010011
0100010110010010
0110101100100100
1000111111100110
1111110011001010
1101110010101010
1000011000100001
0110101110011101
1110001000111110
0011000111011111
0000000000001111
0001011110111010
0010010000000111
0001110101010110
1000010011100111
1000011110100000
1110011101001001
0000101111000010
1000110011011010
1010101101111100
0001001100100001
1011100110100111
1100001100101111
1111111110111000
1100100001000000
0010111001111100
0111100101011011
0111111111001100
1111101100111001
0010010011100111
0111100100010110
1101000110111011
1100000110111010
0001101100000111
1011111100101001
0100111100110101
1001111110110000
0111001001011111
0101111010111100
0110100111010101
0011011000010010
0101001010100011
0010010011101011
1110011110000011
0100001110110010
1011110101101011
1100001111101001
0100010010100100
1110001011100100
0100001101110011
1100111011100001
1010000111110011
0111111100101001
1011101110000011
0011100001110001
0110000100000110
0111100100001101
0100000000110111
0101011101001001
1010001011111101
0100000010010100
1001110000011001
1110100001110110
0010001001101000
1000100001001000
0110111011100111
0011001000001110
1010001000001110
0011011101011001
1111001000001010
0000101110110111
1101111111010110
1110011101100011
1011010010110001
1101001111001100
1010101001000010
1110100010010000
1111100010001111
0100011010110000
1100111101100010
1011100100000001
0011101110100010
1111011100001011
0001100110111101
0001101000010101
1110011010011111
0011100110010001
0001011111101111
1010111010101001
1010111001110011
1010100101000000
0111100000100010
1101111101011101
0011110011000000
0010011101111110
1001011110110111
0001111110000011
0000111100010010
1101101000110011
1100111000001111
1001101011001101
0010111100111010
1101101110100100
1110001110100101
0100100001001011
1011101010001010
0011000001110111
1000100111010001
0111000011100010
0110111101011011
1110001011111101
1111100000110111
0001101101110010
1000011100001110
1010001110001010
0100101010001010
1110110101010111
0011101011110010
1100000100010111
0100101010010000
0011110110010001
1000100011101001
0011101011110011
1001001001110100
0011000101101110
0100000011100100
1100100011010111
1011001000000011
0110100010100101
0001110011011001
0101110010010001
0111010011011110
1011011100011100
0001110101101010
1110110111110110
0001111111011011
1110101110011010
1111110000000000
0011101100011000
0010101000011111
0111010010001010
0011111101001000
0111011011100011
1011000101010100
0000011111000111
1111100100100001
0000010101101111
1111010011110110
0000100001001011
0001100100111100
1011110001001111
1100010101101000
0001110010111101
0001110100101111
0100000001111010
1110100101111101
0110111010000111
1001010010110010
0110110010100100
1001011011010111
0010101001010110
0100111100010010
0111100101000100
0011010010111110
1000100010111000
0000001001110000
0010110100000011
1010110000101000
1111110000101111
1101010000100011
0000111100000100
0011101011010011
1101011110101011
1110111010101110
1110000111000011
0001000011011110
1100001011110010
