1100011100011001
0010110001111100
0001100111001000
0011010001010111
1011000110110110
0001000000111010
1000111000010111
1110000001011000
0101010101001101
0000101001001001
0100000010000001
1010000000110011
1111011111011010
1100010110100010
0011111011001010
1111011011101100
0000101000010010
0100101111110101
1011111010010000
1001011011100011
0100000010010100
1101110000001101
0101001000100011
1101110001001001
0000010011000110
0100111110000100
0001010100010010
1010111111100010
0001111100011010
1111010101111110
0000001111101011
1000000010111110
0011101001000101
0011000110111101
0100110000111100
0111100001111001
0101111000000000
1110100100011001
1011100100001000
0100101101101110
1011111001001110
1111011001001011
1110011101000000
1111010110001011
0010111011001111
0000001101110010
1100010110111010
1000101101100111
0010111010011010
0010100010110100
1010101001101101
1010111010010001
0110111100011011
1110000001110100
1110011010111001
1001010010010110
0101001101110001
0110011110010100
1101010011010110
1010001000011001
0111011010110011
1110000111011000
0111011010000011
1110100100100100
1011000010011110
0111111101111110
1101010000101010
0011101100101001
1010111010111101
0011010010001101
0011010001110111
0011100000100001
1100010110001001
0101011000101101
1111011101001111
0111100000100011
1010000000110011
1011110010100000
1101101000001110
1101000010010111
0001100110011001
1010011011011010
1001100100111100
0010001010101110
0101100011011111
1011010110110110
0110100000010100
0000110001111000
0010111010001101
0010101100111010
0101000100001000
1010110001000010
1110101101100010
0001000011101010
0110100110011111
0011000100010000
0000010000100010
0100001001000010
0011100100001111
1011001001000000
1100000100010000
1101011001001101
0001101110011011
1001111110111011
0001110001010100
0010011111011110
1101001100110100
0010011000010101
0111000011110000
1111100000110101
0000010001011111
0011100000101111
0001111000100000
1001110101110010
1010001111000000
1000010011010000
0010001001010001
0000011100000110
1110101110111100
0110001111001101
0101101000111110
1011110011001100
1101000100010100
0110101001010101
1011100110001010
0111000101010110
1100100100101001
0011010100111110
0110110011011011
0111111001011110
1000110000000010
0111011010010110
1101010010010111
0001011101000101
1001001010001100
1100011111111000
0100011011011000
0010011011101000
0101010011011111
1100110101010110
1010000000010010
0100000010101111
1000010010110100
1010111010011101
1001011100010110
0101100111100010
0000100001100110
0011010110101001
1101001010010100
1011000011111011
1100000010010101
1011110110011010
1100001100110011
0000010001011111
1111000100011101
1001111111000110
1100100101010110
1010110001101111
1100001111000011
1000111000000110
0010101000010000
1000010000011101
1010111000111001
0010000110100111
0010110101100001
0000001101101001
0011010111000110
1001001011011000
1111011010000000
0010110110010111
0100111100110111
0101100100010001
0001110010011000
0100101101110000
0000001111110000
1010000011001011
0101100001111001
1100111100110001
0001000111100010
0110000001010010
1100010111110110
0110001010001111
0010011110000110
1000010110000101
0111000011000001
0001101010111100
0110010100011100
0101001011100001
1000011101100010
1011111110011010
0111001000101000
0011001101101010
1011110011110101
0111100011011010
1100110111010110
0101111010011010
0100100110100101
1101101110110010
1100101101110000
0001111101111000
0001011110101100
1101100010010010
1001001001101100
1001001010000111
0011000111000101
0001101000010010
1010100100100011
1000101001001010
1000101111011111
0001100001011100
1000001000110000
1111111000010001
1001101001000101
1001000000011001
1011101101100001
0101010000001110
0011101110010101
0011101011110001
1110110100000001
0110010101001100
1011000010111101
1001101111001101
1001001011110101
1111111011101000
1110100110010100
0111001001011001
1110001010000010
0101100011000000
1100110111111000
0110100011010111
1110011000101010
1110011000101011
1001110100111010
0011110001010001
0111001111100111
1011011111101111
0011000101010100
1000000110000101
0011010101010001
0101001100011000
0110001010111000
1010011100101000
0100010100101000
1101110100100111
1101011101111110
0110001100010011
1011001101101010
1100101111100001
0001101101101000
1110100001111000
0011111001101010
0010010110101000
1011011101101111
0100110110010110
0010100100101011
0101001011000001
0001111101010000
1010100101001011
1111000101010111
0101111011100010
1110000101010001
1010111000100111
0010100001000101
1111110010011110
0111010010010010
0101011000101000
0001100101010110
1111010100101111
0011100111000001
1100000111001100
0011011001011001
0000110111111011
0000100011101101
0011001010111111
1100011010100110
0110000100010111
1010001101110000
0110110000111011
1101111111111001
0100011101101000
1010110010000001
0010011001101000
0010111010000101
1011111100010000
0100110101011100
0011101010111110
1010111100110011
0010101100111101
0111001101101100
1010111000111000
0011111011010011
1000011000001000
1010000011001110
1100000101110000
0011011000010010
1011011111111101
0100101101111001
1101011100010000
0111001111110110
1111110110011011
1111001010111111
1011001101111010
0011111110000101
1100010001010010
1110111110101001
1110010000111100
0110100110101100
1100100000000100
1111010010011010
1000110100011001
1101000100011101
1110011100000000
0010101101001010
1110011011100100
1011001101110001
0110101010110010
0111011000001100
1010000010110111
0111011100010010
0010110101001010
0101001111111101
0010101111001011
0101000101111111
0011001100100100
1000111000010100
1111000000010101
0111100101000011
0100100000001010
1111011110111001
0111110010001010
1110101110010110
1010100101101111
0110111001100011
0011010110001101
1111000111101110
0011110000011100
1110000010101101
0001011101111000
0001001001111000
0011000111110011
0010000110000101
1011001110101000
0101011000101100
1110101111101100
1001011011000000
1111011011000101
1100111011110011
0100111110100011
0001000111001110
0001100110100101
0100010000101110
0101100011101101
1000010000011001
0010010110001110
1100110001000000
1111110110101001
1100000010010101
0010100010001001
0001111100101001
0110000100101111
0000001001010001
0001111100100110
0110110101001001
0011000010010001
1110010100010111
1010100110010100
1010110111101010
1101101011110000
0011011011011100
1100110100110000
1111001100001001
0001010111011111
1101010010011110
0001101001001010
1000110111010110
0111111110010000
1110110001100110
0000110111111111
1001000010100111
1101001111110100
0011100010000000
0100111110111101
1001011111010011
1111110101011010
1111000011100011
1110110001001101
0001101111110000
0101010100010011
1110110011111101
0100000001000010
0101001011101011
1001001000001100
0101011010101000
1011001110101000
1010110001010100
1100000110010111
1100101101111000
1110101100001000
1111011110111011
1111001000100101
0101011011010100
1001011100010110
0001001101100010
1100000101101100
1111001001010011
1010011110110000
0101101101001000
1100110011001001
1100111101010001
0011111010000110
1111000101011001
0011001011010101
1110100111000001
0001010010011100
0000010101111001
0011101001000110
0001111101010100
1110101010100100
0010111000110001
1100010101110010
0000100101101010
1110011001101111
1010111001111100
1000011011100100
1001010000101111
1000110111010000
0010101010001011
0100010111110011
0011010100011111
1011001101111100
0110000101001111
0000101111110000
0011100101011101
1001101001111000
1000001000001011
1110111000011010
1101001100111111
0100001011101011
0011110101011100
0001000010010010
0010011100111000
0101101100000111
0111011101000100
0100000001110111
1011010011001010
1100110110100011
1011011111001100
0000101000111111
0001100110111100
0111011001011010
1011100101101101
1001001011100101
1100101111011011
1110000011001111
1101101001001010
1101101000111011
1010110000010001
0110101100011100
1000100111010011
0001110010110100
1011000100101011
0111000010101111
1101110010011010
0011000000010011
1100010011110001
0011000010110110
1110010011011110
1101000001000000
0111010000010010
0000011101010110
0111001101011001
1001001011111001
1110101110011011
1001001011000110
0111011011101110
1011111011110110
0101110001100101
0100011010110001
1110010110110000
0100000011010001
0110001111100111
0010000011110010
1101011000010100
1000010000011101
1111000100011101
0110101000110010
0101010010001001
1010000100111100
1100011111101100
1101110000000101
1110000100000011
0001011011111010
0110010011101101
1000000101000011
0011010000001110
0111000110110101
0100010110001110
0101011110011110
1010000100110111
0011101100110001
0101010111011110
1001111011010011
1001111011010011
0010000011011111
1000010100001001
1000011111011001
0001010011100001
0001110001101010
1000111000101001
1111111000011010
1001101100101010
