1000110001100010
0110100001111000
0110011001001100
1001010001101111
0110001000101110
1101010010100001
1001000011001001
1011111100110101
1001101010011000
1111011101110001
0000010001001110
0110000010100100
0110110101000100
0001101000010110
1111001101111000
0111011001001110
0101110001011100
1110001011101010
0101001110010111
1011100110101101
1100100111110011
1110010110111110
1110001010000100
0000001110110011
0100101100100101
1001001010001100
1101011100100101
0101000111000110
0010100010100111
1101000010010001
1000100100110000
0111010001010101
0010111010110000
1010010100000100
0100111001000010
0011001110100101
0000111010001100
1100001101011011
1101000101100000
0001110111101001
1100011010111000
0110100010000011
0100110000010011
1011011110000000
0111111010110111
1000001000110011
1111000001111011
0001010111011110
1010111001001001
0011011010100101
0100001111100100
0101000011111100
0111101011010001
0011001111100000
1110011101110010
1111110010010110
1011010001010001
1111110011111010
0100100001101010
1001011001011001
1101011101010110
1111011101011001
0111101100101011
1011011011001110
1101001110111111
1001110111001111
0111011001001100
0111110110111011
1000111000100110
1000000010010100
1100001011001100
1010011011001111
1000111001001000
1110101101101100
0110011000110011
1101101110111011
0011111000101000
1000110111100111
0001010011010111
1010111001000001
0011111110011111
0111001111011110
0010111010110100
0111101110001100
1101000000010001
1101001100101000
0010001001111100
1000110110011110
1100010111000100
1001000111001101
1000010000101010
1000101101000100
1011111111001011
0100100001111001
1101000101010101
1010110111001000
1100100110100100
0111100111000011
0101010000001000
0100101111111000
0010010010110111
0000101011001111
0101111101011001
0010100110111111
0101001111011111
0000110100010001
0100111011101001
1111010101011011
1101001011111010
0100100001100101
0100001011100101
0100111101010011
0010111110010101
1110101110111000
1111111111000001
0011011101010111
0111001000110000
1000010100111011
0011000011101110
1011010001010100
1010101101100010
1111100001010011
0100100111111110
0101010010010001
1011111010110001
1101101101001010
0100011011000000
0100010110100010
1000111011101111
1110110100000110
1111101000101001
0000011100010101
0110101110011001
0011110111110110
1010011101011011
0000100000110001
1100100000011010
1101000010000110
0101100000011101
0110101110011111
1001110011000100
0110001110001111
1101100111011000
1000110111010001
1011100000101110
0011101101000000
0000001100011011
1110000010111110
0000000011010110
1011101010100011
1100100000001000
0111110011000010
0100011000001101
0000010010001010
0000110011101010
1000000101111111
1011100100111011
1010101111111011
1001010011100000
1000010100000111
0001101010000110
1011110011010101
1010001100001010
0001101011000001
1011011010010101
0101100011001000
0010011010001001
0110111000011111
0110110000010001
1011101010011111
1110110001100100
0100011011111100
1111000000000110
1100010010010001
0101110100010000
0000000011011010
1111010011011011
1110001001110010
1011110001000101
0110001011001000
1011111000111100
1110011101001000
1011101001100011
0100111001000010
1101111101111010
1011101101011011
1011111111110010
0001111101110101
1000011110110101
0111000011000010
0100111011100101
0100001111000100
1010010010010010
1001000010011000
0100111001011100
1011110101100100
1000100100100011
1011111001110111
1111101101101010
0111001001011111
1100001011101000
0000101011100001
0011100110001101
0010101101100110
1111011111101011
0100000101001111
1010000100100011
0101111011100100
1101011001100001
1001011001111010
1110001000001001
1100010111000010
0110001111010110
1010001001001001
1100111111011010
1001011100100001
1110111100110111
1001010101011110
1010101110110010
0101011000010110
1000111100010011
1100011101111111
1110110110111111
0011110111000111
1000111001000111
1001011011100000
1110100000001010
1110011100011000
1010111001001100
0001111100110011
1010010011111110
0001101010000000
1100100001111110
1001100101100111
0010100001000010
1111101110001010
0101000110011001
0010101011101100
1100001001000101
0100001001010111
1000001011000101
0011000000000010
0011000001011101
1000111000000000
0100000110101100
1010110011011001
1010011100101111
1000100101010000
1010110100110001
0011011011111100
1010000000110110
0100110111010110
1001000010011001
1010010100101101
0010011001111011
1011011001001111
1000011111100001
0101010010000011
1011010010000011
0001000111110111
1101111000011000
0000110101100111
0100011010100110
1110000001011000
0110011010011010
1010010011001001
1101110111000101
1100111000011111
0110000010011110
0001000111010011
0011010110011110
1010011101101100
1110101111111000
0011111011111011
0001010010100100
1010100100111101
1100001010100100
1101100110010011
0111100010100011
0010110101100101
0110010100011111
1000010000001110
0011110110100100
0100010000111000
0101011000001001
1011101011111101
1000101000010111
1000010001000011
1111000111011110
1000111000111101
0100010010001110
1000100000111110
1100110000101001
1101111010000101
0010011011101110
1100100011100110
1001000001101000
0001110101010010
0010011110111010
1110100101110001
0100101011111000
1101010101010001
0101101101011111
1101000010111111
0000101101100011
0101111110111001
1001000111010111
0101010000111110
0110011000100100
1001111110101001
1100100110100110
0111101100110101
0011100000100111
1101101111011100
0111111111100110
1101001010101110
1000100011010011
1100001001101010
1010100000110111
1001111111101111
0011110100010101
0011101001001001
1101001011010000
0110001110000101
0101001010100110
0010001101110110
1000110000110010
0001001001100110
1010101100001011
0010111101100001
0001000011110101
1100110111000101
0011100111101001
0100110011011000
0101010110110000
1101000001011101
0111111101001110
0011111011010001
1100110111110011
1110110000011100
0100101000101100
0000100001010010
1101001101101011
0100001010000000
0111100110111001
0000001001101111
1010100011101001
1111000111010010
0111111110101000
0010000111111001
1000000010111100
1010111101001001
1110111010000110
1101001110000101
1001101000110101
1101000010100010
0111010001111001
0100010111000001
0111001111011101
1110101010110011
0100000010111010
0000001110001101
1000011110010110
0100000011100100
1111000110001110
0001001011100011
0100111110100010
0000010100001111
0010111000110000
1100100101110111
1100000010011011
0010011010010100
0001010101000111
1001010011101010
0110110011001000
0101011100100000
1001101111111011
1011110010001101
1011010111100110
1010100110110110
1100001110111110
1101000100010101
0000011010010101
1101101111110010
1100110100111010
0010111111101111
0010001100101001
0100100101100100
1011101010110100
0001010001001111
1100100010111111
0000110001101000
0111001101111010
0111111001111110
1111111101111010
0101001100011011
0011111100110101
0001011010011010
0010100010001100
0010110010011101
1010011011111000
1100101110110000
0110010111011001
0101111101010110
0110111101001000
1101010011010111
1110001111110100
1111001100111000
0100000011010101
1000110110101110
0001011000111100
0100001010111101
1011010100001000
0010010010000101
1110000011001110
1011010001111110
1011001011011110
0111000000100000
1101110110000101
1011110100111000
0001011101100001
1110010001100001
0001100110001010
1110000110000000
0111100010101000
0010100100101011
1111101101101110
1101001101101110
0110111101111110
1110111000010100
1010000111001011
0001011111110010
1110110110001111
0000011001000011
0011010010010010
0001101100000110
1010011011101101
0011000011001011
1110101100010100
0010111111111011
1001001110110000
0100010001001011
0010111100101101
1010101100111101
1101111010111101
0101010010001100
1000001110000110
1100110000100010
1001110011010100
0001010001110110
1001100111011010
1000010011010011
0111000110001111
1011001010111010
1001001010100100
0001010111011111
1111001010011100
0101110011001010
1000100011011000
0111100101000111
0000011011010011
0111011101001010
1001111000101011
0010001101110100
0010000111110010
0101001011000100
0011110010101111
1001100010100100
1110100100101101
1110011100100110
0111001100010011
1010000111100100
1101000101110000
1000001111010011
1110110000011000
0010000111000100
1101110111010001
1111011111100000
1101110100000110
0100111001100101
0011101011011001
1011010011010001
1000001001111011
0010010101010001
1011111011110011
1000100100101011
1011000010101010
0110111110010100
0111001100011101
0101010011100010
0101000110000101
0110000001001110
1100001100111110
0101100010000001
0111011111101100
1000111110101111
0000101111000101
0001000110001000
1100101010011000
0010100011000111
1000001011010111
1110001111111101
0101111001001010
0101011110010011
0001110111110011
1010001111000011
1010001001010010
0110100101110110
1101111110111111
1001110110111010
0111011011100111
