0010010101000110
0010100100111111
0000101110100010
0001011100101111
0011111011100000
0100111010110101
1011010101001110
0000010111110101
1111011110101001
0101010011110011
0010110010010101
1110100110011001
1001011101000001
0010011101011111
0100001000110011
0010101000101010
0001010001001011
1000001110011001
1101010110010010
1011101001001111
1101001001101101
0001010100001111
1111010111001000
0000101011100000
0100111001011011
1111011010100011
0011111000101101
0101100000111100
0010010101110011
0100110011100011
1111000000001000
0111101111000111
0010101011000001
0010111111011101
1100010010000100
0001110110010100
0110110100101010
0110010110010010
0011111011000001
0101011110101101
1101110010101001
1011111010011010
1111101111011101
0110011110001011
0100101100011100
0110011011100010
1011011100101111
0000101011001010
0100000011001111
0111000100010100
1010110111011110
0010010011001101
1101010101010010
0011100011111011
0100001110001100
0101001010111000
0101100010110100
1011111010000001
1010010001110000
0000111000011110
0011111000010101
1110010010010111
0110101001011010
1110111101100001
1011011100101101
0101101001101111
1010011111000110
0000001100000010
0000101001101111
1111100100111100
0010111001100011
1011101011000100
1100110111101001
0111001001111101
1000010101000001
1001100000100110
0001101100110110
1010100010100000
1010000000101101
0011110101000011
0101110010101011
1000110100110110
1011100110101111
1110101111101110
0111101001111001
0100011100011110
1011000100000011
0001011011110101
0000000011110110
1010100100101111
1001101010110001
0111100001001011
0111000001110000
0110000100000111
0101000110111111
0010010000010100
1010010010011111
1100110001010110
0100101110110111
0101100101000000
0001101111111111
1110111010100000
1101100101010011
0101110110000010
1100001100111100
1101001000010110
0011011100111011
0111100101110100
1011010001110101
1111111110111011
1010111000001100
1010010011101011
0101110110110101
1010101110000000
1010100010001100
1101001111010001
1000011111010100
1111001101011001
1111110000000101
1100101010010100
1011000111101100
0001001000111110
0000101110000001
0101011000111111
1101000111000100
1011111001101100
0101111001110011
1010100001110000
1110110001001011
0100000011100010
0100011011010001
1101111000011001
1110010011111101
0000111011010011
0000100011101101
0111011010000110
0101000111000000
0100111001101110
0010001100011000
0001001000101011
0110011110101111
1111101011100010
1000010100101111
1111101010001110
1001111100010011
1001001011000001
1011001001010001
1111001100110111
1011110100001101
0110101000100101
1101101110100001
1111010100101111
1001101001100010
0111100101101001
0011010111100000
0110110000110000
1110100110100110
1110000000110011
0011111010011111
1100011000010000
1000101111001011
1011100000111010
1000111010010110
0001110011010011
1101010001001010
1000111010010011
1101101001010000
0010000000011100
0101011111001101
1000101010010011
1111011001111111
0010001001101011
0000111010010101
1011001100010000
1111001110100101
1110001110111011
1111011010000100
1001111101000001
0001111000101001
1100111111011001
0010111010111001
1011010101011001
0111000010111110
0111100100100100
1110101011100100
0011100001111000
0100011011111111
1111100010001000
0111101100111101
1101011000000101
0000101111111000
0110001110101110
1100111010001101
0000110001111011
1001010111001110
1111011111111111
0000011100100111
0101111000111100
0011011010111101
1001100001111100
0000001110001111
1000101111101100
0101011100100010
0011111010011001
0111100011111011
1000001001111100
0111000010100000
0100110101010000
1100001000101111
1000111000100000
1100100000011000
0010111001101001
1101101111010011
0100110101001100
0101011110001001
1010010110101010
0011001010010010
1111001101001111
1010111110111101
0001011000001011
0000000001111100
1100001111110011
1001100110001011
1011111110001100
1000000111111000
0101110000000011
0100110110000101
1100001000000011
1101111101000000
0101000010100111
0001001100110101
1111100101111000
0001110011000001
0111111011011011
1111010110110100
0010101001100011
1110100010000011
1100110000111000
1000101001100000
0101111111111010
1000010110100011
0110101001000000
1101111100001101
1111101001011101
1111111101001001
1111100111100111
1101111000010101
1101001100001101
1111010100011110
0110001101001111
0101101000000101
1100010100110001
1011010000110011
1000010111111001
0000111010111011
1000010110110100
0101111000010011
1101010111101011
0100110100011010
0011011001100100
1101011110111110
0110100101110111
1000000000010001
0000010010111111
0101000110011011
0001110011001111
0000000100010101
0111101100010101
1100011101100111
1111000001111111
0100110100110111
0011101101111101
1101000110011010
1101110001000010
1100001111100110
0110011000000110
1011000000101000
1111001110111011
0010011010011011
0111000101011110
0111100001001101
1101000110111011
1000000101101001
1001111001100110
1001110001011010
1000011101111010
1000111000001100
1011000101110010
1001110110001010
1001000001000000
0100010000110110
1111111000011100
1000000000000011
0011011101110110
0111101111001100
1110110100110101
1001110011001100
1011011011000110
0010111100000111
1011000000100010
1001111110100001
1110011100001101
1101000110010011
1001111110111100
0101101010010111
0010010110110010
1100010000000011
0011111011100000
1001110101100001
0011001011111101
1000100101010101
1011010100111110
0010111110110111
0000001000110110
0011110011110100
1011100000111100
1100000101101101
0011111101111010
0000001110110011
1011110011111101
0001111001000000
0100111001011001
1110110001010001
0000100000101001
0011101000111101
0000101110110010
1110101000101110
0101001001010110
1010100000010000
1000000001111010
1110110110110010
0101010110101010
0111000011010101
1111111101100101
1011010011111100
0011010000001001
0101101111101010
0000011001100101
1100010010011110
1010100010110001
0101111111110100
1111000110001100
0010000100011111
1001101111010101
1000100100011110
1111011111110101
0111011011001101
1101110101001001
0000000110111001
1100010001000110
0111100001101000
1001100111011011
1001010000010111
1111010011001011
1011001100010101
1111011010001100
1011100010010000
0010111010001000
1100000100110001
0010000011111100
1000101000011011
1001010010100111
0000011100000110
1100110001001011
1110110010110011
0010101100101000
1011011110101101
1011011101001100
1001111010001111
0000000011001111
0101010101001011
0100110110111011
1001010110011011
1001000000100101
0111111001100011
0111011101111011
0100000000001110
0011011110010011
1000010011110111
0001100011000011
1100001100000011
0110100010110110
1000100001111100
1111111110111010
1111100110000111
1101000010100111
1011010010101101
1100010011110100
0011111011000000
1001000101001011
0000111000001111
0100100011011011
1100101000011001
0001000100011111
0110001011110010
0011010111010010
0110101011111010
1111010010100111
0010011101010101
0110001001100010
0110000011001101
0101101011011011
1111110110010110
1110001110101111
1110111001101011
0001110110101011
0101010010011011
0001111100100100
0101001111010000
0111000101000011
0110010010010010
1101110111101001
1101001110101011
0000001010111001
0100101100100100
1000011101101110
0001010111000111
1010101010010111
0000100100001111
1100111101000010
0000111011100111
0001010011001011
1111100100111010
0111101001001101
1100101111001011
1101100011010110
0111011001101111
0011001110110101
1011000111100101
0011011001001001
1111101000001111
0000101100000111
0110010001110000
0111110101101100
1001110100111110
0110011101110111
0000100101001110
0011000111101101
1011001000011001
0110110010010101
1101100010101011
1111000010100011
1010000111001100
0101001000001110
0100010001110001
1101101000100011
1110101110110110
0101101111101101
0000010000101101
1100011010000100
0100101111101000
1101010001101100
0010101011000110
1010011011011111
1110010001100111
0111011101110001
0110100111010110
0000010101101110
0010111100000010
1111101010011000
1010011101010110
0101010011111010
0011100010010010
0101111001110011
1101100110110000
1001001110011101
0010010101100110
0101000000110110
0101110011100010
1101010111000100
0010010110110011
0101100010000100
0110110011111010
1111101011000111
1101110000001000
1100001110110110
1011100100111110
0010100001100110
1111111111101100
1010010011101001
1010111011010010
0010110101000100
0000111010111111
0011001111111000
0001001001010110
0100100010101101
1100000111001101
1110000100110001
0011111111110100
1010001111010111
0011101100110000
0110000000000011
1000111001100101
1010110101100010
1100101110001111
0000001100100000
1011000001100010
1101111100100110
1000110110001101
0001000011001100
0100100001110111
1001100001100001
0110011110110111
0110101110001001
0111001000001000
1001101001001110
1111101001110011
1001111011010100
0110101001001101
0111111000010001
0011111110000001
