0010111111000101
1000000110001011
0100111101100000
0100110101011011
1001001101001101
1001111111011001
1111100111110111
1111001011111010
0011110110000000
1110111111100000
1011100011010010
0001001101011010
0011101111100011
1111011001110001
0101111010010100
0000101100001010
0001110110000001
0000010111100011
1111010110010110
1111110000010000
1011001001111001
1110010001101111
0010111110000010
1100110000001000
1101101111110100
1011100010001000
0010101110000011
0000111100101100
0011101100011011
1101000101101110
0100000110000111
0010011011100011
1010110000111110
1011100011000000
0000100110100011
0100011000010110
1110010011111110
1101011011100111
0010011100001110
0001111111101010
0101011001110010
0110111110111100
0000111111110000
0110100011101001
0101110111101110
0000010101001100
1110101000110110
0010011010111001
1101111011001100
0100011000001001
0110100111011001
1011000101000000
1001111010001110
1010011011010110
1110100010111000
1011011011011110
0101100010111101
0000011000101011
1100011111010110
1100100001110001
0110001011001100
1001101101100111
0010100101011000
0110111010010001
0011111010001100
0001101011001001
1110111000101001
0100111001011100
0111101010011110
1100101101011111
0110011001101011
1000001011100111
1000000111011110
1110101110011011
0000101100101100
1100011001010100
1011101100100011
1100111001001011
1101000011011111
1000011010000001
1111011011100110
1010001110001101
1010110010010000
1000001001000110
1000011111001100
0010010110001000
0110010101101101
1001001000101110
0101001111011111
0010000000010010
1101100001000001
0101100001000000
0000101011101000
1011011110001111
0011000010011101
0000001100011001
1100000001000100
0010111000010110
1000011111100000
0100011001100100
1100111001011110
0000110010001101
1100100001001011
0100011010101101
1100111010011111
0111001101010000
0111100000011011
0010001101110111
1010001001110111
1100111111110100
1101010101110010
1111010011010101
0111100110111010
1101100010001001
0111110001100000
0010101011111100
0000100101011000
0110011100110010
0110111001111000
1101000000111000
1001000011111111
1000101011110000
0001111000100001
1111011011100111
1110110110000100
1000111000011011
1001001010111110
1111110000110010
1110111100111011
0110100010001100
0010101101100111
0000110010011011
0000011010001101
1101111001100110
1101110100000110
0001011010101101
1111101000010010
0110111100100101
1010000011010000
1011110111001001
1110111001000001
1011000111001100
1100000101001000
1000011001100101
0001011011100110
1001011000000101
1011011001011101
1011100100011110
0011010001101011
0110011100111110
0100101011011101
1100100011001000
1000010010000100
1000111101001101
1110111111100000
1010011001010100
1111010111100011
1000001011011101
1101000111000001
1110101010111000
1001001001011101
0111111111101110
0011011010000011
0111000010010111
0110101101001000
1000000011001110
1110110000110110
1010111100100000
1001001101111010
1001110100000000
1001001101000100
1100000101110111
0111101110001100
0101011010010010
0111111111011001
1111001001111010
1000100110011010
0011010000000011
1010111101000000
0001010010101001
1111000011111010
1011001101100101
0000000011010100
1011001110000100
1010100011110001
0110001010011110
1001110000111010
1100100100011001
1100100100101001
1001110110010110
1010101100001101
0001101011000001
0011110111100100
0001011100010000
1100100011100100
0011000001100110
0000010011111001
0100111101111011
1101111101001001
1111001101101100
0111110000100111
0101100011001101
0001000101001001
1011100010010001
1111100011011010
1011001010101011
1010111011101011
0101011001010001
0011010011011001
0010100100001000
1100111000111011
1010111001001101
0010010001110010
0111010011010001
1010001100011101
0101000101001001
1101001101010111
1011101100011010
0111100101001001
1110110011011011
1011001110101111
0100100110110000
1010100101110101
0001101011111110
1000001110110000
0010110110100101
1000010011011001
1011011000100111
0011110001101100
1111000111111000
1111000110111010
1011100011100001
0110100110000010
1011111101110011
0101111101100110
0101101101000100
1110010101100111
0110101011001101
0100000100011011
1100100110001111
0100000011111110
1000000100100100
1001001000010110
0000101111011110
1110000000110001
0001000010111101
1001111001000010
0111110011000111
1000010001100011
0011111010110100
0010111010010001
1011010000001101
1101010011100110
1011010100101110
0000100101000101
1100101110110101
1101110000100011
1010011001000111
1110101101100110
1101101011010111
0011000011101010
1110111001100010
1010111110010000
1100000000100110
0001011100000100
1110010000011110
0111001110100001
0001000110111111
0001011111110000
1010010001010101
1110000110011110
1010000101111110
0001010101011111
1101000111001000
0011110100111001
0111100010010100
0011101111110111
1101000010110100
0011011011111100
1110101100001101
0011011100000110
0111010100101110
1110110111001110
1100101101111010
1001011010000111
1010001000001111
1001010001001001
1000100010001001
0100110011010110
0111111100111010
0100101001010100
0101010100011001
1011100000010100
0011101110111011
0001011001110101
1110011001100100
1011001100111101
0111111011100100
0000110101100110
1101010100110101
0001111110110100
1001100011101011
0100101100001011
1000010000001101
0101011011111111
1011000011001011
0000111010011101
0111010110001100
0101110101001010
1110000111010010
0010010011111110
1000000010111101
0011111011010101
0111101000010010
0011100110111000
1101011110110100
1001111100010011
0110010100100101
0101101001000100
0000110000100110
0011000110100110
1001111111011001
1011011001111101
0000001000101011
0010110001000010
0110100001011001
0011000001100110
0010110010010010
0111000111111000
1000010110001000
0011110010100001
1100001010011000
0010011110100001
0011101010001111
0100001000000010
0001000000101011
1011110100011010
0001110000001010
0011010111111100
1011101111011110
1101101110000000
1111011001010101
0010010011100101
0001100101000101
0001111111100000
0000101011001011
0100001111011100
1111110110111010
1010100101110101
0001011001100000
1010110101100111
1101010100100010
1111111101100001
1100100110001001
0010010011000101
1000111000100110
1101110101110100
1101100100000001
1101111101111001
1010111111001001
0100010010110011
1011110111001001
0010000110011101
1000111011110111
1011010100101001
1101000110101010
1111010111010101
0000111001111010
1001100000100100
0100111011010110
1001111011111101
0101010000010100
1101100100001000
1000000111001000
1101100010000010
1000001010110000
0011101011001101
1110111010001110
0111110111001011
1101011010001010
1110001111100111
1010000110111110
1100001000011101
1011000000000000
1100111001010000
1111101000000110
0011001100101011
0001010110010010
1100101010110101
0010001001111111
1011011010011101
0000100000000101
1110010011101011
1101011100110101
0101000101110010
0010001000000110
1000101011110011
1100010011100100
1110000110110101
0001011010000000
1111000011100000
0010010001111010
1000001001100100
0100011000111011
1001001100001101
0110000111011001
1011011111010010
1011011010111100
0001101001111111
1000100000011110
0000000000101000
0100110111111110
0100011100111101
1000111010110001
0000110000111100
1110111011100100
0001111100101000
1000111011000001
1001011111010111
1101011100011001
1110101011011000
1101000101011111
0011011010101100
0000010001110101
0001010000111010
1011000000010111
1001000011110010
1001011010110001
0111011000011100
1011011100011101
1011111011011100
0011010000101010
1110000111001000
0111111011110011
1011000000100100
0100111100101110
0010011110000001
1001001111001001
0100110010101001
1100111000010111
0101000100001100
1001111110001101
0001000111100110
1110110010010110
1111101000100011
0010000110010100
0001001110101010
0101101100011100
1010100000010011
1111100011000011
0101010010000110
1001101001110111
1001010000000011
0110001001100111
0001010001010010
1000110011111101
1111001001100001
1110011011101100
0111111111011011
1110101100011100
1110110010011011
0100100010000000
0100111101101110
1001001111010011
0011101110000010
0100011100000101
0110110110110010
0010010000000010
1010111101100111
1001011101100011
0101000000100011
1101100100010111
1101111110000000
1101010001100010
0110110001100100
1010111110001000
0100000001100111
0010101111000010
1111001000001001
1000100001110001
0110011000000011
1011011010100111
1100101100010100
0111110100001111
1011101011000100
1100000001111010
1111001110100000
0000011100110111
0010001000000010
0010100011001000
1100001010001010
0110001000010011
1010110011010100
0010010011111100
1011010111011010
1101011100100011
1111110110000100
0011111101001010
0111111001101100
0010110011101110
0101010001001010
1011100001011111
1011001010101111
0101001011111001
0000110001110001
1100001111010001
0100011110011000
0100111011110011
0010011010010000
1011011000010010
0010110000101000
