0000110010001010
1001000000011111
1011100100011011
1111001100110101
0110011010100111
1110101001101000
1011001010010100
1001001011101110
0101101001010011
1111101000001011
0010111001010100
0011100010000010
0111111000101100
0111110101011011
1000101110011101
0111001111100111
0110111001111001
1111111000101010
0111110000111100
1101110000111000
0111101100000101
0110011001000100
1001101000111110
1111100111000110
0101000110111101
0111011111101101
0011000101111010
1100101101010011
1101111011101011
0000000100110100
1101101101111110
1011000100001001
0110000110001001
0010011011000001
1011110111100011
0010101000100011
0011110100010011
0111111101001001
1010010101101000
0010100001110000
0110110101000111
1001110001000100
0000000100000101
1000111111100111
0101010000110000
0100000101011010
1100110100111000
0111111011100011
0010010000111010
1111101000010010
0100011010000000
1100011001011101
1100000110010011
1110101100011001
1011000000001100
0110000110011000
1010000000111010
0111011001011100
1111110011011110
0100010000111001
1101001011111110
0010111100100101
1000000111101110
0100001110001110
1000001001101000
1100001011101010
0100010100111110
1110100110010110
1110000011100100
0001110111110110
0100001010000110
1001000010101111
1111100110101011
0000110010110101
0001001110010001
1000001011111101
1001110001010110
0000110010111001
0000001010001101
1100010111110111
1100110001010111
1010101001101010
1011010111010111
0110111001011010
0001001100100010
1000101111010000
0000001100000111
0100000110100000
0001001011100000
1100001101110000
1110100110011010
1010111101010111
0111010111110000
1100011111001111
1100110101110001
0101010111001011
0101000101000011
1011101100011100
0110100101100001
0000011001000000
1101100101110000
1101110101110000
1011111000100101
1010010000111101
1011101110111110
1010010101100000
0110000000000010
1101001001010001
1000010001010111
0000000100100101
1110101101011101
0010100101010001
0111100010000110
1100000100110100
1100101000010010
1111101110101001
0100001110110001
0110011101101111
0001110101111000
1110011010001010
1000010011010110
0010110000100101
1110011110001011
0011100110101000
0001010001011101
0110111000000000
1010110010110111
1100111011100111
1011110100010001
0101111000110000
1100011111001010
1010101101101001
0011011100100100
0111111001110111
0010100101011010
1000100100101001
1011000101011111
0110101001001101
1100010100001001
0111011011000101
1000110111101111
1010000100011010
1101100011010001
0110010011011011
1111111010011001
1101001010000100
0101000001010111
1110011110001010
0111011011111110
0100110101010010
0011001101100100
0110010000110001
1100000010101101
0000011001010000
1000111110101010
1000011111100110
0111110001000000
0110010001000010
1000010011000100
1100101111001000
1100101010010000
0001001011111110
1100111101111000
1110001010011000
1000101001110111
1001110110000111
1001010010101001
0000000100101001
1110100100111011
1001010100101111
0100011101101001
0010111111011100
1111000001000010
1011000110110101
1111101101011101
1000111011001101
0110000001101100
1110001111001110
1100010100001011
1000000001111100
1000101111011000
0111000101011110
1101101110110000
1110100010110001
1110110001101011
0011110000100010
0111111100011111
0111011101010010
1010101100010110
0000010011001100
1011001001111100
0010011000101011
1000011101000000
1010111111101111
1101101100110001
1110110110100101
0010110110111100
1011101100001111
1000111100001011
1000101100001110
1101101001111010
0100001110110100
1000101000010000
1010000110000000
0011001100100001
0010011001100000
1111101110101111
0000010111000100
1010111001010001
0101100101011010
0110111101111100
0000111100011011
1101010100111000
0110110101101100
1111100001010001
0100100010000111
0000001111011001
0101000000000011
1100000110000010
1100010111011111
0101000100110110
0110101101101000
1110010001010010
0000111100011010
1001111111000010
1110110001000001
0110111010011100
1110110010001000
1111101000000001
0011000010010101
1011010111011100
1110010100101101
1100111101001110
1100011110011101
1000110101000101
1101111110101001
1000010010111010
0011100011000111
0101010000100000
1101110001011101
1000101011111110
0000111101010101
1110010101101110
0101111000110000
1010110110111010
1101110010101111
0011101101000101
1101001010100101
0011110011011100
0010000001010111
0010111010000001
1000110101001001
0000010010111110
0111101000100110
1111000000110010
1010001001001010
1101101000100111
0101110010100110
1101000000101001
0001101101111111
0011000100010010
0001001101110110
0001000010010000
0100100110010001
1000100100011010
1100101100011101
1101111010010011
1110101111001000
0001011100001100
1111100100101000
1100010010011011
1011110110001100
1011001100001000
0110100011101110
0100011011101111
0001100000110101
1001110100001011
1111010010110100
0111110001110010
1001010011100001
1011110110010001
1011010101010001
0111111000011011
1011000101101000
1111000110100010
0001111000110100
1000011111100111
0100000010011100
0110110110010101
0110000001100000
0111110010011001
1011000111000001
0100101100011101
0011101111011101
0101000100110110
0001000010111100
1101011000110100
0001111101001111
0100100010111110
1101110111110111
1010000011001000
1000111001110001
0111001011101010
1110010010010100
0100001001111001
1010100011001111
1000011111011111
0100100011001011
0101100100100000
1110110010111011
1001110111101000
0110100001010000
0011111111111110
1100100010101101
1000011110001110
0001101011101101
0010101001101011
0010100001110100
0111110101010001
0010100000111111
0111111011100101
1010000000010001
1011101100110000
0110111011011010
1001010100100111
0110000001100110
1111011101010000
1011010100101110
1100001010111101
0101011010000111
1011100011010111
0010101000010011
0001011010101010
0111010111000011
0010111001101101
0110110011111010
1000101101001010
0000101111110010
1011000000101101
0001110101111100
1110001000011000
1100001000101011
0011110000111011
0011011001111000
1101000111100101
1111101011111011
0101100101011110
0110110011101101
0111011010110011
1101001010100110
1101100011100111
1111010101111001
0111101000000000
1111011011111000
0001100000001110
1011110101010100
1111011110000011
1000000100101110
1000101111000010
0101000100010001
0100001110100111
0100111011111000
0111011000000000
0110110010001100
1001011000110000
0001001110010111
0011100100110010
0011111010011010
1110011001100101
0111011111101100
0001110101000110
0100101110000000
0111110110110010
1110000010001010
0100111001011000
0111111101101000
0011111100000010
1110111110101001
1110011001110010
1010110100111001
1100001000000111
1100000100100110
0001010100000011
0011101001111000
0110000111111001
0111110111100000
0010101100101010
1100011110100010
0111011101110001
1000011001001101
1010000010001110
0100010111001000
0101100111110100
1101100101100001
1001100000100110
1011111111110010
1101011001110111
0001000110111001
1100101100111100
0111110101010101
0111010110000000
1000010100010110
0111000001111001
0001100010000000
0000100010001101
1101101111100110
1111010011011011
0100101111101101
0011011101110000
1101000010011010
1000111010001100
0010011000110110
0100100001100100
0001110011011101
0011001010100100
0111011001011000
0000101001001011
1000010100100001
0000001011110011
0100001011111101
1111001101001110
0000000101001010
0000110001010100
0001000001011011
1001101110001011
0000110101101111
0011000011100000
1001111001110100
0100001001011101
1010111101111001
0100001011111101
0110010100110001
0011010100010000
1111001001111101
0100100101111010
0011010011001001
1110100000100000
1011111011010011
0011101110101100
1101111010000000
1010100010000011
0101100100001101
0011110111110011
0100001000110111
0010001010010100
0111110110111101
1000011111011000
1110100000111100
1001011100100001
1010010111100111
1000011111110000
0000000110101001
0100000001011011
1111001010011001
0100011100110011
0011011011011100
1011101011000100
0101010010010011
1001010001011111
0011001100000001
0100001011100011
0011110101001010
1010101011111110
0011000100111101
1011011100010111
1111011010011011
0101011110010011
0100001011010100
0100011111010110
1110101010001010
0001110001010101
0011000010101101
0111001101101001
0110111011000011
1010101001010111
0011111011100101
1101000011001100
0110011111011101
0011011001101111
0010000010000100
0111100001001010
1011011000010100
0100011011101110
1010011111011001
0101101110110010
0101000000001101
1100010010010010
0101011010111010
0001100101001011
1000100000100000
1010111000111101
0110100111100000
0010010001000111
0110110011001110
1001001000011110
1011100010111000
0011101000010101
0010001010001101
1000100001011000
0101110001101110
0000011110000100
0011110111101011
0101110011110101
0110001101110011
0000000111110100
1000101110011100
0001101010101110
1010000010110101
1111000011011100
1001100101100111
1001101011011101
