1101110100101101
1101100100000100
0011111010101001
1111010001000011
1000110001000100
1001011100001110
0010111100001001
0111001011100011
0100111011101111
0100101110111010
1000100101001100
1000000111001011
0101011110011011
0011111110001101
0101010001111011
0010101101011010
0111010100011110
0110100110011100
1100000111100111
0011100001100100
0001110100000011
0110000011110011
1111010111010000
1111011111111011
0010100000010100
1011011011101000
0101001111001011
0110001010000011
1110010100101010
1000010011001100
0110110111000111
1001001000110110
1110011010010100
1100000100101101
0010111010111010
1001111010110000
1100110000000010
0111100110010101
1000101100010100
0100101000101010
0011110001001000
1011110100101000
0101101111110010
1100010000000001
1110010011110101
1011101101011010
1101110111101011
0010001010010001
1010110101010101
1100011010010110
0011110011100010
0101110000101000
1001011011011100
1001010010011010
0110001000100011
0111001110110000
1011010101111111
1001010011000010
0001111001110111
0111001100111000
0001100101110111
0000011100101100
0011001001000110
0101100111000010
1011111111011011
0001000101111110
1000000001101100
1111111111100101
1100110111001100
0000100110100011
0100001000110111
0101010111010001
1000100100110000
0010101001101011
1000101010001111
1001111000110111
0001101000000110
1110010000001110
1011100000100100
1001001000110000
1100010010111101
1111111100100111
1100011111100011
0110000001001101
1101000110100100
0010100101010101
1101010011110100
1110110001001111
0110001001101110
1110111010001000
1010101000100111
0011000110111011
0001111001111010
0101000000101111
0101110111001101
1001110010110101
1101011111101011
1011111101100001
1101001111011010
0011010110101000
1101000000100011
0001100010001000
0101000000011001
0101010010000011
1010010001001101
0010101010101100
0100101000101001
1011101101011001
1110011111100010
1100000111010110
0001001011001001
1110011101111100
0110000001001101
1101111000110000
1101001111011100
1110011000000001
0100000000101011
1100010010001000
1001001000111000
0011011101010000
1011110101001010
1000101011101101
0010100001010001
0011001000100110
0100001100001100
1111011110000000
0101110100011101
0010100010010100
1001001101101001
0111110101101100
1010100001000010
1001100001111100
0010011110000111
1011111101001001
0011111101001111
1010111100111011
1011110110111010
1000100001101100
0110110000110010
0110001111110100
0111000001111100
0000010001110010
1001101100111110
0101011011111110
1010010010001100
1010010111101000
1001000011000011
1010110100110111
0111110111100101
1000101101010011
1011011010001100
1010110011110010
1101100011111101
0110111000001110
0010001101000101
1101011111100110
0101100001111011
1110101111110111
1010010101100010
0110000111110010
0000011100010100
0001111000001011
0011011011011010
1101111000110101
0110110101000100
1110111111001010
1111001001101111
1110101110100110
0010001011001101
1101111011111111
0111001111111110
1100001111100101
0001010011010001
0100111110100111
0110001001011100
0011100101110111
1101110010001000
1110000111001001
0010000101101101
0101111000001110
0010000101001110
1001100010110110
1110100011110110
1111101101110111
1010011010011001
1001101010010101
1111101001001100
1110111101011111
0011101110100110
0001000011110100
1010101111100101
1010110010111110
1010001110000010
1111101111000010
0000011101000101
0001111100001110
1010111010100010
0001111001100101
1011000110110001
1001110011100111
1011010101000111
0100010101011101
0001110110111000
1010101011001001
0110000100100110
0101000100001000
0010000000100111
0010110111111110
1011000100101110
0111110111010010
1000000000100010
0000100100010001
0111111011011101
0100100000000000
1000010000001001
1100100110111101
0001010001111010
1011101010000010
1000110000111111
0110111011101011
1111011000011000
1100110101111110
1101101010110100
1100010000000100
0001100100011101
1000011111100110
1111011111111011
0011010010001101
0100101001011100
1110100100111000
0000011111100001
1011000000011011
0011001000000000
1110001101110010
1001111100011000
0111000011000011
0100010011100110
1111101100101001
1001001000110101
1010110010100110
0111010011110110
0011001011000010
1010011110100100
1010101101100100
1010010000110100
0100010000100111
1110001001100110
0010001010110111
1001011011101110
1001001101011001
1101000100111111
0110000110111010
1101000011011010
0001011010110111
1010101111101101
1100111101000110
0111010001100011
1100111011000100
1110111011111101
0110101010100001
1111000101111111
1001001111101110
0001100111111100
0001011010000010
0100000001111011
0001000100100011
1100101101111100
1010111001111101
0001101101001000
1000110000101100
1011110000011111
0111101011111110
0000011010100011
0100001000010110
0111011101010010
1011010110110111
0101000001011110
1010001110100000
0100100100011011
0000111101101110
1001000100110010
1111011100001010
0010101011111011
1010111111011011
1011010000001111
1100011010101100
0001010110011010
0000010000111000
1010000010001001
1100110001100011
1011001110011110
1101110111011111
0001000011110001
1001010001100011
1011011110111001
0000001001000001
0010110010101111
1110110011111100
1010011111111101
1011011111010000
0110000100011000
0100010111001101
0000011100111100
1111000011111111
0010111000011101
1111110111100111
1001000001101111
1101101101111000
1101000000010011
1110011000110101
0110110010000001
0110010010100000
0000100000011101
0110011001101010
1011011100101110
0101101000000101
0111001111011101
1000101101000000
1100111101011000
0110100110111011
0000110100111101
1110010100111111
0010111000001101
0101101000100000
0100011101010011
1100110010010000
0011101101011100
0111010000101011
0011000111011010
0000111101000101
1111110001010111
0000001001000001
1001101000111100
0101000101111000
1001111110111010
1100001110010000
1100101110110001
0110011000111010
1110011010000010
1100100100110110
0001110000001111
0011100110100000
0010000111110010
1011011011111010
1110101010010101
1110010011000001
1110110110011010
0001011100001000
1010110001101110
0101110010001100
1101101000010011
1100101001111110
1001100110101000
0011010111010111
0101000010100010
1011011111011011
0110000010100101
0111101110001111
0001100011010010
1010101100101001
0010100100100000
0101110110101110
0100001101011110
0001110011011010
0101010010000100
1100001000010000
1100000011010100
0110100101111010
0000010111000000
0001011010100101
1111001111010011
1001100011100100
1000001110001100
1011110011101110
0110100110110111
0010000110100010
0100110000100111
1000100110000001
0001110001000100
1001100111000101
1101110100100001
0110100111011011
0000111100010010
1000101011001100
1110010010110010
1001100101000110
1101111000111101
0011010000011100
1110101101000101
0011001110011100
0000111101000111
1101001010001011
0000111001100100
1100011010111000
1101101101011000
0111101000000111
1100011111110010
0001011111000100
0101110011001000
0111101001010111
0111001110110110
1010101011001001
0001101101010010
1011110000011000
1100000010010100
1101011110101001
1011000001101011
0101101100111000
0011110110110011
1111010001010100
0111111001001101
1100010000100101
0000001111000000
0100100111011010
0001101101011101
1110001001110001
0111000110000011
1000010110101000
1001001101110000
0001110001010111
1111010011100011
1101100111001101
1001100101100101
0110101010101000
0010001101100100
1000010111100011
1100000100110000
0000101000111101
1110111011010001
1100111111010110
0110100010001011
1111010001100001
0010101100101001
1001001111110010
0111001101011001
0101101001001110
1110001011010001
0101101010011001
0010100100100110
1111011000011001
0100110100101110
1001101100111011
1011100110111110
0000101011111110
0000100001001100
0010011101011100
1001101010001011
0001110100000011
1010111101011111
0000000001000011
1011101011101010
1100001000000001
0000100100011010
1010000111010001
0001111100110101
1010011110100000
1100011001001100
0101000000111100
0111000100001011
1010110100110101
0111000011110000
0100000111010100
1100000011100100
1110110101101000
1111110101010010
1000000110011111
1101100011100111
1110011010100100
1011111010101010
1001111000010110
1111001000111011
1000010101100111
0100000111110010
0000101000110011
1110001101010010
1110010001111011
0010100111101011
1101000011110010
0001101010101100
1011110100001110
0110000011100110
1111100111111000
1110110110010110
0111011110001011
0110100111100100
1110101111010001
0101100000101100
0001101100111001
0000001101011101
0000001000110011
0110011000101001
0111010011111011
0100000100000100
0110101110000011
1100111011100111
0111101101100100
0100000011100111
1100110101100101
0111101000010011
0000000111100000
0010101101111011
0111101111110110
0101110101110101
0000010000111001
0111100010110111
1010001100101110
0100010100010000
1011100101111011
1110100101011111
0101101010011001
1110010010011101
