1100100111011000
0110010101000100
1000000011000011
1000111101011001
1111100001000000
1101011100110110
1111010011110011
1100011100100001
1001110011101010
1100100110001110
1111010110010001
0011011001010001
0001010111100010
0010000101100000
0010101100010101
1011001101001010
0000001100111011
1111010110110000
0011100100100110
0111111010100100
0101101010000100
0010110100111110
1100110101111011
0001011011111110
0110010010110111
0001111110010000
1101001110111011
0111010001010110
1011001100101010
0001100101100110
0001100001111110
1100000101100101
0100010010111101
1011010110100001
1111110101001100
0001100001011001
1011110000000011
0011101101101101
0111010011011011
1110001010010001
1001101010111001
0000010000010000
0001001110000110
1011011000001000
0000001011100011
1010101010000011
1001101100010011
0101001101111010
0000001001010100
1111101010011011
0110101111111101
0111100100011011
0001010101000010
1100011011001101
0011100010000001
1010010010001111
0010000111101000
0000110100111010
1110110101001011
0001100101111100
0010110110101101
0000111011001011
1100011010001110
0000011101110111
1000010110111110
1010001101011101
0010010101010010
1001001001101100
0001000011011101
0100001000111000
1111000010001010
1110111101000010
0000110101100110
0010100111101010
1111100110001101
0100100111010000
0010100011001001
1100101101110101
0000001010101111
1000011101011110
1010110100010110
0100000110110101
0110010111100110
0011110011111100
1110101110111111
1000100001010001
0000111010010001
0010011101001101
0111001001110011
1111100101101010
0011001111001001
1010110001100111
1000010100000110
0110001010001010
0011111011101001
1001100010000001
0110110001000010
0011001110110100
1111100001011111
0100010110100001
1001110101001001
1101110011101111
1111001011101001
0111001000001111
0110100010101111
1100001100010101
0011001000101000
1001110010001101
0111110111110101
1011010001011011
0011011101101100
0111101001000111
1110101010011010
1001110100101100
0000110111101110
1100101111100001
1110110100010110
1001000001001100
1111100001110000
0001001011100010
0111000101010010
1001010110001111
1101001101101110
0100100110001011
1110011110000001
0001010000000101
1100010100101001
1100111100111001
0111100000110101
0101001011101011
1000001010010100
0101100011101001
0001100101110111
0010101110000110
1100011010100001
1010110011011001
1111010001110001
0010001000110100
1101111111111000
0011001011000001
1100100010110111
1010101001101011
1010111101001000
1110000110010011
1111000110011111
1011010011110110
0100011011101101
1101100101001101
0000011011111100
1011001000110000
1100000101010010
1101000110110100
0101101111001000
0010011001010111
1100110001011100
0101100011111100
1000011011000100
0001011100101010
0100100101010000
0011101110101000
0010111111101011
0100110100011001
1011100011000010
1100010101001010
1100110001001010
0010010111100110
1000010010000101
0101011001111111
0100110010001000
1100111110010010
0101111000000011
1010001011111111
0110010101110010
0011000000110111
1000100001000000
0100101100111101
1110101011010110
1000000011010001
0100111000101001
1100111111111101
0110001011000001
0011110001110110
0100111000101000
0100001100110010
0011000000110110
0000001001000000
0001101101001110
1100110100001100
0111001000110110
1011010110100101
0101010101001011
1011000001000101
1010001101001000
0110111010000010
1010111001110101
0011011010110000
1011101001100000
0100111000001110
0000100111001111
1111101010101100
1001011011101110
1001100001111110
0110011110000011
0011011001111010
0101101100110101
1100000110111101
0100001001100110
0110111011011100
0001010011110111
1000111011011100
1001110101010010
1011000101111010
0000011100101110
0110000111011011
0011100011110000
0100010110010100
1100110000110010
0011111101011101
1001000011011010
1110001101111101
0111010101111100
0111001011010011
0101111010011100
1111100100000000
0011101101101100
0101000010111101
1100011010110010
1100011101011111
0000101010101001
0001011111000011
0100111000000101
0101011011100001
1000010100110101
0010101110001000
1011011101101111
1110001100111001
0001111011001010
1011101110111100
1001000101110001
0110101111101100
1001101010011101
1001011101011001
0000101100011000
0011100111100011
0111011010111011
0001001101001001
1100010000010010
0110000010100111
0100101110000110
1101011001100010
0101011100100101
0010110101101011
1111111001010110
0000101000011000
1100010001111010
1110010110001101
1101010000011111
1101010011011110
1100100000010100
0111000100011100
0001000100000111
1110010010111001
1010110010010010
1000101100100010
0011111101010100
0010110111110110
1000111000001001
0100100010101111
0010001011111000
1011011111110110
1101110100111101
0110110011000111
0000101110101101
1010001101000011
0100000000101110
0101111100000101
0001110111011000
0101110001010110
0110101011000101
1111010110010011
1000000111101111
1000100110111000
0111110110001101
0000110001110111
0001001100000111
0001111000111100
0110010101011010
0001001011000100
1100000110110000
1111111101101111
0010100011100011
0010001111001111
0110001100011010
1101010100101101
0010111100001011
1011001011010101
1001101000111000
0011100010110000
0010110100000100
1000011010111100
1111010010110101
1100010110110001
1010011001111000
0100011101111110
1010011010010001
1100010000000100
1111111011011010
0011101101000110
0111110011010110
1101110000110101
0110000011100001
0011001101101011
0110101010011001
0100111101111001
1011111100110111
1001111110010100
0100100111001000
1110110111101101
1111000101111100
0111110001101100
1110001100010111
1100111000101000
1111101101100111
1110011010010001
0101001000100111
1000101111000101
1001101010011111
1010101110111010
0110010111011011
0101011100101001
0111001111000100
1011110010001110
1001011111100000
0011100100100011
0010101110011100
0111110101010100
0111100000001000
0000101111001011
1000000010001011
0110011011100000
0011111100000100
0111100000111011
0000010110010111
1011010010111001
1110111010101100
1010011110101001
1011111111010101
0001000010000100
1110000111010101
0100011111010101
1001111000110111
0110010101001011
1110111110010010
1010011000111000
0110010001110110
0111011100100110
1000101001011100
1011011011000110
1110001011011001
0101001110011011
0111010101110101
0001000001001110
0010101011000100
0100100010001111
0100100111100010
0100100110010000
1001111000010111
1011001100100010
0011010111110101
0011010000100100
0100010111010011
0110100011000010
0001111000100010
1111110010010110
1100110011100010
1001100001110010
0101110001110100
0001000110110001
0010011111101111
1111010100100010
0000101011011001
1010011111100111
0001000101111101
1011100111010110
0001110010011110
1110111100010100
0110100011011010
1000000111011111
1100000010001000
0110010000010001
1011000111110000
1101100010011000
1010011010010101
0000011011000110
0110110001001100
1001110000010111
1111010000010010
0101011001110101
0100000100110100
0000100011001010
0000111110001110
0001011110001100
1010001110100010
1100111101111000
1010010111111101
1101001111000000
1111100011001011
0000111001000010
1111101001011110
1110101111011101
0101100110100001
0000001111011101
0110101010110101
1100110101101100
1110110001011111
1010100010101011
0011000101011110
1000011000010110
0110110010101000
1011111000010110
1010101011100011
1100101100010011
0100110110010010
1110000010101101
0111110101101100
0111100100010001
0010011111111001
1111010101000011
0001100101101110
0001011111110000
0110100100101100
0110010100111111
1011001111011110
0011001110100100
0110100101110011
0110110100000111
0110000101001010
1010101101010001
1011000111111001
1100000101000001
0101100000101000
1100100010110101
0110101101111100
1111111100010011
0011001101010000
1010000111000001
1100111000101000
0001010100001011
0101100110011111
1000001100110111
1110101010111010
0001101010001110
1101000000010111
1110100110110100
0100110001000100
1011000111010001
0111111001111010
0011100100110110
1001110101001111
1101101011100001
1001000000100110
0101100010111001
1111000101101101
1011011110000001
0111100111010011
1011001001111010
0100011000110010
1101001110101101
0000011010010111
1110101001111111
0001010101010010
1000010101110011
0001101101010011
1011100111000101
1111010011000001
0111111101101001
1111101111001101
1101101011001011
0100100001001100
0011101010000000
1001110101010000
1100011111110100
0010111001010010
0100100100010000
0100010111110000
0101100011001010
1010100001001101
0001101011011010
1001111010111111
1010000011001001
0001000000111100
1000111001111000
0010011010010111
0011110000010000
0000101101101110
0100101011100110
0001011111000000
1010101100000001
0101011000000011
0101111111100010
1101111110101100
1100011001010101
1011010010000001
0110101100011101
1000011101011011
0011111100011001
0111110100000010
0111110100000101
0110100000000001
0001000001111101
0000101001001000
