1100000001111000
0011010010110111
0010001100101000
0000001011110111
0000010110111100
1010010110110011
1001010010001000
0111001000001010
0101001100001110
0111101111000110
1000101010110101
1010010101000101
0000011011010110
1001001000100011
1100111100110101
1111000110001111
1010100111010100
1111110100101011
1010011000101010
0110101100010010
0111110101001101
0101111011011001
0111011101011110
0101100111111110
0110110000111101
1001000000010011
1100111101110000
1101111100000001
1011011110101101
1100101111100111
0001110010010010
1100101111010101
1010110101110001
0110100001000111
0111110001100110
0111001011010001
0011111000001001
1110110001000000
1111100110111010
1010111100110011
1000000001001001
0111011011111110
1100110011100110
0010011011001000
0110000110010111
0011111010111100
1110000010110010
1001011101100001
1001010100010111
0011000001001000
0100000010000111
1000110101101011
1011001100110101
1111111000001010
1101101011010001
0011111100010110
1011110110000010
1001101010001010
1001000101100011
1110010101011010
1110111100010101
1010010111100000
0110011011001001
1110111100000010
1100110001010100
0011111110010110
1100111011010110
0111001001101010
0100001100111111
0110001101111010
0100111011100010
0001010010010010
1000100110010100
0111111000111011
1100111001101010
1111100100100000
0101000110111010
0101001111011010
0110001011110100
0001001011011101
0100010100010010
0101100010011110
1110100111101110
1010000000000001
0100010000100110
0100110101110000
1011010110101010
0111110101000101
1101000101100100
1111000000000100
1010000111101110
0000001100000111
1001011111111100
1010011010010011
0100111101011110
0000101001101001
0111111110010100
1000101100101010
0110001000001011
1001110010011101
1011110010000011
0000101101100001
0110001010011110
1000101010000000
1111100011001100
0110001010100010
0010110111000011
1010000001111110
0110111101101100
1101101100111010
0010010111001100
1011010010110011
1100100111011010
1000000110010001
1111010000011011
0010111110110001
0011101101000101
1110100010011110
0110111111001011
0000000000001101
0110110111101001
1110101001001100
0110111001011110
1010011110100101
0001000001111001
1110010010100110
1001100001101000
1111000110011111
1111001011111011
0110100011001101
0101110010101110
0101100000111001
0100000010001100
1111101101000011
1101001110100110
1100100111110011
0110111000110011
0110110111011001
0111110001010000
1011111101001011
0001010100100111
1100101111001110
0101010010100011
0001100010011010
0101000100011110
1000101001111101
0111000111101110
1010011110100011
1011101000101010
1100100000011011
1110101010001111
0001001111101000
0010010010110010
1011110110000101
0111111101000111
0011011011100000
1010001001011111
1001111001111110
0100011110010011
0001011111100000
1100010110101010
0001000100101111
0100011110101111
1000111111011001
1100001011010111
0110101101100001
1100010110000111
0001001000100001
0011010001000011
1111101001100011
1000001100111111
0100100101110111
1000001010011101
1001110101010001
1010010110110010
0111001111101011
1101010010000000
0011100010000100
1001011100000000
1010100000100000
1101111110111100
1101110010111010
0001110000110001
0010010110011011
1011101100001010
0111001011100111
0011101001011011
0000010101101010
1010101100000111
1010001011100010
1010011000101101
0011000010111001
0011100000100011
0100011011011100
1011000110101110
1001011000011001
1001000110010001
0100110111010110
0010100111100011
1011010100101110
1000100001011011
0000111000100000
0011101100100000
0011011001011110
0011100111011110
0000010101011000
0100010001110001
0001001010011100
0100110101101010
1010010010010000
0001101000011100
0000100100110101
0011010011101010
0001001010001111
1111101011001010
0000000001010100
1001010101001101
1110111001111100
1101010000100111
1011101100110100
0101110110110100
1101101110101111
0111011000000100
1100110001000010
0010000100000001
1100111011111101
1110000001010011
0100101000110111
0101110001010001
1010100111101100
1101110000000000
1111110101111011
0111111111001011
1101000111011011
1111111111110001
0101001011000001
1011010111101110
0000110010011101
0100011001011110
1011111100000001
0110101101000100
1111110111011111
1010001101000111
1101110010100111
1010101100111101
1111011000110110
0110100011011001
1100100100010010
0011110000111101
0110100000111111
0010010001100000
0110001001100100
1101000010000110
1011011111011000
1101010000001011
1000110101111110
0001100100011011
0011011111110101
1000000001110010
1100101101010010
0010110110010110
1110111010010000
1001110011010100
1101100110001010
1101110001011100
0000111000001111
0111111110010101
0100011010111110
0010100001110001
1101100100101011
1101011100011001
0011001000000101
0000000000101110
1111001101001010
0101000011000110
1100011111011110
1011000000101111
0111100001010111
1001111011111001
1111011101011010
0001101110111101
1011100011100100
0001110110001000
0001011010000100
1000011100001011
0001110010100011
1101111010100001
0101100011101111
0110001000000110
1001010111000111
0110000110010000
0100001101110010
1101110111111101
0111000000111101
1001000010011111
1100100111001000
0011101000010010
0100000101111100
0001001110100101
0010101100111000
1110110011100010
0000000111010101
0110111011001010
0110111111111011
1000000111010010
1100001100101101
0010011011100010
1110011001000010
1001111101110010
1111010010001110
1001100010110101
0100011111001111
1111010110110110
1111001001011100
0010001000000010
1001001100110100
1110101101110110
1001111010001011
1010100110010010
1011100100010101
0101000110101101
0111100100011011
0111111111011010
0001001100001110
1000011110011101
1100100100111011
0111101100010000
1000010110111101
0001110000010101
0010101101010000
0000110001100110
1101101111011000
0011101011100000
1000100110001100
1100110111000100
1010000011101010
0001000100110000
0110110001100001
1010101100111110
0110010101100110
1110000001011010
0010000000011001
1011100001001100
0111101000110101
0110001111001000
0100001110100011
1010100011010100
1010011010101000
1001000011101101
0111100110101001
1000011110110111
0111111001010101
0111111001110100
0101100010011110
0100111001110100
0100010100010110
0001101000000100
1010000100001011
1111101010100101
0101101110001001
0111011000111011
0001000011001000
0011100101001101
0011101011010111
1101001110101011
0000100101000000
1001011010100100
0111101111110011
1110000100111101
0101000101001001
1100110101100101
1000001001100011
0111101000001110
1101100000101111
1111010001101000
1110001010110001
1001001000001010
0111010011000011
0111101010101100
0000110000000100
0101111000010011
0101100110110111
1111100101011100
0000110000101100
0011000011101011
1011101001011110
0010100000010000
0110001001001001
1010101000010111
1111001011100011
1111100111001011
1011101011000001
1000111001010000
0111110100111111
0111011001100001
1101001100101010
0111000101100100
1001110110000011
1001000000010010
0111100110101100
0000011001111001
0100001011001000
1011010111110001
0111000001110001
1101100010001100
1010100001111010
0100100000000101
1000111001101000
0111000110100010
0010001000100100
1010011111011010
1010111001111001
0001011100001001
1001000110010001
1101011111010011
1010111010010001
1001111110111111
0110000010100000
1001000111110100
1000111111010001
1011011101110000
0000110011101001
0111110011100000
0010111010010001
1011100001011101
0100100000110011
1001100100100010
0101001110111000
1111110011011010
0001110100000011
1111110000000010
1101010001001001
0101011010010101
0011111101010010
1011001001110100
0100101001110000
1110111111111110
0010001110110000
1000100000001100
0000110011010110
1000110001010111
0001111000110101
0001000101000101
1001101000100000
1010000001100110
1111011101011111
1110011111110100
1010010110110010
1100001100100000
1001111010110011
1100000110011001
0010110111010000
1010000110100100
0010010010001000
1011100100001000
0110010101110110
0101000000011100
0111001010001001
0110011101101001
1001011110000110
0010001000100000
0001101010010001
0001110110110001
0001000000000110
0101110011011100
0001010010110100
1001110111100101
1010110111000110
1110101011100110
0101000111001101
1011110101101011
0100111101010011
0011010001011100
1011011010101000
1110001010011010
1101110111011010
0101101010001011
0110010010010101
1010000000101110
0001100111010110
1101001111011000
1111100011100101
1001010011000000
0111110001110000
1011010000011001
1000110111001101
1111101111010110
0110111110111001
0001011011110110
0011101011110101
1001000111000011
0011100011011010
0100100001011011
1111111010100000
0010110001011110
0111000011000000
1101111110011101
0011000111110111
0011011011100001
1001010010001111
1111111000101000
1100110111101110
0101011111111111
1001111111111000
1111010011111001
0100100011011111
1011011111000010
1110101011110111
0111101001101101
1110111001010101
0101111011100010
