0001111100001011
1000100111011111
1101101110010001
1111101100110100
0010000100110101
1100110100110001
1110111010101101
1011110101100011
1001100000100011
0000010010010111
0011000110110110
0001101110010001
0000011010001000
0100001011101100
0110100011010001
0000000110011101
1111101000111110
1001111010101000
1110000111010010
1011000011100011
1010000000001110
1010000010010011
1001001000111111
1110100000110110
0110011110000111
1111111111100011
1010001111100010
1111001101010001
0000011100001001
1011011101111011
1001101100101111
1011010010100100
1011111011110101
0011111000000101
1111110110110010
0000001100110001
0111101111110010
0111110010000110
0100000100011110
0010100111101000
1001111000001000
0101100101001010
1011110101110001
0000100011011010
1001101010100100
1101100000011101
0001110101010000
1111100001001100
1100100001001010
1000010011011111
0101111110001011
1111011110111100
0111000101100111
1110010100001000
1000000011001010
1111100010101011
1001100110100010
0010011110110110
0100011001010001
1001111001010111
1010010011110100
1110101111001101
0011001100010011
1110110010000001
0101100000000000
0100111110111111
0011000010000000
0110111101001000
1110110010100010
1111000001110101
1100101111110110
1111011110011001
0111000100100000
1101100001110001
0011101011000000
1110000001110111
1011010111110111
1000110100111111
0000111000001010
0001001110101100
1000111101010111
0111001011010101
0110011110010100
0010101010010010
0010011011110110
0111100110001000
0101100100001101
1110000111111010
1101111011000111
1010000111111101
1101101111110100
0110000110010010
1100110101001000
0100101110110001
1000101011111000
0001001110111001
1001110010101100
0111000010010110
0110010000001010
1111100111011110
0010000111110000
1111111000000111
0001010011011000
0110010110101011
1111001000011000
1101101000100000
0011100010101011
1101000101010110
0111001011011111
1011000010101011
0000001101100110
0000101101110100
0111101111000001
0000111100011000
0111101110110101
1110111101111101
1010010001101001
0110100111100110
1000001100000101
1001110100000001
0101011001001110
0111000000010000
0010010110111011
0110010011111111
0110110001101000
0011001110011111
1110111000100101
0101100010010100
1011110000010000
1111000111100011
1011110011100000
1010010011010001
1010010100101011
1111100101101000
0111001110011001
1001101010100001
1010110101101011
0100000111001010
1000110100010010
0101100110001001
1011111000110100
0100111010001000
1000110000001101
1000000010011001
1000001110100001
0110100011010101
1010100100111111
1000000111011011
1110111100111111
1011100111111100
1011101100010100
1011011000011001
0110000110100100
1001101011110101
1011011100111001
0000000010100001
0010111001111011
0011011101001100
0001110011010101
0100011100010000
1101100110010010
0101111100011101
1101110111110000
0011000010010101
0100010101110101
1001011101100000
0011111011101100
1001110111100000
1011110100011000
0001011111011100
0011110111011000
0111101100001010
1101100111001001
1111000110110101
1010000001010110
0011111101011100
0101011100000000
1111110110001000
1110011010100100
0111110001001001
1010001011000001
1100100011011000
0101101011010000
1011110101000000
0000000000110100
1101101111101001
0100001001000011
1010000111100011
1111100010100011
1110000111011100
1010101110010110
0101101001010000
0101010100010011
0011101110111001
0111100000101011
0011011101111101
0111110000001001
0011101111011000
0111100001011010
1011101001100000
0100000011101010
0000101100011110
1000001101101110
0001011111011011
0110000001110001
1101001110000011
1011001110011011
0101010100011000
0011000000100011
1011010110000000
1101111000000100
1110011110010011
1110110100101111
1001111010000101
0100111110110111
0001101010110111
1011111011011110
0100000000101000
0110000001100100
0100010011001110
0111111110001010
1101111000000000
0001000000000110
0100011010100010
1000101010001100
0000110101100011
0010110111100010
1011111101000000
1000001000110001
1111101110100101
1100111001001100
1010101010010101
1000111100001000
1101100101011001
1100111010111011
0101110111010000
1101111011110101
1011011001010100
1000111111000110
0011000110100000
0101110111011101
1001111110000101
1011000001000011
1100010110001111
1111001111010000
0101001011111011
1101100100101001
0101111011000011
0001111110010011
0101001011111111
0110000010100100
0000100110110000
1111010111101001
1010110000011010
0100100001001100
0100100010111111
1001011001111100
1001111010111101
1000011011011100
0000100101101101
0001110001000000
0101010110000010
1000000011111010
0110100100001000
1011011111100110
0110100011001011
0010000111101000
1001100110011011
1100100001110110
1000001000001011
1001100101100000
0010011000001001
1010101111111000
1101101110100110
0100001010000001
0001110110011101
0010010100011001
1001001101111001
1101110000111000
0110110100000110
1011100000001010
1000100111100001
0001001101010111
1101101001100111
1000001110010010
0111101010101001
1111001001011101
1001100001110010
1110010100001100
1000110010001000
1010111100110010
1100011001000000
1110111111001010
1010010111001110
0110110001101100
1011000110110111
1100010010001111
1001101100001001
0000000111011000
0110110100010000
1111100001100101
0001010111100111
1100111010011110
1101110110110101
0011100011001010
1111101110110010
1100001111010000
1101110110000010
1000000011001001
1101000010011010
0101101101000000
1000000111111000
1111001111011010
1000111101111111
0010011010101111
1011011111110001
1010000100100010
1101001010001000
1111010111001000
0110111101011001
0000011111100011
1010010001011111
0110000111011011
1011111000011110
1101010010110000
1011110111011101
0100011011101101
1101011011111010
1100111101100010
0001000101010000
1100011110010101
1010001000000111
1100011111001100
0111000111011100
0110111010000001
0010100100011110
1011111011000001
0001011010100010
0000010100110010
0010010100110100
0011111000101111
1101101110111011
1101110010111100
0100001010101010
1001010001010111
1001110001111100
0111110111101100
0101010000001110
0001101101101100
0000111100100000
0010011000001111
0001101111000001
0110001001111110
0101111010111001
0100111000010001
0011011100111000
0110001110110110
1011010001101010
1101000010011010
0101010011110101
1101010011111011
0100000110000100
1100101010100111
0100010011111100
1010000010100110
0111000000000000
1110011000011011
1011011101111110
1111101011011011
1101011101101100
0100100111011001
0101010000110010
0110001111000110
1011001011001111
0000011010000010
1011010010001101
0000000011101001
1110000010010011
1111000011110000
0101001010011100
1101111101110011
0000100111011000
1001010101011101
0111000010010110
0001101010101101
1100111011110011
0000101111101010
1101001100100010
0000101000011100
0110000011110111
1101110111100000
0001010101111010
0010010101100110
0111100111111111
0101001111110000
0010000011111010
0111011101010000
0110110010010010
0011010011001101
0011110111010110
1001011010101101
1110001111000010
0011000101000000
1000101010100111
1111100111110100
1110001110010111
1100010000100001
0111100101111010
1011101011111111
0101010010000000
0101101010111100
0011001111001110
0100011010100010
0010011110101010
1010111011111110
1100001100101100
1101000110111111
1110100100111001
0000010101010100
1110100101010101
0110101000011011
1011000011000010
0010111010100011
1101110100100100
1100110111100011
0101001101001101
1011100000111100
1101010010111110
0110111010000110
0000110000101101
1100111101010000
0100100011111001
0111000000001011
1101110111001000
1001110011110001
1100000101101000
0010100110111001
1011010101111101
0010010010000011
0001111101110001
1111000111010101
1100110101101010
1001110111011111
0011100000111110
0001100011110011
0101101000000101
1101010011011101
0101100001110001
1100001110011101
1010111110110001
0110110000001110
0101001110010010
0101000111010000
0001101100001101
1011111101111100
0001101001101101
1100100100010110
1000011011001110
0101011011000111
0111001100010110
1010100000011101
0000100101110101
0011011001101011
0010010111000110
0000110101110011
1111110010010111
1001000010110010
0001100011000000
0110000010011101
1101110001001011
0100011010010010
0101110111101100
0101011001001101
1000100011110001
0011000010010100
0100000001011001
1000010101110111
1101001111110111
1110101100110001
0000111000011010
0001110100100111
1100000011010001
1101110110010001
0011000011100101
0100001100111100
1000011111001011
1101111001001000
0000100101111011
1110100101111011
1100011101000001
1110010010111100
1000100010000001
1100000010101101
0111110010011011
1001001100101111
1110110110001000
0010111101010011
1101101011111101
0110000110110111
1100101011111111
1110110011100001
0111000010111101
0110101011100100
1000110111010010
0000001100101100
0001110101001111
0000000111010111
0000101011001111
1010111100000100
0111001111111111
1001111110111111
