1001000001111000
0110111101011100
0000110010010101
0100000001001010
0010011110001111
0110011110101100
0011110101111111
1101001001011101
0100110110010110
1100000000110110
0011110010101100
1001010010100010
0101100110110011
1111100101100001
0000001100111011
0111000110100111
0000101010111000
1000111101011111
1011110000011001
0101110111110111
0100110101010110
1010111100110011
0100110100110101
1110001000111101
0001001110000100
1000100111011110
1111101100100110
1111010100101110
0110110011001100
0101010001000110
1100001011100010
1111011101100111
0010001101110011
1011101111100011
1100100001100100
0111111000111011
1000010100110011
0110100101011001
0111001000101111
0101011001111010
0110011110000101
0001111010010110
1110010111010001
0011111110010100
0110111110100110
0100111001110110
0010010011100101
1111111110111000
0110100100000000
1001010110110101
1001000111001011
1010111011000101
0001001100010011
1111000010101000
0001001100011100
0011100100000000
1110111100001011
1010010100000000
0101000000010110
1000000001000111
0010001001001110
1100011110100110
0110011111100111
0111001001000111
0110000100001110
1101110001001001
0001001101000011
0011100000111111
0001000010100110
1100110011000001
1101100000101101
1110110011011100
1101000011101011
0010100111101001
0011010100000101
0001110001011100
0110000100001111
1011001011010110
1001110111011111
1100000001100100
0010000001010100
1000010111011110
1011101101100011
1101110010000101
0010100000111000
1100011010001000
1000001100011111
1100000111110000
0110010010100110
0110001001000111
0000000101011001
1010110000010010
1001100011100011
0111010011101111
0001101101001100
1001111110101101
0011000001110011
1101101001111110
1110101000010110
0101100100101111
0001100010000101
1100011001111111
0110000011001100
0001011000110111
1110010011000111
1110100001011001
1001100011101010
1001010010011000
0010110001000000
0101011001000110
0000101011000011
1010001001110000
0000110010110001
0001011101011110
1000001000101011
0100001110000101
1010110010001000
0100011001101010
0010001001110111
0000011110100100
1100010001110110
1001100111101100
0010000000111110
0010100101011110
0010001010010000
0000110010100100
1000101110100000
1101010100101000
1000110110101000
0010110110101011
0100111111111111
1111000011001001
1011000110011101
0111111101100010
1101000110111111
1101110000011010
1110010001010001
1010001100101101
1010111010100101
0011111011110111
0010000101110010
0000100011001011
1000100001000000
1011011000010100
1000100011110010
0101001011100111
1001001000010100
0111101101000111
1011011010100000
1101110000101110
0111001111011110
0101111100001001
0010011101000101
0111010011010100
0101010100111100
0101101011010001
0000000001100000
1000110001000000
1001111111100011
0100100111010111
1001011001111001
0010100111001111
0001010110110111
1110011011011011
0111111110110010
0011101011101100
1011000100111001
1010011010100111
0000101011010001
0011101110101111
1111110110110010
0100111010100100
1000000110000101
0011001011010101
0111111010000111
1000011010101101
0000010111100010
0101000000001110
1110101111000100
1011001111101011
0111011000001001
0011011011010101
1010101100010111
0000100010101111
1001100100001100
0111111001001001
1000100101010111
0111001111101000
0110101010011000
0001011001001101
1000000010011000
0011101011101000
1010100010111011
0101111011001000
0101001011111110
1001101111000010
1100000001011110
1110001000100110
0000100011011110
0100001011110111
1010101000010111
1100101011110101
0001001001010000
1100011000000111
0101010011001110
1000100000011010
1000101000111010
0010110011001111
1110110101001101
0011111101011011
0101110101101111
0101001011110011
1001111100001101
1011000010110101
1111000001110110
1000100100001001
0100000001000010
1000011001100011
0100101011001010
1001011110001111
1000001110001100
0000010001001001
0100111111001011
0110100010100011
1001011111100100
1110011000000101
0110100010010100
1001100111111100
1101100111101100
1101110101100100
1100010111000010
0010010010101110
1110100000011011
0111000000011101
0111010101010011
1010111000101000
1011111011111010
0101101101011000
1111000100111101
0100001001110110
0011111101010110
1101010100000110
0101100100111010
0010001011001000
1110111100101100
0011101101100011
0100010000111111
0011011010010111
0001110111111011
0001100000000010
0101111100110000
0100111000000101
1111101101001100
1111111001100000
1001011011010010
0111001000100111
0111010101111011
1111110100110111
0101010000101110
1110011000010000
0001011110000000
1010000000101110
0011011001101011
0011010100011100
1011111110000111
1000010110111010
1011000101111010
0101011100000110
1010010010010100
0011001100110101
1101001111111100
0010000001000100
1000100001101001
1110110101100001
1001000011101110
0011101100011011
1111000010001100
0101011000101000
1110001110100110
1111010100110000
1100101101001111
0101101100111100
0111110001000110
0010001101011000
0111001101011111
1100101001010100
0001111101101011
0001001101101011
1111001110001111
0010011110100010
1010100100111011
1011000001011111
0101010111000101
0001011001011101
0101111001110111
1110011110010110
0110000000100100
1100011011100110
0101001111111101
0110110101101100
0001010100101101
1100001101001010
1111111011110101
1101110101011111
0100111010001011
1011110011111100
0010110101100010
0010011011100010
0000010000101111
0011000110111101
1110000101001010
0001101101010100
1101101000010101
1000001100010000
1011100111111001
1100110110001000
0001000101001010
1000010001010001
1110100100000100
0111001011010101
0110011100110111
1110001111100001
1100000010011111
1101101100000111
1111100110100011
0111001010000110
1111011100111110
0001110111100000
1001001001111111
0110010101010110
0110001110101100
0001111101110000
0100101111100011
1010110111111010
1111110110011111
1000000000110000
0011111111110001
1001101100100011
0101010001110100
0000100111001100
0110111000010101
1111001000000110
0010100101100001
1100100001101111
1011000001000001
0011000001111110
1110100111100000
0000010111011111
1000111110001000
0111100011110110
0111101111010110
1001001111101001
0111011010101111
1110111000010100
0111000111001001
1000000001000110
1001100100001101
1001001000110011
0010100011001100
0110010110100110
1111000001110000
1100111110110010
1001001100111010
0110111000100110
1101110111011010
1110111001010110
0100000010111110
0011101000011101
1110111001110110
1011000010010100
1010100111011000
0011001001011110
1011100110000111
0101101100101111
1000010101011001
1000111000010000
1111100101111100
1111001110001111
0110011111010110
1010101100111011
1001010000010010
0011101011100000
1011101101111111
1101001010101111
0011111111110110
0110000001110111
0000011111011011
0010010001111001
1110010011111101
1110001100000101
1110101111011000
0100011000110010
0110001101000010
0101101101111010
1100101100101111
0010011000111011
0111001000011101
1100111000001100
1000001010011100
0000010100001100
1011100000100111
0001000011101010
1101011000011100
1010101111001011
1111000110000100
1110111001001101
1100011011011001
1001001011100011
1110000110001001
0100111000101100
0000000111000000
1001110111100101
1111110101101011
0001100001011100
0011010111100101
1000001110101000
1000011011010101
1011001011100111
1110100001000010
0111111000011010
1101010111101101
1001010111100100
1000110101010111
1000010001110110
1010000111010011
1000111010011011
0000010110011100
0110001100011000
1010100101011100
0001011100110100
0111010110111001
0100101010100101
0000011011101101
0100000111001100
0100110100011000
1100001111110001
1001111110001011
1000001000011000
1001111111100000
1000110101001111
1000110000010111
0000011011110010
0011001001011101
1011101100010101
0101100111001100
1001011010010111
0011100011101010
1010011011001111
0001001000011101
0000111011001101
1000101110001110
0111101100001010
0000010100000001
1000110001100011
0001111000011011
0100111000000000
1011001001101110
1011011111001111
0010111011110000
0011101010101010
1001110001111110
0101001000001101
0000111101001100
1010101001001001
1111100010101101
1011101100110000
0010011010001100
0010001010100000
1100001100111001
0101110101100010
0100001111010010
1111000010010101
1010010010010001
0110111100100111
0001100111001000
1010000010111001
1110100010110100
0100101011101101
0111001101001011
1101101000001011
0110000110111010
1111110000001100
1011100000110010
0101111101011111
1111000100111100
1011000001101100
1101000100011110
0001001011101001
1001111101011111
0000100100010011
1011001001001011
1000110011101000
1110110100101001
0011111101010000
1110110100101100
0101110001101111
1110000101111000
1100010001101100
0001010000110010
0111100000101001
1100011101000010
1000110011101011
0000100101110101
0010100110000011
1110000000000100
1000010111110101
1000010001000011
1001001110010011
0101000000010000
0101111000011011
1010101101111011
