1000011101001011
1101101110001110
0111000010110001
1010011000110100
1001110101010011
1110111110010100
1011011110011110
1111110011110011
0110100100111110
0011111011010111
1101000011111000
0000111001101100
1111110011101000
1011110011111101
1101000110111001
0000100110101011
0100101101110000
0100011001101111
1110000010111100
0111111111010100
1010000010000010
1000100101100010
1110111101110011
1111001001010010
0000011100100000
0110001110111000
0100000001100100
0011111001000000
0100111001110101
1101001010101110
0010101100101000
0001011010110001
1101011010101011
1110011110000111
1001011110110100
0011001100011001
1001111111010011
0000101100010110
0100110111011110
0001110010011111
0001001111011000
0000010100101101
0110001010100111
1010001001000100
1001111010101110
0011010011000100
1001000100100010
0111000000010011
1110111110101100
1100111110100111
1011010010010100
0001010010010101
1110001000110111
1010000110000000
0001001110101001
0011101101000001
0010010101010100
0010111101000000
1100100110101000
0100101100000011
0011100100101010
1001111001100110
1101011100110000
1110100011000101
0100000110110000
1100011000100110
0100110010100010
1110001111011010
0000000000011101
1000000110111011
1000000011101100
1100101101011011
1001101100001110
0111001110000011
1111011010011110
1000101100101011
0001011000011110
0001111101100100
1001111010101000
1011010001101000
0101001100111011
1101101101101010
1101001010010000
1100101000111101
1001000101011000
1111011011100101
1010000000111011
1100101100110011
0111100000000010
1110101111100110
1101011001101111
1011101010110110
0100110101101101
0100111011001110
0110110100001110
0010110110111010
0000111101111111
1001110100000010
1100010010111110
1111101010101110
1001111000111100
0110010100100110
0100001110000100
1011001101000100
1000001100101000
1110010010001110
1101111001110111
1010101011010011
1111110001001001
0000001011111010
0110101011010000
0111000001000111
0001001100100100
0111010111001110
1001001101011010
0010110011011100
0010110111101001
1010100001101011
0100011100001001
1010100000101101
0101111111111000
0011000110111111
1011110000101110
1000110101001100
0000010000011000
0000000110011011
0100111100101010
0101001001101110
1110100111011001
0011001110011111
0101101101100000
1000001111100110
0110010100010101
0011110110000010
0001010111110111
0111011110101100
1001001101100011
0111111101001011
1101101101001011
1101111100101111
1001101110101010
0011100100000100
0110000110010001
1100001001001111
0110010100011001
0010100100100000
0011100010000010
1111000110001010
0101111110101110
1101100110101001
1100001000011101
1011001100000000
1001001101000100
0110001000101011
0100110111101010
1111011100010110
1010101111001110
1010111111110111
1011000011100010
0100101101101010
0100000111100110
1100001000100011
1010110011000100
0101100001111111
1011111101011111
1011010111110000
0111010111011100
0111111010101110
0010100110001010
0100100000100000
0100110010110100
0011100110001111
0111000100001010
1010111000110001
1101001110001011
0111110001011000
1100101001001100
0101101011001100
1100100110001100
0100011011110100
1110101000110011
1100000100111010
0001100010001111
0110110101010011
1001000100111101
1011010010010110
0100000111010000
0101011010001000
1110000111101000
0011010001111010
0000010101100001
1011001110100010
0000000000011100
1011010011111100
0010001110010100
0001110100111101
0000000110011110
1010001111101101
0001001101011100
1000011111010001
0000010100011101
0100101010100010
0001001010010010
0100000111101111
1011010100111110
0011100000110101
1011111011111111
0001100010100011
0011010101101101
1001001011000110
1001010010101011
1111110100011000
0010001111010101
0001100100110100
1111110001111110
1011001011001110
0001110011010011
0111000100111111
0110010100111000
0010100000111010
0010010111000010
0000111111010100
0110100011001101
0001100110101110
1110111100101111
1110111010010101
1011110110010100
0000010011111011
1011000101101000
0010011001000010
0000010100011001
1011110000010110
1110001101111101
0110100000001000
1001110100001101
1001101110111101
1011011100111101
1000010101101011
0010011001011101
1000101111011111
0011110111010011
0010000001011101
0011111111101001
1010110001001001
1100100010000101
0110100011010011
0011100000010110
1101000010011101
0000001101000111
0010000000110011
1110101000101110
0010001000000110
0111010100100100
0100101010010001
1100000101001000
1110111100010011
1110111100010100
0010011100111110
1010010101101010
0110001110011010
1011001001101001
1011111001011100
1110011111110101
1110101010000001
0100001100010000
0110001010001001
0011001001011011
1010101101010001
1001011010001001
0011110000111110
0111000001011110
0111011000000100
1011111100011000
0100110001000001
1101011110110111
0100000011000100
1101111110111000
1110100100011001
1100011101100000
1001010001001011
0010111110011011
1101000010101000
1101010111000000
1101100011110111
0101101010100001
0001011011011010
0100100011010110
0101111010101101
0001010110110101
0010100001011010
0101101110001101
0101111101001000
0111100001001101
1100101110110001
1111110111101110
1000001011110011
1011010111100111
0011000100010101
1100000000111110
1010010111100001
1011100100011110
1111100110100000
0110111010001011
0110100110101001
0001001000101011
1111111100011111
0100010101010011
0100001101110001
0001011101010111
1001101110011101
0010010111101010
1000101001111010
0111000000111001
0101100110001000
0101001000000010
0011111101011100
1010101101011000
1010101111101001
1100110111001110
0111111111111000
0101100100100000
0001011010101011
0110101101111011
0100010110001111
0100001001100011
1011100011100111
0001101001010101
0110010111110011
1101001111010011
0101110011101011
1100011110101100
1001101111010111
1011001001101101
0100111100000101
0011001101100011
1011110000001100
1100010000111101
0110111001011111
1011010000001110
0111010000000110
1011111010110101
1111111100000111
1001000010111010
1000100110011000
0101001010110011
0010001110100011
0011111001001000
0010111000001110
0101011111001010
1110101110101010
0000101101010001
0010100101011001
0110110111010100
0000000100001101
0100011001100000
0011011110100101
0101001100001000
0000001000100101
0001100001100011
0111010111101110
0001011111111100
0100101010111001
0101101110101100
0011100000000001
1011010001111010
0101011001100010
0011111101101101
1010100100100010
0000001100110111
1000000101100010
0001000010011100
0011100101111110
0101000001111100
1111010010011010
1000011000001100
0111101011111011
1010100111110110
0000000000110011
0100100101000100
0001011100101100
1110101101000001
1111011011010110
0001010000011111
1001001001010000
0101011110001010
1000000100010010
0010001110011110
1001000000001111
1010011101101010
1110101111101100
1011001101010011
0011100101111000
0101101011101110
0011110110101101
0011100000111011
1101111000000100
0110011101110010
1000101010010001
0111001000000100
1010011101100000
0010000110110010
1000101101101011
0000100111000001
0001101010011111
1010000011010100
1110100100000000
0001111001001001
0010100100010000
1110111011100101
0010111001111010
1010001110101000
0111100001010100
0111100001110110
0100111110100010
0010011000101000
1000001001010001
1001000011110100
1101111001100001
1001101101000000
1010111111000000
1010011100001101
0100010100100001
0101111100010101
1100010000010101
1001111001100111
0011010001001001
1010001000100011
1100011101011110
1001111111000001
0100000001101000
0011011011111111
0100100001011011
0110100001110011
1001111011101001
1101010011000001
1010011110000111
0010101000111100
0101101100011100
1000111100100110
1101011010000100
0100111100111110
0101000001111111
0111011111100011
1011111101100011
1101110111111011
0110101010001100
0001011000001101
0011111001001011
1101101101101010
0111001011011011
0110001000100011
0110011001101111
1001011001010011
0001111001111111
0001101100101010
0011100001010111
1010110101111010
0011011100011001
0011000111110011
1011000001010001
1010101000001110
1001001001000100
0110000101010101
0011100111010110
0010110111110110
1001110111000001
1011010001010011
1111111100011001
1000011001010110
1010010000010101
1001101000010010
1111111010111001
0001011010101000
1110110101101110
0011111101010110
1001001010101001
0101111000010110
1010101010110110
0101110100100011
0111111011111010
1011010001110101
0010100110010111
1000001001110110
1100010010101111
0110110111110010
0010010111110001
1101010001100010
1010010000001011
1011110010001001
0000100011000101
0000110010011000
0011101101011100
1110101101000101
1010101110110101
1101101001011100
1110110110001000
1100111011101111
0110110000101101
1011000010101101
0000010111000001
0110001000110011
1101110010101111
1110010011101001
1101010001011110
1011101100111101
1011110011010110
1001001001001110
1100101001000101
0111101010101110
0011100100100101
1110110000110001
