1011000001010011
0001110001111000
1001001010110110
1010001111100011
0011011101000110
1101100110000110
0111000110101000
0001100111101000
1000110100110000
1010011110110110
1110110010110011
0111100100001110
1011101001011100
0100111101000101
0100100110111100
1000101010001001
0100011110011100
1010000100101100
0100000001110000
0111111011000010
0111011010001011
0011110101000010
0010100111001010
0101110110001101
1110111110000100
1101101010001100
0001100010001110
0101011000010010
0010011011110101
0000110100010011
0110000111000011
0001011000000001
1111100101101010
0010011001101111
0111000110010111
1101111100110100
0100001001101111
0100001001110000
0110000101100100
1001111111100010
0110101010100010
1100110000011000
1010111000101011
0101000010101010
0101100111010100
1100100011111101
1001010110111011
1111011001111111
0110011111010111
0110110111010110
1101101011001100
1101000110001001
0110011110011011
1011110101111101
1001110110001110
0011111000110101
1001110011100110
0111111100010111
1100111011001000
1100110100000010
1011000000010100
0100111110001100
0011101000001110
0010110000011111
0110000101010111
1011101111000000
1011111011101011
1111100100000011
0111010101000010
1100110011111111
1001111011100011
1010101010010000
0011010101010101
1011000101100111
1111110011000110
0001101111100000
0001100100000110
1010100100010010
0000001110001011
1000110100010001
1001110001010111
1010110010000111
1111011101000111
1010101011111010
0010000111010011
1101111010110101
0111101001100100
1000001110001101
0011110011110000
0001000100100011
1011110010000100
1100100001101010
1001111100010000
1011100101111100
0011011001010101
1111100101001011
1111101111000111
1011000001000111
0010000001111100
1011111010011011
1110110110110011
1110001110111010
1001000011011100
0110010101000000
1100000001010010
1001101100101000
1110111101110110
0000100000100010
0111000110000000
0100000011010100
1101101000000001
1101010101010111
0010100100100010
1101010000000100
1000010000000101
0000100101111100
1110101101011010
1010011011111011
1101100011111011
0110100101000011
0000000110110101
1101011010011011
1101010010101001
1100110111111010
1001110100000000
0110001010110000
0011001110000000
0100110010101100
1010110100001001
0010010110001000
1100111011101011
0100001110011000
0110101011100111
1010100000001011
0110011111010100
0100001101110000
0010000100111001
0111001111110101
0101100111100010
0001111110010110
1100110100010000
0000110100111100
0001000110000001
1100111100001100
1111001000011001
1101011011001100
0010101101001010
1110100101111011
0011111000011101
0011000101011010
0010011000010101
1110000000100101
0010010110001110
0001100100011001
1001111000011110
1110011001100011
0100100111000101
0100010111000110
0001001000010100
0101110100011101
1010000001000111
1100110010110010
1101001111110110
1110000001110011
1001011011111011
1011111001111111
1011100111011011
0101101111000011
1110111000011011
1101110110111101
1110100110000001
0001001101101011
0100011100001001
1111111010011101
0000010100100010
1100000101011011
0011100000110010
0010101111111000
0001000001101111
0100001110100000
1011111011110011
0101000011101110
1101111101101001
0100010001011110
0010001111000111
0011101100110000
0101000100111100
1001110101101110
0110001110011111
1100010001011001
1000001100101010
0101110011000011
1101010101111001
1011100011110011
1100011100101111
1110000101000011
0111111111001001
1011000001011001
1000111010001101
1001100110101111
0000000101101001
1100011100010001
1110101000001111
1000100000001001
0111100100010101
0111110010101000
0001111001010111
0001111101011100
0001111001100001
1111010001000001
1001111110011111
0110110111011111
1000110001100101
1001111001111000
0011001111000101
0111110100101011
1111010100100110
1000100101011010
0011100000101111
1001111110110101
1100011110111001
1011110100101011
0100011010010010
0010011111000000
0100110001000110
1010110011010101
1110101110001000
1111110011111110
0111010001010111
0010101111111111
1101101101101100
1010101100100111
0110010101110100
0010110111111000
1001010000111110
1001010110000001
1111110101001111
1110000100110110
0000011110111101
1111111011100100
0011100101110011
0101110110011001
1011100110000000
0010101110001110
0000010100010111
0000101100101000
0010100111000110
1100101011011110
0100101010100011
1110001100011100
1100100010100001
0000100011101010
0000111000010110
0111001000111000
0010100001111111
1101001110000001
0010111111110010
1100101101110001
1010111100001011
0111111000001010
1111001110000110
0000011110111001
0110110010110110
1111100100101100
1011010110000111
0001101100111010
0010011010100001
0100010110001110
1000001001011110
0000001000000101
1001001000110001
0100000110000001
1011110011010000
0001001010001100
0110100001100010
1100101001110011
1010000000010110
1000110001110010
1001100101110101
0111111011101110
0011011000001110
0100000010111000
1001010111101101
1001101110010000
0100011011101011
0101101011001111
0011010010000001
0111011010100100
0011111110000001
0000111011000010
0101011010110110
1001101010110000
0001110001100000
0101000001100010
0011000110100111
1100100110000011
1010010101000111
0100000001111101
1101001111011010
1101011000000100
1010101000000110
1110011101000100
1011010000000001
0110011001010011
1101000111001111
1010111011011000
1011010110111000
1110100011110000
1000010010110011
0010100011001101
0001101111010010
1110000101111010
0011011001101100
0110001001010100
0000110011110110
0111111110101101
0111100010011110
0101001110010011
0010001011001110
0111010100110101
1011111000000101
0001100000111100
1000110011110101
1010110010111110
0001111001001111
1110011110111011
1010010110101000
1111011110001010
0011001010101110
1101101101001100
0101000001000110
1000011011001110
1100000001000001
1111100010111001
1111100110000111
1000011110010001
0011010001001100
0100111100001010
1100100011010001
0001101001111001
1000001011010010
0110000111100100
0111111110011000
1101101001100000
0101010001010110
1110101111010100
0000101110011000
1010100010010100
1000100011110000
0011000101010001
1110100010000110
1111101011101000
1111010100000000
1001010010011110
1010011001111011
1101101000100110
0110010101110000
0101101110000101
1011100011001100
0100100001011101
0111010110110000
1101010100000010
0110001111111001
0101101000111110
1010111000110110
0100011110011011
0001011111100011
1100100011110011
0001000011010011
1101000100001111
0010011100100011
1101100000110011
1100010110011111
0011010011101000
1111010010110001
1000101011001111
1001111010110011
0001010111111011
1000010111101011
1011001010011001
1110100010111101
0101001010101001
0110000011000100
1000110001000001
1100100001111000
1000001010001010
1110110110110111
1010100100001110
0001110101110110
1000000111000010
0001100010110110
1110010101011011
0110010011101101
0001111011000010
0001010100010011
1010011010001101
1101100011000010
0001110000100110
1001010001111101
1001110001001011
1101101000011010
1110100100100101
0101101101000100
0101110100100000
1100010010001101
0011010001010011
0111111010001001
0010011001111011
0001101010110111
0100010011110000
0101110010111000
0010000000010010
1100000110010100
0100100111010100
0101111011110111
1111010011000001
0000101111010011
0010101100010111
1000000010011111
0000100100000001
1110010010111001
1111011000110100
0110111100101011
1010100111111101
1001011101001001
0000100111110011
0100000010010110
0010001010110111
1100111011010001
0000101111111111
1010100011111110
0001011011001001
1001100110100000
0110000100111000
1111000100000100
1111001100110010
0111101100010111
1100010001011101
0001101111110100
0001100010101010
1100110111000111
0100100000001000
0001100101110101
0101001010100111
0001000100000111
1000110000000000
0101101011011101
0011011000111000
1110000111100011
0101001111001111
0010111111011011
0011101001011000
0100100011001100
1111111001101101
0111110101110001
0000011111111000
0000110001010100
0100011001001101
0000011001000101
1110111011000001
0110100001010001
0001001110010010
0101100010011000
0001100111000101
0010001001001000
1000100111010100
1100010011011110
1011000111010100
0011011100011010
0010011110110011
1000010110111010
1011111101010100
1101001000110100
0010010111101101
0100000101001111
0101010110111001
1011010110100000
1001110100111010
0011111110011100
0011010001000100
0001110010100011
1011100010110010
0111001011100011
0011001001011101
0101110000000011
1111101000011000
1101010011011001
1100010110011100
0111001101010100
1001000011111100
0000100100000000
1111100011001111
0100110011001000
0110001111001001
1100101000001001
1111001000110001
1110110010110111
0101001110111011
0111001010011010
1011001010011011
0111111111000111
1010111111000111
0011110010110001
0110011010100000
1110001011100111
0011100001011110
0010011110000010
0100000011000010
1100011011000101
1001111101101110
0110000100101001
