0110111001100111
1111110110000000
1010000101001011
0001011111000110
0101111100101101
0001101100000001
0010001011000010
1101001111000001
1100100001100100
0001011110011000
0000000000110000
1110011110001100
1001011110110011
1011100101010010
1100101000011110
1110001100011001
1100101000100111
0110101100011011
0010101001111001
0100111001000000
0000010111111101
0100111001111101
1100101011110001
0110100011010110
0011111101110001
1101100101001001
1011000100111100
0100101101001011
0110011001110010
1011100101100011
0101111011111000
0111110110000100
0101011010010011
1100011001001101
0111110000000000
1110010111000111
1100011000100010
1100101110010010
1000110110110110
0001100001001100
1111001100000010
1010111000011001
0110100100011100
0011011001000110
1111100001111110
0101001000101111
0001101010110100
0001111111111101
0100010100010100
1110111111111111
0000011111000100
0100011111001110
0001000010110100
1001010110010101
0001110101111101
0100110111110111
1001010011101111
0110001000011100
1010101011100011
1100111011101101
1010101101010000
1011000110111010
0110100111011100
1010000010101111
0111101111110011
1100010011001101
1101001111011010
0111111010010000
1011101100100111
1011001000011100
1011110010000001
1101100100111110
1111010001000100
0111011000010100
0111100100001110
0101001000011110
0111001110001110
0000000101111110
1110110101010011
0001011101111010
1100001001100000
0100011110100111
1010001010001010
1110110110110100
1101011101110111
0000100010011101
0011111010110001
1111111000001101
0010110001101110
0111110110000011
1101000100111010
0010100011000101
1100111101101011
0010001110111111
0111001110001100
0101010000111010
1101111000111001
0011110111000001
0111101001111111
0000110111010010
0110110001010111
0111011101011111
0100101000001100
1001011100110110
0011000111000100
0111110011010000
1101011101111111
0110101001011011
1101000110110001
1010100101111010
0011111001011110
0010010111100101
1111111010011011
0101010000110001
0111011000101010
1100110001010001
1000100111010011
0001101010111011
1101010000101010
0101000000011110
0100000101101011
1101000101101111
0100010110111100
1101100001000001
0001010100000001
0110000000110110
0110010011111010
1011111001110101
1110111101100000
0100110100101001
0010110110011111
0101101000000101
0001101011010110
0010010000000001
0100010111011100
0110100100010000
1000101111111100
1111111000010001
1010010101101100
0100111100000010
0111000010101011
0101000110011010
0011000100001100
0101110111000111
1000011011011010
0010011001001000
0000001010010011
1111011001110100
1011011001111111
1001100101010101
0000001000000011
1101100111010111
0110001101101011
1001010101111111
1101001111101001
0111010001100100
0111111001010011
0100111000001000
0011110110110111
1110111001001101
1101000110101001
1100111111100001
1110011100111000
1110100111000101
1111111000110010
1100010111111000
0001110011100011
0111100000010100
0110010100101001
1011010101101101
0011011110101101
0111110001000111
0001111000100100
0011001010110100
0100011110001001
0110101111100010
0000001011011100
1101010000110101
0110000100110110
0101100101000111
1001111110011100
1000010110110000
0011010001000111
0000100010110010
0101010111110101
0101011100100000
1011000011100011
1100000011001100
0101011101011000
1100101001000001
1001010101000100
1101110001100110
0111110000000000
1010001011100111
0101100000100101
1111001111000110
0001100110000110
0011011011101110
0111100111110100
1001011101100001
0010000010010101
0011000010100000
1000010110010111
1100011101000100
0101110100111101
0011011100001111
1111110101011100
0110001111101101
1011011011111111
0111111100001001
0101110000000100
1101000100101100
0011101100111111
1100110011101000
1001110101011101
0100001101011001
0001110111100001
1110110000100010
1110111010011101
0110110000001101
0010100101010100
1111011010011110
0100000010010100
1000111110011010
0001110101001101
1101001100011011
0100100111010001
0101010101011101
0000000110001010
0110101100011101
0100011111010001
0111110100111101
1001111001111001
1100101000100001
0001111101010111
0111110110101000
0100101011100010
1001101000101111
0001010000000010
1110000011010111
1011001101000001
1011011001111101
0111110011111110
1001010010111011
0100001001000110
0011110111111001
0110101011011011
1111101110100100
0001010111101100
0101110010011011
1011101111011100
0110111110000110
0110110010011001
0000101110001110
1001100000001000
0001010100000000
0001010111101100
0001001000001110
1000010010010010
0100000110001010
1011011000011011
1110110010000100
0100101111011010
0100101011100100
0011101100001001
0001101110001110
1011101101101000
0000011000100010
1101100110101100
0010101011100010
1011100000000110
1001010010100101
1101010100011110
0101111000111001
0001110011110110
0101010000011110
0110010110100001
0101011101001001
0100001101111111
0111101110000010
0000010111011100
1111010100001101
1100001000010001
0101111000010001
0101001011110100
0111010111100110
1100101011000000
1101110101001000
0111011100100000
1001000110110010
0011001110100011
0111001110010001
1001010000011010
1001001101001011
1111111010010010
0000110011110100
1000100110100011
1001001001111111
0000000000110101
0101001110110001
1010001010001101
0100010010111000
0100011001001010
1100010000111100
0011101010010011
0001001010110110
0011010101010101
0011101011010000
1101011101011111
0001101101010111
1001111010110010
1000010111011000
1100111000110000
0101111101110101
0100010110100100
0000110110111000
0001001111100111
1110100000001111
0000011001101000
1101000110000000
1100010110111110
1111100111000101
0111011011001000
1110001101110110
0100000101011110
0100001111100101
0110100111001001
0111110010111000
0100110110011010
0010001111110011
1110000100001110
0010001110000000
1110001100111010
0001001101101101
0000111011111010
0010010001000011
1100101001000001
0001100010011111
1111110011101101
0000101010101100
0101001000001100
1111111001110111
0011101101111111
1101001001111100
0000011100000100
1110011100110110
1111111110001010
0101011110010110
1001100000011111
1101100110110110
1011000000001101
1111111100010101
0101101110000101
1111100111101100
1100110010111000
0100101110100000
1111100001110001
0111110001101111
1100011110111100
1110011101001000
0000110011010111
0010101111101111
1011010100101000
1100110100101101
1111010110000100
1010100100110110
0010000001110110
1111110110110101
1101100010100110
0100101011011011
1010010110010101
1111100010010111
0011100000011111
0100011010011111
1111011000000111
0000001010100111
0100011100111011
0100111010110111
1000111010100101
0010011000000110
0001110010101111
0010000011000011
1110010011010001
1111101011110111
1110000111011000
1010000101000000
1001100101100001
1111001101101111
1000101000011000
1100110101111011
1111110011101100
0111011111111000
1111011001010000
1001110000111011
1101100011001011
0000100100000111
0001000000111100
1011111111010011
1010011001000010
1001000010111101
1001111011011101
1111100110001101
0010001110101111
0101011001000101
1001110110001100
0110001101000111
1110011001000010
1101010111010111
1000010110010001
1101101100100000
0111011001111101
1111011100111101
0110101000011111
1010001001000110
0011001100001111
0011100011100101
1101011011110000
1100011101010111
1111011001000100
1110111111011010
1110011101111110
0110010001011001
1010100100010010
0100100110011110
0101110100011101
1101011110011000
0110110101001101
1110010010110011
0111010111000000
0110110010100011
1010011010101110
1100111110010001
1110000110100111
0111100100101011
0110010001011100
0000101011000100
0000011100011100
0011110001000001
1110101011100101
0111001101111011
0011111000101011
0010000011111010
0110000011001111
1010101011011110
0100011001010000
1000010010010100
1101010001111100
1110100100111101
1100001111001010
0111100011001101
1001101001111001
0101101110101111
1011110000101010
1110100010000100
0100110111000111
1100010010010110
1110010100000110
0100101010001100
0011110101110000
0100110111001011
0000010010111101
0111111101111111
1011101010011100
0110001111110110
0111001001010001
0011100001001111
1100010110001001
0111001011101010
1000000110110100
0101010011111111
0100001010111010
1011011000101001
0011111011111000
1010000101101110
0110100101000111
1011011111100001
0001101001010111
0111011111110110
0100111010100110
1100101000110110
1011101010010111
1110010000101101
0000110110100110
0001101001001111
1001110100000000
1000111111010000
1100011011111101
0100000100110001
1101001100111101
0001101111010000
1110010101110011
0101111001010111
0100101101111111
1001100010111011
0000001100010100
0010110100000011
1010011011001010
0010101111100001
1100011010101010
0101010000010000
0110001000000010
1001110001011010
0000000001110110
0000100111011101
0000011010010101
0010100110101111
0000101110101110
0110100111010001
1001010101000001
0001101111100010
1111111110000111
