0001111111100110
0011011001000110
0010010011100101
0110110111010001
1101000000101110
0110011111001000
0011101101001001
0101101101011010
1100111111100000
0001000101011100
0000001011011011
1101111101101111
1110001001010000
1001101001011101
1000011000010111
1111011000111101
0011111010101111
1010011101000110
1110000000100011
0000101000001000
0001010110011101
0001001100110001
1111110010111100
1011010011101101
0000101001100111
0111000011000011
1101100101101011
1010111100110001
1000001101111110
1101000101011111
1111010111100000
1000001001100110
1101100001101000
0101000010001110
1000110010000010
0100011111110000
0110010101010000
1001100000011111
1100010110111010
1001110111011001
0011100010111111
1101101100101110
1011011100000110
1001001010011010
1011101101000011
1010111010011000
0101011111001101
1110100111111100
1000000011111000
0111001010101000
1110001110110011
0000001101001010
1111111010100100
0110000111010110
1000101011010101
0011101101011001
1100110110011111
0010111101100110
0000010001101000
0101100101101010
1001100111011011
0111100000111000
0101010101100111
0100111001000110
1011010000111110
0000001111010011
0010101111111111
1010101001101101
1001111101111000
1001100101000001
0000011011000010
0000110101101001
0110110111011111
1101110100001001
1101000101100011
0001111101010010
0111010110111101
0010011111101110
0011011101001100
1100001100010010
1000100001100010
0001110111101100
1010111001001101
0011111001101011
0110010100100011
0111110011100001
1111100101011110
0110110111011000
0011010011100100
0011100101111111
1100101110110000
1000111001001101
0100011011000100
1011111011001010
1111001000101010
1000101001001011
1011110001101000
0100110010111011
1010010111111011
0001010110111000
1001100000011001
0110010000001110
1100101001001110
0110010000111011
0110000010101001
1000001001000100
1011101101001111
0110010011010110
1001001110100011
1111010011111100
1011111101100110
1100011110000101
1010010111000001
0001000111010001
1000010100110111
0110001000111001
1100110110110000
1110011010001100
0010000001101101
0111001010110110
1011111100011101
0110011111000111
0110101011000110
1001001010110010
1111110010000000
1010001001000110
1001100110101110
1010110111110111
1111100010110110
1111111100101010
1000101001000001
0010001001111011
0011001000101000
0110100011000101
0111000110000011
1100001010110010
1010101010011011
1101001110100100
1111011000001010
1101010000011010
1000101100010110
0011000001110100
1000010100011111
0101110100000001
0001110000101011
0101011101001111
0000011001101111
0001001111111101
1001100011000011
0101001110101010
0101111101011001
1100001101100000
1101100101010001
1111110010101001
1000001011110111
0000111010010001
0001111110000011
1110010101101001
1100011110010111
0101010011101011
0111101000010110
0011100001101110
1001110010110000
0110100101110000
0100000010110011
1011001100001001
1100111100000110
0010001001100011
0100111011100101
0000000100100011
0101001100110011
1000001001000101
0001011100101101
1001110001101000
1110111110011111
1101100010111000
0111010011101001
0000011110111100
1010100001000100
1110011111110101
1010111011011000
0100110110111010
0110011011011100
1101010010111101
1010010001110011
0001000111110000
1011011010111011
0100011111001111
1011010101010000
1111010001100101
0010101010111011
1101100000110000
1000011100010100
0101100001101111
1110110010011011
1101001011100011
0111100110000101
0000011000000001
0111010110001010
0110010010111110
0011110101100011
1001001111001110
0111010101001111
1100011000111000
1010000111101101
0001111000110001
1101101111000110
0110101001011001
1100110101001001
1100011101100101
1110100011011001
0011011001100110
0111110010000011
1011011101000000
0101001001011000
0000111101011000
1010010001101001
1111110110101111
1000011100110011
1110110010101001
0010110110110011
1000101000101111
1000101001100100
1000111010110010
1011110100000001
0011100101101101
1101010001110000
0101011000110100
1001010100010110
0001001111110001
0000110110001010
0011100101101011
0001010111100001
1101110110011001
1110010001100000
0101110011100111
1101111111010010
0011011010101000
0110111010011100
0010111100001010
0111111011111100
0000011100011000
1011111011110110
0011010110010111
0001110011010100
0111101101000001
1101111101000010
0010110100100010
0011101110011010
0110011111111110
0000101100011001
0101000001001011
0100110011100101
1010000010101000
0011101110001111
1100010010010000
1010010100000110
1100000011011100
1101011101010010
0011000010011000
1111011000010111
0010000110101001
1110111111011111
0111100011100111
0011110001010111
0101000110010110
0111000001110100
0111110011001101
1010010101010001
1100110011100001
0110111001110111
0101111011010011
0111101010010111
1010000111001110
0110000010101011
1001010010010111
0111101101110101
1010010011011110
0011111001100110
1010111010001110
1000001110110110
0010001010000101
1110000111100110
0110000101001001
0110001011111010
1001011011010111
0000101100001101
0100110001010101
0100001011011010
1101110001110100
0101011101001000
0111000100001000
0011010110111010
1101010001011010
0100000010010001
1111000111001100
1111110110000100
1001010000011001
0111001000001011
0111001011100010
1110101100001000
0100001011100010
0110000010101110
0101101011000011
1101110001001000
1010000100011100
1100001000110111
0100111000011010
0100100011101011
0110011000000111
0111000111010101
0010001011001110
0100000110101110
0101101000100000
0110001100010000
1110000011110011
0100100000010100
0110111111110000
0111011000011010
0000100111101001
1100101001111101
0001111001101011
0011001010110000
0001001010011001
0001000100111101
1000011001001100
0000011111101000
0100001100011110
1110101111010100
1010011011001110
0111101010110001
0000110000101101
0001110011011011
0011011110101111
1100010100101110
1011001011001101
1000010101101111
0101100101110001
1000011110011001
1101101001111101
1101001100010111
0100100110010000
1001011111010000
0001100100111100
0101100101010011
1101011000100110
1101010000100010
1110101010101101
1011011001011011
1000000110010101
0110100110000101
0111011000011110
0111111011101001
0111111000110010
0010100011010111
0000111110110000
0100111001100000
1001011000101010
0011001000111000
0011000011010001
0111010101111110
1110100000010101
1010010101100010
0010101100001001
1011100001011010
1000000011100011
1100100111110111
1101100111101111
0101100000110110
1100111100111100
0100001001000110
0101101101100000
1100010010111010
1000110001110110
1001011001111000
0001101001101000
1010110111011100
0000100110010110
0011100001001000
0010001111110011
1110111111100111
1110110110000101
1110110111000000
0001111111100110
1100100010101011
1100100101111101
0010000101111100
1010110010110100
0000000110010011
0001010001011111
0010000010111110
0001101010110100
0001010110011111
0100010110011011
0101101000000010
0011111000100001
1110101101010100
0111011110110111
1000111110101001
0111101101110101
0001011111110010
1111110001111010
0100111100101111
1101000110101111
1000100000011100
0011100011011101
1010011111011100
0101011001110101
0111011010011101
1101111001010101
1000000101100100
0000110100001001
1100010010010111
1001101110010100
0111001101100011
1101110111101100
1110100011010100
1111010000100001
1100101011001110
0000011000010101
0101010101101011
0111010101100000
0110011110101001
1001001010011011
0110111011110010
1000001010101111
1110010000011000
0010011111110011
0101111011100010
0010000000110111
1000100010101010
1110110101001011
0111100000100101
0000111010111000
0111110110100000
0010011110110011
0011110101001111
1011101000010101
1011010000000110
1011001010010101
1111111101110111
1000000101110001
1001010000101011
0011101101100101
0110111001110110
1010111110001101
0100100110011000
0001101011000101
0110000010001010
1101000010010000
1101101100111100
0110101111000001
1100100011111011
0111101111001101
1011000011100000
0100010101001011
1101000000110110
1010000111000000
0111100101111000
0101000111111001
0011101000011110
1101001100111001
0010010110000100
1111111100010111
0011010001011000
0100100101010111
0011101111110011
1110001011000101
0100011101111001
0101111000100000
1010011110100110
1101010001000101
0100011000110001
1001000101110100
0000010111001100
1010110011001011
0111010100011001
1101100001011100
1110011100110100
0110111001101000
0100101101101011
0010000111110001
0111001100001010
1011010011110001
1101000001010111
0101000100110010
1111011001011010
1110001010000011
0111000010001010
1011000010001100
1110011110001010
0010110011110110
1010011001000010
0101000111000010
0001001101001111
1110100001100000
1011100010101101
0011100000000110
0101001001010000
1110000101000010
1001101100000000
1100001011011011
0001101000110111
1110100100010111
1010011011000111
0000001011010001
0001111000101010
0100001000000011
1010101101000001
1100010111000011
0100111000100111
