0110111000011000
0000110011111000
0101001011110000
0111000101011100
0101001101001101
1110001101100011
0010101001100101
1011110111110011
1111100101111010
1011010101111001
1100110111000000
0011111111011111
1001011010100011
0001110000110100
0010001100110111
0011110010000111
1101011111011111
0000001011110111
1001111100111111
1010010011001000
0111111010011000
0110000111111011
0000011000100101
1010010010001101
0000000110000100
0011011001100111
1111011111100100
0111001110000001
1100010011010100
1001110110111001
0001101110110101
0011101010010101
0100101000011011
1101011010101010
0101011000101101
0101101101010101
1001011101001001
0001001000100011
0011001100111101
1001011110110100
1101000110000111
1001100100110101
1110000011100000
1011111001001111
0100110001111001
1111100101000011
0011000111110111
1011010000100100
1000110000010000
1011010101101111
1100101101100111
1000001111001101
0000110010011010
1110010110000001
1111000010000001
0011010101001101
1111111101001011
0000010000000000
1100000100000100
0011110111011100
0010000000010000
1110110011100111
1111001011010110
0111011111111000
1111110000011101
1010101111100001
1010010001100100
0000011110011100
1011110000010001
0111000110001100
0111010111011010
0000010001110111
1010010111001100
0100001111111000
0110011111100110
1100001010110000
0110111101111001
0010001100011010
1001111111010101
0001000011100000
0111100100000111
0011100111010101
1010001011100011
0100101110010010
1111101101011001
0111110110011000
1101000001010111
1001111010111101
1011000001011000
0110001001001011
0001000001001111
0110100010100111
0111000011111011
1100010000110010
1111100011111010
0110010111111111
1111100001101001
1001110101011011
0100111010011010
1110100010001101
0000101110010000
0100010000011100
1001010011110000
1101101101000110
1111010111100000
1001110001001101
0011010001000001
0000011101011101
0011000000110010
0110100100011110
0011001110001010
1111101011000111
1011001111001011
1101000010001100
0000101010000001
0111011111010000
0001101010001011
0000010000000101
1001101011010011
0111101001100100
1000010001111010
1001001000101101
0011011001000101
1111110110101011
0001010101000000
1011000100010010
1010011010011000
0000000010011110
0110110100100001
0110100010100011
0011110111100011
0101001101000100
1001001100010010
0110010101000100
0101010000110011
0001101110101100
1110010010011001
0000101001101111
1101000100000000
0010011010100010
1010100110110010
0100111101011100
1000101011110011
1000010111101010
1101111011100101
1001011101010101
0101010101010000
0011001001111011
1101100011010011
0000111100100100
1010101101011100
0111100011111010
1011111100000010
1111000001000101
1001010100011111
1110110000111001
0111110110000110
0110100011110101
0000010010111101
1100110110100010
1001100110111111
1011110101100111
1000110101110000
0010110101001001
1101111100111010
1000110100001011
0110101100111111
1001111011110110
1101101001101101
1000101101000100
1001000001010011
0001101110011001
1001000101001011
0001011001111010
0011111111000101
1111100100100001
1111011110111001
1101000001110010
1011110101100111
0010100101101111
1100110000011000
1010001101000100
1100111100001100
1110101000000110
1011101111000001
1000001001000010
0101010101100101
0011000011011011
0000100111000000
0111101010011000
0011100010111100
1001110001111010
1011010010010110
0111000001011100
1100111011001000
0000001111011110
1010110001001011
1011010011100010
0110010111001011
1110101111101010
0001101011001010
1101001000110010
0100000100010101
1111111000110001
0000000100100101
1001100100100011
1100010110000001
1100010001101011
0000010101001111
1100100101010101
0101001111010110
1011011001001101
0010001001011110
1001001000111111
1101100000011001
1000001001100110
1000110001111111
0100000011010101
0101101000010100
0111100110110000
0110000100010100
0111111010100011
1000110011000011
1001001001100100
1011101110000011
1100010110001011
1000001011111100
1111101011110001
0110001100010100
1011110110001111
0001000010010101
0000100101010011
1001000001010101
1100100000111100
0110001001011101
0001001100100001
1010101000000011
1000000100011110
1110101010101110
0111000100111001
1011000111110001
0001010010000101
1000000111110000
0101011101001100
0111011101001111
0100001010001000
1111001101101100
1011111000001101
1111100000010111
1000011001101000
0011101010001011
0010110001000101
1111101000101101
0011010101011111
1110111100011101
0011000001111101
0011000001011101
0000110010011110
1100101011001101
0110010101110101
0011101001110101
1011100000001110
0111000011100111
0011110101101101
0111000101101000
1000010011101001
1110011110000001
1110110011000111
1100101110111001
0101011001001100
1001010010100100
1000100001100011
0000001011100110
1011100000110100
1111110101011111
0110001100100110
0111000001110100
0100011111010101
0010010001000100
0110100101011100
0000101110111000
1000001001101000
1010111110110111
1000100100010101
1001101111100000
1111001011111001
0111001011111110
1000000000101100
1101000011100100
0001010000001110
1111001101100000
0011011101011000
0111000010110001
1001010010110010
0100111011101011
1010010101001110
0111001010000010
0111101111111100
0011000100010111
1111101100000111
0110110110101010
0001000000011110
1110000110010111
1100111101111000
0000011101010110
1110011100010000
1110110010001111
1000100010111010
1101001110110101
0111010001000001
0110000000001101
0110010100110111
0100111010011100
0000100100101011
1100001010111001
0100101000100000
0010101111111010
0101101011011011
0100111010110001
0000110110100010
0011000001110100
0011100011010000
1001100001101000
1100101100110101
1010101000000101
1100000010000000
0001010010010011
1111000100110110
1101100011101110
1000101100001110
1001100010111001
1101101110010101
1100110110010001
0010101000010011
0001011010010101
1001001001011110
0110011100011011
0110000001010110
1000000001101110
0010110101000001
1001110001110101
1010011011010110
1110111000101111
0101100111101111
0100010011100101
1101000100001011
1101010100001011
1011110001100100
0000110100001001
1001101110010100
1011000101000101
0100001001000000
0101111001001000
1010011010101101
0110110110001101
1100010101101101
0110000010001011
0010111111101111
0101010000001101
0110101011010100
1011111101000110
1101000100000000
1101101111000010
1100000011000001
0001011111001010
1000100111000010
1100100011101001
0010001001001110
1000100000100010
1110000010011011
1000110000001010
0000011110101100
1000100111101100
0110010001100101
0100010111110100
0000001111111101
0010100011011111
0001101010101011
0111110110001001
1110111111001101
0101101000100111
0101001100100100
1100011111001010
1111010010111011
1100100001111001
1111001101011110
0010011010111000
0100001011011100
1001010110100010
1000000001000000
1010100011101100
0100110101010111
0111110001010000
1110111111110101
1010100011000001
1010000101100110
0101100101011101
1100010101001111
1110111101011101
0001110011001011
0101101101011000
0010100011010000
0100111100101110
1011010110111010
0110001001000000
1001000111110000
1111010111000110
0111110111111001
0111010110011010
1111000101111101
0101111100111000
0001110110011101
1111000000101011
1010001010010010
1111110001000100
0101000100010011
1001110101100101
1110101111000001
0011010010001111
0111111011001111
0000010001101001
0100111110011010
1100100100101011
1010111110111110
0001101001101111
0000100000010100
0010001101001010
1011010011011011
0111101111111011
0101111111011100
0011101000010000
0101010010000100
1011001101000000
0010100100000100
0010000101000010
1111110110010101
0001001010010001
1000000010111001
1011011100101111
0111110101111100
0100110000011001
0001001001111001
0101111011010111
1111001010101101
1011001011101110
1001011011100001
1110000010101110
0010110011010000
1001000011001011
1100101010111011
1001001001000110
0101110011100100
0011101010111111
1100110100100001
0101001010111101
1000011001001111
1011101011001011
0011110010100111
0001110101100011
1101100000010011
0011001010100111
0110111110101001
0101011101001110
0100110011001011
1000110001101111
0110110001010111
1001110001001010
0100000111111011
1011011111011100
1001010110100010
0001111001100011
0110100011111101
0101110011110010
1100101111100111
0010101000100110
1100011011111010
1110001101000100
0000100000101111
0111011100110101
0110101000110010
0011100010101010
0110110111001001
1010010110001100
0111110010000100
1011100010001000
1011010101100000
1100101000001100
1000101000000000
1000011001101110
1000111001101100
0101111110110101
1110110110001001
1100111011111110
1100111011011000
1111000110110110
1001001100100100
1011110011101010
0101011110000111
0101101111110110
0110001110111000
1011010110110011
0100100100000001
1110001000100010
1010110010000110
1101011001000000
0110111110010100
1111011011010110
0111110101111001
1010110101011111
1000111101101000
1110110100100001
