0011110101110010
1111111111110010
1000000010000100
0111010001111110
1110110101110010
0100101110001100
1111001111000001
0000001110000101
1011011000101011
1000011111000111
0011001001011010
1101011110001110
1101010100000100
0010110111010100
0010001100101100
0001111101100100
1001101011010100
0001000100011001
0001011101100110
0110100010001110
0111100111101011
1110111000010001
0100010101001010
1011101010010011
0010011111001100
0110101000010100
0100000010001001
0000000100111101
0101000100011110
0100010100000000
1110001011011100
0010110011011010
0011010000100001
0010110111111100
1000011101100000
1101101010011010
0000000000011011
1100001001000001
0101001010101100
0111001010101111
1110111100100001
1101000010101011
0001011000100111
1101000000111000
1011101000111101
1111010010011110
0000111111111110
0000101100011000
0010110000011101
1100000100110110
1111011101001111
0111110001010001
0100101010111001
0010111001000111
0000111000010111
0011011010010111
0111010001011011
1111100101101011
1010001010001100
0011010111000001
1000101100101101
0011111010001000
0000011110001011
0001001001000010
1100100010110001
0110111110010110
0101000011111111
1101101010010101
0000110000000011
0101000100111111
1101001100001111
0000100110000000
1100001111000101
1010001101000101
1010011110010000
1001010010000000
0101001010010011
1011110100111001
1110110010110000
1110111000011010
0110110110011001
0001100010000000
0001100110111000
1101101110001000
1100011111110111
0101000010010000
1101010000110111
1011101011011010
0111000110101101
0000001000101100
0010000110101111
1001110101010100
1101100011100010
1100110000001001
0111001000000011
1001001000011110
0001100010100101
0001011011011111
1010101101101100
0010101101101111
1000001110111111
0101000010101110
1010011111100010
1001110010011110
0010010001100011
1110110110000000
0110001100111000
0000101110101010
0111101001000110
0001111011101011
0101011010111101
0110111110000011
1100111100010001
1000011000000101
0011101001001011
1010111101000111
0100011100010010
1111010101111101
1100011110101000
1001010001011010
1100110011101010
0010100011101000
1100100101010010
1010011101110111
1101010010010101
1100011001110100
1111100100010101
1000101011000111
0111101110001010
0010101100000101
1000100010010101
1101011000000000
1110000110011111
1111101111110110
1100111111100100
1110101110110000
0000111111100111
1100111101011110
0100001100010000
1100001101010011
0001100001110111
1000101011100111
0100001010010010
1010111011101010
0011011111001110
1100111101101101
1000111110001100
0101111011110110
0111110110100111
1010010100101000
0110011100110001
0101110111110110
1011001100111101
1010101101000000
1101111011010011
1001001101011000
1001100110000001
0001001110001101
0110010110101110
0011001111100000
0010100000110100
1000010101011001
0100100011101000
0011100110110111
0101000010001111
1100110100001001
0011011011111100
0011110100100111
1011011101001011
1101111001101111
1001000011111110
1010100100110010
1110000000101100
1001101001110010
0110010001001000
1110010100110000
1001000110000001
0110000110101101
0001011110110010
1110011011000110
0100110001010010
0001010001101111
1110110101010101
1101101100101000
0001011010010111
1111000000000101
1101110000011011
0010000110000011
1110001011010110
1010110010010010
0011110000111100
0111110100111111
1101100000010011
1100110101000111
1000000010001000
1100001100101011
1111100001010001
1000111000011011
0101001010110110
1010010000100010
1010011010000101
0000111100110000
1100011101111110
1110000000000010
1110000011001000
1101101011101011
0111001110011101
1001011000011010
0110111110111010
1100100010100101
0010010111000011
0100101000000010
1000111000110000
1011001010101100
1100011111100110
0010011001101011
0001110011001110
1011111110100100
0110101011111010
1100010110110000
1110000000110111
0100000001000010
0111110100101101
0110101000111000
0100001010100111
0100100011001010
1011111111101001
1000100101001111
0001001110101010
1101010100000001
0110111110111001
1010000010000011
0001000100000100
0011101001110011
1111011101111110
1001111111001010
0100000101000011
0001101010111111
1101100100101111
1110010010010010
0110000001010000
1110000101001010
1000100010010110
1001000010111001
0100100011100100
1100100101100011
0101010111101101
0111111111100000
1101011011100011
1010101111001110
1111011010000001
1110110101010000
0101010010100110
1100011001100001
1001011011110010
0000001011100010
0100011101010000
1010111001101101
0010110110010001
0100111000001110
1000111111010110
0111100010100011
1110010000111101
1111001011000100
0101000101111110
0111001111001111
0110110100111110
0111111001111111
1010010100011111
0110100011001011
1100101101001101
1010000001111000
0000111001101010
0111000011111010
1111111011011010
0101010011110001
1111100100010001
0110110110001000
0100000011001000
0000010010110001
1000010011001100
1010011001001101
1001111001100110
1011000100001000
1111100110110011
0010100110010010
0010011000001101
0101010100011100
0110001111101101
0110010111000010
0101001110011010
1001000100101010
0100110001110011
1011100101100100
1000100010101110
0111010010101110
0010111101100000
1010010100011101
0101001110000100
1100010010100110
0101110110101110
1000101110110100
1000111011110010
0101011010000110
0010111110111010
0001010110101100
1000010010001000
1111111010111000
1001001010011010
1100101111001001
0010000001111011
1010001101010100
0110110111111011
1111000011111100
0101010111110011
0101011110111101
0111011111011110
0010111010111111
0101101011101000
1011100001011011
1100111101100100
1001000010011011
0011000100101001
1111001100000110
1010101010101100
1101110001011001
1101100111010011
0111111100101010
0110100101000010
0011011001100101
1001110101100101
1010001111010000
0100110110100000
0001111001011010
0011010100000000
0111111011110001
0000011010101000
0101011110100000
0111100000100011
1111000100101110
0010110101101110
0101111010110010
0111010110011110
1110000111100100
1010000101001001
0010000001011010
1110101000010101
0001101100011110
1100011010101101
0100110110001110
0001110000111110
1011001000010000
0011101100100110
0001111101100110
1100101000011110
0010101011101100
0000110100011100
1001100011010001
0101000111011001
1011100100111101
1111111100011101
1000000000011000
0111011100110011
0110101111011001
1000000010010001
0011001111100101
1001010100100110
0111001001011000
0100001111110111
0010110011011011
1010100100100110
0110110001001111
0101111011001010
1001100100110011
0101011100011001
1011001000111110
0110100110011000
1110001101011101
1101011011011110
1011000111111111
0101110000101011
0111110011001100
0010100101000100
1001010010110100
1011110011000101
0101000100100101
1110111001111000
1000011101000000
0110000010011101
1100010010111111
0100100010101011
1100001001000010
0011101101101101
1111100011100110
1001101100011100
0110001001001010
0010100001111010
1010110000101101
0001011011111010
0010101000001100
1100011000010110
0110111100001111
1100100010001111
0011011100001001
0111110111110100
1000011110010010
0110011101011011
1000001010010000
1110010001101000
1011100010010011
1011010111000010
1000101011001111
1001011001100111
1111111011011001
0110101110111001
1000000101110000
1111001111101100
1010001011010010
1101111001000110
1001000110111111
0100011100011101
0010000000101010
1100111010110011
0001111111001001
1100010111101000
0001010100100111
0100010000010111
0011000010111010
0010010011011010
1001100011110101
1100001110100000
0101101111011011
0110011111011100
0111101010000000
1111100011000110
0011100110101100
1111100001101100
0110111101111101
1010000101011110
0110011101011111
1000011011001101
0110100111001010
1010010001111100
0001110111110101
0111001100000100
1001011101110010
0110001101011111
1111011000001100
1101011011100101
1100110010110000
1001010011101101
0011001000111111
0010000110111000
0011111110101010
0011101001010100
0110011001101111
1101110000111101
1001111111000011
0110001111010111
0001111110000000
0011101111101000
0000111010010111
0001001010111100
1101100100101010
1100000100101011
0001001000011101
0010100000000001
0100110110011000
0110011011000011
1111110101001100
0001010110000101
0001111011001011
1010111000010001
1111010011011111
1111000111011000
1100100011011100
0111001000010100
1001001001101101
1001111001101001
1111000010010001
0000000010101000
1110100110110000
0001100010111010
1110010111011010
0000101011000110
0010100000100000
0111100110100101
0100010000001100
0010101010111111
0110111101101001
0111010110001000
0010010010111000
0010111011001010
1110110100011111
0000010100011010
0111100110001111
0010110100101000
0110101100110101
0101010110111110
1111001011010010
0000111011101010
0111010101100000
1001111010000000
0000101110010000
0010001010011101
1001101101011111
0111101011001100
0011111010011001
1001100101010111
0110000010110000
1110100101111000
