0001110101001000
0011011111111001
0110011001011111
0011111101001100
0111000111101011
0001011011101000
1000101100011001
1011111001001010
0110110100111000
0100000010111111
0100001101101111
1111000100011100
1110101000101011
0001100110000000
1110111010100110
1001100110010101
1100010110010011
1110100000100001
1110010001001101
1000001001010011
1111010001010111
1011001001011001
0000001000111011
1001010010101101
1101101011110110
0001100100010100
1100101110011111
1010100111101101
1111000001110011
1000011000010010
1100111001100011
0111101000111100
1001000010010110
0011011111111010
0011001110111101
1111100111100101
0011010110000111
1011010010100001
1101011000111001
1111111001011111
0000101011101111
0000010100000111
1110000101111110
0100101101101000
1100101100101000
1111010110110010
1100010101100101
1111011011111110
1110011110001111
1011101101100000
0101000010100010
0000100111011100
1011101101101111
0011001101110100
0011011001000110
0110000111000101
1001110101110001
1011110100010110
1010100011111111
1101010010011010
1110100101100111
0111100010000100
0100001001110101
0101000011101001
1000011000010011
1011000011110010
1101101101000000
0001110001111100
1001011010010000
0100011110011010
1000110111101110
1111000010101101
0101110010011011
0101100001010000
0110110011100110
0011001000011110
1010011101001001
0010000000010100
0111110010010111
1100110100001101
0010001010101010
0110000010011110
1000000101111111
0010001000100000
0001101010100011
0111100001110110
0110111010000100
0011001001111101
0100111111100010
1110010100000100
1111001011111010
0111100000001101
0011110101001001
1101100111011100
1000000010010110
1001000001011110
1111111000111100
0000101011111111
1010100010111011
1101111010111010
1001001101001111
1011100010001010
1100100100000100
0000101100001000
1101100001110000
0000101010001000
0011001111111101
1111101000111011
0000110100000101
0110101011111001
1010001100001100
0011100101010100
1001100011000110
1110011000000100
0100011011100111
1001101111000110
1101000101101011
0000101001000010
0110011001101011
1100100000101100
0011011001101001
0110000010110101
1110010011110100
0101111001000010
0010010101001010
0101010110001101
0011000110110011
1101101011001100
0101010101001111
0111000010000100
1101111010000111
0100101001000111
0101101010000111
0001110001100010
1110001001001110
0001010100001000
1110111000000000
1010010010011001
1000000101010111
0000101001010101
1010111111101110
0111111011100111
0000101100101110
0111111100111111
0001010000001011
1010001011100100
1011110010010111
1000100110110100
1010111011110011
0110100010001100
0101010110100011
0100110100110010
1000111110010101
0000001010000111
1010101011011001
0100010101110111
0000000100011000
1010111001100110
0111001011010011
1011010100011101
1101101100001111
1000101100100110
0000010111110011
1001100111010010
0101001111101101
0001100111010100
1011011001100001
1001000100110000
1001101010110101
1001001011100111
0100000000100000
1011101100011001
0000010111111110
1001110000000110
0001110001011011
0010001010100111
0101000011100000
1110001010110101
1110111110000001
0000111110011100
1011000100001110
1001000111101011
0000111101101000
1011001111101110
1100101000100100
1101010101011110
1111001100101100
1110111010111111
1111110001101001
1110011101100110
0111000101010011
0010011101011101
1000010101001001
0111100001111100
0010010001001000
1001001110010011
0110010101010100
1111100111100000
0000011100001010
1001011110100000
0100100110111100
0101111001111100
1100001000111110
0111110110010011
1111101111011101
0101000101111100
1000100011001010
1101110001101001
1110000001111001
1001101110011010
0000101110000010
0110101011000100
0110001000000010
0010111000000101
0010010111100011
1000011111000111
0110011010000001
0000000100000011
0001000100100001
1001111110001111
0110000111101101
0010111100111011
0111001011100000
1001001000110111
0111010010000110
1100110001101011
1011110111011101
0010011011011100
1000101100101110
0011110100010010
1100111111011111
1100100100100001
0000001000110011
1001011111100100
0110100111010001
1010001000000011
0100010101101101
0101110011010011
1111110001000101
1000010011011111
0111011001110001
1011010011111110
1101011000111110
0111000101010011
0111101010111010
0000011000110100
1000011001100101
1011100010100101
1110011110000001
1111000100000100
0100011101000001
1101011000101001
0100011110101110
1000110001000110
0110010000001110
0110110011001000
1001100011100100
1110100011011110
0011110111000011
0000000101011101
1010011111011101
1000110111010001
1111001110110110
0000101001011001
0110111100010000
0010111101010000
0000101100011000
0011110011011011
0111000010011101
1101010011000010
1001101010100001
1000010000001010
0110001011111111
1011111000110011
0110010010011111
1010111010111111
0011011000000011
0001001100001100
0110011111100000
0010111011000000
0101010011100000
0011010010011100
0011011001000011
0011111101100000
0001001111100000
0110010010011011
1011100001100110
0101101010100010
0010010011111000
0110101100011010
1001010111111010
0110111110010011
1101011110110100
0000101001110111
1001111001011011
1010100101001011
1111111011110001
1000010101111000
0100100011100110
0000111001010111
0001001101110000
0111101000111110
0000111101001101
0001010010110011
0110110010000000
1101100000001000
0111011110111010
1001110101001111
0000111010110010
1000101100111011
1000111101011110
1010000010101010
0111000010011100
0000011101011110
0000010011001101
1010011001010100
1110110101111001
1001000110101011
1000110101101001
1010001111001011
0110011110111111
0100011011000010
0100100110010010
0001000101110001
0010101100101100
0011100100110011
0101000010101011
1100000101110011
0110101011001001
0111110001110001
0010111011010100
0101001001001010
0001001010001101
0001110110000100
1010010111011110
1111011110110000
0111001111011111
0100110001110100
1001011000011111
0101010000111101
0110111111000111
1011010011110111
0011110100111100
1010100000001010
0001110010001110
0100101111111000
0111101001110100
1001111001100011
1101100100111011
0111010110111010
1011110101100000
0000110110100101
0110001010011000
1001011110000110
0100101100010001
1000100010000100
1101011111101001
0011110001011111
1101100011101001
0011011111011101
0110011010100100
0010110011111010
0011100010000101
0000001110010000
0011110011111001
1010111011011010
0100111110001100
1000000001100010
1001100011001011
0011011100110111
0011010001000100
0000000100100001
0101101111010110
1001110010101110
1111111110110011
1000101010010111
1011111001111101
1100011100011000
1101000010001010
1011010111010001
0010011111110101
0111011000111110
1011101010111110
0010000010001100
1110100010111100
1100100010011100
1111001011000001
0011010001100000
0101010101000001
1000110000000011
0010110111011100
1101110100000100
1100011011010110
0100011000100101
0001111110000110
0000010010111110
0111000100001010
1010010000011101
0111101110010100
1011101100101011
1000101011111110
0001010111011000
0010010110111001
0100000001100101
1100001010010100
0110010001111000
0111000010100011
1100000000101011
1101001001101100
1001101101100111
1101110110100001
1110001001010011
0000111000011110
1011010110110010
1011001000001001
1111110010110111
1111100000000101
0100111111000011
0111011101011010
1101011110000101
1001000011100001
0011101011100111
1100010100100000
0110010011100001
1110010101110011
0011011011100011
0010111101011010
1010010010011011
1101100010010111
1111101011110100
0110111100001001
1001010101110000
1010001100110101
0100101110001100
1011010100111001
0010010110111001
0110011000000010
0010000111101001
1001101001010011
0100001100001100
0111001101100101
1011111101111100
1010100011110110
0110101001111100
1101111000000010
1101011100011000
1110100001111010
0100010110101110
0101111000100001
0001110011101100
1110001001110010
0101110010110011
1111000011110100
1000011101110011
0110001101010011
0101100110111111
0000001101010010
1111111100101001
1111000110000111
0100010101110110
1011111010101111
1111100001001111
0001111000111010
0011001101101011
1111100011011000
0101101001001110
1010011110101111
0111111111110110
0001001010001100
0100100001100111
0010011111110110
1011010011110010
1011100111011111
1100111100100011
1001010011111010
1010001011100011
1010111000001011
0100000110010101
0001101110111000
0111100001100001
0111011000001111
1001000011010101
0000000010000110
0100010000101011
1110000110011000
1000100010010010
0011001111110011
1110000000011110
0000101100100111
1001011111011110
1110010101110000
0101100110101110
1000011111011011
1001000110011000
1000000101111001
0111000001101011
0001101000000110
0101110011110010
0010110100001100
1100110111001100
1011010001001100
1101010001101110
0001011010000011
0101101000011101
0010011000000011
1110101010001000
0010111110100001
0000111100000001
1110010100010101
0101001000010001
0010101000110100
