0111011000000010
0100101100000101
1111010100110011
0001000101011011
1110011101001011
1000111000101000
1000001001010000
0100001111110110
0011011011111000
1011001111111110
1010101111010001
0110100001000011
0000010100000000
0000010100101111
1001110110101101
1101001110110111
0111000111101010
1111011011011111
1001010111100100
1111010110010110
0101000101001111
1000110101001011
0110001110100101
1001100111100000
0101000100111111
0101010011101011
0001100110111101
1111001000111011
1010001110001000
1100100111011011
1100011001111010
0001011010011111
1010111000011101
1101000111001011
1110100111100110
1101111101101001
1100011100001100
0100101010001110
1110001011111000
1110101111011110
0110010110111000
0110110011100110
1010000111100101
0000101000110100
1000101000000111
1011110001001110
1010010100010010
1001010111100100
1011000010111011
1000111111011000
0010011110011100
1101001001011101
1101011100100101
0111011011001001
1011001101001000
1010011011101000
1100010011010010
0101100100111011
1011011010111011
0101101011001101
0001011111001001
1111000101110101
0001100011100111
0110010001001100
1000000100000010
0111000111001100
1011000101100100
0100110110100011
0000110110100100
1010100101111110
1001101100011010
0000111010001101
1101101011010010
0100011101111110
1010110001101111
1000111000111110
1000101010110010
1001000110100000
1100010010101001
1011110110010101
0011101111100110
1101100101001100
0100110001000001
0011011101000011
0001000110001110
0110000101110100
0011000010110100
0010101000000110
1110011011001011
0100000101100110
0100111001011011
0001010111101010
1111110100011001
0111001101001101
0011000100101000
0110001000101011
0001011000011111
1010011011100111
0111110000100011
0001011001011010
0110001111110100
1001000010111100
0100010111101101
1111110000111101
0110011011110100
0000100111010110
0111010001101011
1110111101110100
1110011100011101
1101101101000100
0000000111100011
0100010111101101
1010010001100111
0110101000111011
1110110111000110
1001101011100011
1001110011110000
1001001110110111
1101111011111000
0111100111111000
0010100100110010
0010001101110101
1010101110101000
1111010000101111
1000101111110001
1001001111011100
0110100111101001
0110000110101111
0001111010101001
0000111110000011
1110010100000110
1101101011110011
1111000011011010
0101000000011011
1111111100000100
1100111111101000
0100000000011101
1101001100100100
0000111110110111
1101110111100000
1111111001111111
1101001011001111
0101001110000100
1000001010011111
1000100101001111
0101101100111101
0011011100000011
0110000001110011
1000100011011001
1011010100100110
0101111111111011
1101000100100111
1110101110010100
1101100011000010
1110001111111001
0000100011100101
0111011011010010
1110100011011001
1101011110011010
0001001010110100
1000011011001011
1101110000111101
1010011100010111
0100000001101110
0111011011010101
1001010111011011
0011101101011100
1011110100010101
1000011001111000
1111100110010101
0100110000110011
0001001010001001
0001100101011011
0010110101001011
1111010110000011
1010001110110000
0111110100111111
1110100110111011
1000101111111101
0110100101011101
1001011010010110
1000010011101100
1000110010000000
0100000111110011
1011101100111111
0111100000010101
0111111010011101
0111111010010010
0100110010111111
0000010110001101
1001111001011110
1000111100100010
0100111111101111
0011001111011000
1000011011011010
0101110110011000
1001010111000111
1111110010000011
0110111101011111
0101001011101001
0110111111010100
1000110110011010
0100001100010000
0100101101010011
1100110111100101
0110101001000000
1100110010101101
0111001001001111
1111001000100100
0101110011000100
0000011111111101
0110001100100101
1110011111000101
1001011101110111
0000001010101111
1100011011011010
1110010101111110
0001011111001000
1000110111111110
1001101111101110
1111111100100101
0110111101000101
1100000111101110
0100000110001010
1100010001110111
0011000110000000
0111001111110001
1001110000011001
0111011111111011
0010101100000001
1100111100100100
1011110011100011
1110110101001011
0011010001000101
0110010000111100
1011001111000101
1011111110010101
0011110101010101
0011010100100010
0111001010100111
1110001111110110
0011110000101011
1101010011000000
1000111111001001
1001010001101001
1111011000001101
0100111000001000
0100111000100001
1101111010010101
1111010000000111
0111011101010101
1011010010110111
0000001010010011
1110101000011100
0011110110101101
0010011100011111
1110110010011010
1001110011101110
1111101000001100
1101011111101000
0110110010100100
0010011101011001
1001011011101011
1100110001010100
0010100100110010
0100001000000001
0111100010001101
1001110001110010
1111111011111100
1001101101000100
1010011000001110
1001101111100001
1111010011101111
1110010010010001
0001111100001011
0000101010001010
0010011010100110
0011001000111110
0110111101110100
1011111110111100
1110101101010011
1111000010101010
0100110101101100
0101100010000011
1011100100011111
1110111000111000
0001010010001100
1000001100101101
0000111011111010
1110010011111010
0000010101111100
0010001110001001
1110101011100110
0110110011000100
0110011011001001
0001011001010000
0000110110101010
0011011011110011
0011001011000010
0101010111000000
1111111000110100
0111000011110001
0011011001010000
0101101111100010
0101010110110110
1000111101001001
0101000111110101
1111010111111000
1000010110100100
0100101000100001
1111000011001111
1010000010111111
1000000101001001
1111010100111001
1101111111101110
0010011000101110
0000101100110111
0111111011010110
1101100100010101
1010101110011001
0111010111110011
0010010001101010
1000100100111010
0000010000101001
0101000110101011
0111010110101101
0011001101010101
0100010010011011
1001110000110010
1010011000111100
0000101110110010
1110100000100100
1100100110100000
0100100101000000
0000110110111010
0011100000010101
1100011101011110
1101011001100111
0010011111100001
0011000010101000
0001001011010010
1000010010100110
0111011111100011
0101111000101010
1001001010010110
0111100011011101
1011111110001110
0100111101010101
1001011001100101
1010011010010100
1000010010001110
0000111101011100
0111001001011111
1011111001001111
0110011001100011
1110101111001010
1100000001011110
1010010000111101
1100001100110000
0100011111000010
0010100111001101
0100100000010011
1010011011111011
0010100010011011
1111111110000100
1101100111100010
1001110101000100
0010011101000101
0111101111000001
0101010111011001
1111101000110110
0101010101101101
0101111001110110
0000100100100111
0111011100101110
0000100001111111
1101001101011111
0000000000001111
0111011010111101
1000110000010110
0101011001011001
0101010011101101
1111010110101011
0001100011111100
1011110111000011
1111010100101110
1010110111000011
0011101100111100
0111000101101111
1100010010110000
1100010000000001
0100110010010111
0100110010110100
1100101010110100
1001101100011111
1111110001011010
0001100011011110
1010110111010010
0010001100110110
1001101011110001
0111101100001000
0111100010110110
0100110011111111
0100011001011110
0100110111101001
1101100000101011
1011010011011011
1101001010010001
1000000001000100
1000110111111101
0111010111011101
1101000011000010
1001010100110010
1011101101110000
0000111011110111
1010101010111111
1111110001110000
1011100000100010
1101101101100101
0001111000011101
0101010110000111
1111001010001100
0100010010100111
0001110001010101
1011100101011111
0100011011000011
1100100001100100
0001110110000101
1100000000000100
0110101100101000
0101111000111001
0000010010000100
1100100110011110
0110100101101110
0011010010011111
0100000011000110
0110111011000101
0010100111111001
0101100010110101
0111101111111101
1000001100001011
1111100111110000
1001111100001011
0111110111100010
0111000010101010
1110001100000000
0101101010011000
0000100000010100
1001000001000111
0101100100101110
0001001101000100
0010011111100100
1011101111010001
0001111011101111
1110101110010010
0011110111111011
0011101001111111
0101011110000111
0110000011001010
0110100011110101
0011000100100110
0100000011001101
1010101110000001
0000111100110111
0101110111011010
0110110000001001
1000111001101111
0010110101011111
0000001011011110
1011110100110101
0101111010111011
0100100010011101
1011111101010101
1101011010011001
1100100000111111
0011100111010010
0000011100011011
0110100110001111
1011111111001101
1000001101100011
0001010000011100
1111100010001110
0101010011000111
1001000001111111
0010011011010001
0011100011101111
0000001100101000
0110001110000110
1101110000111110
0000101111111000
1011100010000011
1000000100001100
0000001010010001
1010000110110000
1000001000101111
0011011010011100
1111101111100010
0110101011111001
0010001011100000
0011111100001101
0111000100110010
1011001111001100
1110100001010101
1101111001111000
0001100000000100
0011111111001110
0001000111001101
0011000000000101
1101101010111111
1101101110010001
0110111011101101
