0100011010010001
0001010100100011
0001111111100101
1111010100001100
1001101011111111
1011011001001000
0101101101011100
1110101011100110
1010100111010010
0101110000110101
0010010011001111
1001111101111111
1100011101010010
0010011110101111
1110000001100010
0010101000011001
1001000011111011
0100110111100111
1001110111001110
1110110000110100
1011111100000100
1001110110010001
0101001011001010
0111001010000110
0101100101111000
1110010110111100
1000111011001011
0010100011010110
1101110101110110
1000010101010011
1101101101001101
1101110110000011
0111010010101001
0011011110110011
1000101010111000
0011100010111000
0011001000010101
1000101010101110
0101001101000101
1110110101100000
0101111011010011
1100101111000100
1011100110110011
0111000101000110
1001101110101111
1001100011001111
1101011111010110
0001001000000111
0101001000101111
1011100001011000
1001101000011001
1110100101001101
0100101001111101
1000100010100010
1011110110011111
1001110110011111
1000101011101010
1010100110110001
1000111011100100
0110111000100110
1000011001101011
1000101101010100
0001000000110011
1000110010111000
0010010000010100
1011100110110100
0001111100100111
0001000000001001
0000011011100101
1111110111100001
1111010100011110
0011110110111111
0111010010110111
1110111111010011
0011110011011101
1001110110001100
0011010000110011
0100101100011110
1111000110100111
1111010000100010
1111111011000111
1100110111011101
1100100011101110
0110100100011101
1110000001111111
0000011100001110
0111100100110011
0111110100101000
0101100000100101
1100110101011110
1001011000100101
0000000011100100
1000101110111100
0011100010011111
0010110000011000
0101011001010101
1100011000100001
1001000101001100
1111011000010101
1100010110010001
0111001101001001
1101111100000100
1001000001100010
1101110000000111
0011011111110100
0110001100001000
0101001010000011
1100110100101101
1010110010001100
1000100011001001
1111000100100101
1010111011000011
0101010111010001
0000110101001011
1000111100000010
0000010000000000
1000010111010100
1011000110010000
0101111100100011
1000111100000111
0110011011101001
0000001001011001
0110111100110001
1000111001111001
1001010111000011
1101111000001000
0010001111011011
1001001011011100
0110100111111100
0011110111100101
0010011100011110
1001000111110010
1000001100110110
1111101111110101
0010011110110110
0110101111100110
1101001001011000
1001100111000010
1001010110101101
1100000011010100
1100001101000101
1011001000000001
0111011110100110
1000011011100001
0010111111010000
1100100010101011
1010111111001010
1101011111111110
0001110100101000
0100110010010011
0111000001100011
0011010101100010
1000101111000000
0100100101110001
1100001010100101
1111011000011100
1111000000101101
1010110011101110
1001000001101010
0000110100000110
1110010100001100
0011011011111111
1111011001111001
1100111111000000
0100011111011100
1001111001101000
0101111101100001
0011101001011001
0101010101111000
0111100111100101
0001100010000110
0110010000000100
0001101011111010
1000110100000010
0001000111110111
1010111110001011
1000011110011110
1010001111100100
1010100101101101
1011101111111110
1001101110010101
1111110111001001
0000000101101110
1100001100110111
1001111011010101
0110010000101101
1011111000011010
0110000010001000
0111111101001010
1100100000110011
0001111011011110
0111010100101111
1001010011100010
0000010100100001
0011011101011110
1100010011001010
1010010100011010
0000101010010111
0100010011000001
1010010010101101
0100110010010000
1001011000101111
0100100100111011
1010000010110010
1010010001101110
0011100100001001
1010001011100000
1111110001110111
1011000000010001
1111001010100101
0110111000110110
1111101110001001
1010001011101100
0010110010001111
1010111101010010
0111100000111100
1101111110100100
0100101110000110
1110001001100000
0101001101000111
0000101000110101
0000101011001111
0000110000000110
0001110010000010
1100011011110101
1111001111100100
0011001101011101
0011010100000111
0110010000111001
0110010000101100
1111100010000010
1011010001100001
0001001101010101
0110101110001111
1110110010010111
1110111011011010
1110011101111010
0001100010011111
1110100010110101
1010111001110010
1011101000001101
1111111101001011
0101111110001101
1000101111101100
0111010111010010
0010001110111111
0101110100110010
0010011011000100
0000001101001001
1000010110111000
1010100110000001
0011100100111100
0000110010011000
0111101010111110
1110101110110100
1010001010110110
1000010010100011
1100001010100100
1101111101101101
1000001000100001
0011110010110100
1110110111001101
0100101100011000
0110111100010010
1011001110000111
1100011010100001
1110100111100011
1110001000001101
1110101110001110
0000001001100011
1110001110010011
1000001011100000
1010110100111100
1001001101101111
1111111101110101
0101000111010101
0101101011010001
0001000110001110
1001000001011010
0110000101101100
0001001111101000
1111111001000101
1111111001111001
1101010111111110
0100110111100110
1000101110110100
0010011100000001
1110100000011101
1110010110101000
1100111100101100
1010000101000110
1111001010100001
0100111011101001
1100100011100011
1000100010110110
0101000101010011
1101101101000010
0011101010011001
1010001110100001
1111010100000001
1110001000000011
0100111101110011
1110111001100001
0010001001001111
1100101110010000
0100111101011001
1111000010110111
1011101011010010
0000110100110000
0011001000100100
1111010010101011
1110001100011001
0101111011001111
0100001001101110
0110100010111111
0101111010100111
0011011011011000
1010111011101111
1110001010100001
1001011011000010
1100000001001010
1110100100100010
1110011001011000
1110010001001011
1000101000101010
0011100010011001
1110000001100010
0011110111110010
0110101110111100
1000000010110001
0010000110000011
1001000111110010
1100011101101011
1011011010010100
0010111111111011
0011000011110011
0000101100001011
0110111011101101
1110100011100000
0101000011101111
1101001010000100
1011000011001000
0010100101110100
0000101111011011
0010000111001100
0011110001110111
0010001001101000
0001001101101110
0010000111011010
0101010010101111
0001100101001111
1010001011100111
0000001100011100
1101101001010010
0000110011110011
0110100110110010
1010001101110000
0101001100001011
0011101011101101
1001011100111001
1100111001000010
1011111001010100
0011111111100000
0011101011000011
1100100111111001
1001000001111100
0110011001000101
1010001000000101
1110101111101001
1000111010010101
0101100101000100
0100010011000100
0100100101000110
1101000001001001
0100011000001110
1101001010110110
1111011000100010
1011001011111001
1100001001101001
1101011111000100
0000101111110100
1110011100001101
1100010011011010
0000100001010010
0001011100001100
0100101111101011
0000110101000111
0110110110111011
1011011001010100
0100010010111101
1100100001111011
1010010100010101
0001111110010001
0000001010011011
1010101100100001
0011101101001110
0010111111101100
0001111001100011
0101010111100011
0000100000000000
0100101110100011
1101001111001010
0000100100011010
0000000101001011
1111001000100010
0101011001111010
0001110010110010
0100010111101101
1110000101101110
0011101010111011
1100111001010010
1111001110001111
0101001000110010
1111110101111000
1111101110110100
1000110101110111
1010010111011000
1111001010110100
1010101000011111
1001111101111010
0111110101010001
1100010001000011
1100111001000001
0100010100001111
0011001001000001
1100000101000001
1010101001001010
1000111110100001
1111011001000111
0000100011001011
0001001000000111
0111101111100001
0100111111001100
1101000000001001
1111011110011111
1110001000101010
1100110111000110
1101011001101000
0011010001010011
1001111010101100
0000110000001110
0001101001000011
0101000001010111
1001100001000001
1010001110110101
1011110011011011
0100111000001001
1101101001111000
1000011101111000
0000110000011100
1001100110111111
1001010010111110
0011001011110110
1101100001010011
1000111111011101
1111101001000011
1000001010011101
0000011110011101
1000011001011011
0111101000111011
0100000010111100
0010111000111110
1010010100101110
1010001100111001
0110111001110001
0011000110011111
1110100110110011
1010100001011010
1100110100010010
1010001011011101
0011010010110010
0101001001111001
0010111101111001
0001111010111001
0101111001110000
0000000110001101
1001000110101001
0011101101011101
1110110001010000
0000111010101110
0011111101110001
1011101101101110
1010000011000000
0011001010011111
1111111110100010
0011000011110110
0101000110110111
1100101001011010
0001011110000110
1001110011100110
0101110000101011
1111010000111011
1111000001111000
0000111001101101
0001101110111000
1011100001101011
1000101101000110
1111111100001000
0011001101001110
1110000110000000
0001101010111000
1011011001010010
0101001110010100
0110000000110111
0111000101000100
0101100110011111
0011001001011011
1010000011010101
0001111101000000
1101001101111000
0001000111011010
