1111101100111010
0111001100011110
1001011111010111
0101101000010110
0010001011100110
0010001010000110
0100111101001111
0010100011010100
0111111001101111
1111101000010001
0001001010110101
1100011111010011
0010100000100011
0111000100000101
1010100000101111
0000100011010000
1100110001110110
0000101001010100
1101010100100010
0001010010011101
0011100100001010
0101101001100010
0111000110000010
0101101001001001
1011001101100100
1010000101111010
1001000100101111
1011001001000111
1010011010000110
1000100100000010
1110001000010100
1100001000000110
0110011000001111
0110101100101111
0011011110101000
0100101001101000
1000111111110011
0110111101110110
0000110001000100
1000101101010101
0001111000100011
0011011110011011
0110010000100111
1001010101100011
0011000000110010
0111000100111011
1011010001010000
0110000100010110
0011101011111101
1101110010100011
0001101100101010
0110110001010101
1110101110101001
0111010101110101
1001000100111000
0101111100110100
0000010111101010
0101110010101001
0000101010100100
0111101001110111
1011101100110010
1100000101000011
1001010000000111
1010111000010010
1110110011000011
0110110011111101
0001000110101001
1110001010101011
0101111000100010
1110000110101001
0100100001000101
0101000001100110
1011111001111101
1010101101110010
0110000111011111
0000011010110000
0011110100110111
1000010011101101
0011100000011110
0001000010111011
0011011100100011
1000111111001011
0001111000110100
0100011101000001
0110011000110011
0000000100101010
0000100001000000
0101111000111101
0000010000110010
1010010010101110
0101011001110110
0101111000010110
1011110000110001
0010010010101111
0101111110000000
1000000111010100
0100001011001110
0101000101010010
0011001001111100
0000000101010101
1100111101100100
1001100001000100
0111110001100011
1100111010001001
0101111000001101
0011111101001010
0010000010010011
0010010111010011
1010100101101011
0111111100111110
0001100011000011
1011000111111110
0010110011110111
1111101010101000
1100001010111110
1110110111001010
1110001001100010
1101111010000000
1011110101101111
1010010010111101
0101011101000010
0100011100101110
0000010000011111
0101000100000001
0111010100011000
0010111000001110
1001100100001101
1011101111101101
1101101110001100
0000111110111111
0110101011011001
0100111010110110
0100111110110001
1101011111001001
1111101111101010
1000100100101001
0001010010001010
0101110100001110
1110100111011111
1001001000010101
1101010101001110
0000011000011000
1111001100110011
0010000100010100
1001100110010011
1000010001010000
1111011111000001
0001011110011111
0100010011100100
1001000100110100
1001000101011011
1111111010010000
1110011101000100
1101011000010111
1110100110100111
1110001011001000
1011110111001100
0001000101001110
1100011000110100
0101011010010101
0010011001010111
0011000100111100
1001110101111001
0101101001001000
1100100101110000
0000010110011001
1001010111100111
1110001001001110
1000101010101100
0001100111111101
0100110110000111
1111011010010100
1011001111000110
1010110101010100
1101011100101110
0100111111111010
1001011000111100
1000101100001101
0011010111000101
1101110001100011
1111101011101111
1110110101101011
0011001111010101
0110110111110011
1010101000110001
0100001110010010
1101101011111110
0010000100101100
1111110111001010
0101000100111111
0000000101110100
1001110001011010
1111011000011100
0100010001111001
1111101010001011
1101000100000011
0001000011101001
1011101101000011
1001100100000011
1000110111011101
0101010101110000
1010001111001111
0001101110011110
0111101001101011
1001010001111010
1110100111000001
1001100000110000
1110101011010010
1101111111111110
1000011110001001
0000011101000111
0001100000010111
1000000111001001
1110101111000011
1100011010000000
1110110011010000
1000000111011110
1110111110000100
1101101000100110
0011110001001000
1110000111101110
1011011110010101
1111100110100100
1001101100100101
0010001110110000
0010011111110001
1101110011001010
1110011001110011
1110010100000000
0111011011100110
0111001101111100
0110010011111101
0011001100000111
0101100101101011
0001000011011001
0000010010000000
1111001010000111
1111101100010101
0001111000110001
1100010000001000
1110100011101110
1111101000001100
1001110110000001
0111010101010011
1100010110110101
1011111000100101
1011111010010010
0001100100011010
1100101001010010
1111110010101111
1101100110000011
1110001101011100
1000100100011011
1010001001000010
1001101000110111
1001001010010011
1000001010101101
1010000110001010
0100100011011110
0010010011011011
1111000000110010
0110101000100010
0110111110001011
1000000100111110
1101110100001001
0010011010001011
1001000100011100
1101111111010101
0010111011110000
1000111000100010
0000101010001010
0010011000011111
1001011010111100
1101100001011000
0110111110100100
1111101000111011
1011101010000000
1001110001100111
1000111100001100
0011110010011110
1100100111110110
0010011100010100
0001010011010100
0010000101101111
1100111101011010
0111010101010101
0100001110100010
0111100001000111
0100000001001100
0001001011010101
0010010110111001
1010111010011110
1001110110000111
1100100011111100
0101111011101100
1001011100101100
1001110011101101
0111010010100001
1001111000010001
0010111001101010
1100000001110110
0110001110100100
0101111001000101
1101000111000000
0101010001101001
1000000110001111
0011101100111010
1001100011111100
1100010010100000
0110101011101111
0011000110101101
0100101100000101
1100010111010111
0011111000011001
1101100011111111
0100101011011111
0010111110101100
1010001001111001
1010111010001010
1100000101000001
1111110010001111
1010110010100100
0000111111101100
1100100101111011
0100010000011011
0101111110101000
1001000110110000
1001100001101111
0010110110011101
1011111110000000
1110001010100001
0101111000010111
0101000001011001
0111111010111101
1110000010001100
1100011100000110
0010110100100011
0111011011000010
1110111111001010
0010000101110111
0001000001011010
0010001101000000
0010100000011100
1001100110000010
0000100010010101
1010100010111000
1001100111000001
1111110011010001
0111100101001001
0100100111000110
0000101010001110
0110110011011010
1010010110100000
1100100111000100
0100001000100111
1100100010100000
1110111011101011
1001001001101011
1000110010100011
0111111000100111
1010110110100111
0100010100011100
0100011001000100
1110100000000010
1001100001111111
0001101010111010
1100110011000111
0101100000001111
0010111000011110
1100010101001010
0011101110001011
1101010111110110
1111001110001001
1100110110011010
0011000000100000
0100101111101110
0011000000000110
0111110111011101
1001101100111011
0101110010010011
0100010000010111
1101010101011101
0110101000001010
0111110110000000
1100111101111000
1100100000000000
0010011111110000
0110000101101000
1111000000001111
1001010001010101
0011111000010001
1000011101000011
1100101010100000
0101100100001011
0000001111110010
1001111100100011
0010011010111010
0011010010001101
1000001010111000
0110111100100000
1110001111001001
0100001110111001
1001000111110001
1101011100010100
0100111011000100
1101111101100001
0011010001100110
1100111100011110
0100100010111100
0110100001100011
0111111100100110
1100111000100111
0110000110000110
0100110101010011
1101110100111000
1100011101010111
1010101110010001
1101010010111010
0100110011011011
1011000101010010
0111111001001111
0000110101010111
1010110100100110
1110101110000010
0111010100000100
0101010110000111
1010010011000001
1010011101011010
1001010101001101
1000011111011001
0100100101000000
0011010101001111
0011100001011000
1011001001111011
1110011100000100
0001011110100111
0110001011010000
1001010101111000
1111000010000100
0011111010100000
1001110100000010
1110001110101101
0011101101101011
0000101101110001
1110110010111101
1001110110001100
1010100100110111
0000000001100001
1010100101100110
1000010100110001
0010011100110111
1010011000001000
1000100110001010
0101100000110001
1001010000101100
1010100000101000
0100100011100010
0010110101101011
1011000001001011
0001011001100011
1101011010000000
1001111100010010
0010011111110010
0010100000000100
0011101111011100
1010000101011000
0011011001000000
0001111110110001
0101010110000101
1100100000010011
0110000100011101
1111000001100011
1000000001100011
1010111101000111
1101111000110110
0101101001000111
0101010011001001
0100110011111100
1001110011011111
1001001001001011
0110100111001100
0110001010010001
1111010010110101
0011010011001010
0111010001110011
0111000001100000
1011111011101100
1110001110000100
1100101010101000
1010100011101110
0111100101001111
1000001100011101
0000000111101100
0011001000111101
0000111010100100
0100100011011000
0111011011110010
0110110100010101
1001100001101011
1101100100111001
1111101000001011
1111110010001101
0100110110110111
0001011111001110
0010011111100100
1011010110000001
1010110011001100
0100111100011000
0010101111101010
0110011000100101
0010001101001011
