0101100101000011
0100011011010001
1001010110010000
0011011100010111
1100101010011000
0011011000111101
0001100011111010
1000111110110111
0100101110110010
1111110100100010
0101011011101000
0110001010100100
0101001011100011
0101110001100001
1110100111110011
1001100011100101
1001010100101111
1110101111111000
0001010100010101
1101101010111011
1100110110001011
0011000010100100
0011010010101011
0100111001110111
1101001000000011
0111001100100000
0001011010111111
0000011010110011
1110000001100011
1100110010110100
0000000110011111
1010111000101001
1000110011100111
1000111101011001
0001100101011010
0100110110101010
0011100101010100
1010110110011011
0010000001000001
1111011101101101
1100101111111110
0111000110001111
1000010000101010
1100110101001000
0011010010111001
0101000001001011
1101010000111110
0011110100001111
0110010101100011
1011001010011000
0110011110111010
0010001101011100
0110011011010101
1110010110111001
1110101101111110
1001111011000001
1111011111001000
1011111010010111
1111101011110101
0100010011111000
0110011010110110
1111101001001011
1101011000111001
0011011110100110
1111010000000110
0011101100011110
1110001110111100
0111101111011011
0000110011001111
1011101001011100
0001000110100000
0011001000111011
1000011101110010
1111111001010011
0000011010111111
0011000010100111
0001011110001110
1101000010101101
1110000101011000
1100000001110010
1110010110100001
1100011100110101
1111110000100011
0110001000101110
1001110010011000
0110010000000010
0011000111000011
1011100100100100
1100011101001000
1101110101010011
0110001101001001
0110010010010011
0101000010000001
1000100011011110
0010000011011100
0001100000101100
1100110000011001
0010101100000000
0000011110110010
0100010111010011
0010100000111000
0100101111111111
0100011010100011
1110111110111010
0010110011010100
1010010111010000
1001001101110100
1011000100001000
1010101110000010
1010010000001100
1111000101011000
0100000100010101
0011110101101100
1101100100111011
1111001100010011
0001110001110000
1000100110011110
0000101011010110
0001101101001111
0000101000100011
0001010011010111
1111000010110001
0100000001110001
0101010101110111
1001110001110000
0111001101110011
1000001011011101
1111000110101100
0101000110000010
1101011011110110
1001011000010101
0100110000110010
1110110100000111
1110111000101111
0001011010111101
1100001011100101
0100111000001111
0110011100100100
0010001111100000
1110010010101000
1010000000001100
1011100010111101
0101110111011100
0100000001010001
1001100110000100
1110100110001100
1011001110001100
0100111111101011
0010000011000110
1001010010001111
0001011010011101
0110101001100111
0010001010001000
1101011010000110
1110101011010110
1011000110000000
0101010111001001
0011010100010010
1100101001011000
0100000110011001
1101001111110100
1010111101011101
1101110001110100
1110110000010100
1101000111100100
0000110110000110
0001110100111010
0110100100111011
0100010011001110
0000101001011000
1110110101100010
0010001101010000
0000000010110100
1000001101100000
0010110110100111
0011111011001011
0011001100111110
1001101011001001
1101010111011011
1011110111011100
0010000100011000
0110101010100000
0010001100001010
1000110101100100
0110010001011000
1111000011100011
0101110010001101
0111001001111001
1000101001111011
1000100101000000
0111000101010111
0001110010101011
0110111011010011
0101111101110110
0001010001010111
1100101100110011
0010010010100101
1100010101111110
1010101100101010
0100011111000010
0010011110000110
1111010011101111
0000011010000000
1110001010110011
0111001001100101
0101101010001100
0001110110110111
1101110111111010
0101010111100011
0010100000101111
0101101111001110
0011101111100010
1110111111110001
1000000001100001
1001010011111010
0101011010111101
1010110111001010
1100001000101101
1010011111000111
1011010101101010
0110010000100010
1011110111001010
1101010000111110
0010111110010101
1000011110100010
0011100001010111
1101111101101010
1011111000100001
0010101001001010
0010100101001001
0110100000011100
0001111101010001
1011110101101000
1000000011000100
0100100111101011
0111000100101111
0111011111000101
1001010110001001
1111101011010111
1010110001011000
1100111111011110
0011111101010010
0001011001100101
0001110101111001
0110001000011000
1111000001100110
0010001110001011
1101011011010001
1111010000010100
1101101101111100
0100111100000000
0000111011110110
0000101101110101
0001000101011001
1101011100011001
0011010110101000
0000001100001100
0100100111010101
1101001101001101
0100000110111001
0010000001001110
1110101110110011
1011101011011100
1000001110101101
0111101101100001
0010111101010100
0110101001001110
0101011100001001
0010111111010010
0110101100010111
1000111111100100
1011101010100110
0011101010100110
0000100011010101
0101011001011010
1000011000111110
1000101010001101
0001010101011110
1110000010000101
1011111001011010
1010011100111011
1011110101000000
0000011011100111
1010111010111011
0001100011110101
0100100011010100
0010110010000110
1000001111110110
0001011100111000
0100001010100000
1100101000101001
1010110010001111
0111010110010011
1100000001101000
0000001001010001
1100100010001101
1000101110010001
1111011001100011
0000110001000101
0000100000010010
0000101000010111
0000100111101101
1101001100011010
0110101111100010
1111010100101100
1110100000001010
1001100000111010
1001100000100001
0101111011000001
1010000100001111
0100110010111010
0011011101001111
0111100010010001
1000100001011011
1011000000010011
1111111001110000
0110111110001011
1001011010000100
0000000001110110
0011000111110111
1010111000110101
1000111110000010
1110001110100000
0001010110010110
0110010101100011
0010001111001011
1000111100011000
1101011010110110
1101000100010001
1100100101010111
0000100010011111
1101001010101000
1010011111010001
0111111000111000
0101100000011011
0110000100110101
0010001011000110
1100111111011100
1000110110000101
0000001101111000
1010011010010111
1111010000100110
1110010000010001
1110001101100110
1000101100000110
0010111110011011
1111001011010000
0101001100101111
1010110101110110
0100011110010111
0101111011000011
0011111110100000
0011001011100101
0110110001011101
0011011110100101
0000010010101011
0010011100110010
1001100000110110
1011001111011001
0100100000110110
0000011010110010
0000000111010011
0100001111100001
0111110011100011
1001101011011001
0010110101101111
0011101010011100
0100010111111100
1101010011011000
1101110111110010
0011110111100011
1101010111111001
1000000001001111
0100111101101010
0101000101100011
1000010100011000
0000111101100000
1111001010101000
1101001101001010
1001001010101100
0110101001111000
0011010010010000
0111000100100010
1011100000110100
0011100111100010
1011010011101011
1001011011110100
1100111110010011
0110100111101111
1100010001001010
0010100001100100
0010010110010101
1000000111100101
1000010011000000
1000011101100000
0101110000101101
0001110001100110
1011111111000000
0101100111010101
1101010111011011
0100010100110101
1111101110000011
1000111110111101
0100101101101100
0100011101000110
1111011001001100
0100110001011000
0010111001010001
1111110000101001
0101101110111101
1111000011100111
1010110101100111
1011100110010000
1001001001101000
0010101011000010
0001110100011011
0101101110110001
0001110001110001
0101101001001100
1100110000111001
0110011111110001
1100001000111110
0100000010000010
0010111110101010
1101100100000101
1011111100011000
0000111010001101
0000011111000000
0100101001000100
0101010110110001
1000011010101001
0101011011110101
1000010010101001
1111011010001011
1110001010011001
1000110110001001
1110101010100100
0001101000111111
1101001010010010
1100101101111111
0101111101000011
1010111100010110
0100111100100010
1011111100000100
0101011010010011
1110111101000111
1010111000110100
0100100010100111
0111010110101000
1101010000010110
0101010001000110
1010101001110011
1110011101011011
1111101100011010
1011111011001011
1101011101110011
1111011101100000
0000111110011011
0111010010001111
0101100111111001
0110010111101111
0011001010110010
1001111101100000
1001110101000010
0011001001011110
1001111001101010
0110000010010010
1011010100100000
0001111011010100
1110110010011000
0100101001000100
1100001011100011
0100010001011100
0110111111100101
0011000101101110
1110011100000100
1111001000101011
0111110111011010
0011100011010101
0101111010111000
0001101110010110
0010111100000110
1100100110111011
1110000010001110
0100111000110100
0100110001111100
1010001111110100
0000011011000101
1101000000110101
0110011100010101
1000000001001011
0100101100111011
0000000110000100
1101111000000010
1001111011101011
1111111101111000
1010110100110001
1111100000010110
1100000011010001
1111111010100101
1010101100100011
1011101100100110
0001110110000110
1010011010101000
1001011100010111
0101101001000001
1111110100111001
0010000100000110
1101000011111010
0010110111100101
0111111001110110
