1011000011101000
1101011001110010
1110011100101000
1000110001000100
1000110000101001
0010011101011011
0000101000011111
0110000100000100
1101111000111010
1000001001000111
0010010101000101
1110011010000010
0101001001010001
0101110100111001
0110001111110010
1110110100101101
1011100111100000
1001010111100110
0100101010110000
1001010111110100
1100101000111100
0110001011001111
1110011000010111
1001100101110010
0111010011100011
1010111011010000
1111101000101000
1010111101001011
0101100011001110
1010100101000000
1110000001001101
1111001111011101
1100001111011001
0101110001110000
1001000000001111
0010010101111001
0101010110011111
0000000111100011
0100011110010000
0111011111111101
1001011110011001
0011111000000000
1111101001111001
1100101101100111
1101110101111100
1010110111010100
0101010010110100
0011101001010101
1110001011010011
1100011011011100
0101100000101101
0000110000010111
1111011001111001
1110011110001001
0110001110110000
0110000011001001
1000100011001001
0101011110101100
1000010100101011
0001110011001011
1001001101011100
0011000111101101
1100010111011000
0010100111000101
0000001101011001
0111000111001011
1001001110100110
0010110110000011
1011001100000000
0111111101000111
0110000010100111
1110101001010101
1110101011100111
1100000110010111
0011011100111010
0101110010100101
1110100100101000
0000110101000010
1100001101110011
1010011010010001
0010100011110010
0110101101011011
1101010111011011
0011111110101001
0000100110101111
1000100110100011
0110000100011001
0111001000010011
1100011111111110
0000011110111001
1011000000101000
0001100110010101
1100101100100011
0000100100110001
1010100101111001
1111101010001011
1100000110001111
0100100010000100
1001100101001110
1010110110101010
1011100010001111
1101010110010000
1000011000001100
0001111000100101
1001110011001111
1000001110111111
1011101101110111
0110010110101011
1100101111100100
1100011010100110
1000101001101010
0010101011001110
1101000001110110
1111101000110000
1101010101010011
0001011010000010
0011110111010011
0011001011001101
0101100110001100
0110001010001101
0100011011100111
1111101100111001
1011110111001110
1100100101000101
0110100110000111
1011011011000010
1010100100101111
0010001011011001
0100010011000101
0100100000111111
1100000001011110
1101001001100010
1100101101000000
1111101111000010
0001001100101000
0000100001000010
0010110111010000
0011111011110000
0101011001100011
0111010111111010
0101101110001011
1010010000000011
1111111111000010
0011000000000110
0011101001110010
1111010011110001
1111011110111111
0111010101011001
1001010001110100
0010101011010001
0111100010101010
1001011010111101
0000010110101110
0111111001111000
0001100110100010
1111101111100000
0101100101010100
1110110100000010
0010111100010011
0100111011110010
0111011010010011
1101101001000000
0000111001011000
1111000010000011
0010001100000000
1010100011010100
0001111111111100
1000010100101111
0011101101100101
1111000111001101
0010011100110110
0111001001010110
0011111100101000
1001100000000000
0001001011110101
1100110111111001
0011110100111100
0000010111110000
0011000010010111
1110110011101001
1110011101100001
0011101110011101
1100101000111110
0101011100100001
1100111001010101
0010000001000000
0011111111011011
0100001011011010
0010010111100110
1110111101000010
0001000010111000
0111111110001110
0011001111111010
1101010011011001
1111011111101111
1011100000110110
1111001101001000
1010100110101011
1010100011110010
0000000110111011
0101011111000110
0100000010001011
0100011010011110
1000000111010111
0011100011000000
0001100001011110
1010101111111011
1001000111000001
0011010110101011
1101001110010011
1101001010000010
1101110011101001
1101011101000011
1010100100111001
1101011101101000
1101010001111100
0100011010111100
0110001111010011
1011011101000100
0110000000111100
1000001000011011
1110010110101010
1100110001010001
0101011010011111
1101011110001110
1011010010110001
1000001100111100
0011101001101010
1111111101011010
0100110001110111
0111111011011111
1000011011111001
0010001101010100
0000010011101010
0000100100010110
1010001001110010
1111110101111000
1000001010001101
0010101011001011
1110111001010100
1000100010110111
0010101010010100
0101010000011001
1000100010111010
1110110001001000
0101011100000110
0100110101000010
0010011111100101
0101111110011011
1010010010100100
0100101111100011
1001011110010011
1001110000001100
0001001000010000
1010011100010110
0011111000010011
1101100001100111
0010010101001011
0010000011110111
0000110101010100
0001101110011101
0100011011100011
0011000000101011
0001110001000111
0100101111011100
0010010000110011
0110011111110111
0110010000101010
0000100110100000
0010111011110010
1111001101010001
1000110101110010
0000100010111110
1110100100010111
0010001100100100
1001010111110110
1100100011110100
0101000111100111
0100000101100000
0001110011000010
0100100101101000
1000010001001111
0101100111111101
0101010011111111
1100010001111101
0111100111110101
1010011110110010
1111111010100100
1000100011000011
0011101001111010
0001100101101100
1011001110011001
0101001111011000
0110101000010000
0011100100010001
0000101101010011
0110000000101001
1010101111001100
0001011011111101
1100101011000010
1011001000010010
0011000101111001
0101100111011111
0110101111101111
1111101101100111
1110100000001100
1011101000001000
0101111111001111
0010001100100001
1110101000001000
0111010001110010
0111010101000100
1100111011100100
1011111011110011
1110010000110100
0001111110011111
1000001000100111
0000011100011001
1011011100101000
1011001111110101
0000100010111000
1100100010101101
1000000001001110
1010111111101000
1110111100101010
0101111011011101
0111100001001110
1001111000010101
0111010101101010
0010000101110100
1001111010100011
1010111000001110
0101010010001110
0100110110110011
0110110100011011
1101110110101000
1111000101111011
0110000010111100
0011011001000100
0100101100010000
1011000001011010
0001001010011010
0111000011111110
1010001111010000
1010101101110100
1001111101111010
0001011110111110
0100101111111111
1110110100101001
0011000001010110
0110000011100100
0111000101110100
0010001100011000
1101110110000110
1011110100110000
1101100011111110
0111011000010010
0110110100011110
0100000001000011
0111001010111000
1111000100001001
0001001101011011
1011000001111110
0011000000000010
1001000011100011
0000000000001011
0001000000001000
1001100010000100
1001111100111100
1010111001101100
1010111110001011
0101100100010011
1010101000011010
0110111000001010
1110000110011110
0000101101111011
1111001000110111
1101011100010000
0011011111000001
1010100010000110
1111111100010011
1101001010001000
1111101010100010
0011000010100010
1100001001110011
0000000000111010
1101100111111011
1100010011110011
0000110101110110
0010011001001101
0110100000010001
0000111001000110
0000110011110010
1010100110011010
0001110111100010
1000111101101110
1011101010100001
1000000010101111
0011101011010001
1100110100010011
0000001111101101
0010011100011111
1110000000000001
1101101111100111
1001100101011000
1101000011000110
1001100001100110
1001010001110011
0101100011000101
0010000110100000
0110011101001101
1101111010000110
1001101100011000
0010010001111010
1000011111000100
1110110010001001
0101100011100010
0001010101100010
1010101000110000
0000001001000010
0100110011010010
1000110100001111
1011101101111100
1100001010101111
0011111100010110
1000000101001111
1011011111110010
0101010111100001
0100011011000011
0101010101111111
0100101111101011
1101110101010000
0000111011001111
1000100111110101
0111110111000011
1110111001110101
1101010001101010
0010101111111110
0011011001001110
1010110010100111
0111100111110100
0011010100110100
0000100110110000
1011001011111110
0100001100110000
0110011010001000
0011000001001011
1101001100101100
1000110110011001
0010011000111101
1010000011001010
0101111000111110
0100000110111001
1011001011101100
1000001110000011
1001100100111110
1101100000110101
0101010000110001
0101011011000000
1111100101111011
1011000010100010
0110010110100100
1111110100101111
0001010001010101
1001010100110001
0001011110101100
0000000110000111
1011010000100110
1100001010011010
0010011101110100
1001101111011010
1100111001101111
0001001111100100
0100111111110001
1110100101111000
1100000110010010
1010011111001110
1101110100000001
0100010100110111
1110001111011101
0111101111001111
1010101100111010
0110011001010111
0000010010001011
1010110000110010
1110010101100101
0001111001011000
1000100111001110
0111000011100111
1000001001110010
0011110101010001
1111011011110110
0000000100111010
1011101101111011
0100111010110001
1010001001001111
1111000000110010
1110001010110110
1000110001111110
1010011111011010
0111000110111110
0010101011000011
1001111111011111
1011010110101001
0110101110001010
0101010010010011
1010011111010010
0101110110110101
0011111010100101
0100101010010000
0110101110001100
