1100010011000100
1110010001100101
0010000111110010
1010010011000011
0100110001000101
0110011101111101
0100011101000011
1110101010101110
1100100011001101
1011111011000010
0011101101100101
0010100011011110
1001000100111110
1110000000100111
1010001001101101
0110110000010111
0100010100001010
0011110111001011
0011111001001110
1101001110011110
0000000100111010
1010011101111101
0000101101111001
0101001111110011
1100000001001110
0100010000100011
1111011001001001
0001110001001001
0011100001110111
0100111101100110
1001110010001101
1011000110101001
1101000100100101
0000011011011101
1100001011010101
0000011100011101
1100000001011110
1111111100011110
0100000010111101
0100010001011001
1000010000110101
0000101011001111
1100100011011101
1000001011100001
0001111000001101
0110100010110010
1010101110011001
0010011111111000
1011001011000000
1101100101011111
1110101011111100
1100010000100011
1100010001011101
0100010111110011
1110110001010100
1101011001011001
1101110011101110
1111111000100100
1100000111011010
1100101100110001
1100100111010101
0010101101001110
1101011001000100
0111011010001000
1110101000101000
0101010110111101
1100100011100101
0110111100111000
1110111000110110
1010011101111010
0011111111011001
0001001000111010
0100110011110011
1110100001101110
1010100001101000
0101100001100001
0111101110001111
0111001000010010
1111101011110000
1000110000000010
1000000111001010
0110011100001011
1100111001110111
1011101000010010
0111100111011101
1111001100100101
1010011000100010
0011011110110110
1101001011000010
1110011101100010
0001101001011001
1011111110111111
1110011100001000
1100011000100001
0001110011011101
1100010011001001
0001111101001110
1101000111100110
1001101000010101
0010110101001100
0111001110010000
1000100110001110
0010001110011101
0001100100111101
0000000000110011
1101100001001101
1110010111011110
0110111011110000
0111011001011011
0000011111011111
1101101101110100
0011101001100000
0101111011100000
0110011010110100
0011010000111101
0011101010011101
1010110000000101
1101010101100001
0001011011001111
0011101011100000
0110101000111110
0001111011100011
0010001000010000
1100100110000010
1110110011111110
1000111101001010
1100110101101001
0000110011010011
1000110011000010
1110101010000111
1010001111111001
0100001010101000
1010100001000010
0100101010110101
0010101110111000
0111011100111101
1011001101101001
1100111011010000
1111111011000011
0001100001111100
0000110110001001
0100011110100010
0001111000011101
1100100001110011
1011010110000110
0101110010010011
1110111011101000
0010111000111110
1001101101000111
1111001001011100
1011100000100010
0101101000011011
0011101010001100
1100010010111111
0010000000011101
1000011001101010
1101100011001101
1010111010101101
0000101000001110
1100001000010010
1110010100110101
1001011101000000
0000010011000110
1100001100000011
0101010010000110
1111010110111110
1000110010000111
1101110100110001
1000111001100010
0001110110111000
1000111000000010
0001100011010001
1100101001101010
1001110010010100
0100111001100111
1010100001100011
1001101010001110
1110101111100100
0111110111001100
0000110110111000
1110101010100101
0011001000100100
0101001001100111
1000101110100010
0010110110011110
0110011001010110
0011011101000110
1011110100000010
0010000011101101
0001001111010001
0001100111001011
0000100110101011
0100111010110000
1010100101111010
1110011010000010
0010000101001011
1001000111101000
1010101100001110
0101001000101011
0100110101001010
0111000101100011
0111001110000011
0110011001001011
0010110101100010
1001110011000100
1011111101100110
1101011100010010
0111011100001001
0001001100101010
1100111010111010
0100000010011010
0011010110010000
1010000001101110
0011101111111011
0010110100111101
0110010111010111
1011010001110101
1000101001100110
0100100000111010
1111111110010010
0111110100111101
1011101011101010
1011111111001011
0110010110101010
1001100111010100
1101001100100100
1001010001011010
1110100111010100
0100001001100000
0000001100001011
1111100010010111
1100010000010111
1011000111100101
0100011101001011
1001001100111101
0110011001101011
0000001100010100
1000100011110000
1101000011100011
1100000001000011
1111100101111001
1111110001111111
0011100000110000
0100100100011010
0010001000101011
1100101110101111
1001001000000010
0000000101001101
0110101001010111
1001010010110101
1011010101001111
0111010111111110
0110001111010111
0001101100110011
1001100100100010
0010101011001000
0101100000110001
1011010011010110
0010110100101011
0000100110111101
0111000001111100
1110001111110010
0110110110001010
0101000011010111
1010001101000010
0000100001110000
1001101000111110
1100000010010110
0111101011110000
0100010110110110
1001011101011010
0100010000111100
0110001111110111
0001000110010010
0111111000100111
0110000010011010
0001111010111110
1100000011011111
1110000010111100
1100100011110110
0000101100101111
1101111101010110
1000100110100001
0011000110101100
0010010100111001
0011001100010000
1001000101101011
0011000000010000
0001111101001001
0100001001001111
0100111000001000
1011000110000111
0100000110100110
0000110100111000
1100111011011000
0001011010110101
1111110100100000
0111010101100001
0110101001000101
1100110000010101
0111111110111001
0000011111001101
1011000011001011
0110100110010111
1111110001011000
1000001101101000
1110001001101010
1000110001110011
0101101001000111
1011100110001100
0100101101011011
1011111010101101
0100110001000010
0001011000100011
0101111000000011
1100110010000000
1010101111011100
1111001000100010
1010001001001110
0100101101010001
0100000111010110
0001011000110010
0111100100011110
1111001000001101
1001010001111000
1011101110100110
1010101010100001
0101110011000110
0100111100000011
0010100100000110
1100001110111101
0111101011110101
1001010101011110
1110110101001101
1100001000110101
1100111001101010
1100000010111101
1111101110100001
0001111110001111
0011010100111000
1000010101000101
1000010100000001
1101001110010001
0011100000101010
1101100010011001
1000000101111111
0011110011000011
0101100011010011
1100011101110100
0011001000000000
1011110110011101
0011100111110111
1010010011111000
1011001100010001
1111000111111011
1111000111010011
1001001011101000
1101110011000100
1101010101011100
0110110101011000
1010000100110010
1100000011101011
0101101000010110
0100100000010010
0100000010011111
0011111110110101
0010111001001110
0011111101010000
1100110100100011
1101101111011110
1101011111100101
0000101100010011
0111010100111110
1111100100101001
0010111100100100
1010110101000001
1100011001101000
1010000101000001
0000111100000001
0010010110101101
1101111100011100
0110011010000010
1111001010000011
1000011001011101
0000100100101100
1010011001011000
1010110100010001
0100000110011011
0001010100111110
1111000001111001
0001000000010100
0100011010000010
0001000001111001
1011000111101010
0010000100011110
0010011111011010
1111001100000010
1010110101001000
1100001001000000
1011011110001010
0110101001110100
0101111110010100
1100010001000000
0010001010101000
0111101110100011
1110011110101001
0011011111001110
1111010111111100
1011000100110001
1100010111111010
1111111010010111
0000110100010110
1100011001000000
0111010000100001
0111001000000000
0110001010001111
1000011100010010
1101000110110101
1110000000000010
1001000000011010
0010011110011111
1000111001110110
0000111110001111
0110010011000010
0101001111101010
1010001011111000
0111011000001101
1011000100011110
0000101101101000
0100010101110100
1010110101100011
1011001100110011
1001100110101000
1001011011111000
1100100001110001
0000001100111010
0001010011011001
0101011101011100
1110001011110100
0011100100010100
1100111111100011
0100010101001000
0001110100100010
0111110100010011
1001010010001011
0100011001101111
1110011111101000
0000001110110011
0110010011101110
1111010000001111
0100011000111101
1100100100011100
1101000100110010
0011010101100100
0100101001100000
1110101000000001
1011011110001111
0011101111001110
1001011100001110
1001110000111000
1010110100100001
1111010001110000
0100111001110110
1111101010010001
1101100111111000
1100000110000010
1101001011110000
0001110100111010
0111001101111000
0001010110001000
0010111010111011
1010101110010001
0011010001010001
0011110111111011
0111010100110010
1100001010110101
1111010011110001
1111111100110000
0000010100000111
0000100011100011
0100000111111101
0101110010000101
0001001001000000
1011001110010110
1011001010010001
0001101111101111
1111001001001101
0010101001011111
1011100110100110
1100010100101100
0011011011001100
1111110100110000
1111001000000110
1011111000011101
0010100010011110
1001001100000101
1101110110101110
0111111110101101
1010101011010001
1110001101100110
0000101000001101
0100111100001101
0110000111100000
1011101001001111
1110111001011101
1001101110000000
0100000011000111
1010010000101000
0010111011100000
1000100100110000
0101011000110011
