0111111000100000
0110101011111111
1101000011110000
0110011010010000
0011001000111011
1001111100000011
1000111111010001
0111001101001111
0111100110110101
0001100001010000
0001001100111101
0010000001101110
1110101111010010
1001010100111000
0110101000010100
0001000111111111
0000000110000100
1111001000010110
1101110101010000
1101010100011101
0011001110101101
1101001110110111
0111011111001010
1010100010000001
1001011111011000
1101001001001001
0111101110111000
0101101101011010
1111110011000111
0011010111101011
0101011111111001
1001001111100111
0011100100001010
1100001000110100
1000010101001010
0001000011110111
1111100110010010
0000101011000100
0110010011100110
0000111111011001
0010001101100111
1001101110110111
0100101011011110
1001110111101011
0111011000111111
0011010110010110
0010100101111001
1101111101011101
0010101111111001
0111111011010110
1010100011010110
0110101110000010
1110101011110011
0010000010001001
1101000011100101
1101001010011010
0001100001101100
1101001101110000
0100000000101101
1111000110011000
1011111011111001
0100111100000110
1010110000110000
1100001100101011
1101101100010110
0000100000100010
0010111000010110
0011011000111101
1010010101101011
0100000101110100
0101111101110101
1010011101011011
0011010111101010
0101111000010010
1111101101110101
0110110110001101
1111110111000110
1011010010000011
1001011110001100
0100000100000110
0010011011101110
0010110101110010
0000010000110111
0010101111101010
0101011011100111
1100101010100101
1000100000110010
1011100010111110
1000101111010001
0001100110111011
1100000110000111
1101101001011001
1000010110010000
0011101101100110
0001001111110111
0010100110000011
1110110011001011
1010011100010010
0011111001000010
0100101000000100
0111100010001110
1000101011101101
1001100000010100
1110110001001100
1110001100011101
0000111100100111
1010110011001010
1111100010111110
1010010000000101
0001010001010101
1111000000111100
1110101110101011
1011010001100010
0010111110011000
0101010010011000
1010111101100111
1001000001001010
0011111110010101
1011011011011001
0110110011001000
0111000101001101
0001111101100101
0111101011100110
0010011000010010
1001001101010000
0001000110111001
1010100000101000
1110101001100010
0100010001011111
0001100010000001
0000110001101001
1111111110001001
0000010100111101
0000111000111011
0000111010011010
1110110111100110
1101101010001011
0110100100100111
1101000000001111
0101110111100001
1000111011110001
1111100101000001
1101001111110110
1111110011101110
0101011010000010
0010001000111010
0010011010100110
0011001101010110
1001111001010110
0111010110000011
0001111011100001
0100011010100001
0110010101010100
1010010111111001
0100111111100000
1110100100101000
0001100101011111
0111000111100010
0000100101100011
1011001100000100
1001011110101010
1010000001101001
0000010011111000
0011100011001011
1101111101000110
1001000101010000
1110011011010000
1010001010011110
1110000000101011
1000011010011011
1110010001100100
0111111010101001
1001110100000101
1110110101001101
1101001011011110
0111010000010100
1001110001111011
0010110101101011
0101000101100011
1010000010001111
0011100001101100
0101110010110111
1101000101111100
1010111010011101
1010100110110101
0111001110101011
0111100100011110
0111110011111001
1110100101111011
0010111010000110
1100010100000101
1111010011000010
1000110000101110
1001000110101011
1000001110010000
1111100010111101
0001100001110110
1001111111110010
1110011000010000
0111101111110011
1000001011001010
0100110010010000
1011100000001111
0101110110000000
0010001110100111
1010100101100000
1000101000100111
0110000011010010
0011000100101001
1010100101001000
0101010110110010
0011001110110011
0000010110001001
0010000000011010
0110100111101010
1100111100111111
1110000101010110
1110110111110001
1101011111011101
1011100100111000
0100000100011111
1101110000011010
0100001101011001
0110101011111010
1011111110010010
1000100110010111
0001011101000001
1011101000110100
0001011000100110
1100000000100010
1001111100001101
1101000111011001
1000110010001100
0100101111011001
1000110100000001
1101010001110011
0110111101110111
1101101101110100
1110110100110000
1110001110101001
0100001111101111
1101110010110011
1101101000110110
0010001110111010
0100101111000000
1110110110011111
0010010000000000
0100101011110001
0100010011100110
1110000100110111
1011100111010100
0011111100000001
1010100110011011
1010011101100111
0010011110101110
0100111011111110
1011101111110011
0101010001011001
0111001010010110
1000101111011001
1010000100111101
1101000111001011
1001010000101101
1011100101110000
0110001100100101
0100001100111000
0010010101100110
1001011101111100
1000110000110010
0010001111110001
1101010101010011
0011011001101011
0011011011111110
0110100001011111
1110100000101111
1101111110011001
0100001011000100
0000111111010001
1010011010101010
0000101011101111
0001000001001000
1011010000001000
1010001001110110
0010001111010110
0101001110111001
0101011110010011
1010110101101110
0010000110100011
1000101111011111
1010110110110001
1110111111010010
1000001001010010
0011000001101101
0000001001000001
1000100000100100
1010011000001101
0011110101001010
1100011001011101
1001100111011111
1110001010010000
0011111000100000
0110000100010011
0010010101111110
0111001110110101
0001001101010010
1111110010100100
0010100111010010
0001111011111011
1101010101000101
0000100101000011
0100111001011010
1110101001110010
1111010101001001
0011100000111100
0000100100011100
1111110101000010
1111111110110000
1010010011110110
0111001101100000
1100110000101011
0010010100000000
1001110001101100
0111111001100001
0101101010100011
1000100100110000
1010001110010010
1001101100101001
1100000101110101
1011011011100100
1101101111010111
0000000010010110
0100000001010110
1110100011001100
0100101000100110
0001001001010000
1111111111001000
1011100000111111
0110011101110111
0101001101100010
1111100100101001
0111111001011110
0010001011100100
1000001010111011
0111010000001111
0000000110100011
1010000011101011
0011101100110010
0011110001110100
1100000001001101
1001101010111100
0111101001111000
1101100001010010
1010010001111010
0100011011010000
1110000111001011
0100001001110011
0011110111111011
0101111100100011
0010010001110111
1111010111011011
0100000001011110
0100101111011010
1001000101110100
1000100011000010
1000101110001000
1000100111001101
0000000000110001
1100000001101000
1111111010100000
0001101111001001
1011111010000110
1101000010001111
1111011000001111
0001001011010011
1111001110010000
1100110110100111
0010011001101001
1000010111100011
1001010110101001
1101100100101010
1000110001010110
0000011100101010
1001101100010101
1000011011011100
0111100101000001
0010110100010010
0101110011101101
0111001011000010
1000001001010100
1011100101110001
0001010111100111
0101111010100111
0000101000010010
0110100101001010
0001111001110000
0011100010101001
0010100011001000
1000100111101001
0111111101010011
1000010100110100
0100011111011100
0101101010011111
0010011100001000
0010110000011101
0010110111011000
0100001001111000
1000100110001000
0100010101110001
0111010001011011
0101011110010011
1000101100000100
0011111111101001
0111100101101111
1011001111110001
0111010111001010
1010110000101001
0100101000001011
0011111111101000
1110010111011011
0110100100101100
1111000001000000
1111001110001111
0010110110111001
1010000100001011
1001000100101011
1110111001110001
1001011100100110
0100111000001110
0111111110000010
0101011010111001
1010001110000000
1010110000101110
1101110000011000
1111111111011010
1000111001011010
1001010111011011
0010010110000100
1101011001000101
0110001110011011
1011010111100100
1010101010100001
0111011000100001
1100010110010010
0010010100011110
1111110110111111
0101110101011111
1011010000111100
1010000001110001
1111000010100011
0110011101011101
0011001101101011
1011001111111110
0010110011011111
1111001100000111
0000010001010101
0111100110110001
1101001010010000
0110001100010100
1111100011011010
1010011111110100
0100100111101010
1110010100001110
0111001110011001
0111100001101010
0111100100011011
1101000001000110
1011100100010000
1110100110000010
0000110100111100
0001001000010111
1101000100011111
0111101001000100
1011000110110010
0000000101100111
0010010011101101
1000111111110010
1110100101011011
0110111010001001
0100111000110000
0110110011111000
1000000000101110
0101111010111111
0111001111001011
0100000111001011
0111010001101011
0000011101110111
0111010010100000
1000010000001111
1010110000001000
0101101010111101
1000111010110111
0101110000110100
0010101011111011
0111001010011000
0010010001000110
1000111110101011
1101001111001101
1000011111000010
1011101011001001
1001010010110010
1001000111011101
1000000110010001
0001000011010010
0100001010111110
1001010111110101
1010001100010000
1000010011100011
1010011100110000
0100001100101010
0011110010001100
0000100011011111
