1111000000011001
0101001001011110
0011111010011110
0010110110011000
1010100101101000
0100100110101100
0011011001100000
1110011111000111
0001010000001100
1101110000111111
0100110011001111
1110010110011100
1001001000001001
1100001011100001
0011001010001000
1111110001011000
0001011111110011
0010111110111101
1100000010001111
0010000100011101
0011111011110100
1100101111110101
1100010101000000
0011010001010010
0001100011010001
0011101001010001
0111010010111010
0000010011111100
0010001011110111
0000011111000010
1110011001000101
0100011010110100
1010010101110001
1110011011001110
0000101010110111
1001100001111110
1101011001110001
0111101101111010
0110101110011011
1001001100011110
0100010010101011
0000010001010100
1100100000001101
1000000000101011
0100011010101110
0110010000100101
1010110111101101
0100111010101110
0001100011011001
1001000110010100
1111100010001010
1011001001010010
1110011001010100
1110011101111011
0101110111101000
0110111010001001
1101101000010101
0101111111000001
1011110001010100
0110000001001010
1110001111011100
1010110100101100
0000101111000100
0001000110100000
1110101000101111
0110000100101011
0101010111000000
0101010000001111
0000000100001010
0001111011000110
1101011111010010
0000100011110100
1001010100000100
1100010110000110
0100000011110010
0100001111101101
0110011011111011
1010011110011101
0000110110001111
0011110110110010
0010001111010001
1011101110111010
1111100011010111
0010000101010111
1001100100010001
1111100000110111
1111101111010010
0010100110110001
0100100111010101
1011001000010100
0000110011001100
0111001011000000
0100111010110111
0101110110000111
1010010111101010
0001100110011000
1110011101001110
0110011110010110
0100111111101011
0100010111010100
1101010110011011
0001011101101000
0011100000000000
1010100110010000
0000110010011101
0001111001010100
1110001110000001
0110110101100111
0101111101100110
1001100110000010
1000001001001111
1110000001100100
0101000100100111
0001100010010010
1110001110001111
1100100010011011
1000110110000011
0111110001000011
0100100111010011
0001100111000000
0000110010000001
1001010111100001
1100001100001110
1101001101000010
0000010111011110
0101110100011000
1101011000010100
1101101110000101
1001000010011010
1100011101001111
0101110101000100
0110000000111100
0110000000001000
1000101011000011
0110000110010111
0011000001001010
0011000110001100
1110110000100010
0011101011011101
1110011010001100
1001110110111100
0001110101010100
0110001001000111
0011001011110101
1100010011100101
1110101011011110
0011111100011100
0000010010101101
0100011101111110
0111010000000011
0001101001010000
0000000011001001
1011000100000110
0001100001011000
0101011100101010
0110010011000011
1001110000100110
1101011000100000
0011110110111010
1001100001010101
1100000000101111
0000100110001100
0110010001011100
1010010101010110
1101010101111110
1100010010001100
0101111001011101
0101001000100001
0011101101101000
1101011101001011
1010001101111011
0000001011100111
0111111101100111
1111000110100000
0100011001011011
0001000110101100
0001000011110100
0111110010110100
0111000110101100
1010110000000011
1010110000000111
1000100101111110
0100110111010010
1101011100010111
0110000101011010
0110110100010100
1111011001001000
1111100001101011
1101001000000001
0000100111110101
0001100010100010
1100011011001110
0100000010111101
1100010101101100
1001001111100101
0100000100110110
1000011011001000
0100001101111110
1010100100010000
1101011000010101
1111100110101010
1101100101000000
0001100100010010
0100001111100110
1100110100010000
0011100011101110
1101111110100001
0000110100111101
0001001100101001
0100001001110010
0101101011111101
1010000100001101
0110110011011011
1111011000011001
0100110101011010
1000010001011000
0101011001100110
1101010111011110
0101001010000101
1001110110010001
0110010111010011
0010100010111111
1111111100100111
0110110000111010
0010100001011100
0011100010000000
1010010100110100
0010101011100111
1100000110110111
0110001110111001
0101001010101101
0001000011000101
1001100101010111
0110010101001101
0111000100100111
1000000010000100
0110000100101010
0011000001111000
0110000001100101
0001100000011010
0100100000111101
1110100110101111
1101001001011111
0101001001011101
1011100011001001
1001101111010000
0011000111000101
1010101001111000
0100100101111000
1101000110000111
0000111110001000
0101100110010101
1101001100001000
1111110100001111
1101011001101001
0000100000011111
0110101001111100
0011010010010000
0100001001000111
1101001111100100
1001111011100000
0111000101111011
1111111001000010
0010000011001011
1111111011100000
1001000100100000
0000011011010110
1011100011111010
1101011100110000
1010111100010011
1100111001010111
1100000011100110
1111111110101000
0011001111010011
0010100111010010
0101100011110010
0110010000010011
0100001000010001
0000101001100110
0100001001011110
1010000110001101
1001111010000001
0111100010100000
1110000111001011
1000011110001000
1001011110110001
0010001001000001
0010010011011101
1110011011101000
0001000011001011
1100100001011011
0111100010010100
1000110100010011
0101100111011101
0001000100001110
1100000100100101
0110010100110110
0010011100111100
1000001111011010
1101100000010011
1001101110101100
0101010011010000
1010110001111111
1011111100101000
1111111100111001
1000001011110000
0011100100111010
1010000111110100
0011100001001100
0110000000000011
1110011011011011
1101111000111000
1111010100111010
1010101101010000
0011111000011101
1111111000010101
0111001010111001
0100010110001000
1100110001001100
1100100010101001
0010010010110100
0011100001100111
1111010010100011
1010011101101000
0000110111110111
0100010011001011
1010100101111110
0110110101011011
0001111100100100
1111011100110111
1001110000110000
0011000000111100
0001100100101011
1001011010011010
0110001111100101
0010110111000111
1111011111000011
0111111111001001
0111010100110010
0111100010000110
0111001110110010
1000101010111110
0000011011010110
1000100010000111
1111000011001001
0001110000010101
1101100010001000
1110011101101010
0111110011010000
1111000011111011
1110011110000001
1111111111111101
0101011000011111
0110101011010011
0010000000101011
0110100000100101
0000000010001110
0100100011111111
0001100011110110
0110010011010000
0111110101001100
1010011110000100
0111111101011001
0110011111000010
1101010110010111
0111101100000011
1101110001011100
0101000111010100
0001110101011001
1101100111000100
0110001101001100
0110100010111110
0101011011101001
0100001101010001
1000111110001100
1100001100000001
0110101011000100
0000100101000101
1110001011100001
0001101000100100
1010110111101110
0100100000010000
0010001001011100
0010100011010111
0100100010010110
0110001001000001
0010011111010101
0110101000000100
1111111111011001
0011000000100110
0001011110000101
0010110111001000
0001110010000101
1011001010111010
0110011000001001
0100010000110100
1101101101011110
1101001001010001
1000010100110001
0001011110110000
1000000100001111
1000111110000111
0000100100011110
0011001111100101
0001001010011111
0010110000110110
1110000110001100
0111010010001011
1010011111101110
0011010111101001
0100100100011010
0110010011010111
0101010101101110
1101010100000000
0010010000000100
1011001101100100
0100000110101100
0111110010111111
1011010010111010
1111011101101010
1101111100100110
0001111110111111
1010011101100001
0011100000111111
1011000000011111
0000111010011110
0101000101110110
0000111110011110
0110110011011000
1000001101111101
1000101100000100
1011010001011000
0001010111001001
0100101100001101
1111101010000010
1101101100110010
0010100011000111
0111000001101011
0000010111111011
0011011010100100
0000110110111100
1111000111100011
1001110101001000
1011111011010011
1101101010110110
0010011010101000
0001110001010000
1100000110011110
0101001011100000
0000101011000100
0101011110100001
1011100001101000
0110011111000111
1011000101001000
1101001101001011
1010100100001001
0000001100010111
1010001110101001
1010101001001001
0111001101011111
1000001101110010
1001010100100011
0011111111011111
0011110000111110
1101000001110001
0101111000101101
1010000001011100
0101010111111101
0111011110001011
1010011011101011
0110011111110001
0100001011110100
0010010010001001
1110011001000100
0101010000011101
0011111110001001
0011000000001101
0011001101010101
0010000101101100
1110110010101011
1001001100001010
1011101011100101
0011110010110101
1010000011010001
1000001110001001
1100010111101010
1001001001101010
0000111001100011
1100001100101010
0110101110110111
0010111010010111
0111100011011011
0110001011010110
1100001100100010
0110010001001101
1110111100111101
0100000111010110
1110011101100010
0110000010000000
0111010001101100
0000110101111110
0001110110100110
0011000111111011
0111010111101010
0000111111101101
0011101101011011
1000110100110101
0100110010110010
0011001001001000
0110000101100010
0010101010001000
