0011000000000010
0001101100001111
0010000011000010
0011111000011110
1111111100100100
0001001100010010
1101011110000101
1110010011001110
1110111101110100
0000010011010010
0100110000011001
0110011101110000
0010101001010100
0011110010110001
1011001000001101
0010010010111111
1110011010001101
1011000100001010
0100100101100110
0010110011000011
1101011001100100
0001100111001100
0110101111111110
0001110011001010
0000100001001100
0001010011110010
1110001111000111
0000001000110000
0000100101001100
1110100011000001
1010101010110111
0101111110011010
1110111010101001
0100001100101101
1001001011110110
0011101000111111
1100110111111101
1110010001110000
1110111001001011
0001110111001110
1100100110001011
1000001011010000
0000101110101100
0111000000011011
1101011010111111
1101110100011001
1011100011011111
0110110101001010
1011000001100101
1010000000110111
0110100001001000
0110010111101100
0011001110111111
1010011011101110
0110010100110100
1001100100101011
0010100001110111
0110100110011101
0000111000101110
0001110110111110
1000100011111110
0011001011011001
0110100111100100
1111010000011101
0110001101100110
0101100000110111
1111011111100110
1101101101001111
0111010111110010
0100010011001000
1101110111000101
0111111000001111
1100100111110011
1011001110001011
0001000111000011
0011110100100101
1011010101011010
1000000110101101
1110100110101110
1111111011000011
0010000001110001
0110101110101111
1001111011001011
1111000111011100
1000010110110111
0010010001010011
1010000000100100
1001110001011110
0100001000000111
0000111110100111
1101101101000011
0010100001110011
1001010010100101
1010001000111000
1001110001100001
0001101111101010
0100011010110000
1000000110110011
0111111000100000
0101111100100000
0101111111011111
1001100111100001
0010100000001111
1010000100001110
0011011011110100
1111111100011101
0001110100111001
1100010101010011
0000101001111111
0110010000100000
1011101000010101
1010101111001000
0111100100011001
0010100111000101
1110011110100110
1001000100101111
0111100101011110
1101110000110111
0100011001111011
1110000011011101
1111000011010010
0010010100010110
1111010000100110
0101111010001000
1011110100100100
0001100111010011
0101110001000100
0111001000010000
1000111101011101
0011110110011110
1110011110100010
1100011001111010
0101011110110100
1111010000011100
0101110111101110
0100001100100101
0011101100011001
1101000110101010
0010100100000011
1111000100011010
1000010001110010
1010100010111000
1101000000000111
0101000001110001
1100011111001111
1011101011100010
0111001000111001
1000010000110011
1111010010011010
0011111100010110
0101011100100010
1101100010001101
1001000011001011
1001110011001110
1000010000011110
1011111110011101
1010001100001000
0000101001100101
0101011111000110
0001100011000001
0010100111100100
1011100000100000
0111010111010001
1100010100100010
0010010100100101
1101010001111011
1010011000110010
0010110101000111
1110111001000110
1111110110100111
1111000010111101
0010010101011001
1011001110101000
0100111111110001
0101011100010110
1010001100110011
0111010111111101
1100000011010011
1000110000001010
1011011010100000
0100110011011100
0101010100100101
1110000011000101
0000001101000100
0011001001100010
1100110100110001
1000111000110000
1011010001101110
1101010101001110
0111000100111100
1010001010110100
0010010110111011
0001011011010111
0110110001001101
1110110011010000
1101110011110111
0001011011100101
0100011101101110
0111100001111100
1010111100101101
0010100010111100
1001101100100110
1101111101111001
0101010010001100
1001010000101101
0110010110010011
0110000011000110
1110001010101010
1010100011011000
0011001110111001
0100000011011000
0111010111110100
1111000110011111
0110000110111010
1111101011000111
0011000100010110
0110111100110110
1111101001001000
1110100011011101
0001000010111111
0000101011100100
1110010101010110
1100011100001000
1101001111011101
1001011111011100
0000010011100100
0111100001000110
0011001000100011
0110011010100100
0000010011110110
1111001100010100
1101111101010011
1001001110010110
1111000001111100
1111011011010000
1011001011011011
0001100100111000
0100011110100100
0011000101000000
0001010000110110
0011101011111110
0111100111100110
1110111110100110
1000001011011011
1111000000110001
0100110111110110
0111100111000000
0110010011100101
1111010001010100
1010101110110001
1111011010000100
0011000101101100
0011100000110101
1011110010001110
0111111001101001
1001011100000011
1001111101110101
0101101000001001
0110101110111100
0101000000001011
1110011101100100
1001010101101011
1000011011011000
0100001111000011
1111100111001010
0010000011011011
1111000001001110
1111101001010001
0011000011110101
0110111010010010
1100100110100101
1011111011000000
0111100101100110
1011011101100010
0101011010010110
0100110001000010
0001111110100001
0101100011011001
1011110111101100
1110101011010010
0100001110000001
0100111011001101
0110010100000100
0100111100101101
1111111011110000
1101000000001100
0101001000111100
0111011001001010
0101000100100111
1011100010100011
1110000101100000
1110101001101011
1101101100001101
0001100001011000
0011000100101000
0011011101011111
0100011100110011
0010100101101110
0111100011001010
0011001101001101
1010110100010000
0000100101101011
1101100100000101
1010111010001010
0101101000111011
0110011001101110
0101110110101100
1001001101000110
1110101110101111
0011111000111100
1100010011000100
1100001010001100
1110110100000001
1011111010110111
1110011111010101
0000101001011101
0010111000110011
1111001011110011
0110001110110101
1101100110001101
0110100001101110
0110111010011101
1010011101010111
0100101001011010
1100010100011101
0010110111110010
1001100001100000
1001110010110111
1010000110001010
0110111010011111
0110111001001011
1001011001001000
1110001100001111
0000101010111000
0111100001010000
0111100010101010
0000001000001010
0101001001110000
1010111111000101
0011100110001110
0001011111010001
1011101101001111
0011001000110010
1001110001000110
1001010010100101
0001011001110010
0110100011011000
1111001111101011
0111111111011101
1111110001110010
0011111110101101
1101010011111101
1111100110110101
0000001111100111
1110010100110111
0000110001110010
0110100101101011
1111101010111000
0010010100000001
1000111011011100
1111101010011001
1010111100001101
1101110010000001
0011011011101101
1011101000100100
1010011010110011
0011111111011000
0101011100110100
1001111000011010
0010100101000100
1001000001010001
1101101100101101
1110110111010110
1000100011000010
0101101000110010
1110110011100101
1101100101001101
0010100011111010
0100110100111100
0101111010101010
1000000010011010
0101001011111111
1110100111000100
1101011101100011
0111000010010010
0000001010100111
1010010001011000
0111110100101010
1010100110011001
0110001111100110
1101010001011011
1111000011001011
0100101011100000
0101101110110010
1101011010100100
0101010110010111
1111101001001101
1101111111010001
1110011101001001
0000011100110111
0100110010000001
0000101011110000
1111000111000001
0101101011111010
1011100011011101
0110111011000001
1100011000001000
1100000110110000
0101000101101011
0000101001001101
0010111001001111
0001010001111101
1111101001000011
1110110001101010
1101110111110110
1111001111000101
1100101110001001
1011010000111001
1001010011011110
0111001101010010
0000001111000111
0111010111010000
1111101010100011
1101010110001010
0111000010110011
0111100000110101
1011011011111111
1101011011111000
0111110000010001
1000101111101000
1110100110111000
1011011011101001
0000001011010010
0110100011101111
1010101010111001
0100110001010110
0000100100110100
1010010110100000
0101100100111001
0111001101011111
0111111111001110
1001001110110010
0000110110011100
1001111100110001
1111011010101100
1101100101111000
0111000001001000
1100100000100110
1010101011111111
1011011001010000
0011010001100011
0111011110011100
0011011111100001
0110110000010010
1100001000111100
1100000010000100
1100010100100111
1101011011001100
1001101111011101
0100011001011111
0010011001111010
0011001011000011
1111100101110000
0010110011110001
0110111101000001
0011001011100111
0000011000000101
0011110010010011
1101001000111111
1111110000010000
1000101110011011
1000011101110000
1110001011000001
0011000110100100
0000011001000010
1101100101111111
1100101111000110
0011101110010101
0010001110001101
0111111111110100
0010001111000000
0001001101101110
0100101000110000
1111010111111110
0101010100011110
1001001010000100
1011001010000011
1101010011111100
0011110101100000
0011100101100011
0100010100001001
0101010111110011
0100110000110110
0110010110011110
0100000101100010
0100110111001101
1000001110100010
0110011010011001
1001101000110000
1000100010110110
1111100110001010
1001101011100110
0100011011011010
1101101100011100
0100010000101011
0111000111001100
1000011010011111
1100100011001001
0000011101101111
0000111101111011
0000111010101101
