1111000010110001
0011101011111100
1010001011110101
0010000011001110
0001001110001010
1010100011100011
0101000010010111
0100000011110010
1111111100001000
1000001010101100
1111010101110010
1111101110100101
1000011110000101
1111111011010110
0001000111100011
0101111111001110
1001001111001111
1001011100000010
1001000110101111
0011000110011010
1001100000110101
0100010100011001
0100101101100010
1110010111101010
0011000111110101
1110100010101010
1011000010101110
0000011010110001
0001001101011110
0000101101011101
0000111101010110
0111100100101000
1010101101100101
0010101001001010
0000010111110111
1110111101111011
1001101100000001
0100011011100000
0000101100100101
1100101011100100
0011000010111011
0100000011010111
0000111000001011
1101001001100110
1011011001111001
1011111001110000
1010100010100100
1111101010101000
1111010000111001
1011000011111101
0011010100111111
1010110111000100
1101100010011000
0111101000101100
0111111011011100
0010111000010001
0111101000010110
0110001011001111
1100101100100010
0110010111110010
0001011011011110
1100000000110010
1010010010111100
0100010101110111
1111100000000000
0001100111001110
0011101010011100
1001001110010001
1110110101111111
0110010000101110
0111011011101000
1011011001100011
0000110011011001
1110100100111111
1011011110111001
0001100010110001
0101101100010101
1111011101100010
0100111010110100
1101001000011000
0100111100111001
1110110010010111
1011000001110111
0111000100011011
0000110010010101
1110100010110011
0101110111100101
0011001011000001
0100001000110101
0000100110000001
0101101010100010
1100010111101100
0011100111000111
0100110100101011
0000111110000110
0011101000000100
1110011101010101
1111010000011101
0101100100111001
1101000000110110
1110001110011110
0000111000011110
1111111010111110
1111011110101110
1000010010111111
0001011100001100
1101011111100100
1010000010110001
0110100111001100
1000010001100001
0111010110001101
0001000001101010
0000010101001110
1000000110000001
0111110001110101
1001101111010110
0111001111110011
1010001010010100
0001101101100111
0000000010011011
1111101100110001
0110111101110010
0001000000001110
0111000011111011
0110001110011010
0100110001100000
0101100100101000
1010100010011001
1111000010001010
0101101111000101
0101101010000111
1001000110010010
1010100001010101
0100111100101011
0111011100011011
1010001100110000
1111010111010011
1100110001110111
1000000010101100
1001001010001110
1011000110110011
1101010011001100
0111000001100101
0101110011101000
0100010101110010
0110110000100100
1000000011001100
1011001101011100
0001101001110110
0001101010010000
1100010110101101
1100111111011011
0000000010111101
1100000000110010
1111111001010110
0010001101101000
0111000000110101
0000100011111011
0100111110001101
0000010101101101
0101000001010111
1110001111101010
1110101000110100
0001001101011011
1000100111111101
0000010101100001
0101001011001100
1010010111110000
1100001100101011
1111001101010001
1000001111011110
1011111100100101
0010110111101000
0110111100000010
0000011001000000
1000110100110010
1001010010000100
1100111000100000
0111101110100100
0110110101000010
1101000100111100
0111111011010010
1100100101110011
0000100010111011
0011001100100111
0101010000100001
0000000100111000
1001011001001111
0011001110110010
0111010000101011
0100000000111010
0101001111100100
1010110111110111
1011011001100100
1001111100110100
0010100001110111
0101010110001111
0010010010000011
1000110000111101
1001011110001011
1000100011010001
1010101100001110
0001100000110101
1011011101010110
0001100101101011
1001110001000100
1111110111001011
1111101010101110
1010001101000011
1110100011001011
1001000110111101
1100000101011100
1101100101101001
1001110001001011
0010111101111011
1000011100100111
1110011101000100
0110010101000011
0100100101000101
1001010011101010
1010111110000110
0010011100111001
1001011111110100
0000110001100101
1001000100000100
1011010001110000
0001110010100111
1111001111000010
1001011101100101
1111001110111001
1110101110101100
0100000100111110
1001001000110110
1001001110001101
0011011011010100
0010001010100110
0111101001100101
1111001100011000
1011001001111010
1001000001010111
0000001110100111
1111010111111011
0101010001101000
0101000001000110
0010100000001100
1000101111110100
0111001010010011
1110011011111111
1011100001110100
1000100000010000
0100001110111111
1011010111000000
1110100100000001
0101010001101110
0110101111010001
1000001010000000
1011011010101011
1001001100011101
0011101101111111
0111010110100010
1010000101100111
0100000100001110
0011111101011010
1111011101111101
0011100011110010
0000010000111101
1000001100110011
0010101001010100
1101011101100000
1000001010010001
0010010010001100
1100100011000011
0011010101010100
1110001110010010
1111000000110100
1111000101100111
1100010001011101
0001110100100011
0110101000000000
1011101010000101
1000000111000000
0000000001110111
1101100000000110
0110100010101100
1111001101111011
1010110100100100
1110001100010101
0110010100100010
0111111101110001
1010111000000000
0010100001111110
0001010111001110
0000010111001100
1100111010101111
0001011101011111
0101011011010011
1111100000101100
0100011100010000
0010111111000000
1110101001110011
0100101001010111
1111011000011001
1000111011010010
1101100000110001
0010000001010010
1111001011010000
0011111001110000
0001000001010010
0111001000101101
0111100010110000
0001111011010011
1100110001011010
1000001000000111
0010111111101111
0000101111010101
1101101111110010
1000011010100100
1110101000101000
1111001110010000
1010011110111111
0101010111100101
0110011001101000
1111101100000100
1111011100000100
1000110000101000
0000110101001011
1011110110011100
0110101100010000
0001011000001110
0111011110111010
0000011001100110
1000101000011011
0110010100110001
1100011110100110
1010100001001010
0010000100000101
0110011101000100
0100100011000101
1000001110000101
0010001100111000
1010110010000010
0111010000000010
1101111000011001
0010101000100001
1011111110111000
0010001011100001
0001110110100001
0000001110001001
1111101011110011
0011110001011000
1010100110101011
1100100010011111
1001100110010011
1010001001001001
0000111110110100
0000001000011101
1111000110010011
1101011100111010
1000001010100101
1011110010000100
1101010011000101
1110111100010111
1101100110111101
0000011101101010
1010111101110110
0100100000101100
0110011010111100
0111010111010101
1001101111111001
0100000010010100
0001000100111011
1001001101010100
1100000011011111
1101001001101010
0011111001001011
0110110110001011
0101100010100110
1110011101110011
0000001100010010
0011011011010101
0010011111001011
1000010001011001
1011110110101100
1110001111111010
0111101010100111
0110001000010000
1011110111011011
0101110110101001
1101110111001000
0101110000100001
0010101101100011
0001101101100110
1100101000010100
1100001011101110
1110111110010100
0010011010111001
1000011001010110
0010101011111100
1010111101110010
1001101001001110
1101100111100001
1010100000101000
1010000110000011
0010100001101011
1011001100001011
0001110100010010
1111010000100010
0001110000001001
0111001100010110
0010101100110000
1100100101101110
0101001000101011
0001111000110101
1100111001010110
1101100010010100
0110011110111101
0101001001001101
1101001011111010
0010110100001011
1111100010010011
1001110011010110
0100110011111101
0001101001010101
0011011111010011
1101000001100111
0001011111111001
1101111000000000
0010101100101010
0100000011011010
0101010000011110
1010100110111100
1111110010000110
0110101011000101
0010111111011010
1000000101000110
0000101101011101
1111111111101001
1101101000011011
1101010111111101
0110101100100111
1010101101101010
0111100111010011
0011111101011000
0100100001001110
0100000100010001
1100111010000101
1010010111100100
1010011111010100
0110010100111101
0101000111001100
1001001011001100
1101100101101000
1010101110001001
1110101000111011
1100011000110010
1000100001111101
0010111100111110
1011111110011111
1111000101110011
0100010011000010
1101010110000011
0011110001100011
0111101111110010
1100000010100001
1111101101110001
1101000000100011
1101010100011010
1000100101110001
1100100101010011
1000110100001101
1101101100011010
1101100000010000
1100011101010011
0011100110110001
0010011011001001
0001111011111010
1011110010010011
0110000000001000
0001001111111000
1010100111011100
1001100000111111
0110101011010101
0010110010101110
0100100011001100
1100111001000000
0100101011111101
0110001100000000
0110001001110000
0101000011001001
1000110110011011
0000011010100000
0010111001101001
1011001101101000
1110001101000101
0100010111001001
0110001001010110
0111110010001000
0101100001001001
1000100110001000
0011011011101110
0001001001010010
0010110001000001
0101000001001111
0011111111011110
0110011100001110
1111100010111000
0101110001011010
0000010110010100
1010011011001000
1001011111010111
1101010010000100
