1011111101111100
1000111011000100
1111111001010110
0000111110001001
1110011101100000
1101010110111010
0011001110101011
1101010101110111
0111001100111111
1101001110110100
1100010011011000
0111001110100101
0010110011010111
0111000101100101
0011011101000000
1001010011001000
0111011111011011
0101110001111010
1111000011000110
0100010111011011
1101000110001011
1100101000110110
0001111110011001
0111011011001101
1111000110001011
0101001011001001
1011101111111100
1010010101111000
1000101010001101
1100010111101111
1100001101101100
0001001101001000
1101011111100001
1011010110101011
0000111000011110
1001011110011000
0111010000111111
0111011110000100
0001011101111100
0011101011111001
0001001110100010
1010001001101011
0110011001101110
1000110011100001
1000001010100000
1111011111000110
1111001110101111
1101001000101111
1010011111100101
1101100000011110
1111010100110010
0010101110111001
0101100010100100
1001101101010101
1110101001100010
0101010100011000
1101101011001111
0010001001111101
0111011000111101
0100100100000000
1000010111101111
1110011111011010
0101111010101001
1000010111011101
0011111001011001
1111111011000001
0001001101000001
1000001101111111
1100100111000110
0011101010011110
1100100011101101
1111110010000001
0010100100100000
0011001100011110
0100110000111101
0111010110000110
1011010011011101
0011110100000111
0101010101010010
0100110001100001
1011100100111010
1111010100000100
1101011011001110
1111011000010011
0011010000010111
1000001010001100
0111100001011001
1111011101010110
0110011001111110
0111101011010110
0100010111011011
0111000110110000
0010111000101011
1010111110000011
1000100001100010
0100001100110010
0111100011011000
0100000111100001
1110010110100101
0001011100101101
0011101000111101
0100000011000000
0110101001000101
0101110011111100
0100110110011110
1100101011100100
0000001100100001
1100100110110100
1000001101010001
0111001011111010
0011010100111111
0001100111011000
1110100100111010
0101100000111001
0110011111000011
1001000000101001
0111001010101110
0011101100001000
0100000101100110
1001000101101010
0110010000101010
0000111000111111
0100110100100001
1101101001001100
0011010000100011
0101101010000111
0011001001011100
1110011001111111
1001100111011111
0110001100000011
0010101010010110
1101111110010100
1100100000000011
0011110000000000
1101000001110110
0111001100010011
0100111110001010
1101010010011010
1100110111001111
1010100001011111
0100011111011111
1111010011001110
1101101000010000
1001100110101101
0110110010101101
0011100010011101
0001111000000100
0000100001010001
0010011010001000
1010111100110011
0001111001110010
0100100000101100
1111111000100110
1101101000011000
0010011000101110
1100101111111101
0110001100100110
1111000010011110
1101101100110110
0010111000101000
0011101110101001
0111001000101001
0001011000110010
0111100101110001
1110000100001001
1010111100001001
1111111101101001
1111110010100101
0010110001001100
1000111110100110
1000000101110000
1101001011001010
0010110010010100
1011101110010111
0001011111000101
0000000001100010
1101111100111000
0010011000000001
1001000100010001
1001001111010010
0100101010011010
1000111011000010
1100000101011101
1100010000110110
0010010011101001
0101000100101100
0101100001110101
0100000000001100
1001011000101101
0111100000001101
1110101011010101
1011001000110010
0111000011000101
1111010100111111
1000111011001101
0000111000001110
0011011001110000
1110000101001111
0110001000011101
0001101100000101
0001100001100110
1010000010111000
1001110001010000
1001001000110110
1010111100010000
1001011000111000
1001001111001001
0111011100110101
0101110011011010
0110001000011000
0000111101110110
0111001010100010
1111001110110001
0011010010000101
1001000100100011
0111111110110001
1111100001011110
1110111010101101
1001100011001001
1110011011111111
1110001001011011
0001000001000010
1101011110100110
0000111110101011
0110110011011000
1100111011010010
1000111111011001
1101001100110110
1111111110100110
0001111011011011
1010111000011000
1010011011010101
1101110011111101
0111110101000101
0001100010010011
1111010110011010
0000001001111101
0100010100100100
1011100110101110
0111110101010011
0001100111010100
0110100000010001
1100011000000111
0110011010001101
0001011101000100
1000010000110001
1010011100100110
1010001101100010
1010001101011111
0001100011010111
1111110001101111
1011100001100011
1111010011011001
1101001101110010
0111011001100111
1111100111111000
1001011110001111
0111000111001010
0111101001110100
1110110110111111
0110101000100001
1100101001101010
0100010001001101
0101010100100110
0001011111001010
0010101001101001
1110101101000110
0111101011101010
0011000110100010
1010001100110001
0000000101010101
0100110101000100
1000110011010111
1001100101101111
0011100100010000
1001110001111001
0010001101111110
1101011010001010
1100100011011010
0011010001001010
1111001110100101
0000111111110001
0100100001000010
0111010010010100
1101100111110110
0001110111011110
1000110100011110
1010010011101001
1100011110010001
1001101111111001
0100101110100010
0101110101011110
0011101000111100
0010000000110100
1110001100001110
0001011100110101
0001110001010011
0000011000011110
0001001001011011
0000100101010110
1110101011110011
0001011010001010
0011110001010101
1101010111000011
1100010000100100
0010010101100101
1010101111010011
1100001100000010
1001101101101100
0011110000111001
1101111100011000
1100000100000011
0001011011110000
0011111010110101
1010010111110100
0010010010110110
1100100101111010
0011011010111001
1101000111000010
1101110101101101
0010010010011011
0001011111100111
1011001100100001
1110100010010101
0001111010100000
0011011101000110
1111101100101110
0110010000010000
1000111000010100
1001011111011101
0001011000110011
0011100110011111
1111110110110001
1001010001101111
0010010010011111
0111101100001110
0100001011110110
1110111101011101
1111001010110001
0111001001011001
1111100001111010
0011111101111111
1100001100111011
0011010111110100
1011110011100011
0100011001111000
1100110001010100
0101000111001100
0000111011001000
0111101010010100
0110111010000010
0111101001010111
0101011011001101
1001011111001001
0011010011011011
1011101111110000
1100100110100111
1000100011110001
0100110000110001
0111101110001100
1110011101110001
1000111110101000
1000000011000101
1111000010110001
0100011011001100
0100001101111110
1110001001000101
0111110111010011
1011100010000000
0001111011110110
0111000000000110
0110000001100010
0010001010101011
1100101010010001
1100100110100011
0001110110101100
1100100101001011
0001100010111001
1001100100010001
1101011100010100
0111100011001010
1011011100001100
1000101110100011
1001000010101011
1000000101010000
0000010010011001
1100101101111001
1000101100111111
1000100001000110
0010010010101000
1000011101001111
0110100010100010
1000001100001100
0010000101110000
0100011111011011
1001001000111010
0110101100111100
0000111000000111
0101000101111111
1101100001010110
0100001111000000
0111111000110010
1100010110001110
0101001110111111
0111100000110111
1100101100100010
0101000011001111
1011010001111101
1000001001010000
1001110101000010
1110011101011001
1001110001111011
0100111010011001
0000111111110100
0001000011100011
0101110100110000
1001100101101100
0011000001111111
1100111010010011
0001110001110100
0110111111101100
1011010001001010
0000001110101100
0011101101111011
1110010011001010
1001111110001111
0111111010010101
1011110010101100
1001001001110001
1011111111111101
1110010010010100
1100001000111001
1100010111111101
0110101101101100
1101001000101010
0000110010010011
1101101000010000
0010110110101100
0110110000000011
0001111010011100
1100011110100010
0110110111001110
0001101110011011
1010101010011100
1111011101010010
1101000000110110
1011001010000001
0011110011001100
1000011101001011
1100100101000001
1010000111111011
1010001000110111
0100101110010001
1001000111011010
0101000100101001
1100100111100111
0111010101110010
1100001001010101
1101000100100011
0100010111110001
0010111100011100
0000100101100010
0010111100001010
0101101100111000
0101010101111000
1110110110100100
1110011011001100
1001110111110110
0001000000101111
1100001111011110
1000010111011011
1010110010000101
1011101101011010
0001100111100110
1111111110001110
1001011000000101
1001001000000001
0010111100110011
1110101101100110
1001101000111000
1001001101111111
1110010011101100
0001100000011101
0000010010101011
0000011100010111
0101010011011001
1010100010000100
1010100000011010
0001100010110100
1010000111111110
1110101000000101
0110000110100001
0001010110111100
0101111100010010
0000001100000010
1111100110110011
0000101101001001
0001110100000000
0110101001011000
0000000100001101
0010111001001001
1111101001001001
1011001110101100
1110110110011001
1010000010101001
1000001100010000
1001110000111101
1010101101001010
0010001110110010
0011000000110010
1011010000110011
