1101011010110101
1000101010101100
0100101101101010
0110010101001100
0001111011011100
1001011011110000
0101100011111100
0001000000101110
0001111011010011
0100100100001110
0011111101011110
1100011101110110
0111001011100100
1101011010111000
1100010110110110
1000110100010000
1111010001010111
1010100010010110
0101011111001010
1100000100111001
1000011000001010
1110001100100011
1010100101001010
1101110101011010
0010001001100000
1100000110001100
1110111000111010
1110000010101110
1111011010001011
0110010001110001
0000011000100110
0100001111011010
0110101001101100
1111000101111100
0100010111100101
0011110110111001
0101000101001101
0000100001010110
1001111000111111
0001001101101000
1010100010001111
1011111001000001
1101010111110001
1000011011101011
1000010001100100
1010110111111110
0011010110100011
1101111001000111
0101001011110001
1011101101110011
0110111111101001
0000111110001111
0010111111101101
1100010011110000
1110000111001000
0000101011010011
1101100101101000
0101111110000011
1001101010001111
0111100100111100
0000101101011111
1110110101010010
0110001011101111
0010001111111010
1110100110111011
1100000010100101
1011001100110101
1100000101011110
0010000101010011
0000010101010110
1110101100000011
0110110111011110
0111111110000111
0011111111111010
1100000000001100
1001001000010111
1110100100100100
1000100011101010
0010101000000010
1010100010101101
0111011010001000
0001110100100010
1111110111001110
0110100000111111
0111011101000000
1000000101000100
1101110011011010
0110000101110100
1100011100010011
1111111111100001
0110110010001101
1001100011001111
1111001111101000
0011100100110111
0111100110011110
1001000011000111
1011000110111101
0011100111010010
1110101001110010
1110101111001011
0101110011100100
0010111111111111
0000011101101110
0100010001011111
1001101000110001
1110011111010101
1100110110100101
1001001011000010
0000110001101000
1001010100000100
1100111001100100
1010111100011100
1111110011110011
1001111001100011
0110011001110101
1111111101011011
0001000100000100
1001101111101000
0100111010001001
1011011001010111
1010000111010100
0110110011110111
1000111011011101
1011111101110111
1111000101010100
1111000000111110
1011001011011111
0010101101001100
0000111100001000
1010001110100000
0010001110111011
1111110011101110
0110011010011000
1111011110101010
1100000100010110
1101100100101101
1100111010111010
1001001010010111
0011000011000001
0101111001011111
0101101110001011
1011101011001001
0110010101110010
0101111010011011
0011001111111111
0110100011001010
0101011101010110
0011010110000110
1101110101100001
0100110111101011
0011000000011111
0110110010000110
1011000011000001
0101000010001011
1111110010100000
0000100000100000
0011100001001011
0100111100011100
1110001011011001
1010110100000110
0011011001101101
0000110001001111
1011011001111100
0011011110100111
1101110110111100
0010000101010011
1010101000101001
1011111110010111
1111010010000101
1011010100010100
0001100001010100
1001100101001001
1100001100001110
0101001100100101
0000011011100010
1000001100011111
1110101000110000
1110100100001010
1110000100110001
1110000100011001
1001110100110100
1100000010110101
1101001110000001
0010101100001100
0001111101011010
1000110110001000
0110101100011011
1011011101001011
0000110001111001
0100010011111000
1111000001001101
1011101101010111
1111010000001101
1010010011000000
0001001000001110
1101011000001000
0110010011010010
1011000111110010
1011100000011010
0001110111100000
0001011111101110
0101011100101000
1001010101010010
0010010011000110
0111101100010011
1001001111110111
1110011010111000
1000100100001011
0100111111111100
0100010110110011
0100101010100001
1000001000010010
0100010010010101
1110101001110111
1100101000001110
0111001011011011
0111101110110111
0110001010101100
1001100001111101
0111011000010100
0100101010101001
0110000011111111
0100111110010010
0101110011011001
1011011000000011
0010101010111101
0001000100010001
0011111011110000
1100001010100100
1110101110011110
0101101100000010
0000000111111000
0101000001011100
1011101001000000
1011100000010101
0110111000010111
1000111110110011
0111100101011111
1010001100101110
0111001010001010
0110010111010011
0100000001000010
1011011100100100
0011110100111111
1001001110001110
1001011110010110
1100100010011010
1010011011001000
1100111101000110
1101101111100101
0100001011101110
0110111100101110
0101111011000010
1000111100011100
1000001111101100
0010100110100100
1001111100100000
1111010111001101
1011010100011000
0000100110110001
1010001110101010
1110110101000010
0100110100111001
0010110000000011
1010101011000001
0100101111010010
1010110011010100
0111010001001110
0011000001100111
0100111101111101
0111001001110001
0011101110001011
1111000000101010
0011011011110100
1100001000010111
0000100011100000
1100101001001101
1101000101000101
0110101000110000
1010010100101101
1100000001011101
1111100100111000
0100011110111001
1110011001010011
0001111101100000
0110101001011110
1111111000011110
0110011011011010
1010001100001101
0110111110100000
1000001111001111
0110001100110000
0011000011011001
0001001100011001
0111111111101010
0111111000001000
0010001110101010
1010011100010001
0010010110010110
0110100010001110
0111111110000011
0001011010111100
0101100110010100
0000101101010011
1101001100001110
1101011011101000
1111001100100011
0000100110100011
1001000010111010
1111110011111101
1101001011000100
1110010110001100
1000100111001001
1101101010110011
0101110100110110
1001110101110011
0011001001101100
0010011110011110
0111101101001110
0010010111010110
0000111010101100
1100111111000101
0011100100001101
1100001111101001
0011001000000000
1001100100011000
0010011010000101
1011101010100111
0111110101000001
1111111001110010
0101100000011111
0000010001100001
0001110111100010
1001011001101001
1111010110100101
1100110100000010
0001101000111001
1110110011101111
1100101011000010
1011000110111100
0011001100001100
0101010111101101
0111101101110101
0001011000100010
1001101111110001
0010011101000000
1101011110110001
0010100100101111
1110101100111100
1000011000110000
1011010001001001
1000111011010001
1010010111100001
1011100111110010
0001010100011010
1111000010000101
0111101000111001
1111011000100010
1000101101111110
1101010110111001
0100101010110001
1111100101001011
1010010110010100
0101000010010000
0011110100010111
1010001110010110
0101001011011100
1111110111101001
0101000011100001
1100011000100011
1000000011100111
0101000011001101
1100000001000011
0101011011100100
0000101110001110
0011111011100000
1001011000101001
0110011000110111
1010110111101111
0110000000000001
0100011110010011
0101011111010010
0010111110110110
0011001111110001
1111100010000101
1000111110101010
0100000100110010
0110011010000111
0001010111011011
1100001101111001
1100011001000101
1011001110111000
1011010101100110
1000010101000110
1000000010001010
1010100111111011
0111111001110011
0000111100100110
0001101101001111
1111011110111110
0110010010011100
0011011001000011
0000100001000101
0001100110000100
0011110110011000
0011011111101101
0111001010101111
0011010110011001
1000110011101110
0001010100111011
1100110011000001
1101001001000111
1111100110111011
0011011101010101
0101111101000000
1010001110010001
0011000111000011
0000101011001101
0001010110101101
0010010001111100
1100011100011010
0110001100101010
1000010110100110
0100000101101010
0101010110101011
1101011011011101
1000010000011010
1100010000110010
0101000101110100
1110001011010100
0111011011101001
0001010110100001
1100000110010001
0001110011100111
1101011101100111
1000110110100001
1101010111100000
0100011111100110
0010100110101000
0110100011111111
1101101001100100
1101000100000001
1000110010000111
0001010011001101
0110111110110011
0010011100101111
1111010100100001
0010011000010100
1010001101110011
1011111011111110
0100100110101010
0010001010100011
1100011110001000
1001000111010110
1000111101001110
0100011010011001
0000100100000100
0100110000101000
1100111110000010
0101100001011000
0011101111101010
1011101000010111
1101111001110001
0000010101111001
0011000101001010
1110111100111000
1101011000010110
0000111101000001
1101001000100111
0001111011011111
1111000011101110
0101000011111100
0011000011011011
0011110100110111
1101000101010100
0001100101110000
0101101101000111
1001001111011000
1011000110011111
1001110011100100
0110011001111100
1000010010111110
1110011010000010
0110110010111001
0010001001011000
0000110010111110
0000110000111000
0100101101010111
1000110010110100
0101111010111101
0011100001101101
0110101101110101
1010111111101011
0011111011111011
0100000100000110
1111110001100111
1011000000001111
1000011110101111
0010100111101000
0001011001110001
0110000100001000
0011100000100000
1110111101000110
1001001011010100
0110100111101110
0001001010000011
0001010110010100
0000101001101111
1000000011101101
1000101111001001
0100000000100011
