0110001001001101
0101000010001110
1111111101011100
1110100001110100
1110111001011001
0100110000010011
0000010011010110
1001100001011001
1001100101001010
0000111010010011
0101111100101011
0001101101110000
1000100110100000
1100110111010110
1000111111101001
0010111000101100
1011111101010011
0011111111111001
1011001000111010
0010110001010100
0100000010011010
1001111100001011
1011110000010000
1001001001001001
0111000001010010
0000000010010101
1101101100010111
0010111010000000
1101101000101010
1011110000110010
1000000101011110
1001000110110010
0010001010111011
1100110011111111
1101110111100011
1111101110011010
0011011101100010
1001111010100100
1011011011101001
0101010100111111
0011000110110011
1110011010101101
1111010011101001
0100100010100010
0101001001111111
0110000101010111
1010011101111111
1001000010101110
1000010110011101
0011100011100001
1101010100010111
0110010100110001
1010010001000110
0111111010011100
0011000101001100
1010000001101000
1001101111010001
0101000101011000
1000010101010000
1110011010111011
0011001011011111
0110110011000110
0100101010110101
0111111000011011
0110011101011010
0001100111101101
1010111010110111
1010011101010011
1000111110000111
0100000001111100
0110111110001000
0000001011101100
1100001101000101
1011101101011001
0111101100100011
0101010000100001
0010101100011001
1001100111111110
1011111011001110
1011010110101100
0010001110101010
0111011101100100
1111111110011101
0001101110111111
1000101000001111
1101000001000001
1111011110000111
1001100110100101
0001011101101100
0101010000001001
0001010010111010
0010011100100110
1101110101000100
1111101001001010
0110101011001001
1000101100000100
1101110111010110
0010111110100000
0101110000111001
1000010001001111
0000010001111110
1011100011111011
1100101010001101
0101101100101111
1011010011001110
1110110101011001
0010001011101110
0011111101011011
0011111000100011
1110010111011111
1010111111010110
0110011110111101
0010101000111010
0010010010101000
1100000110001100
0100000101001001
0011011011011001
0011100001000010
0000010101001001
0111100001110111
0110100001111100
0100010100011001
0101100111101001
1011010110011010
1101001010110001
0001111010001110
1010000011000111
0111010011101010
1101010011010001
0110010101001000
0010000101101111
1010101101011001
0011111010011010
0101100010111111
1111000111001011
0011101110010101
0111110001001111
0100010101000100
1111001000100000
1010111011110011
0101011100011110
0010011111011001
0111000111011000
0111000000010110
1101001000011010
0000101111011000
0100110100000011
0000001100110100
0110001011010000
0011111101001000
0100001111011100
0111110000010010
1001010000100100
0010010111011101
1110101100110010
1101010000000111
0010001001111000
0001011011011101
1111010011001010
1010000110001011
1110010100100100
0011010110101101
0000110110111001
1101000101101111
1110100110011011
0110011001110111
0000000100110010
1111100101110110
1000000100111001
1110001000110001
1001010010000111
1010011011101000
0110001110100001
1111001101100001
0110111010011111
0111110101100111
1110101010110110
0110011000111001
0011011110100010
1100111000010101
1111110111100011
0101101011000001
1010000101010000
0000011101111110
1000101011010110
0100111111101101
1111010101101000
0111011101011101
1011001111110011
1110110001010110
1010101100000101
0011101101000010
1101100101010100
1100010010010001
0110101011010010
1110000001011001
0010111100001010
1001001110001111
1111101001100010
1110001011001111
0101110111010101
0010001010001100
1110000000110110
0000100010011111
1100011011100111
0000111010110001
1001101101000011
0010111001011101
1000100111000101
0110111111011100
0010000000011100
0010111001010001
1111011011101010
0000001111011000
1111010101100010
1100100100001000
0110011000000110
1001111111100001
1111101011000001
0101010000011111
0011011001101011
0110101011001100
1101101010010100
0001110110110010
1011010111100010
1010001001010010
1110000101110110
1010110011010011
1011010110111110
1111010110011011
1110110000011100
1100000010111110
1000111001010110
1101101000111000
0010111011000100
1100110011010100
0001111000001111
0010000101001111
0000011110110111
0000000011100011
1110111110110110
0111001111001000
1001001001100101
1110111011010001
1100010111000011
1010101110101100
0011010010000110
1000101011110000
0100010011111101
1101001110110100
0010111000110001
0110010110001010
0000110110000010
0000110010011111
0011010111111001
0001000110100101
0101000101111001
1110100011110011
0001110100101010
0000000101110001
0111100000011100
0000010011110101
0001111110011110
1111011111100001
0000011110000000
1011101101011011
1100010100110100
1110100000110011
0011110111010100
1000001100101101
0010100011001001
0101001111110010
0010110111001101
1010010111010010
1001011000011100
1001011010100011
1010101000100100
1111011110000111
0001011010111100
0010101001010000
1011101010100010
1010110010100111
0101000101100000
0000000111001101
0001011010000011
1000100100001110
0010000110100000
1001010111101100
1000101101011111
0001011000001100
0100000011011101
0100100111010100
1101110011011011
0111010110001100
0101101001100111
0010010110010001
1100010110010101
1101011110100100
0000100010001010
1110111001110100
0101100111001110
1101101001100010
1011001100011111
1110111110100011
1010011001111000
0100010111000101
1000111011011011
1110110000011110
0010000000110000
1100100110000100
0101100111111101
0111011101010011
0001001101000100
1001011110000111
0011011000101111
1010011000011011
1011100101010001
1010110011100110
0001111101110111
1100111110001001
1110011111000001
0000100111110111
0001110000010101
1111101110101010
1011011110011000
0010100010110111
1100110011010110
0010001000000001
0000101000110110
1001101110111010
1111011000101000
1000011010000100
1010110101000111
0000010011010110
0111111010011111
0110010110111001
0001000010101100
0100010101010000
0011000000011110
1101100001110001
1010011011001101
0111000010000100
0110000100001010
0001000010000111
1011100111111000
1001110001100101
1110100110010100
0001000000101000
0100101101100010
1100000001000110
0011000011010100
1001010010100000
1000001001101001
1010110000100010
1101000111001001
1111101101110101
0010011011011001
1111100111001011
1110110001010111
0000100011110011
0001000111000111
0001010001000000
0011110101010110
0110001011010001
0101000111001110
1110001011100100
0010001110101010
1010011001010110
1100110100010111
0101001100001110
0100100010010001
1011010101110000
1010111101010011
1100000111100111
0101101010101011
1101001000001001
1101011011110101
1000010110011010
1000100000011100
0110101111000010
1011101000010111
1101011011010001
1101101100101010
0100101001001000
0011100001001110
1100000100011101
1100111010011100
0100100000100101
1110000011011000
1010001110101011
0101101000011101
1011101110101011
0011100101111000
1001010001010001
0101110101101110
0110100010100110
0110000011111110
1111111110000011
0010110101011011
0111101100010111
0101010110011101
1010000101000011
0010110010000000
1100000100001101
1111001011101111
0101110010000000
1011101001101010
1111101011110001
1100100001000010
1111100110111000
1000010111000001
0101111000111010
1000001001010001
1100001100111101
1001100101111110
1101110111100001
1011010011110111
1011000101100110
0000010011101011
0011001011110000
1000111101101101
1110000001000000
1001100100001110
1001111000010011
1100000000010000
0110000101011001
1111000111100011
1100010011010001
1100101010100100
1100001000111101
1010001110001011
1100111011110111
0101101101011011
1000011111000001
1001010011100000
1111001000000101
0000111100111110
1001100101100001
1000110011011100
1010111000110000
0111001001110111
1000100000110010
0101100010110100
1001100101111010
0111100111100000
0000000101110111
1010010001001111
1110010011100101
0101000101110101
1110010110100010
1100011101101000
0100010110010001
0001000011011111
1011010110000101
0100100000101101
1101101010000111
0101111000010101
0111111001111100
1011001011001000
1011011000011000
0000001011000101
0110000110110000
0000101000010101
1110110111000100
0111110111111011
1111011111111000
0100011011011100
1010001100010010
1101011100100011
0000000110011111
1000010011110001
0000110100110100
1101101001000001
0110000111100110
0000111010001111
1001011110111010
0101010000101010
1100110000010010
1000011110110010
1101110001001110
0101101110000110
0100110101000100
0000101110101000
1001111101110001
0110111001001101
0101110011111101
1100110110111001
0110011100000011
1110001001000000
1010010101011100
1110010100011000
0001001000110010
0100010110010010
1100110110011011
0101100111000000
0110010110011111
0010101010101110
0100101101111101
0010001010001101
0101100100110111
0100001001111001
1000010010000110
0011001100010110
1100011000101110
0010110011010010
1010111010001001
1001111100101110
1100010110001011
0100000001100001
1100100111000100
0101101111100111
