1110111110010010
0111001100110101
1010110001100100
0101010110010001
0001101001101001
1001001110101111
1001111001010100
0110010011111100
1010011110100100
0110001110100111
1010000010011111
1100110011101110
1001010110110111
1011111100111101
1100100010110000
0010000101011111
1101100111100101
1011111101101111
0100100111111101
0010000101011000
0010100011001101
0001110000101001
0000101110111011
1000101100000111
0100001101011010
1000001110010010
0011111110011000
0001101011010100
0000101100011111
1101101010011010
0000101011010111
0001000111011101
1101110000011011
0000101010011001
0011001110100010
1010111011111010
1000100111000011
1100110010010110
0100000000111111
1100110010100101
1010100000011010
1011000010100111
0101111101011110
1111110111101000
1011010001111010
1011110100000010
1110110000010100
0010001110010100
1110111101100110
0011000110001011
0010011011001010
1110100110001000
0110100100001001
0001010110100111
1100000100100110
0111101111011110
1100000111000111
1011011001010111
0000000001011000
1100100111110101
1100011101010110
1011011011101001
1001111101101110
0001101011010111
1010010010001000
1101101000100000
1001001000111100
1100100000110010
0000010011010100
1101001010101010
0001111011101100
0011000100110010
0111000100111100
1101100010100110
0100111110001001
0010000100011100
0111010100010010
0011000010101011
0101011101110101
0011101011000010
1010011111100110
0010101110110011
0000101001010011
1100110011000110
1010010101101101
1011111100000111
0111000011110001
1000100100010101
0011010100001101
1001100101001100
0101011000110011
1111010000000001
1001110101110000
0100100000101011
1001011100000010
0000101000110010
0001001010001110
0000000001101111
0010010111010111
1011111110111000
1001000110100110
1100000101011001
1010001111011011
1111110010000101
1010010111001011
1100101100101011
1011010110000111
0010000001110001
0000001111001011
1100011101000001
1010001110000010
1110110010100100
1011010010101010
1000010010010001
0011110000101011
0010100010001011
1110111000011011
0000101111001100
1000011010001001
1010110000110010
1101000011100101
0011011100100011
0010000110000010
1010011110100000
1111111010011101
1001101010000100
0000110000001011
0110111100100000
1011010001001110
1000111011110101
0111001001110100
1101101011110101
0010001110010110
1100001001001101
0001101001001101
1100011010011100
0101100110110110
1100001110101011
1101001110111011
1111110010111111
0010111100110000
0100010000000101
1111111001100100
0000011000000011
1110100000111101
0110111100100111
0110011010110100
1011101111000100
0110011110001010
1111110110111110
1011100110001100
1000010110001101
1100101000110011
1010101110100100
0001011010110011
1111000010111110
0010001100001110
1110010111100000
1001001011011100
1010111111000110
0110110101011100
0011111110101010
0000101000100101
0011101001111111
0111000101100101
0011001011100110
1111010010100001
0101010000000000
1000111011100010
1001101110000010
1100001100110111
1000011010101001
0111111100001011
0111101000011001
0100110110011111
1000100110111110
1101001110001010
0111101000001010
1111000010111010
1111001011010111
0000001111100110
1111101110010100
0011001111111001
1111011001010100
1001110110011101
1011010111001101
1110100000110011
0000011100111111
0010100110011011
0000111110011111
0110100001001100
0011001000101110
0000000010101000
1011111001100101
0000000001001101
0110110010000110
0000000001101000
1111101100111001
1001101101010010
1010010111011010
0110110000110000
0111101101010100
1001010101100000
0000010111111100
0010001110100011
1000111101010010
1110110000001101
1001110000111010
0111001101000100
1110010011010000
1101100100100111
0001000111001011
0011111010101000
1101110100000100
0001100011101100
1101000111011110
1000101100010111
1010011111110011
1101010000010011
1111110011010111
1001100111111011
1100000001111000
1010001100111100
1100010101100100
1100110110111001
0010011000101001
0100011010111001
0000100110111110
0000010110110001
0101000001011110
1011111001001001
1111100001110101
0001110001001000
0000001110000000
0011110100100111
1011001011101110
1101110000100110
0110011011101110
1111110111010111
1000011011001110
1111101111110100
1000001111111010
0110110001100101
1100010111000100
0000010000011100
1101100010110001
0010110000110110
0101010111100010
1111001101010111
0000111000110101
1100000110100100
1010111100010101
1111000011000110
0111111101111100
0001000110101111
1101111111011000
1101001101100011
0101011100101101
0110101101111000
1101101100101010
0011100111011010
1100010110010111
0001101001100001
0000011001100111
1011011001101100
1010010100010100
0110100011111101
1101010110111001
1101001000100000
1111100100010011
1100011110110111
1001011011101000
1001000100001100
1101101000101001
0011011111101000
0000101101101101
1110011010010101
1011000110001001
1111001000101001
0110101110110110
0100111110010011
0000010100100001
0000000000111000
0101010110100000
0000101101100100
1101011000000000
1101101000100111
1011101100010110
0000101100111001
1101110101001011
0011111000111000
1000001101111001
1011011000001011
1111011111110100
0011000110101011
0001010010010111
1010110011001010
0111100101111000
1110110011001100
1000010100101000
0010000000100101
0010000111101100
1001001100010101
0011001100111010
1101000011111000
1001010000011111
1001010000100110
0010000101110110
0011011000100001
1001010011100011
1011101010001001
1101111101010100
1010011011101101
1001000110100010
0110111110011000
1100110100000101
1111000000000111
1101101000010000
0101000010111100
0011000010011000
1101000101111001
0101110010000010
1000100110110000
1101101111001001
0100010101011001
1101010101001100
0010100010000111
0000101111101000
0100111000111001
1101011110111001
1111110010110010
0111101010001001
1000001000101100
0001101100100110
0100101000111110
0111000110000010
1110011010011001
0101011011000011
0111011101001011
1000001011001001
0000110000000011
0111000010001000
1101010111110000
1000100101010011
0101001000000000
1110100010001110
0001011110011001
0101110010000011
0101000000000001
1001111100001010
1001111000011101
1011000011000100
0101001110110100
1011001101011011
0000101110011100
1000110110101011
0001111111100101
1110001110010001
1111100000110000
0111101101000100
0111100001001011
1100011101001111
1011100000111010
0001011100011001
1001100000100001
0110101101001100
1010001101000101
1100001000111110
1010011111010000
0101011001010111
1001101011111111
1000011000111110
0101010000011101
0111001110010110
0100100011101100
0011111101110100
0011101100010100
0001011011101111
0001100011100000
0010110101010111
0111000000110001
1001101001111101
0001111000000000
0000100011111110
1001001011010111
1010011010000111
0001010110001000
0010000101111100
0101101010101010
1001010110110010
0101010100110011
0100111100000110
0101001011010110
0110111011000100
1100111100011001
0100000010000000
0001011100001101
0111101101111111
0001110011011010
1001111011011011
1011111111011110
1011000110011010
0010111100011101
0001111001000101
0111111101000111
1100110010010111
1000001011110100
0001100110101110
0000000000100111
1000011011011111
1000101000011101
0101100100110100
0111101110001001
0100111000101001
0010001000001010
1000000100110011
0011000000000111
1100101010101011
0000001001001101
1011100010101010
0100111100101010
1101000011000011
1110111010010110
0110101010110011
1100110000010001
1000100011111100
1100100001101100
0011001000000001
1101101111100000
0111001011111011
1011101101001010
1000001001111100
0001111011010110
1111001110111010
0011101010000000
1100011011111100
1000001011111001
1111011011101101
1001100001100001
1100101110010011
0110101010100001
0001111001100110
0001110111000000
0001101101000111
0101001011000011
1110011100000101
0011100011001010
1000001110011011
1110000000000011
0100000000100000
1000001001111111
1100010101111001
0010111110101110
1001110100000111
0000100100100000
1100000110111010
1011100110100111
0111011001100001
1100100101011011
0001111000111110
0101000001101011
0011101010101000
0110111010011000
0101111110111011
0000010111110011
1010000110100000
1111011100011111
0110000001000100
1000100110011111
0101001101111100
0010000101100010
0110110010010100
0111011010101110
0010000110110001
0010000011010010
0001010010110101
0001000001010010
0110100011100001
1110110011010000
0101011111010101
0110010001101111
1011101000110001
1010110101011110
0010001001011011
1111000001101000
0001011011001000
0011111000110101
0110111010001000
1101111101001010
1000100010000111
1100111000100100
0111011010110010
1100001100011000
1101011101100100
1110101010100111
0010110110100000
0011101100011100
0100111011010011
1001010101010101
0010111011010000
0101011011000110
1111101011101100
0011011101111110
0001110000101110
0010110110111000
0000100010011001
1011001010101100
0110011011111011
1001011100111100
1111110111010101
1100000111100011
