0111100110111100
1000101000100101
1001100111001101
0100110111111101
0101000000110001
1100110101110001
1100001100011000
0011010011101000
0111101010000001
0101110100011001
1100010110001010
1011011100111111
0001110111110111
1010101111010000
0000100100111100
1000000011110101
0000000100010111
1110101011010001
1110101110000001
0111101111000110
1100000111101111
0100000111000110
0100110000011111
0101111001011100
1000011100110011
1110001010110001
0010101100111001
0100011101100101
1010000101101101
0010011100110101
1100100000101101
1011111101111111
0111011010010101
1011111001100010
1101110101001100
1000110000000111
1001010110110100
0101011100111011
1000010011011111
0011111110111101
0000010101101000
0001101011100000
1010110010010111
1101000111000011
0110101110000000
1101000001100001
0111011101111101
0110100100011011
0101110010001100
0111101111001101
0000101100011011
0001111001001110
0110101000001000
0001101010001110
0111001101111010
0001101101011000
1011001000101111
0101001000101111
0011010001010110
1100000110110101
0101011110000110
1100000111001001
0011101111100111
1110001111110101
0000101001010001
1101110110010111
0000001010011010
0011110101011010
1111001010101001
0111011100001101
0010100011000101
0010110001101101
0100001110001011
0010110100111101
1011100011111000
1010110111110111
1010001000001100
0011000010111111
0000011110101010
1110110110000101
1001010110001111
0111110100001101
1101110010111010
1001011111110111
0011101100101101
1000000010010101
1010100000111100
1010011111100101
1010000011000100
0011110100110111
1011111010011010
1001010011100100
1010001101110101
0111110000010101
0110100010101001
1101000101110110
0011111101000110
0001111001110001
1111011110001110
0011101001000100
0001110000000010
0110010111000101
1011100101101100
1101101111011110
1101100011001001
0111110010110001
0110011111000111
0110010110101101
1111010001110100
0110001010010101
1010111000111011
0110111000101101
0011010010010111
1111011000000111
1000001001010100
0111001111010011
0011101011000010
0101110000101100
1111000010100000
0110010010001011
0110111001100110
1010101010100000
0101010110000101
0010100110110110
1011011101110100
1101100011000100
0010110111001000
1100110001011101
0011110101101000
0111110001110010
1111101001010011
0010110111001100
1111001000001001
0011100101000001
1101100110010111
1001101101100001
0010011000001001
1110000101000010
0110100111101101
1101001000000110
0011100111001010
0000000000010010
1111100000100110
1010001110010100
0110100101001001
0100001011000100
1110110010001101
0001101011100001
1110001010101111
1010101101001111
1111100110001001
0000110010010001
0100110010110000
0000100101011010
1101011001111110
1100110000000101
1110001000101010
1101000110111110
0010110110100000
0111101011100110
0001001100000011
1110011001010011
1100001111011000
0010110101011111
0010000111001110
1110110011111111
0001000110001110
1010001111001011
0100000000100001
1110100111000001
0000100011010101
0100101001011010
0111001001011001
1000011011011011
1001110010001110
0100010001100110
0110110001101111
0101000111110111
1011101111101001
0111010110101010
0110010111010100
1110101000010010
0011011011101111
0101101111101101
0111101001111000
0101001000101100
1001001110011000
0101011001001100
1011011001000100
0001110100010100
0100000101100100
0010000111010101
0011001001110111
1000100000100110
1111101110010101
0011001101110010
1101100011000111
1000000110001001
0110111110000110
0101100111001010
1101001110101110
0100000101010110
0010011010001101
0011100110011001
0000110000110000
1010011010101010
0101101110000010
1100110100001111
0010011010101001
1011011101011000
0000010100011010
1001010100110000
1011000101110011
1010101011100100
0100001111110100
1100110000010011
1010111010110000
1000111100001100
1001011010101010
1000010111001110
1001101000111101
0111100011001011
1111110100110111
0011011010010011
1100100000010100
0010101101001110
1011100110000110
0111111100011011
0101111011110010
0011001100001111
1011110001001011
1000010001111100
1110100110000101
1011010110101100
1011001000110001
0101010000110110
0000110011111000
0101110010011011
0101001001000100
1010010111101010
0000010101010010
0001001101101111
0001101100101000
1010000111000111
1101101011011011
1010000100111111
0100010101001001
1011001111010100
0011010001001101
0111110010111000
1001011110001110
0111010000010101
0000111010010101
0100111101101001
1010100010001110
1100111101111001
0011111110100011
1101011000111001
1011001100110101
1001100001011110
1001011010101111
0010001110000011
0001110101001010
0010100000000111
0011110000011101
0111001011000100
0110101100111110
1110010001101001
0111110010010110
1001000111000010
0111011101101110
1001010011111010
1101001001010011
0010111011110001
0110011011010101
1100011110101001
1110111001100011
1001101000110010
0110010111000010
1111000001010010
1011010010001010
0011111100100100
0100001111101010
0010001010101011
1110111000101000
1010101101000111
0000110100101011
0111011110111110
1000010001110010
1100001010010110
1100000101101111
1100100000100011
0111101010011011
1100010001001011
0001011001111011
0111001000100101
0110011001101110
0100010111001101
0000001110000101
0011011001100111
1010001100100000
1011010110101110
0111010000010010
1100101101000011
1011110001000000
0001111010101100
0011101001111111
0001101000100101
0010101010000110
0100111001001110
0001110101111101
1011100111111110
0101111011101111
0011001101100101
0010101110001011
1110111101111110
0001011001001001
0001110000010011
0011011111011101
1010000111000010
0110111011110010
1000011001011011
0010010000000000
0101100100010100
0000100100111011
1001111000101011
1000100100110001
0010011011100110
0011011101000001
1010100000111101
1011111011011000
1000110100111101
0011101000011111
1111110010101111
1000010011110100
0001110101011111
0010000101001001
0100011100101111
0101101001010010
1100000001110011
0100110100111101
1101010011010001
1101101010110110
0100101011001100
0110001000101100
0011110101001000
0011111001010011
1010010110010000
0001110101001100
1100111011100000
0010100011100011
1010010000101011
1111010011010001
1100011011010010
0001011110011111
1101111100010110
1011111001100011
0000010110000111
0111110110111110
1111110000110100
0100110001101110
0010100101001000
1000000111111001
1010111000111011
0010001100110111
1011100101001110
0000010100100111
1011111101111100
0100001011011010
1110001100010111
1000010001001111
0110110100010100
1010101000010111
0011110010000111
1101001000000011
1010000010101110
0100000000010000
0011110000011000
0011110100101001
1000011100000001
0101011010010100
0000010011011110
0101101001111010
0100001100000000
0010000001100001
0010110110110011
0111011111001101
0100010010001010
1100011111101000
0101101010011010
0010011111001001
1001010001001011
0011011100111111
1110011101001100
0101000010110010
0011100101111010
0101011000100101
1100110011001101
1001001001011110
0100000111110010
0111011011101101
0100000101110100
1001011001101101
0011111011111101
1001110011101011
0100110011000000
0100111111000101
1111110101000111
1111110100001101
0000011101101100
0100110011011111
0111101101001111
0100011111111110
0001111110111111
0100110010000111
1000110111101110
0011010111001010
1111010001001110
1011111111101110
1110100110110001
1100011100001000
0101100111001110
0010011000001111
1011001000011111
0100100001000110
0110001000001011
1101101101001010
1000111011001001
1011011011111000
1110001011100100
0011110100011001
1001111111111010
1001001111010001
0000001111110101
1111001001100101
0111010101110011
1010110110010100
1110101100110010
0000111000010000
1001111101010010
0000010011110000
1110001001101101
1100100010011111
0010010100100001
0001011101001110
1001100100101111
0011010101110111
1011000110100111
0110110001001011
1101100111010011
1001011110100010
1011001011111001
1010111001001100
0010011111110010
1110101001110001
1110000111011000
1100111010101101
1100011001011111
0000011110111010
0010000111100100
1000101000000001
0010001001001101
0101100100110100
0001000001100011
0000101011000100
1000011101111100
1110010011110100
0011111010010110
0111110100101110
1011101011000001
1111111100101000
0110110000001100
1000110001110100
1100011110101110
0111000110011001
1010110110011010
0011011111101111
1001011101110000
1010110010111100
0001011111000010
0001111100000011
0001001011101100
1001111000001011
1110011000110011
1100101100000100
0011010111111000
1100110001111001
0100010001111100
1000010101000111
1100101011110100
0111100100000111
0111101001000000
1110100100001010
0001001000000011
0001111110001110
0010110110010110
1110100010110001
1011011011110010
1011000100111110
0100100010100000
0100010011010101
0100100000000100
1100101111000111
0100010001010011
0000100100100111
0100110111001011
0000110111000001
0111001110011110
0010001111001000
0110010110110001
1111010110010001
