0110100010011111
1001000110010000
1010111011011110
1100101100101101
1110101001000100
1010101111101010
1101101000111111
0010100110000001
1101011000001111
1100000000011011
1010011111111010
1101010011011101
1101111010111001
0001100000010100
1000001101100111
1101100110011100
0100000100001010
0001001001110001
1001011100101011
0110110011011100
0100100110010101
1000111110011000
1101001001101011
1101101011111110
1100000011010011
1001111001010101
0101000111111010
0111010101011010
0110011100000100
0010100101000010
0101001110000000
1001100010000011
0011110010010010
1101000110011001
1001010111101100
0000011011111001
1110001110001101
0000100101110110
1111010001100111
0001101011001101
0110111011110100
0011111001100010
1111010100110011
0011011000100011
0011111111110000
0110000100110100
1110000101010000
0010010110111000
0010110010010000
1001110101111010
0001100010101011
1110111010000100
1101101100011100
1101111000011100
1000100100000001
1111010000110000
1101100100111011
0000101111110110
0000100010001101
0001100010110001
1111000111001111
0101010000101000
0010000011110000
1110010101100011
0010000001100000
0011001010010000
1100110110001000
1011110110111001
1010010010111110
1000011110001100
0110100000011010
0011000000101011
1101001100110100
1001010100110101
0000000100000001
0100110001101100
0110011001110100
0001001010001100
1111101010000100
1001111010100011
0010011011100110
0100001100011111
0000111011110100
0011101101100001
1010100011110100
0011111100000011
0000011110010101
0101001110111100
1100001000010000
1010100011011000
1111000110111111
1001110001011000
0111100111011001
1110001011100000
0011011001010010
1000101111011010
1100110011011010
1000111111011111
0000001010101011
1000001101100000
1001101001000011
1011000101001101
1010111010101110
1100111101100111
0000000010000001
1011010110000001
0011011011110100
0110010001011111
0111110100110110
0000010000100010
0001000011001010
0110111111011010
0010011000000111
0110000110011010
1001100100111000
1111011001010111
1101000010011110
1111110110111111
1101011011101101
0001010100111010
1000100011000111
0011000010100010
0100011001001010
1010100101111110
1010111111111010
1000001000011111
0110011010000011
1000110011011101
1100111101111101
1000000111101000
1111110010110001
0011001111011000
0100111010001101
0010010100111001
1101111001011111
1110101011001001
0101001001011110
1011011110001101
0101110000101100
1111100110100100
1101010001011010
0100111000100111
0000001111101001
1111101111011011
1100001011011001
1001011010110101
0001101100110101
0111111111101000
1001000001100111
0011110111011101
1111110011010100
0011011100011110
0010110010110101
1011101010001101
0010010000010110
0000000100101111
0011100110111101
1110110111110100
1111100110111001
0110010110010001
0001000010010011
1010101011101110
1010100110010000
0001011010010101
0000010001001101
0000100011010001
1110000010111010
0100001000011011
1100111110101110
1000011001100011
0000010010110101
0010010000111101
1011010000001010
0000011101110100
0111111000110101
0011101100000011
0110100101010000
1011110001100010
1110000110110100
0101011110110101
0100010101110010
0001010011101100
0111110100100101
1001100110010110
0010000001100010
1011000000001100
0001111110000001
1110000111111101
0011010111010010
0101000010101100
1010100100000100
1010010000000100
0010111010101011
0111011010110100
0101100110110010
1010110001000100
1100010010111100
1101100111001110
1110101101110100
1011101110000000
0100101000110100
0010011000000100
1001011100111000
1100001011011000
1000000001100110
1101010111010011
0100010101010001
0111001110100001
1101001111101101
1111110110100000
1001001000111110
1101100001000010
0011110010100010
1100011110001011
1001010010100011
0011101011111101
1000110011010001
0111111011110100
0011100100110010
0111011110111001
0101011110001111
0101001010000111
1101111111100111
1011111111010111
1111111111111001
0101100010111101
0111110001000110
0100001101100000
0111011100010110
0111101101011000
1011001101001010
1010101110010001
0100001011011011
0010011010011001
0111011010111011
1010100110110110
1000110011101011
1100011001100000
0010111110010110
1101000101000100
1110111101001001
1011001100110001
0001101001001101
0001010000010001
1101001001111010
0101101010001111
0000000011101110
0011111110010101
0000100010010101
0110010100001100
1001111111111010
0100101110000100
1000000101110110
0000111110000101
0100011010010111
0011001110001101
1010000111011111
1001010110011110
0000000011001111
0011011011110000
0100001010111110
1000000111000110
1010100011011111
0101110101111111
1000110101100000
0111010101001011
0010011101110111
0000100111110100
0101010110010101
1111100111011011
1101101010111100
0011100111111011
0011011000101001
1100100001000010
0110111100000101
1001010001010000
1110010000110010
1111010011000010
0100000000010001
1011001000011101
1010101111111111
0000000010010101
1101011010100001
0100011001001111
0100000101110101
1001001001110000
0001111001011101
1001110100010011
1001100010000011
0011000011110000
0101000111100100
0100101111010011
1011110001111101
0010101000110100
1011110010111100
0100100000111100
1101101101001100
1001101100001001
1010111111100111
0011111010011001
1011111111110111
0101001100110000
1010001111001110
0010101011100011
1111010100000000
0111011001000111
1111110010111110
1001010101100010
1111011111000011
0111100101011100
0100111100011010
1010101100010000
0100110111101001
0100101111011011
1110100000110011
0001100101110101
1110110111100101
0110010111111100
0110110001110011
1101000001011101
1111010110111111
0001000000010111
0110001110101110
1100111010111011
0110101001001110
1011001001110011
1110010011011001
0011100000001001
1100111010100111
1010100001011001
0010001100001110
0100010000011000
0010110100001011
0011000011010101
0001000101101000
1101000110101011
0010100010111100
0001011011000010
1100000010100011
0000001001110011
1000110010010100
0000001001000110
0000001011001001
0000110111100001
0101011010001001
0010010111101010
1011111000010110
1011010111011100
1000000000100110
1110011110010111
1010001011100000
0101011000100110
0010110001001100
0000010100100101
0100010100110110
0100000110110011
0001011111100100
1110100010011110
1111111011101101
0111100001110010
1111000011111111
1111011011110111
0010111110000100
0111110101101111
1100011110010110
0011001011011101
0101101000000111
1110111001011001
0001101010100110
0000111000101100
0100100111010001
1000101011111100
1011110001010001
1010000110111111
1111000110000010
0010110011110001
1100000110001100
0001010110011000
1111101011011010
1110110001110010
1111110101100001
0010000011010010
1010010110010010
1010011111000110
1011011000011101
0111000100010101
1111100110110101
0110011101010000
0000001000101001
1101111011101010
1101010011001101
0101100010000111
0111111100001000
0100100010110101
0110111000110000
0000000010011110
1110100011010111
1111010000100111
0111011010111011
1010110010000000
0100011010110111
0110010100100000
0111001001101001
1011001001100110
0010001011111110
1100111110010100
0101000000111111
1010001000010110
1011100000010010
1000001100110001
1000011111001000
0110100110010100
1000111101010111
0010101111011001
0011101100011101
1101000001101000
1100011101011110
0111001100100011
0000110101010100
0011011011101111
0011001000000000
0011011111000111
0100111001100011
1010001101001011
1001000001100011
0111111000110001
0000100100111000
0101001100011101
0100100101011011
1001100111110011
1110101100110000
1000110110011101
0010001010001001
0101101010010110
0000100000000001
0111011011100101
1011001001010100
1110011110011010
1101010110000011
1001011100100101
1010111110010111
1011010101101100
1000011011010010
1101110000001001
1101100000010011
1010001001000010
0000010110001001
1100011000010010
1111001100011010
0010111111101000
0101110101001011
1100011001101101
1100111001101000
1000101111011010
0011001101101010
0011010001110011
0111000100100100
1111110010000100
1110010110000010
0101110000110111
0011100100101011
1101011101100111
1011000001010100
0101011000110110
1110110000000000
1110111011110000
1101000001000110
0110011011101101
0100001101101101
1010101001111000
1110101100010100
1100010000011100
0011001010001100
1110111100101001
1100100011010010
0101010111101011
0110011000011101
0000110110111100
0100010000111000
1100001001010100
1011000000000010
0011111100101100
0010011011110000
0010000111101111
0000100000101001
0000111110101001
1110111010010010
1101101011110100
0000001001111110
0111111110011110
1010101100101001
1100110111001000
0001110011111000
1011111010001001
1110011100001001
1000001010010110
0111001111110100
0101110110110001
0010110100110111
0110010110111000
1101011000010110
0110001011010111
1110001111000001
0000000001101111
1010011100110111
1111100000000111
0010000101001001
0111100100000100
0111001011011011
1101001011000000
1011111000000111
