0111101101011101
1011000010100111
1010101011110101
0111100100000101
1011111010011111
0001101100100011
1010111011100001
1101100101100010
0000100110110101
0100111111100011
0000010000011000
1110011101101011
1100001101101111
0001000000110000
1011011101111010
0100101100001101
1000010111010100
0111001000001111
1100110101001001
0110010101111011
0011001011000010
0000011111110011
0000001100100111
1111100100010001
0111111001110111
0010010010010000
0101011100010110
0001110011010010
0001111011110111
1101000000111001
0100101100100000
0001001110101010
0100110001111011
0101111111001100
1110111010011000
1100001000010010
0001001111010111
1010110011100011
0000100100101111
0111111001101100
0010101110000110
0011111111100010
0111000110011000
1001110010010011
0100000010001000
1011101110100000
0100110010010100
0010000110101111
0110001011000010
0111110010101001
0111011101111110
0110011000110001
1000100000110011
0101110011011100
1001110100010111
1001110000101110
0101011101100110
1001101101111000
1101111000100110
0011001101000111
1110110011011111
1011011010010010
1110100011000001
0100111011011001
0111101011110110
1101101010001110
0000101010001110
0000111010001000
0101111010100011
0001101001011010
0001110100001001
1000100001110001
1011010011001010
1011010101110000
1011001011000111
0000001011101101
0101000110110011
0011111110011000
0011110011101110
0000000101100010
0011010101101000
0110001100101111
1101110000101110
0100110010000000
0011000111100101
1101000011101010
0000101010100110
1001011110100101
1111011100010000
0010010010001101
0100110001101101
0001010011100011
1001110101011010
1110110000011011
0100011000011100
0100000010101110
0101001011000011
0100101111000010
0011111111011001
0010110000110010
0111101001000111
0110110000001001
0001101101001110
0000110111011111
1010111111100011
1011010101101110
0001100011101010
0000011110111011
1100100000010000
0011000001100000
1011101011100010
1010111001101000
1101101101001101
1111010111011001
0100010011001101
1101111010100111
1011111100011011
1001111000000111
1001111011011111
1011000001111010
1001101111011100
1100010100101000
1111111111001011
0110000110100000
1001010101111001
1010001111111000
0100011101110100
0001100101001010
1001001111110100
1001110001000010
0100110000110111
0101100000111110
0111000111101001
1101001111011100
0000001111100100
1001000011001011
0110000001000000
0101001110111011
0110011010101100
1000110101011101
1100011110100011
1010010010010111
0101001010101101
0001110001101101
0011101101000110
1101100101110001
1110110010100011
0010010001101011
1010110101111001
0111011111110100
0111101001000000
1011100101111111
1010001010001000
1010100111101000
0100110100011111
1101101001110010
0110010001111001
1101111000111010
0000101010100010
0111000000001101
0110000011010100
0110111000010111
0000011110011110
1101111000101010
1000001111000111
1011001100110100
0001000000101001
0000101011000100
1101001010101100
0011000100101010
1010011111101000
1110111001111010
0001110001011011
0110001010100111
0011111011100011
1000110010100111
1010101100100111
1101000001000001
0111010000101110
0000110010111010
1111100110101110
1001101011001011
0101111011100111
1011101010000001
0100001011101010
1101110110000010
0010000011001001
0000100111100101
1011111000011000
1100011101010010
0101000111001111
0101001100001001
1000001111111110
0000101110000000
1101100100110110
0001101101011000
0111111000000011
1011111111111100
0110010100101100
1110101011000110
1010100001100111
1101010111100101
0010110000010101
0001011010010010
0100001111001000
1100110010011010
1101000001111111
0111111001111101
1101010010100100
1011111100111001
0111001000011001
1110011110101011
0111100101101011
0011100000000101
1000110100101001
0001100111111010
1011111100010000
0000100000000010
1111111101111011
1011111110101100
1100011111000011
0011100110011001
1001110011110001
1000001011001100
0100000110010100
0011100111010100
1111100110110001
1011001000011111
1010000001000100
1100111110111110
1001110111111100
0100000000011000
1101111011010010
0010011000011101
0111000100011010
0001111110011001
1111101011011010
1000001100100110
0010000100010111
0101100000111100
0100001010011000
1000011000000000
0010101000001000
1100110101000101
1000100100000110
0001000100011001
1010000010111110
0000001101000011
0110000001001001
0101001000010110
1001101011101001
0000101001100011
0101001010011110
0000000100100001
0001101011111000
1001010111011000
1011100100000001
0000111101001101
0011000001001100
1100000011100110
0101100101000011
1001001101000110
1010000111111010
0001010011011111
1000011001001100
1001100111001110
0111011111101100
0000010101110000
1010100001000001
1011101111100101
1100111101001100
1011000101101100
0000111110111110
0101001111111010
0100011110110000
0111010001010001
0101100110011110
0010011010010100
1111100110010010
0111001110101101
0100001111010001
1000111101011101
0110111001101001
1000001011100001
0001000010100000
0001100000100000
1110000100101100
0010001001001100
0101011100100100
0100000100101111
1010100101011001
1101111101100110
1111010010110100
1001011011000101
0011100111101100
0101110111110110
1000010100110011
1000100010010010
0001001001000111
1101101010100011
0101101101011100
0011000000001110
0110101100010000
0101001010000010
0101011010111110
1001110001101111
0010111101000101
0101001111110011
1100111100100001
1010100010110011
1110011000110000
1101010111110100
1110011101010000
1000111110100101
0111111000111000
1100011111101100
0101100001011100
0010000010111111
0110111100101010
0000101111110101
0101100010101101
1101110000000101
0010000001000001
0010111001110010
0111000101010100
0111110111101110
0100000010010110
0100110000110011
0110110010001111
1101011001000000
0111111111101101
0011110110010111
0011100000111001
0000000011011101
1100000010101110
1111000011000000
0010100111111011
0110111100011011
1000000010101011
1010011100011100
1011001110101111
0000100100110111
1100100101011010
1110100000111111
1000100100010010
0100101010011001
1111100100100001
1110100001001011
1101001001000011
1101101000101001
0110100110010000
1011010001101000
1110101001101011
1100111111110100
1010110010100101
1000000101000000
1011100010011011
1110110101111001
1110011001010100
0000000100111010
0000001110111011
1100100101001010
1110110011110010
1110111101100010
1001001001110011
0001110100110110
0000011110010101
0001100110110110
1011111110110110
1100111001110101
0110110010110101
1011010101100111
0100111101101010
0010100100111111
0010000101001111
1000001111101100
1001101110010100
1101000100100111
0000011101101001
0101011001000011
0100111011010101
0101011111100000
1111101110111010
0101100011100000
0010000111100101
0110100111011100
1000001101010011
1010001011101110
1111101101110110
1111010101100001
0101100111010110
1011110100111001
1010111000000001
0100101101101110
1010111111100111
1100101001110101
0000110010001000
1010010110100100
1101011001111011
0100001000010100
0100110100100110
0101100001111000
1010111100000111
1000111011010010
0110010011010000
1010101011010000
1100101001011100
0000110011000011
0000111011111001
1000011110011101
1101001101000101
1011100110110100
0011100100101101
0010010000110010
0110000110101000
0110111010100001
1111001001111001
0110111011101110
0000111100000000
1110111110011110
1010100110101111
0010011101101000
1000001111100111
0100000010101111
1111011111110111
0100011101100101
1011001001001001
1000010100010000
1000100110110011
1101011001010100
1101010100111000
1100110000100110
1101001111000111
1100110001111000
1101100000110010
1001011110011000
1101011110101010
1010011011101010
0101010011111010
0000000011010110
0011101011101111
1111100110101110
0010101001101111
1011101000000001
1101011000101100
1111110101010010
0110101010110010
1111100111111001
0100000000111011
0101101001010001
0110101010011000
1010011000101110
0011001000000011
1111110011101110
1111011000101000
1000111110111110
0000110001110100
1010100011001111
1010110111011101
1010111101110110
1000101111110100
1011001010101000
0111101111001011
1010000001000101
0001010101111111
0011000000110010
1111000100100110
1011100110010111
1110100010100100
0000111100001001
0111111000010110
0101110000000111
0111110101010001
1010110010010101
1000110000110010
0100011011111010
1101100000000001
0110001001101100
0101110111001111
0001010111101010
1101010111000100
1000100101011100
1010110101010111
0000100110111011
1010000110000011
0010000100010110
0011100001001001
0010011110100011
0000111011111000
0111111011000000
0011101100000100
1001111110100000
1111101110010010
0101101000011111
1010000010110110
1000010101100110
0001001111110111
0010010110100011
1111010001101101
0111100000010010
0011011001000001
1110100111010110
0001011001000101
0101100100100011
0011111101000011
1101001110011110
1000000001110100
0010101000100001
0010101011011000
0111001101110110
0101111000001111
