0101010101001101
1000101110000001
1010001101111011
0110000111111110
0111111010001010
0100110101001011
1101101110101101
0110100110111111
1111011111010101
1111110101110001
0101000010001110
0001010011101100
0111110000111110
1100011000000110
0110101100101100
1101110100110111
0101110101000000
1010111111101000
1110011101110101
1011000001011000
0111000011100001
0011011110001111
0101001001000101
1000010001101101
1011000100010100
1111111010000111
0001000101011111
0100011110110111
0010001000011001
0001001110010000
0001001010111011
0100100111010110
1110001100100100
1001110010111010
1100010111000110
1011100100110010
1001111000111010
1000101001101100
1000111101010011
1000010100000111
1100010001101101
1100101001001101
0101110110110110
0001100000111100
0010110100010010
1101110010100111
0001110101100110
1000011000100000
1100101011101100
0000000111001000
0110000110011110
0100011001101101
0001010010010101
1011001101001101
1011111101110000
0011011000111001
0001001110000110
0110110110010111
0010111001000001
0010101111011011
1101101110100000
0011001010100110
1001011111010100
1111011011011011
0000011001100100
1001110011110110
1101001010001011
1011000101010001
0100011011110000
1001011101101111
1100100100010000
1001001011001001
1110100011110100
0100110100111111
1000111101100100
0000001100100010
1101010110101010
1001001011001001
0011011010011111
0101111001010010
0010010011000110
1000110011111010
1000011001110001
0001101000111110
0011001001000000
1111011110001010
1101101011010000
1000111110001000
0011011010010001
1100100010110000
1101010000011101
1010110000101011
1011001010100111
1000110101000011
0000100110011100
0111011100001101
0101000101000111
0100000001101000
0111010111111000
1100101100010110
0000110000001010
1110110011000001
1001100001100001
0100100001101100
0001001111001111
0100111010000101
0000111001110100
1101101110100011
0000101101110011
1100001101100010
1010001010001011
1100000110001110
0010100111111111
0001101101110001
1100101001110101
0001011001000101
1110011011101000
1100111101001010
1001011001000101
1101101110111010
1101100100001100
1000001101111010
0101101110011000
0110001001011000
1001100101001011
0100011011111000
1001100010011101
1111000011111111
0000000010001101
1110001101011101
1101101010001110
0110000110010101
1101011100000000
1101110111011010
0101110000001000
1010011000001001
1000000000010100
0011010110000101
0000111100101011
1011011111001111
0001110110000011
1000010110001111
1000100101110100
1001001110000010
1100101000000111
0110010000111000
1010110010110101
1000101000110001
0010101011000011
0110101101101010
1000010000100101
1010100010011000
1000001101110001
1011100000000001
1111100111000011
0111100010010111
0111010010011100
0010001001000001
1100100001001110
1000001010101011
1111000010100001
0110111110101000
0101000100010110
1110010110111110
1101001101101010
1010001100000001
1111000000000110
1011010000010010
0011000110111010
1000000010001001
1011010100011101
1111000110111000
0110101001100100
0100000111101000
1000000011001100
1000010010011100
0110011000100100
0100011100010100
1111001011011110
0100101011101110
1110100100000001
1100000000101111
1101010100000110
1101101011001111
1101101011100010
1011000110100101
0100100011010010
1110110001111010
0100010011001010
0111110111010010
1011101011011111
0000100011110010
1000111111101111
1101001100000000
0110011111000100
0110101011101010
0110111100100000
0001000110101111
0010011010000011
1100110000100010
1011011100000101
0001011110111100
1110010001010010
1111101011010110
1010001111111001
1100000110111101
0011011010101001
1000110001000000
0010110010111000
1100111110101110
1001000011011111
0010001010110100
1110011110011001
1010001011100101
0011111000100011
0101010011001110
1010001101011000
0011110111110100
1111100110000101
0111110111111111
0000110111111111
1000000110010001
1101110010010010
1100011101010010
1010001100001000
1010101001111011
1101001111101010
1011111110001010
1001111100000101
0001100110010111
0100111010101111
1111001110110110
1110010101001101
0010000111110001
0011011000111011
1111101000100111
1100010001011111
0000101000001101
0000010110111111
0111000110111011
0011101111100100
0000111100110010
1000000000000111
1100100111001001
1111101010100111
1011111101011010
1001010010100010
0100010001111010
0001001001110010
0000000011100010
1000111101011000
1110101001110011
0111010111011011
0000000011101110
1011101011100110
1000000111111001
0011011011001101
0000010010010110
1010000101001000
1100010001011000
0000000101110001
1011001110000010
1111010111100001
1010001100000110
1111011101010111
1011001011000100
1000101011111101
0111110001010100
0010000011000010
0110010111110111
1000001100001111
1011001001000011
1110011110100011
0011000111111000
0010101100101111
0111110010100000
1101101010111100
0001010101110111
1010001010010110
1110001000000101
1110110001101100
0110001010010111
0111001000110001
0101101101010100
0010110101100101
0111010000111100
0110010000001101
0100000100010110
0110101100110111
0111110100011100
1011010101000101
1101101101001010
1100110001001000
0010110011011110
1111000111011111
0110010111010110
1010101011000100
0001101100010111
1100111001001101
1000010101111100
1100001000000001
0010100110000110
1110001100001011
1001001000101011
1110001111111111
0010111110000111
1010101011000011
0001010100001100
1101101011110100
1101111100101011
0001000001010111
0000011010111100
1001001110001101
1111100111011000
1111111111011010
1110101100100010
1110101110010110
1001011100011010
0010001100111010
1010011111011101
0010001101101101
1011110111010101
0101010010011100
1111010000000101
1111111100000011
1110011100110001
1011111010111001
1111001111101100
0111010110010101
0001000111011000
1110101111101011
1011110010001010
0100111101100100
1101111000110111
1000110101111010
0010000000001010
1011010100111010
0100110110100011
1011110100011011
1010011011001011
1001010001001011
1101011100100001
1111000110110111
1101000110100110
0100000110101000
0100111100001011
0011001111000110
1111010000100000
1010000100001100
1000000101100111
1000111100010001
1101011010000000
1010011101010001
0001011100110011
0010110000001111
0001110101111101
0111011111001001
0110101111001100
0101000110110001
0011101001111001
0010111001101010
0100010110010110
1010110101100110
0000011111001101
1100001111100101
1000110110110111
1001100001101101
1111100010111010
1110010111001100
0000100101110111
0010010010011001
1110101101101001
1011110101110000
1100001001111000
0011111000000101
0011110100110011
0111001011101011
0110000100010100
1110111110110110
1010011011011011
1001000001101111
0110011000011001
0100101011100101
0101000001101010
1100010111000100
1000100111000111
1011000100010110
1001011000101001
0101100010111100
0011010011101110
1001111010111001
0010010001100010
1010001101101001
1001100011011001
0011101100110101
1011110100111001
1101000000011000
1111101101111110
0011000000010101
1001101010101010
0100111011111110
1100100011111111
0000101010000010
0101010010110001
1010100101111101
1100011000000001
1110111001010101
1011111101001111
0101100011010110
0001011011011101
0111101000000001
0011100001110010
1100001011011100
0011011011011110
1000111000000011
1011111001000000
0000110101111010
0010010101001000
0111111011100000
0000000110110110
0010100011001010
1000011101111111
1101010110010000
1000111101010101
1101000111110011
0010100011111101
0101101011111110
1001110110000000
1101111111111111
1101101001111001
0100110101000100
1110001100110110
1000001110110011
1110100111010001
0010000100110111
0111000000100001
0011000001111101
1100001111101100
1001101110110001
1110001111111000
1001110011011110
0010011111011111
0000010000100001
1110000101000101
1111010101111011
0110110100100011
0100111011010101
1110010100110010
0100110110000011
0001100111110011
0010000110111000
1100110001011001
0101000110001110
1100101011101111
1110111101111001
0001011110001010
1011101100000011
0100100101100101
1010011101111011
1001101011001101
0010100110001001
0011011011000001
0010101010010010
0010101001110000
0101010010100111
0101111110100001
0110001011100110
0100011011001010
1111010101101110
0100101011000000
0000100010101111
1111000100100010
1011000000000000
0000000111100000
0111111101111000
1010011100100011
1101101011101110
0000101111000001
0010011110100000
1111111111010101
0010001010110010
0101101000010111
1111101100101101
0001101100001011
0000000010100101
1010010111001100
0111111110010000
1101111101101100
0111101000110000
1001100101110101
1110110100011110
1100000110110101
0101101101100100
0000000010111010
0011010001000001
1100010100101000
1000111011100101
1111000010111111
0011011011010000
0010001001001001
0010100001000110
1001011111111110
0000011011111010
1101000000010110
0100100000101111
0001010101000101
0010110100110100
1101111001100010
0111110111110100
0010100011100011
0100001111100010
