1010010110111111
1101110010111100
0000100111110100
1001000011001111
1010100101100100
0110011010000100
0110000011000110
0001011001101000
0100100111000000
1011010100111011
0000001000100101
1100000101110011
0110001000100001
0100101111000101
1000111111101010
0100011100101011
0100100000011110
1111000111100001
1010111100010010
0001011100000001
0110010100000110
1000101001000011
0101011001000011
1011110100011010
0110111001101101
0101000001011100
1110111011011010
1000010000100110
1000001111110011
0111111001000011
0001100100110101
1000001101101100
1001001011001011
1011100111000111
0100110101111100
0010101110101001
1010001101111110
0011010101110001
1010000100101100
1110100111101110
1000010010001000
0100100110110111
0101101011011001
0110010010111100
1100101111010101
0001110011100010
1100000101000110
0001000011011111
1001011000100110
1011001010011000
0101011110011111
1010010011101111
1011101000010110
0000111101000001
0000101000101011
1011010001011011
1011100100110001
0000110101101011
0011001101011001
1000001100010110
1001100000100100
1110000010010101
0000001010110110
0000000100001111
0001110000101100
0101111100001100
0111100001101011
1001101100101111
1110001101111001
0110111010001001
0011001010010111
0001100101101001
1001101010011110
1100101110110011
0110110011011011
1100101110101000
0000110100111010
1010110001101011
1101010101100100
0101011101111001
0110101111111101
0010100101011101
0010110111111011
0111111000111111
0111010101101111
0101000010110111
0000110011101011
0010100010001011
1010101001101111
0101100100000010
0001101000111001
1000011111100000
1011010110101001
0000111100010010
1110010010000110
1010110110101100
0011100101011011
1001011000111010
1000010001010110
1111100110101111
0110011101001110
1101000000011010
1101110101100111
1111100101001111
1111010010110000
1010110011101001
1011100010011111
1100100101010010
0011011101001000
1100110000000101
1001010101110101
1001000111011000
0110001111001111
1110010001001001
0000101001000101
1101100101101101
0000011100000001
0011010011000011
0011010110011011
0010101000101111
1110011000100100
0100001111101001
1010110000110000
1001011100110110
0010100001100110
0001011100000111
1110001001100000
0100011101110011
0110101010000010
0001000001100000
0110000110110100
1111100110111010
1101000101010100
0001100101011101
1110110011110110
1111101011111000
0100000101100101
1010110011110000
0111101011111001
1100010111100111
0111111101100011
1101001111110010
0010000011000100
0010011101111001
0101011000000111
0100011011011101
0100100000001101
1111011111101101
1000100100011110
1100011110000000
0010000000010100
1100111010000001
0101001011011011
1011101110001111
0100110010000110
1110001011010001
1100110110001000
1111111001000001
0101010100000101
1110001000101000
0000111110101001
0110001010000000
0001100100000000
0100100010000001
1100101111010110
0101011101111100
1011011001100100
1011011100001100
1010011000010101
0100000110000111
1100011001101000
1010011110101001
0001110010101101
1001100101101110
1001111101011000
1111100100000111
0001010111010010
1000001100111001
0111001011110100
0011011001000101
1011101101000100
1110000100110101
0101110100011001
0011101100011101
1101100100111111
0100010101101111
0000101010100111
0100100101011000
0000100001000100
1101100010011110
0010011101010101
0100100111100101
1100101001001110
0011110000010110
1110000011100000
1100110001010000
1011100100100100
1001111100100101
0110000010101100
0110001100011011
1001000000010111
1001011001110010
0011100010001001
0100011001000111
0100100000110111
1101100111010000
1111001111110100
1110000101111011
0011101100011011
0000011001101100
1110011110100001
0001101001001011
0001100000111011
1100101011011011
1111010000011000
1011101010111110
1001101100011111
0110011110011011
0111111001001011
1011110010000010
0011101111001001
0011001001111000
0001100100011111
1010111011000000
1110110110100010
0010101111011111
1110001001001001
1011000110101000
0000000101101111
1001110000100110
1001110011010010
1101100101101110
1101011110101001
1000101110110101
0000001001001010
0111100100101110
0111010011010100
1010001111110101
1100011001101011
1100101101111000
0011011000100110
1100110001100100
0010110101111111
0011110111110111
1010101010001101
0111000010101100
1110011110011001
0110101110010111
1100100111100101
0000110010111010
0111100110000000
1001011000000001
0000000100111101
0000101000010101
0101011010000110
1110000010100010
0101001001111110
1001001001010111
1000100010101011
0000000110111010
0011110101111100
0110010110111010
0011101100011001
1111101011111010
1111010111101001
0111011110101101
0101010010001111
0100001100110001
1110111100010101
1110001000110000
1000101101101111
0101111110111111
0001100100000111
0001011100100101
0011100110110000
1100111011010111
1011011000001100
0011000101000101
1110110001010110
0100111010011101
1011001100111000
0100000000010110
0100000000001101
0001111111101110
1001101010000000
1100101011001010
1010001001110001
0011000001000000
1110010010000100
0110110011111111
0000110011110110
0010110000100000
0100101101100010
1100100000011110
1000110110110100
1010001000000001
0101110111000010
1000111110101100
0101100111011011
0110001100111110
1000110001010000
1110011011001011
0010110011001101
1111111110011010
1011011110101111
0001001101000011
1001111111111000
0011111000011011
0011111010000001
0100110111101001
0011110111100100
0000001111110101
0001111010111011
1010011100010000
0101011010001010
1010000000000101
1000000001100101
0100111110011010
1001001110100101
0101000100100101
0111010100010100
0101010010011001
1101010001101011
1001010000100110
0110010110011000
0010110001110101
0110101001000101
1101100100100000
0101101111000100
1110011101111110
0011111011110110
1101001101101101
0000100000110100
0011010110110000
0011001111111000
1000100001111100
0010001100010011
1010111111101011
0011111101001110
0110101000111010
0100011001000001
0100100101010100
0001001100011100
1001100110011010
1000000110100111
1011100001101001
1000110101001111
1000011100101111
0111011100110010
0011010110011010
0110101101011001
1011010110100001
1010111100111100
1010100000001011
0111101001001011
0000100111000011
0101100110111111
0101010000110110
1000111110000110
0101110011101101
1010001110100111
0100101000111010
0101101010100001
0110101111111101
1000111111111000
0000010001010101
0001010001110001
1010011011110000
0101000011010111
0001110100001001
0110101101111000
1011000110011111
0001010111110100
0101111110101100
0001010101111100
1101001111110101
0010011010010111
0110011010000111
1110100001111001
0100000000111010
1101010110000000
1011000001110110
0110011111111010
0101011010101110
1101000100100111
1101001101000100
0011101011000010
0001011100011100
0100110011011010
0000110111001001
0001111111111010
1010011110110000
0110100011011101
0010100011000101
1101111100010011
0100100110111110
0001011011000111
1110000111010010
0011011101111111
1001111111010110
1010011110100110
1110011110101101
1010110001111111
1101110110101010
0011101011100011
1000000111001111
0100010100101101
0100010001010000
0110010010000100
0001100111111000
0110000101101010
1100110011010111
0101111001111000
1101110010101110
0010101110100100
0101010011100010
1010100100101000
0100110011000100
0111010000010000
1001010101101101
0001100010000011
0001101001011010
0000001010011001
0110011100101001
0001010100001011
1000001101000001
1101110101011011
1000101100111101
1111111111110110
1101001000010110
0000011000010100
0111000001101010
0011111110001100
0000101010101011
1100010110011100
0110101011001111
0000100011110011
1011001010001101
1110100101001011
0100001011100100
1010100101101000
0001100111010111
1011100001001111
1010110001110000
0001100111011111
0011110110011100
0001010011101100
0000010111100100
0001011000100001
0100110010011000
0010101101000111
0101111100111111
0000000000101001
1011111000101001
1001011101011111
0011110000010110
0010011011001001
1011111000111110
1001011000111100
1000010101111100
0011110110101011
1110101001100100
0111000110011011
0011101111001110
1011110110011001
1101010001101110
1111001000100111
0010010101010001
0110101000111110
1101111111101001
0011101111000110
1011101111110001
1111011011010000
1111110101010110
0101110011001011
1110100001010000
1101111010000101
1001100000100000
1001101001110100
0010100101110110
0011010010010010
1011001110111010
1001011000011110
1011110001010100
1000001010000100
0001101111100110
1110000100101111
0111101001010001
0010111011110001
1001000011100001
0001110001011111
0010011110000100
0001000010011011
0100101110100011
0000100000010110
0001101010010011
1000011110011011
1011001111110111
1011001100110100
0111100001000011
1110101100100101
0101000101001011
0110100101101110
1100110001100001
1100000111101110
1001111010001101
1010111111110101
0110100001100010
1010100100000101
1101111011010000
1011110011010100
