0111000011111010
1010111101011100
0010100000011111
1110011001011011
0000111001011101
0010100101100000
0100110100001000
1001011001010000
1100000000011001
1100001001100010
0011101111111010
1010100001000010
1011001111100110
0011110111001101
1100010111010011
1110100101101110
0010101101000011
0000111111101011
0000000101101100
0111100001101001
0001100110111101
1111101011011011
1100011100001000
0001101100010001
1111110010010000
1110010100011000
1111001101001010
0001000010111101
1010101011101011
1111111010111001
0001001110010011
0000010100111100
1010011010011011
0000110000100001
1011000100000111
1011100110111101
1011100100010010
0100110110100111
1111001001000001
1100101000111010
0011001111000001
1110100000100110
1010010101000100
1011010111010011
0001011001101100
0011101011101000
0101001010010110
1000100101101010
0001010110000000
1100010111100000
0001001001010110
1110010110100111
1000011101010100
1110010011110011
1011111110011110
0110001111101011
0100110100000111
1011111111110010
1110110000110110
0101011101010010
1110010111000011
1000010011110101
0101011111000100
0011100111110011
0010011100101010
1010101101011110
0100001000110010
1110111011110001
1011000010001010
1111100110010010
1010001001111100
1100101001010010
1001010010011000
0110001000000001
0001100110010110
0111101010111110
1001010100001100
1111100001101011
0100100100111001
1110010110100101
0100011000100011
0001001011010110
0101010001100000
0010000011111110
0101110101000011
1001111010000000
0000100110000011
0000000101101110
1101001101111101
1000001101000010
0110101001111010
0010101110100110
0001011110111110
0111000011011011
1100110100111011
1010010111001111
1101001011011101
1010001101100010
1100111001100111
0100100000111111
1111001010110010
0101101100010110
0001011101101001
0110110111110111
0000111111000011
1000011001110100
0010001000011101
0000110010011011
0111000010000011
1111101011011100
0011101010110000
0010111100100101
0000111111110000
1110100011111110
0000101100001111
0001111101111001
0000000110101001
1110001010111011
1011101011000000
0001000111010011
0101001110010010
1001110010110101
1100011010011110
0000011100110010
1001111011100010
1010001101010100
1100100101111110
1010111000110011
1100001101111010
0100111101001111
0001101011010000
0010110001110101
1010111101010001
1100100100101111
0011001101101100
1001101100111110
1000100011000000
1100100001110010
0001110010001110
1000010110000001
1110010110110001
1100010010001111
1001111100110100
0000010001101100
0111111101010100
1111110111100101
0001000011111000
0111000000111011
1010110110010010
0011001011001101
1110100100001111
0000100101000001
0010011000001101
0111101001001001
0111110010100100
1000100001101000
1101111101110101
1001111001000111
0111000101001001
0110100100111110
0110001011000000
0001111001010101
0010001000010100
1110101001111111
1100100101011100
0011001000010011
0010110101001011
1010111001010101
0101101011101011
0111110101011000
0011101101011110
0011011100001101
1100111101101100
0101100111110110
1011010111010000
1110010010001100
0001011100101100
0001000011101110
0111111000100011
0010011010011011
1110000001111011
1000111111001100
0101010101110001
1010000100001001
0011110101000101
0100100100110010
1100001100100011
1010111100111100
0101010011111111
0101010101000011
1101000100101001
0011010111100101
0100011010001100
0011001001010011
0011100001110101
1010111100111101
1010100111001100
1110001110010000
1110110100001100
0000111111001111
0111001011011110
0001011100000100
1110100101110100
1111001011100010
0101000011110110
0010000110000000
1101111101001111
0111111101010000
0101000011011110
0010101011110001
1100001101000101
0011001001001100
0011011011000000
1010011100000000
1111111010001011
1110001001001101
0110001100000000
0011111010110110
0101110110111000
1000010101011011
0111111101011001
1101110101110011
1100111111011110
1110111110010011
0101100001000011
0001001010000111
0111110111101001
1010110001001111
0010111111111010
0000011100011110
1111000110110000
1101000110100010
1110010011010010
0000100101010001
1100111110101111
1110101000110110
1000111100000011
0111010010000010
1111010111000110
0010000101011101
0001111011111100
0010010000101000
0100101011010011
0001101011100001
0011011100000111
1011110000000110
0110100110100010
0101111011111000
1000101101000000
1000010000101101
1000001101101001
1001001001101101
1010010101011011
1010111110001001
0100111010101011
1010011111101100
0111100010011101
1010101110110101
1011000010100010
0111100100101110
0101110001110110
0100110101110011
0010111111011011
1111101000010001
0101100110010000
0010111100111010
0100010110110111
1011101001111100
1111011001011010
1111100001000110
1001000101011111
1000111111100110
0111111110110110
1000000011101110
1110001010111111
1110101100101101
1101000001110101
1000111000011110
1110110110000101
1001011101011000
0001001010100000
0110011000010100
0101111100101110
1100110001010010
1100101110111110
0111001111000101
1111010100000100
1001111100101000
0110100101111010
0101110111000001
1101111110000001
0110100100001111
0001011110110001
1111010101001111
0101010010000110
1100011001101101
1000000110111111
0000101100100001
1011000100111000
0001001011100001
0101011111100100
1001011000011100
0001101100111100
1110101111010111
1100110001101010
1000111010100010
0110010000000101
1111000001101010
0100100010111000
1111000001100111
1010101000101110
1110101100001110
0010000001110111
0010110011011110
1001000101011011
0000011011100110
1100111010010001
0111101010101001
1111100100011000
1101111101001101
0110110110010100
1000001110101101
0111001010110111
1111110110100111
0111100010000111
1100011000110000
0001101110011110
1100011001000001
0001001100111110
1110001011111001
1011111001010101
1000011011100110
0111100111011101
0010000100000100
1101010001110101
1100011101001010
0010100111110011
0011101111000010
1011100010011101
1101010111110000
0110100101111100
1100000011000101
1000100011010000
0010111111010011
0011010101010110
1001010100101100
1110110011110001
1100011010011100
1010000000010100
0100111101101101
0111000100001110
1011000111001101
0000111001001111
1000001101111111
0111000101011111
1100110111010110
0111110100001100
1000111111011110
1010111000100100
1011001111001100
1110001101101010
1101101101110111
0010101010101100
1001010110000100
1001010001011110
0000000010000111
0001100111000010
1100000110000000
1011111111010110
1001111001101000
1100011001110110
1000111001100101
1001001111001001
1111001001010011
0101100011101010
1110011100001011
1011110100110000
1110000011111010
0110111110011001
0011000000110110
1010011111010101
1101111000101111
0001100100100011
0001110011001001
1000011010101101
1100101010110110
1001001110011001
1011011110110001
0100100010110111
0110000110110011
1011110111000010
1111101001001000
1111101000110011
1011011111000010
0001010100111011
0011100110101100
0000100000111100
0100001011000000
1111100101100111
1000001111011111
0000000111100100
0001101011010100
1100101010010101
0110110000011100
0100011100100101
0010000100101010
0101011111000001
1110010111011001
1111000011111011
1101100011100111
0101101010111100
1011100001100000
0010110010110111
1000011101100110
1101111011111111
0101001100001001
1111100110011001
0011011111110110
0110111001101110
0110100010000100
0000111001001110
0010010110001101
0010110110101001
0101000000000000
1001000000101101
1001110001101100
1100000100100011
0110110010010110
0110000000100000
0110101111101010
1110100110111100
1000010100001111
1000111101001000
0000110110100010
0010101011100111
0111110001111010
0101111110111010
0001011010010110
0001000001001111
0111111101001011
0110110100010101
1010001010010001
1111000000101100
0100010010100110
1001010101111001
0001111111101111
0101010000111110
1100011101001010
1110001001010111
1000100000111111
0011010110001101
1000101011110111
0110110110000110
1110000010100001
0110100101110010
0011110100011001
0100011101100001
1101010011010100
1000111000000101
1001001111101111
0000100101011110
1100000001111100
0011001000010000
1000101101010000
1010111110110110
0101001011001000
0111000001100100
1000001110111001
0011111011010010
1001011111000111
0000000000001100
0100001000111111
1101101110100011
1101010010000011
1011110010001010
1110011101011001
0101111000011111
1110111100001010
0101010111011011
0100011000010111
0110110011010101
1110101110101001
1001010110101110
1010110111111100
0110100110001110
1011110110010111
1011010111110100
0011110000000000
1011101011001111
1000111010010110
1000101010100010
1101110010110110
0101100100000101
0001110111100000
1000001011001011
1011010001010101
0101111000011001
0001101110000111
0110110111111001
1011001011001011
0000000100101001
0101001010101010
0011110001010111
0100110101110011
0111001111011010
1111010111010101
0010111010101010
0110111000101010
0001000111101010
0110001100100101
0011100101100101
