0101111011010101
1100101001110111
1010010101101101
0111010110011011
1011111000111010
1010101001011011
1111011101111000
1000000010100001
1001101000011111
0011101110100000
0000010011111110
0011111111110101
0000001010110000
1001111101101001
0000111101000111
0011101100001101
0111100000110000
0010100110001100
0010101100011010
0011000011110101
0110000101100100
1100101011001010
0100011111000100
0011001111011010
0110011110111001
0100110000101001
1000011001110001
1111111110010110
1001000110011100
0111001011001010
1101111110001010
1110000011001111
1000011111011100
0000011101011000
0100110111011111
1000110001000010
1010100010010010
0000101110101000
1100100110110010
0110111010100100
1111000011111111
0100011110000101
1111110100011101
0101010111101110
0010110101000010
1100100111010000
1000101000000101
1110001010101010
1001000101010110
1000110001010101
1100010100010001
1000000011110000
1001101100010000
1001100101110100
1000101001000111
0001010010100000
1000111110111010
1111110111000110
1111111010000000
1000001101100010
1111001010100000
0010101111100000
0001101100010000
0101011010010111
0001101011110110
0100001111111010
0101110010000000
1001011101000011
1011100010011111
0111010001010000
1101111111001110
0011111110100011
1011100011010011
1101000110101010
0111100100100101
1011111011111010
1100100111110000
0000001110001010
0100001001111011
0011110010100101
0111010101111100
1101001001010001
1011011100110111
1000010001010000
1101010110000111
1011110000110011
1011001100101010
0101101001110000
0001000100101011
1101111001111111
1101111000011000
0000100001111001
1101100000110011
1010110101101101
1011100011011001
0010011101000100
0101100011011110
1111001111110111
1010001011001011
1001111001101011
1111010101001100
1010110110100110
0100001111010001
1101100111101001
1101110110000101
0010001001011000
1111011000001011
0001100101001101
0101111111111111
1000000010001011
0000111111100110
1011111000110010
1000100010010100
0011111100100110
1001000100000100
1100010011110001
0111110101011001
1100000111001101
0011110110100011
0100110010000110
0101001100110000
1000100010111110
0110011010100111
0001000111100011
1110101011010010
1100110000110100
0010001000100100
1101001111100011
0001101110101111
0110011001011110
1010010110011011
1110110001110101
1110111000101001
1000101000111011
0111100011111010
1001001101111010
0000010000011000
0111110111100101
1000110101011001
0100001100101100
0001011011011000
0101110000111101
0110110101011110
0000000100000111
1010000111101110
1100001011101010
1101001011110101
1100110000010001
1001111011101101
0101100010010100
0110111001000110
1011101110000001
0010010011101011
1111000101101110
0100111001010110
1100011101100010
1111101110110101
0100011001010001
1100100000110011
0001010110000111
0101100011101110
1010110001101011
0010001001100000
1001010000101110
1111000100001001
1100010011000100
1011100101000100
1110010101010111
0001101000010111
0010000001010101
0110001111100111
0111110100010101
0010100101010110
0111110001101010
0101010101110100
0110110001001000
0010000111011010
1111011010001001
0101001001101111
1001000000110001
1110010010110110
1110100010110010
0011001000001110
1111101110001110
1110010110011001
1101010010100100
1100111100011011
1010001010111101
1000111110111100
1001110000001111
0110111001100111
1110010100011100
1010101101000011
0101110000101100
0101001010001000
0000100101000010
0101001100101001
1011001111101000
1011110101100100
1101011011001000
1110111110011111
1100001100100001
0010011101100001
1111110110110000
1001110010101110
0111110011111111
1111001010110101
1000101010011101
0101001110111111
0110010010110100
0100010101100101
0010000011101100
1101100001010100
0001111001010110
0000010011011101
0011100000000110
0011001110101110
0100100101100111
0111000000001101
0001110101001000
0111000001100000
1001001011010101
1110100001001100
1111101010010100
0010011011110000
1001111011100110
1101011011111100
1001101001010100
1111001011011101
0110000010000111
0001110111100011
0011010011011101
0010100000000010
0111110100110010
0010010101011110
0011000010011011
0110001100100111
1011100101000100
1101001010101101
1111100110011111
1100100100011010
0011000101101111
1011101111100100
1011100000010000
0011110100100101
1011111000111011
0111001110111111
1111010101000110
1111100100100110
0011100111010111
1111001101011010
1110101010000010
0010011111100010
0101010111110010
0011000101101111
1111011001010000
0110010110001100
0111101000001110
1001001110100110
0000101000111001
1000101000010001
1010010101011111
1011111000101001
1001000101100100
0010101100010011
0110001100111010
1101100110000001
1111010010000100
1000011101011100
1010101111110100
0100010110011001
1001101000110111
1101011110100101
0111001000000110
0001001101001000
0010100110110101
1110100000111011
0001010111100010
1000100001110000
0011001110001000
1001011100101101
0110100011010110
1101001011010010
1110100110000111
1110111010001111
1100000111100000
0101111100110011
1110011101001001
0001010111011110
1001001111010111
0100010100011011
0101011101000010
1110011101010101
0110101011011110
1101010101001101
1001111111111100
1011010001001111
1011010100001100
0101011100100011
0011111011001010
1001111000101000
0110111010010101
0010001110110011
1000100100011010
1001110000100001
0001001010100110
1111111011010011
0101110100010000
1001110000010010
1111010010000010
1111101101011111
0111001110100111
1010011011111101
0100110101111110
1100010111101011
1001000101011010
0001001100000100
1010011110010011
1100100011010101
1000011001000110
1001000000011100
0000111010010001
0010011001010110
1110110001001100
0000011100011111
1100110100110111
0110100001010110
0110001011000001
1100010000011010
1110111110000011
0100010011101100
0110001111100110
0100011010110101
1001110011100011
1000101010100011
0011010101110000
0110010101010000
0011101100110100
0100010110001011
0111100000011100
1111001001011001
1011111000110111
0010101101110010
1100011110110101
0011100011000101
0100100010011110
0010111111001011
1000000000001101
1101011010011000
0000000000010111
0101111011001100
0011111101101010
1101100101111101
0101111100110010
0001000100000110
0001101110110101
1100011011010101
0111111100100101
1011110111101001
0101001000101001
1101000100101010
0110100001000100
0010110001101100
1111110001100010
1101010110110011
0100001111011010
1101000111100011
0101110000110110
1001001110010001
0100011101000010
1110110000000000
0010101011010010
1101010010111100
1101001001000000
0010001011011111
0101110011000101
1101001000100110
0011101101111010
1110001011101001
0001100000011101
1000111100111001
0000101101101111
0001011011111000
0111111100100000
0100100100111110
1001100111010110
0001110110100011
1110101001100010
1100110101110101
0011110100100011
0000001000001001
0101101101000101
1010000011111001
1101100110100010
0010111111001110
1111101111101111
1001111010101101
1010100101101100
0000001001011000
0111111000010101
1110111110001001
0001110010010011
0110010101001001
1111101010101001
0011111011100001
0011100010101001
0010000100111100
0000011010111100
1101010011100011
1010110001011011
0000111100111011
1110010100111101
1010011100100110
1110010111001001
1110000101101010
0110011000010110
1111011000010001
0010101101111110
1100000000011000
1001100010010110
1101110100011001
0100011111010101
1100101001011010
0111101101111110
0011110110000000
0110110001001100
1110001001010010
0001011000110101
0011011000010001
1110110011100111
0101100000100100
1001100100001010
1000111101110100
1011001011010010
0100110100010101
1100101000100101
0100101101111100
0111101100011011
0101111010111010
1010001100100111
0111011001111001
0001110101110111
0000101111010111
0001111101010011
0110000100100010
1111101101011011
1101000010001110
1000010000101010
0000111111100001
1001011111011010
1101001100101100
0000100000101010
0101011011001011
1110010110100111
0000001011101100
0110000010011010
1101100110101110
1000011011010000
1100111000110100
1011111010001010
0101101010110001
1101001001000101
1011000010010001
1111010011000101
0101001001101100
1001010101001001
0101000000111011
0010101011110111
0111010001110011
1100111110101011
0111001100011111
1001110010001011
1011011001000001
0111000001001110
0100110001101001
1011000110110100
0101011010001100
1100100110110001
1001111101100110
1011110011001000
0001010100101001
1011111001110101
1100010001111011
0110000011011111
0011110110101010
1100001000001100
1011110000111001
0011100111001111
0101100011000000
0110001000010101
0101010111110111
0001101100001000
1100110101100100
1101101011101001
0111011101101000
1011011111011011
1110100101010110
0110010010110111
1010001101001111
1010111001011001
0111001001100100
1110011111011110
0111010111110011
1101110110011110
1000010000100100
1101111111110100
1001100000001101
0100100000101111
0110111000010010
1100111000011001
1011101001100100
