0101010010110101
1110110000110110
1111111110100110
0111011010111011
1100100101000011
1011111101111110
1110011111010101
1101001111110011
0101110101010110
0000010110001001
1011011011000010
1100010111010011
1011001010100010
1000111011100110
1110011011100010
0111010101000011
0110101011011011
0111000100010010
1101100000111001
0000001101010001
1010000000110100
0111100111111100
1010100101100111
1100010000010101
0000011110010111
1001000110101110
1100010000110000
0100010011011000
0101101010100011
0011011111011010
0011001000010010
1110000111110100
0011110001111101
1110100100100011
0001011110000111
0110111001001111
0000001100100001
0010010100001011
1111010101010011
0100001100010001
0011100010101011
0100001001110010
1110101010000000
1010000010011010
1001001100000100
0111011111001101
0100001111010010
1110011001100100
1011010000111000
0100010111001111
0101000110010001
1111010010010101
0010111010111100
1100001100111101
1001001000100100
1011101000010101
1011100100010001
1001011010111110
1101001000000000
0110101111101101
1010000100110011
0000010101110011
1111001111101010
1000000011110110
0000110111000001
1100011000000111
0110110110100000
1010110011101010
0101000110110010
1101111001110000
1110010111111110
1101110000110011
1110001000000100
0011110011111100
0100001111011000
1111011001011110
0000011110010011
1111001001101000
0101110100011010
0101110111110001
0100110000110000
1100100101101000
1111111101110001
1110010010010100
0101010111101001
1101100011111000
0001000011011010
0011101001010100
1101100100100111
1000101001010010
0111001110011100
1111101000011000
0011010011100001
1010110111000110
0000011001110101
0010110100000000
1001100100100001
1001000110001111
1001111100010100
1111000010100001
1111010111001010
0001111001100110
1001010000010000
0111001111100111
0100110011100000
1010011010001111
0001110011000101
0111101010010100
0101111101101011
0100000011011001
0101000001000010
0010111100111011
0010111100110000
1000001000001101
1000010000011010
1001011010011100
1110111001111001
0100010101010000
1110000101111111
1000101101001000
0010100010100000
1001100101010101
0011101011100000
0010000000110111
1111001011001010
1010110011100000
0111111101000011
0001101000000101
0101111100101101
0000010111110001
1000010100100010
0001000010010010
0100111110011000
1111001010011111
1001111010001111
0101100000011111
0011111101110010
0011000110110000
1101111000110011
0011110011000110
1010011100000110
0101101111111101
1100011010011001
0010001111110010
0111110111110110
0001000010100111
1110001110001101
1011100101110110
1110111001010100
0000000000110000
0000101110100100
0000000011011101
1101000110101100
1101011011001111
0010010001010101
0010011110101001
0011011001001011
0010100010011110
1001000001010010
0010010010010001
1010101011001011
0010101011001001
1000011001110111
1011011100100011
0111011001001010
1001001010111100
0010100100010001
0011010001010000
0100100000000010
0110001000000000
0100000110101000
1101100001011100
1100001010001100
0011000100110111
0101011110000111
1001110001100100
1100101111100110
0110101111001101
1110101010110110
1110101010111000
1010100110101111
0011101110100001
1111011100011000
0111000100001000
1000101011010111
1010010110000101
1110010000010001
1000110110110010
1010110011001111
1110101111101001
0100100001101110
0110010111010100
1110011011101001
0111001001100111
1001000100101011
0001101011100101
0110001010000101
0101011001011000
0100010100001010
0100001000100110
0011001001110000
0110010011101101
0110101001101110
1101110001010000
0111101001101100
1011111001010010
1100101000000001
1000001101110010
0011001101001111
1100100000100110
0001110001101101
1010000010000011
0100001100000101
0011010100010010
1011100011111001
1010101110100000
1011100101100101
0011110110110011
1100010101110111
0000000010111011
0101101110001101
1111100111011110
0000001010001111
1101000100011110
1101001100110011
0101110010100110
1011101110111011
0001111100001010
0110011100100110
0011001111101100
1101001100101101
0000010101001111
1011000011100110
1000100111010110
1010001101000000
0011110100101000
1011010110010110
1111100001110010
0000000010101101
0101101110101010
0100110100100101
0010001000011000
0110010111001100
1011011110011001
1111110010011011
0101010100001001
1110110111100011
1000100110111111
1000101001010110
0110010000110100
0110001110010011
1000000000100100
1110011001101111
1011101110011111
0101011100010100
1110001001111111
0100111111100111
0000001101111001
1010110110101100
0000101001000110
0000010110001101
0011100001011111
0111000000000100
0100100110101101
1101011111001110
1000011111101111
1111010110101100
0110100011100101
1010011010101101
0000011010001001
1100011100101000
1111000000110110
1101100010100101
1011101101100010
0100100110100101
1010001110111001
0011010110111101
0111010001110110
1100011000000000
0100100111000011
1000000010110100
1010010100100001
1100000001001110
0001001001010110
1101101000110100
1100000110111100
0111111111111101
0100110001100010
1001111110010111
0111111011111101
1110111100101111
0011010111101010
0111111001100100
0010010100100001
0101101101011000
0100111101000101
1100101010010011
0101110001110110
0001000010010000
0010111100101000
1000001101001110
0011100100111001
1010010110001110
1111001000110000
0111010011101011
1110011010100100
1000110110110101
1001010011110110
0100011101110100
0111111100011010
1000011011100100
0101111010101001
1000011100110100
1001000101101101
1111110101010010
0110001101000101
0010100010001010
0001110000110110
1010011110011111
0101110011000001
1011011011100111
0111110000010010
0101100001010101
0110011011100001
0101011111100101
0001010101000001
0111100100100001
0011101000101010
0100101011100001
1000001100001101
0100111100100111
1010100000000100
0011110011100010
1000001001111110
0010001111000110
1100111011000001
0000110000100011
1010001111000110
0110100010001101
1100000110011011
1100111001110110
0100010111010110
1011110101100010
0110110111011110
1101110110111011
0010100001111010
0000101100110110
0110101001100100
1000110001011000
1101000100111111
0000110110011100
0001000011110000
1010100000001110
1101101000011001
0010110000010010
0111011011001100
0110000101111111
0000100010000010
1101100100101110
0100111111110101
0000110011111101
1001111110111001
0001110101100001
0001110100100011
0111010111001000
1011010011010001
0001110100011011
0101100101101001
0000110000111111
1100000111010111
0100011111011011
0000010001100111
1110101110111010
1100110110011000
1000110001011100
1011001000001010
0001011010011100
1101101011000100
1111100111100111
0011100101111101
1000110101110101
1101110001111011
1111000111100111
1011100010111100
1111100011000000
0010100000000010
1101101111101000
1110110001000010
1001011111110001
1010111111000100
1011101000011100
0011000101000010
0000010100001011
0110111101000100
1011100011001010
0110110110001101
0110111111000110
0001101110110111
0010011001100001
1001101001010001
0110010101100010
1110100001100101
0111110000000111
1011101000110100
1111100100111000
1110011111100001
1001010001001001
0100001000010110
1010110100001100
0110011001101111
0011111101011011
0011010110000001
0100110101110100
0110111110011110
1000111100010110
0100110000110011
0100010110100010
0101100110001001
0011011001010010
0111110011111101
1000001100111011
1000001110011111
1001110011111000
1011100100101000
1111010011011100
1100100010110101
0011101001001110
0100110101100001
0001100000010101
1000101001100000
1000111010011000
0011011000100110
1111101010111000
1110010101000110
1101011100011001
0000011010000000
1101010100100110
0100100101111010
0111100000001010
1111010110000001
0100100011100101
1101010010111011
0101101011000010
1000111101111100
1000100101110100
1100110111110010
1110011011110001
1100011111011000
1101011101000010
0001101001010010
0100101110111101
0011100111010111
0001001011111011
0101010001101110
0110011100100100
0001001001011100
1001000100001101
0001001010100111
1000111100111001
1111110011000000
1001000010111001
0101001101011100
1100001000010110
1110000110010001
0010011110101110
0100101100111110
1110000001011111
0000110100011011
1110010101011011
0011010101110011
1000011011010100
1111011101111011
1110001001101001
0110111100000110
1001001011010010
1110001001110000
1011001010100101
1110001101001011
0010010111111001
1001011000010111
0111100000010001
1110011110101000
0101110011001001
1110001000011111
1011110010101111
1000101001110101
1101111100000100
0101110001101011
0111110101111100
0000011110101001
0010011010010000
1011110000011101
0011111000000101
0100111100111111
1111000100011001
0100111001110001
0111010100110101
1011110010111001
1011101111000101
0100001110001000
0011010010000111
0001011110111111
1100001000010111
1101010111101001
1000001111001001
0011000101111110
1010110011001000
0001111010001001
1010011110111001
1001111010111100
0000100010110100
