1111100110101111
0110010110110110
0010001100001110
0001000001111100
1000101000011101
0000110110110111
1000011100001001
0000011001101000
0101110001110011
0010001111001110
1110100110000010
1011110000100101
1110010100000000
0011001001100011
1100001111001111
1000011000111011
1100000011101000
0011011100101101
0101011011101010
0101100111110110
1100010111011010
0100010010011101
0011000000001110
1011001011001001
0100110000011011
0110011011001111
0011101010101110
1101100010000011
0010000000010111
1010000101101001
0011111000011110
1111101110010011
1101000001010000
1110011101111011
1101101111101001
0110111101100111
1001101101011100
1010101001001111
1111101010101000
1001100111100101
1001101010100001
0000001001110001
1110100001000001
1110100111001001
1001010110011110
1001001101100000
1010010100001111
0001001000111101
1011111010111101
0110011111100101
1111010001011011
0100110111001000
0010010101101010
1011101100111111
0111010110001011
1111011001101101
1111111010110101
1110101001100011
0100001111110111
1100000010100010
1011010001110011
1010010111001000
1010110001100100
0100010100110010
0001101101111010
1100000001111111
0000110111001101
1000010110101110
1000000111110110
1101100000111010
0010011010001001
0110011100100111
0101100000001001
1001101100010100
1011111001110110
1111111101110100
1000001110100010
1011110101000010
0010110011010101
1110011111000011
1000110101011001
0111101100011011
0110110100110010
0010101110011001
1011100011101101
0111111000001110
1100100011100100
1011010110111110
0101000000011100
1011111001011100
1110111000010000
1010010101011010
1100000101101000
1000111100011101
0011101011100111
1001111111000100
0100110110101000
0111001101011110
0111011111110101
0011111101101010
0101100000001001
1001100110001011
0001010110110111
0011011001111111
1011100111111101
0001100111001100
0011111010111011
1010001001010001
0101110111111001
0010101101001110
1101100101011011
0000101110101011
0101011100111110
0011000000011101
1010100011111010
1100111000011110
1110110110001000
0000100011100100
0010011101010010
0010000100001000
1010111100000000
0011110000111101
0001010100111101
1110010101111110
0111101111101101
1001101111011110
1010111100010101
1111000101011101
0010101110000101
0101101101001010
0101100111000001
1010100010111100
0001000101111010
1011000100111011
0000111001000010
0111100010110001
0011001010110010
1110101110001101
1001111001101000
0011001101110001
0111101000110010
1010101001111110
1110110000111001
1011011011111010
1001111111011110
1001011000110010
1111011001100111
0100010010000110
1011101101101111
1010010010010000
1111101000100110
1100001000111110
1000011000110010
0100101101001111
0001001000111001
0101101110101110
1111010010001001
1011010100010001
0100111111001111
0011101100011110
0000000010110111
1011000100111100
0010011101101111
1100101110001111
1101110001001011
1001111010100111
1100101100111011
0011111001010010
1001111110110111
1110000000110011
0001100010011001
0001101000111010
0000000000011000
0101010001110001
0000101101011110
1101010111100000
0100101101010001
0001000110100010
0111010011110011
1110111011110101
1111101000011011
1010100100100100
1011101001101110
1000100101111000
1000111100011110
1011011100011111
0011110111000010
1100001001011010
0001101101000110
0101101010011111
1100111011101010
0110001000110100
0001100100000101
0101000000110000
1101100011001100
0110111001010100
0100100111001000
1111101101011001
0111000111001100
1111010100000101
1101011000011010
0111001111110111
1100110100110110
0101011011001010
0101000000111011
0011011010110100
0001100110010111
0111101001111001
1000101100100000
1011000101100100
1111011010100101
1000111001100001
0011001111100111
0001100101100111
0011010111110000
1010110011111001
1011001111001011
0100111111001110
1010100100111001
1001001111001001
0111011001110101
0100000011000101
0000111001100111
1100001100011011
1001101000111100
1101110100000000
0011101010000100
0101111100111111
0000100100101000
0000110011111110
1001110101111101
0001110011001010
0101010110011000
0000000010101001
0001011111000101
1110111011111110
0111100111011111
0111011111001100
0010101110110100
0110111100000011
0000010010111000
1100000011001001
1101110101101010
0000001110100101
0101011000001100
1101101000001110
1001010111101010
0001101001100000
0101110110101001
1000000101101001
0101100100001100
0110001001100100
1110101110110111
1100110001001011
1110101000010110
1010010010001101
1110101100101010
0001111101001111
1110110100110011
0001100110000010
0000110011010111
0001101000110100
0001100010101001
0111100000011001
1000111001011010
0101101100000110
0110110001111110
1001010000001101
1000101000101000
1001100000010100
1100100100110101
1010011011101101
0101100001100111
0001111011110110
1101010101111101
1110000111011010
0100111101101001
0011101001111110
1100011110000000
0000011100001001
1110110001010100
1011010001111000
1111101101111111
0100100101101000
0010001011010000
0101010001000111
0100000000011010
1001100001001000
0010111010110100
1011010111111001
1111101000011110
0110010001001011
0001110011001000
1010100000001110
1111110001111110
0111011110110110
1011000110110001
1110110110111100
0100001111001000
0000001011010100
1111000010011010
1111110110010101
1011010010011111
0011111000101011
1110101001011010
1001101011000001
1101010000110000
0101010101011100
0000100010000010
0001001110110111
0110011101110011
0100011011000111
0101011011010110
1000101100101111
0000111010000011
1111000100010100
0110110000111001
1001111111010101
0001111000110101
0010110000110111
0001011001101111
1110101110111110
1011010101111011
1011100000101001
1011011110011011
0000011110010100
1000110111100101
1010111101101111
1100100101111101
1111111001111000
0101100010000100
1010111011111000
0011111110111100
0001010011111100
1001001010100010
1001111001110111
0001101101100101
0100111011011001
0111110101011010
0001110010010111
1100110010010001
0111001100100010
0101100011000110
1000110100101001
0101111010110111
1011011110110100
1111001110001110
0011011000001011
0111000011100110
0000110011111011
0001001010110011
0011010001001011
1001111100110000
1000111101110000
1001101100000101
1100011010100010
0101100001100101
0110000101010001
1011100001010011
0000111010110101
1111000011110010
1111001000101111
1001111111111001
1000001011010101
0001100011000001
0110111000001011
0100110110010111
1100000000011000
0011100101110001
0001100100111000
1000100111100001
0001000011001010
1001000001011101
1011110100100110
1110010010100000
1000000110101000
1110100000010101
0111101000111001
1011010100111100
0100110101100111
0001001110111110
1000100011111111
0010001101000110
0011011001000110
1101001100101101
1111101001110000
0000011001101000
0100100110110011
0100110011100011
1100000101101001
0000110001000110
1111111011100110
1011010001101111
1010011110110100
1111010001101001
0000011111110010
1110110101001101
0100111100001010
0010011111110011
0011110101100011
1110110100000110
1101110110000101
0101110000100100
1000110110111111
0000000111111010
1001110101101101
1011111101011101
1101101011101110
1110110100000001
1111001111001111
1010010010001000
1011111011100110
1000100110111011
0010111001110111
0011001010110001
1100011010000000
0000001000111111
1111101101100001
1100001010010010
0111011110100100
1001001010101011
0001010000111100
1100101110000001
1010010111110011
1100010011110010
1100010101111110
1100001110011100
1100011110110010
0110100010010101
0000000101001010
1011000101100101
1010111000011010
0101001101111110
1001011000101000
0011101000111100
1000101110010100
1111010110000110
0010101110010011
1100011001101100
1001110010000101
1010100101111010
0100110001011110
0011111011101000
1011011000101101
1110111111000100
0111010110101100
1011100001101100
1100010101011001
0110111100101111
1001011100001111
0011000110111010
1011001110010010
1110010000101111
1011010111101001
1011010111110010
0111001111101101
0111010101000101
0100100010010010
0011011011001101
1001001011111011
1000100011101001
1111010111111100
0001010010111010
0000110011000100
1110001110000001
0001100000111100
0100111001001001
0101000100100100
1011110000101001
1011101101111111
0011110101011011
1000111010100100
1101010110100010
1001100010110010
0010110111111111
1100111010110010
1011100000110110
1100000110100100
0010110101101111
0001010010011010
1000111011111110
1111011110110100
0010111110011101
1010011001010000
1100010111000100
1000010001011110
0101110010100010
0110010000010000
0101000100110011
1111011001000110
1111110101100101
0001000000011100
0100011110001100
0100101100011001
1000100000110100
0101011001001001
0101011111010001
0011000100101110
0101100000111110
1101111000001011
0000111000011101
1011100100011111
1000001011110100
0010001110110001
0001011101010010
0111111011011110
0100110110001110
1000001011100000
0100010101101000
0000001111100100
0101101110010011
