1100100110011101
0110111000011101
0101001111001110
0001011001011001
0011000011001111
0000111111011011
0010010111110111
1000010011100010
0110100001101111
0100000000101101
0001000010111011
1001101111001001
1111100101111011
1011100011000101
0000100101010101
1100111101011011
1100101001101010
0001011011100101
0001100010101001
1111101000110100
0001000110100010
1001010010110111
1101101010001101
0100000001001010
0100010110100001
1000011111111101
0000010001011110
1100010100111010
1001110110111100
1011101001000000
1101000000100011
1011110011101111
1000100100110110
1100001000001011
0111101011011101
1001100111101001
1101000100110001
1111100000000100
0111100101001000
1011100010010100
1110101000110110
1001101001001001
1000101000010001
0101100001010101
0011110001000000
0110101101000111
1110101010010100
1111000100010001
0010100001100010
0101111010011011
1011011100001011
1001000100001110
1110010110011100
0010110010000111
0101011001101011
1000110101100100
1000100010110010
0110011010010110
1101010011111000
1101101111111010
0010101011001000
0000101111101010
1011000000000001
1011000000000000
1100110110001010
1011001110001110
1001000111100001
0000011001001000
1111111000000100
0001001111110100
1010011111110000
1000110011000000
1011111111010100
0101101011101000
1011010111100011
1000011010001111
0010011001111001
0101101100000110
1101100101111000
0100100000011100
0100001110110011
1010110111000110
0011010100001100
0011101010011000
0001010100100110
1101010101001010
0011101100100101
0100111100011011
0011000110110011
0101011101100101
1011000111100101
1001001100101001
0111100000000110
0100100011100001
1000011001110010
0101100010101000
0101101100100111
0101110000010110
0100111000110000
1010001111000010
0111111111000101
1111000000010110
0011001001011000
1111101111010010
1111000111100010
1010001000001100
1111110000110000
1111001001001100
1011000100101111
0010001111001111
0101111100010110
1010011100101110
0000110010111100
0100000000111101
0110010110101111
1101011100100000
1101000010000000
1001100101001000
1110001110101110
0110011100001101
1001100001111000
0101111010000010
1111110000100010
1000011101111111
1000000110101100
1111000001000000
0100011111000011
1010000100111011
1100100010111110
0000111001010100
1011100100000000
1001011011001101
1110111111101111
1010011100110111
1111100011001000
1101110100010110
0101010101000011
1110100101110110
0000001011001001
0100011111101000
1000101010010001
1001000100010100
0010100000110110
0111101001100101
1011010101010000
0010001000101001
0100101100101010
0110111000001001
0011111000111111
0101010111000000
1110111101110001
0111011111101100
0010000010110110
0011011011110011
0110010110001000
0011000111100111
1000101101001011
0010101110011011
0001000110001111
1101010111111001
0100110100010000
0100001111100101
0100100101001001
0100111111101110
0101001000001100
1011000101110100
1101000101111011
0000000001110001
0011001001000010
0001011110001000
0110000101011111
0110000010110110
1101011110000001
0001111011011101
1001101001001001
0000011001001101
1011100011000111
0010110001111001
1110101000100101
1111110101000001
1110100011010111
0110000010011100
1000100101101001
0110000101001100
1011011111111110
0000000111011010
1011111011000001
0110001110010110
1100100010101101
0111010110001110
1111010111001001
1101110110101101
0100001110100101
0100100111011100
0001001010010000
0001101010101000
1000000110010111
0101110010110100
1001010101111010
1011100101100101
0101001001110010
0010110001111010
1110111100101110
0010010101111101
0110000111100100
0100000101110110
0110000001010101
0011111111010100
0000010101001100
0010110010001010
0100010010100011
0001101000010000
1100101111010110
1100110001101101
0110100000011100
0111011111110011
0101001101110101
0001000010100000
1010111000101001
0110110011010001
0101001100101000
0110001011101000
0101011000000111
0101000110001001
1011110011010001
0000111101000010
0011001000110000
0110101000110110
0011101101010000
0100010011100101
1010010010100000
1010000001000101
0000000111110011
1110011010100100
0111010100001000
1001100010110000
0000110111000000
1111010001010011
1101110110001000
1111000000011111
0101000000000001
1110000001001111
0111110100011000
0001010001101100
0011111111100111
0010001001111100
0001010011010011
0010011011000000
0000000001011111
0100001101101110
0011100110100011
1111010000000101
1011111100000110
1111110111011111
0000110000101100
1000111101000111
1100010011010001
1111010001001010
0010000000100110
1100001110101110
0001110110010001
0001010011001100
0111001010110101
1111101000011100
0101110001011011
1100101010001110
1001000110111011
1001100010011000
0000010110111010
1010110010011011
1001010011110101
1001100010011001
0011010011010001
0111011010110100
1010011100010010
0100000001000111
0100011001001000
1001001011001110
0101011011101100
0101011010010010
1101001011000110
0111001001011000
0011111111000111
0111101111000010
0101001101001010
1001101101001111
1110000011111001
0011101101001100
0101110111101010
1011110101110011
0000100011011111
1011010111000111
0100000101001110
0100110101001010
1011001101111100
0101011001100010
1010010000111010
1101011010100011
0000100111111000
0111010000001001
1101011111110010
1111010010111111
1001001010101110
1111001110010101
1001100010011111
0001001011110110
1101101000110011
1110110011111011
0000100010000011
1100111011010110
0101011111001111
1000100100011110
1110101100010001
0011100100100111
1000110111100010
1001001010010010
1111101101100001
0010000101000110
0000110011001110
1101111111111101
1000001100110000
1111011111111001
1011111100000000
1101010100101011
0010000001111101
0001001110111011
0001101000000101
1101010011011111
0001011000000111
0101010001010111
1111111110001101
0100100111011110
0100111111111010
1111111100000111
1110100110010100
1000001101000000
0100010101011011
0100010000111010
0001000111010100
0110111100000011
0101111111110001
1011000101000010
1011111000101110
1111110000011100
0010000001110011
1000001001101101
0110010000110000
1010010101100001
1111011100001001
0010100100010011
1000111001100001
0110111010011111
1001100000011010
1001000110000100
1100011001100101
1001101110010000
0110000111001011
1100000000110000
0110000000110110
1000101110000110
0110001001110100
1000001100001101
0000100011010100
1000100001101001
1111010001101001
0101011111110010
1111000100101110
0011000010100100
0111110110110011
1111111110010110
1011101011001000
0000010001010001
1101011110100001
0011010010010000
0000111011001101
1100010111011111
0101000000110111
1100101010100001
1110110100101001
0110100110101111
1010010011110001
0110010111101001
1110100001010010
1110011101010111
0110100000101110
0010100100110000
0101000100111110
0000000100101010
0000000001110111
1010101101011001
1101011000001000
0010011101011001
1110011010000001
1111111111011001
1000101111110101
0010101100010101
1100011111010101
0111000010101010
1110010111111101
1011000001011100
0011111111101110
0110101011100110
0100000100001011
0000001000101110
1010000111010010
1010110110111001
0011011000001110
0011001000000000
0111010000100000
1000011010000011
1010110101100010
1011001111101100
1110001100110111
0111000110111100
0110010000000110
1011010110111010
1000110001010000
1010111110001111
1111010101010101
0001101011011101
1101101000000011
1110100101110101
0101010110101110
1000010101101100
1010010010000000
1010101001111110
0011001000011100
1100011110010110
0010101011110110
1000110000001100
1101010100100001
1111111000000000
0010101010010101
1000010101010010
1001111010100011
1101011000011101
0111001111111110
1110000010111001
0000011101000110
0101101000101110
0101110100011100
1101100101010111
0101001100010111
0011010001111000
0000011001111001
0101011110111000
1111000010101001
1010001011100001
1011100101110110
0110110111010001
0010000110101111
0111110110100000
0110001100000000
1110101010111000
1010100001111001
1000101101000001
1101101111101010
1010101100000010
0110101100101101
1100011000001101
1001010011111101
1110111010000000
0011111111101000
0001001110011101
1101010101010011
1010111001010100
0010111111110101
0010111110101100
0101010011000000
1101110111010000
0000101010011001
0111111000011110
0000100011010011
0111100010100000
0101111010011001
1000000110010001
0100001000001100
1010111100100001
1001101111000110
0001101011111001
1010010100111100
1001010010110001
1110001100100101
1110100000110010
0010000111110110
0001110010110010
1010011000100101
1001110011001011
0110110011101011
0101001111100001
0000111100100011
0000001011100101
1101011111100101
0111111010100011
1111100011101111
1101100001011101
0111101110111111
0100100011000001
1000000011000000
0110011001001101
0010100110010010
1011111110110100
1110001101010110
0010100001000110
0001111110111011
1100111111110110
1110111110110000
0011110111100101
1111001111010001
1101110011110010
1000011011000110
