0111110010101010
1001000011110001
1001100110100100
1010001110101000
0110010001000101
1010101010101011
0010101000010100
1111100011001111
0100101001110111
0011011000101101
0000110001001110
1001001011010101
0111111010011000
1111100110011000
1100011000101011
1011000111101000
0111101010100111
0001010100101100
1001101100111000
0110010111010111
1110010101000010
1001010000101011
1101100101111011
1101000000101001
0100011000101101
0000010001101110
0110011110000111
1100110100111100
0001001010001110
1110101100111001
0011101110011000
1001001010111001
1100100101100001
1110110110111001
0110000100110110
0110011001000010
0011111111010111
1001000000110011
1011010100110111
1100111000110001
1100000111100111
1011101000111010
1011101001010010
0101000110001011
1011011001001111
0000010110011011
1001010110000110
0101001101100010
0110110111100000
0001111101100111
0011001101010010
1000010001011100
0011011100000101
0000111011010011
1010000000100001
1100101111001100
0011000111000011
0000111100010110
0111001011110000
0110111111111111
0100110000100111
0110101100100011
0011100100000011
0001010001100101
0101101100010100
0010011001111110
0001001000101001
1100111000011111
0111001100010100
1011001111100011
0110001111000101
1111001010111101
0011100111101001
1000010001000111
1111110110011100
1110110001100100
0101010001111001
0100011010011101
0010001101110111
0010000001101000
1010101011001111
1011010001100100
1010001101100010
0011010111010111
0100111010111001
0001100111001011
1101101010011110
1000111111001001
1101011000000101
1011100011010010
1000100101000000
0001010101010001
0001110100100011
1100010111101001
1000010100111011
1010000011100011
0000010111111011
0111000001000101
1001001110100011
1011011100010010
1001001101000001
1011100001010010
1110001110110111
1011010001101001
0011001100110001
1100000111110100
0110011011110101
0000000101001001
0001001010101110
1101000000100100
0110100110011110
1100010000110011
1110001101110111
0010001011111111
1011101111101100
1100011000001000
0110010011101110
1111000000111010
0111110001111010
1110010101110110
0100000011100000
0011001001000011
1001111111110001
1101001100010000
0110000011011101
0000001110011111
1010000010101001
0001100011101110
1110100010000001
1100100001000110
0011011101001111
0010110000100110
1011100001000100
0100011101101011
1111010101011111
0111111000011001
0001101100010010
1010001000110100
1001111100111010
1000010111101010
0111111001011110
0001110110010111
1111000000011111
1100010111101001
1001000100110110
0000011001010101
1000110111010101
0110111010101111
0101100011111001
0111011111010010
1100100000001100
0001000110111000
0101111110000011
0111000000011010
0101011110010100
0001001010101111
1000011000011100
0001000110100111
0100100100010010
1000010001000011
1110111000111011
1100110001011000
1010010111110111
0110011111111101
1001001010101011
0101100110110001
1111110011010100
1011110001000011
0010100010101101
0111101110011010
1100110100101010
1010100100111001
1001110111001001
0100100001111111
0100000101011100
0000100101100100
0100011100000111
1011011100100011
1000110101111001
0010011001100111
0111111100101010
1010100000001000
1101110010000010
1001111010111000
1000100011010101
1010101000001101
0110010011001000
1101101001011010
0110000011000111
0111111011011110
0010011000011000
0100111111111011
0110001110000001
1001100111011100
1101101110110000
1000101001100100
0101010101110111
0111010110100011
1101001100001011
0000100000011111
0010100010011001
1110111100100010
1101001111000100
0010101101101011
0000010101100110
1111101001101001
0111111000111111
0010011111010111
1011001111110101
1101001111010110
0001000001010110
1011001111110111
0011000000101001
1110001000101101
0011101010010010
0010100100011101
0011111001001010
1010000110001110
0101110011100110
1000011110101101
1100101001101111
0010111111001101
1111111010011001
0011101111000000
1001100011111100
1100111111001010
0100100101001010
1111011011101011
1011110100101100
0100111100100011
0101101101110111
1011101101001011
1010011000111010
0101101111101111
0010011001111010
1000011101010000
1001010101110001
0010100010000110
1111000111111011
1011110001010000
1100011011000011
1000110101000110
0000110101110010
1110100101111011
1111001000001010
1100011100100000
1111011001110000
0110100101000011
0101001000000000
0000101110101110
0001000101100011
0101011100101100
1000100100010001
0010110001111111
0110000100110111
1100110001111101
0010101011101100
0011100110101001
1100111001100011
0111110111111010
0011101000001111
0110100111110011
0000010111100100
0011001100010100
0100011010110110
0010111010101001
0101111101000101
1010101001001100
0111010110011000
1000110011111110
1010100001001011
1110100011001100
1101011110000010
1010000010011000
1100110110001001
0110110111100000
1010110000000001
1000010100011011
0100100001010011
0110010100011111
0010100111000111
1110101110111101
0100101011001001
1001000111111010
1010111001111100
0101001100100000
1010001001001100
1110111001100110
1100101010011111
0110000011010000
0100110011110001
0111110010111110
1010100001001000
1010010110110111
1010010011010101
0010000101010001
0001111110111010
1011000000110010
1000011010000001
0011111010001001
1001011011010011
1110111111101101
1110000100100111
1100000111101101
1100001010111110
1011011111110000
1000100111000000
0000010001001011
0101011110101010
1110111110011010
1100100001110001
1011110000111101
1001010100011011
0000011011110001
1111110100010110
0101100111000011
0011001001011001
0100100101001110
0100100000010100
1001110001010100
0101000100101011
1011110011011100
1011100011111001
0001101011010111
0110001011010101
1100101001010010
1111010000010000
1001101010011010
1101100000100111
0000110011111101
0111111000001100
1100011100010000
1111100011110011
0110110101011001
0011010100111111
1000001111001011
1010111011001000
0100110101100111
0010001111000011
1011101000110110
0000000011001011
0101101110001110
1110111010110110
1011110010110011
0000100000011001
1001110001101101
1111110111010101
0111011101110000
1011011100100010
1011100100010110
0100111001101010
0111001011011010
0000101110110110
1101100000101100
0011000100110100
1100101011010111
0101000110011001
0000101010001011
1110010010011110
0010000110011010
0000101101101000
1000110110011111
0111001001101100
1001010010110110
1101011010011000
0110001010111011
1011100101110111
0100101001101011
0011000111001000
0101101101000110
1100100101010100
0001101010010011
0010111111100011
0101110110011100
1101010010001000
1100010010000011
0011000111011100
0111100100110010
1100011001100001
0000101010011111
0011110101010011
0100111111001001
0100110000111011
1011100001011011
1100011111100110
0101000100101100
1010001011100100
0001110100011011
1010100101110011
0011101000111010
1011001111011011
0110101010110000
0111001001011101
0100101011001101
1111100001000101
0100111011100000
1101011011010110
0111011111100101
0101110010101101
0010101010101000
0101110011011010
0001001101001111
1111000001100110
1000001101111011
1111100111001010
1111010110101000
1000000111110111
1101111111010001
1101000111100011
0010100010001001
0101010100011010
0001011100001001
0010000101111110
1010111011100010
1110011111101100
1000100010000100
0011110000011100
0000011100111011
1010000111111110
1101111000110010
0111101010000001
0110011001010100
0111100111001011
0010110011010100
0000000000101100
0000100001000001
1111010110000000
0001010101101011
0000100010010011
0001111001011010
0010010111110100
0101100010110000
1111010010010101
0000110011100000
1010010100100111
1000011111001101
0110000011000001
0110001101011010
0011000001101101
1001011001010010
0101101000010011
1111111010001011
1011110110000110
1101010101110110
0101110000011110
1000110111100000
1010101010010110
1000001011100000
1111101100110111
0100110010100001
1100001110110010
0001010101010111
0001100110011100
1111001010100011
1111110000010110
0011100011001010
1000011100001101
0001010100101001
0111000011111010
1111100011101010
1101001111111111
1111010000010001
1000100101000100
0011001000100110
1001000100110111
0011100010000010
1101100101100111
1011110010110000
0011001001011001
1001111100011100
0011001010001001
0100101011000000
0000011100000011
0011101000001110
1011011010100000
1011100101101000
0000011110110011
1100000010000001
1010101000101110
0100110010001010
1100001011100100
1001010111101101
0011101000110011
0000100010001001
0001010000111101
0011011011110111
1111010011111101
1111000111110110
1100110110001011
1001111011100001
1011101001100001
1101100011110101
1010100111001110
0010100100110110
1010110001011100
0001101100010000
0100111111101000
0110011110010110
1111001110101100
1000111111100001
0000010010010011
1101111100001001
1101110001110001
1000011010110010
1011110111110101
0100001101011101
0011010010111110
0111110101001110
1000001010011011
0000010100001110
0111011010110111
