0101011111000101
0101111110000100
0100110101110110
1111110011011101
1111100111110100
1100001101010110
1001110110110001
1001100100111111
1001100010001010
1000010000010001
0101111000010111
0000101100111001
1100000000110001
1100010010101011
1100010010100001
1100100001101011
0011000000100000
1011000001000110
1110101000100011
0110011000100110
1111010110111110
0110101100111101
0000001110111111
0000111011101110
1111101100010110
1011100010011100
0111011001000111
0111110000100100
1111111110001110
0100011010010011
0000001000110111
1000011101010010
0100001010111110
1001011001111100
1010001010101000
0110010100011010
0111100001000111
1111100010010001
0010101111101000
0111111101000101
0100011000101101
1010010100001101
1100010011110011
1001111011100101
1011111001010000
1100000110111110
0111001001100001
1111000011100010
1000101100101100
0110101011110111
0011010110101111
0111110011101110
1111101011000000
0001001011111110
0000110001100000
0110111101100001
0010100110000011
1000110101010110
1011000111111110
0100111111000111
0101110010000101
0011010000010011
1000100101101011
0000011110001000
1010101001110001
1011100001100100
0110001100110100
0001101110100100
1000000001100100
0011110010011110
1011011110111011
0110001101011011
1111110101001110
0011011110100000
1111101010101011
0010011101110110
1010111110000001
0011010001010100
0110000111000100
0110101010000110
1011011111011110
0111101100111000
0111010101100000
1010011001110100
1000110110010101
1001010001110100
1100010010010110
1100100100010101
1000101010101100
0111101111001000
0110101010101100
0001100110010010
0010000101100100
0001010101100100
1000100101010010
1001110111001000
0101111100100100
0000001000000001
0001000001111011
0000101000100100
1111111101011111
0110100010111011
1100011110011100
0110110100000001
1110000011010011
0111100001010101
1111111110100100
1110101101101110
1100100010011010
1100011100010110
0100010110001001
1111011010000101
0010001000101011
0011100111001101
0000010000001110
1100011111011101
1011011100010100
1011111001111110
0000001000010001
0101110000011010
0000001000010101
0101011101001100
0001110010110110
1100010111110000
0011011000011001
1010010011100111
1100010110001011
1010101110101101
0001110100101100
0001011011011110
1110100110100110
0111101010000110
0000101011000011
1000101011000111
0101000101110001
0100100110110100
1110110000010010
0101111110111110
0001000011101111
1001100110011011
0100101110100111
1101101001100011
1011101001101000
0010000100111010
1111110000001110
0001001000101010
0110000011101001
1100101110111101
1001100001010000
0101001011000010
0010110011110001
0010101101010101
1000110001111010
1100001000110011
0010001100110111
1011110111100010
0100110000001011
0010011000011000
1001011100001010
0000011010110001
1101010101000111
1011001001110100
1110110110100011
1000100011011111
0001110001100100
0000101011000001
0000001110100111
1101001101000111
0110110010100001
1001000001011110
1101010100011100
0000010000100111
0001000000000001
1100000000010110
1010110001010000
1101011010101101
1101000100000010
1011001100010010
0011101100011000
0110001101100010
0101001001100010
0100000011011000
1101010010100000
1011101010011010
1001111100100110
1110001010011000
1101010011010011
1110000001101001
1100100100011001
1111011110011100
1010010011111111
1001011010111011
1001010010010111
0100101000001000
0111010111111111
1011001100000101
1110101010011111
1010111011001010
1001110011110100
0101011011101011
0010011011110110
0110100011000010
1110110111011001
0111011100111110
0101011001101010
1000110000111000
0001111100011000
0001011111010001
0111010100011111
1111011111011101
1011001100100101
0101000000100100
1001101100110011
1001000010100101
1110000010110000
0011101011000011
0111011010010101
1100001001110000
0111001101101100
1100000000011101
0000001111110100
1010100111000111
0000101011101101
1111110011010111
0110100110000110
0010010110000001
1101101011111110
1100001110111000
1000100011111101
1110110100010101
1001001001110110
1001000011000111
1000100001111010
1011101001011001
1000010110000011
1001010111011110
0110101100001011
0111001111101000
0101011101010000
0000111111010011
1110011101000000
0001000010011010
1011111100010110
0111111111001000
0100100001100010
0100100001010100
1011100000000101
0100000000000101
1010001101100111
0100010111001001
0011011011010101
1011100000101101
0011010011100011
0100110010011111
0010110111011101
0110101110100111
1101010010110001
0010101101111101
1111100011111000
0101111000010010
1100010101011100
0010001101110001
1011000000100000
0101110001111100
1011001100100010
1010000000101001
1101001010001110
0010110101011111
0111110001101111
1001000001001001
1011100000001110
1011001101100011
1101010110111010
1101110110010011
1010110000001001
1101100101000000
0000010100111010
1011001111011000
1011000000110100
1011010111011100
1111110001111100
1101000011010001
1111100011101010
1101111001111010
1101101111000110
1010011011110000
1101000111101110
0010101000110101
1101000010010011
1111011000000111
0100010101100011
1100001001101111
1110001011101110
1100001101001001
1011101000001001
0110100100110000
1011001001001111
1010000010000001
0101010010100011
1001110011000000
0000110110111110
1101011101011100
0111000100111010
1011100010011000
0111111001011010
0110011100010011
0111011000100011
0001100100000101
0101000100001111
0101001010000001
0111010100011011
1110100101100110
1110011101001001
1100001110111110
0101110111110011
1011000111101111
0111100110000100
1111010001111001
1111000000011101
1101010101110000
0000000110011010
0000111101010010
0110111000101100
1110100101010001
1001000000111001
1101001101101101
0101101010011010
0010010000101010
0001010100111010
0010001110000100
1100000011011101
0101010001110001
0001101001011101
1100000011111111
1000101111010111
1000111101110000
0111000000110010
0101001001001111
0110101001010011
0000000100001111
1010110110111111
0101100011110011
0101000100111001
0101110011001011
0101111111101100
1110000010001110
1010111101110101
0110101011011000
0110000000000011
1100010110000100
1010010010011010
0001110101001001
0001011011011001
0101010011000100
0010000010101101
1110101000101010
1001010011000001
0100001110110001
0010000110111111
0011101110010011
1100001100000001
0111011001110001
0110110011101000
0100110000000110
1001111000011100
0001110000010101
0010110100001010
0011100111101011
0000101001010001
0111010101101110
1010011011110101
0011101000110110
1010010101010000
1000110011011011
1011011011001111
1000000000101101
0100110010100010
0001100100110001
1010110110100110
0101010010010100
1011001010000110
1000101001010001
0011010101111100
0110110101100011
0011101101000110
0001000101100101
0001100110101011
1011000101001110
1100010100011110
1011000110000110
0101001110001101
1100100010001010
1011101111110011
0111100111111100
0010010101101000
0101010011001011
0111000110011111
0000011110010100
1000011111001110
0010100010010101
1001001001101111
1001011000000111
0000000100110100
1011011111000100
0111101010010100
1011011110010111
0100110101111010
1110011000111000
1110010101111100
0111100100011011
1111101111001001
0010001111100101
1110101110000011
1001001011111100
1001001000000110
0101111000100100
1110000110110100
0111110100111101
0000010011110101
1110010110100101
0101101010010110
1000111001111011
0101000000000001
0000100000101110
0010001110101010
0111110001100000
0010100000011000
1100010001111111
1110011010110100
1001000101011110
0001000101101001
1011000100100110
1100001110011011
0100010110000110
0100100010111111
0110101111101001
1011000110001011
0101111010110001
0010111111101000
0010100101111101
0001010011000010
1111101110101110
1010001000110110
1011000100011000
0000000110111001
1100101001110100
0100110101010010
1101111111101000
0100011111001101
1101101100011011
0010001101110100
1001000100101000
0101110010000111
1000010001100111
1100000111001001
0010100110100110
0100101101111001
1000110000101110
0100110010000111
0001010101000010
1100101011111111
0000011100111011
1010100010010000
0100010010110000
1100001010000000
1101011000011101
1011010111010000
1110100010100110
0000010011011011
0100110110001111
1011000000100001
1001010100110100
0000101011101000
1101000101111100
1100100101001000
0110010000000011
1010010011011100
1010100110110101
0000011000101111
0100000111111001
0010001100001100
1110011100010000
1100010011101110
1101111000011011
1110000111110111
0101110110010000
0000101101011010
0001000010011011
1011111010001010
1100001110011110
0000101011101011
1011100010101110
1000110101110001
1100001100001111
0111111110101010
1111010110111110
0010011101001101
1000010011010011
1110101101101110
1111011101100000
0101010110101010
1100000001111111
1110001001100100
0101111011100001
0000110111111001
1001011010000001
1101000110111000
0100011001111000
1110000101011110
1100000111110111
1111111000001101
