1101010000010011
0011111110001001
1010110000011111
0100110100110000
0111100101111011
1001100101000100
0111101101011010
1000101111111011
1010111110010010
1010101111011001
1111011101001111
0001100111001101
0010011111010100
0111010111111101
0111111100111001
0100111000010100
0111101111101100
1100101011000101
1100111111100011
1111011010101100
1110011111101001
1100001100011101
0101110010000111
1111111010101111
1101010011000111
0111101010011011
0001110100010010
1111101110001001
1110110111101101
1101001110100010
0001001100001011
0000100101111001
1110000000111101
0100011001110111
0011000110100100
0100110101010011
1010000011000011
1111011010111011
0110001010011101
0101101010110010
0101000100111010
1011010100100000
1100111111110111
0000000011110000
0111001111100000
1111111010100001
1111110000001000
0111000010110101
0000000110011110
0010110100001001
1000100100011000
1000100111010101
0101111111100001
1011010100101011
1001111101000010
1000010000101110
0010010010000101
1000001111111101
1100001110110101
1101111100101010
1101000011001000
1000101000101001
1000110000001010
0100101110010101
0111010011001101
1010100110111011
1101100010001010
1001111101110110
1111111100000101
1111101100100100
1110111011100001
1100101101011000
1011000001101110
0100000011101101
0001100110110010
0101011000001000
0010100011110100
0111000111001011
0000110011100010
1110000011000101
0100010001101001
1011010100001001
0010110101011001
0011110011100111
1110001010001111
0110000011101101
0011011110011001
1111101011111101
1001101010110110
1010100010101111
1010110011001111
0101110000101111
1011101110011001
0010000001111011
1101010100000011
0011010011010000
0111101100000101
0100111000101001
1100001010011100
0000001110011100
0000101111111011
1010100000101101
1100010101011011
0111000001111000
1110111001010111
0111010110000100
0001011111011101
1000010010000001
0110101011010101
0011101111100001
0110011100101101
1101100010000100
1000010111100010
0000011100011101
1111000111110010
1001001001011100
1010100101110011
1000110111100111
1001010101000000
0001101000101101
1101010110100011
0011001111100001
0011110001010001
0110111011000100
0101000001100010
1001100110001100
0011110000011010
1101100100101101
1000011001110111
0011111110110000
1011100000011000
1011100010101101
1101101011111010
1001011011110111
1001011101111101
1000000010001011
0100111100001010
1110100101000111
0010011101111101
0011100000111111
0011011010101110
1001110110100000
1010110010100111
0110001111101000
1000110010100011
0111011011111010
1001110010100011
1111000111100100
0010001001011110
1011110010010000
1011111100000001
1011110101100110
1010101111000000
0000001100100001
1111110111110101
1100101110111111
1101000101001100
1110000010000011
1001000000100101
1011101011110011
1101010110101010
0001000100101001
1111010100100011
1011000010010101
1001000000001001
0100001101010111
0011011110010101
0000010000110111
0000110111001011
1010001001010110
1000110111100011
0101101110100000
0110111011101101
1100011110010010
1010100101111111
1001011011110100
0111100010010111
0111001010111110
1000011001001000
1111100100010000
1011110010111011
1001111111111101
1111110001011101
0011000010011100
0111110101100011
1101100000010011
0101000000111101
1110010110111111
1000101011110100
0101000010000111
0001110001001111
1001000100101110
0110111000010101
1110111101011111
1100111101101101
1000101101110001
1000001110101100
1110011001110000
1110010011000001
1110110001011100
0110010110011111
1110010010001000
1011101000001101
1010011100101110
0110011101100001
0010001000000110
0010111001100101
0100011011101111
0100101101001101
1101011010100011
0010100100001110
1110111100000011
1000111111110100
1011001111000000
0101011100111001
0101111100011101
0000011111001101
0111010101000010
1111010001111110
1100011010110010
0010000111011010
0101110011110110
1100110100111010
1100010001100100
1101111100111101
1010000000001001
1110110001101011
1110110100100100
1100011001001001
0101000110011011
1000010011011110
0110101101000000
1000001011100110
1011100110001000
1110001001011010
0100111011010000
1011100000011100
0100000110001111
0111100001100010
1010011011111000
1010011101110000
0011111011010101
0001110010001111
0011101100100111
0001101001010100
1000110111001000
0100110101000101
0100010100100100
0010110101110110
1101010110111101
0010000111110101
1110101100101110
1100001110111111
1111100010110010
0001011010001111
0101110110110010
1100010100111010
0001101100000110
0011110100001001
1011011010000011
0101111110100011
1111101110110110
0111011001110010
0100111001000101
1010000110000000
0110001111001101
0001100011100000
0110111111001101
1010001110000111
1101101110000000
1110111111010000
1101000000111111
0010111101111000
1111111101111000
0001100110111001
0110000100010000
1011100010111100
1110110101001011
0000010110111101
0111011000110100
0001011000010010
1100010010000110
0101011011011001
1100000010001110
0110110010010110
0100110011110111
0100110000100011
0011000111010010
0111101010100110
0000110111001100
1010100010000110
0111111000110000
1111100000001111
0001000100001000
0110001001100011
0010011100000110
0101101010010011
1010101010110011
1100001000001110
1110100101100110
0101000101110111
0010010110111111
0001011101010101
1000111001001111
0111101001001110
0111011100101100
1000111110100001
0011011010011111
0100011000100110
0011100001010000
1110011101101011
0011100011010101
0100011001110011
0111101101011000
0001000011101110
0111000110011101
1000111001111111
0001100110011101
0000101100101000
0101111000110101
1000010001010110
0001000000000110
1010011101100001
0111110111001101
0101110001011110
1011001100111010
0110000010110000
1100101001000000
1100111101111011
0111100011010001
0111010011010001
1000101000100010
1100000111100001
1100110100000001
0000000111000001
0011010001100100
0101011011010010
0100011110000101
1111100111100110
0101110101100100
0110011111111100
1001001110000100
1110101011010101
1100000011000110
0001010101110010
0010100000110010
0001100100000000
0011100011010110
0110101101011001
0000100001111001
1111011001001111
1111101101000111
1010101011011000
1010101001111111
1000010111010010
1010010010010101
0110110010010111
1111001011001011
0010110010100010
1101000100010100
0110001010110000
0100000111110101
1001000000010101
0000011111110011
0111110001000100
1100110011110101
0100111011100100
0100010100001101
1011101111001011
1101001110001101
1001010001110010
1000101111010100
0100001000001111
1100101001101100
0100111111110101
1011001110000001
1011000000110110
1010010101010011
1001100011000010
1100100100010011
0001000001001111
0010000001001011
1000100010101010
1011010110111100
0100111010100001
0111011011010101
1101111110110110
1011010010111010
0110001001011000
0101100111010101
0010000110000011
0111100001110000
0110001100110111
1001100101000101
1100011001000010
1010111101000110
0101101010111001
1001011110011110
0010111111001000
0110101111101100
0010111011001101
1010100001101100
0110101011011111
0111101101100110
1010010110010101
1010001111011010
1100100101110100
0011011010000011
0000011110010000
0011011110011010
0000100001000110
0011111010011010
1010100010000101
0001010111100000
1011010001000110
1001011110011010
1111001010010101
1000101101111001
0000101100010010
1011000110101011
0100001110000110
0110011100100011
0110001000111001
0111111111011100
0111101011101000
0010001111001100
0110101111111011
0000000101110111
1110110110111110
1110010010101101
0111110011101101
0111100100100110
1000001001110000
1111100110011111
1001100110010100
0101100010111001
0011001100000110
1101110000111110
1111001011101001
1010001000011101
1001101010101001
1110111101011100
1001101110101011
0001010100100010
0101101101101001
1110000000101110
0000111000110101
1100101110110011
0111110101111001
0101100011000111
0100110000111100
1100111110011001
1100111011010000
1011100110011100
1111111010010101
1000100100010111
0111011101001011
0000010111101011
1011010111111010
0010011101101111
0010011101110010
1110011010100110
1111011001000110
1111101001011000
1111110110010110
0010001001000101
1001010000011101
1010010110001001
0000111000111010
0111010111000110
1100001100101010
1011010000000011
0100010110111001
0000100100101010
0010110101001011
1011010101000011
1111111010000000
1111001000010001
1111111110111000
1101001011000110
0011100101000010
1001101011000001
0101100011011001
1011011110001100
1111111101011000
1111111010110000
0011110000000011
0000110101111111
1101101010110110
1101110000010101
0111111011100110
1100111001110110
0101011110011111
1010111100111100
1000100001010100
1000001011011110
1101011101100100
0100111100111101
1011101110010101
1100110111001101
0101101011100110
0001000111100111
0001011010000111
1011000111100111
0101010000110111
0011000110001011
1010001011010111
1110011010101101
0100101100000111
0010100001111011
0111111010110100
