1101010011010001
0010010111111101
0000110000101001
0101101100001000
1011100001011000
1111100111101011
1110000001010111
1100000110011000
0000111001101010
0100111001011000
1100110011010100
0100100001110011
0110110000111100
1011001111111101
0101111011110011
0110011000110111
0110110101101000
0110001001111111
1011011110011010
1000111001001010
1110100001011000
0110110110011001
1000100011110100
0001111010101011
1100011100010000
1101000000111000
0000110110101011
0000010100011111
0010100000011111
0001101101110110
0010010100001101
0001101111101010
1000111010100001
1000001011110000
0000010010111111
0011101110000000
0101101101000110
1001010101110000
1011111011111100
0101110111111101
0001110001101001
1001101110001101
1110110000100001
0011101111001101
0011111001101001
1010011100111001
0101001111100000
1111111001011011
0011100011101011
1001011001011011
1010110000110000
1001110000010100
0011110011101010
1001101110010010
1111011101010010
1011011010000110
1011010010100010
1001100110001001
0110001110001100
0011111111111011
0011111111010010
0100111101100101
0100000110011010
0001110011101011
0010100000001001
1100010010101001
0000011011111111
1011100110000111
0000010110001011
0110010011001111
0011010110011111
0010111000100001
1110000001100011
1011001001111001
1000110001011010
0111010100111000
0100100110111111
1110110111010100
1011000111111100
0101000010010001
0010001000111101
1011111000110001
1001100000010011
0000000101100010
1011100110011011
1110000000111001
1000111101000011
0101000001001101
1011010010101010
1000010000000011
0100101101110101
1101100101110110
0101110111101010
1111111100000100
1111110111000110
1100110110011000
1101000010001001
0011000000001010
0001010110010111
0001010010001100
1101001011101001
1000011010110101
1001011111010111
1101101111000100
0101000011101010
0000111100110011
0001111100001101
1011100100010100
1111000110100101
0111111101001000
1001101111111101
1001101101111111
1011110001001110
1000100110011010
0000110000010001
0101011010011011
1001100100101101
0011100000111010
1101010011010000
1101111000110010
0101110001111001
0000110000011001
0101010011100110
0010010110001100
1100011010100001
0101101000010111
0100110000010001
1100101101010111
0001100011000111
0111100100100011
0010111110101100
1110110100101010
1011011010010001
0010110110110000
0000100011111111
1001001001001101
0001000010101111
1100101010011000
1001001001100100
0110001010110111
1111011111000101
0001011111100011
1110110110000001
0011110000100011
1010100111010101
1111101010111001
1101010100100010
0110100111111111
0100011010001001
1100001011011111
0011100011000000
1001010110111101
0011001110110110
0100111110110001
1100010000001100
0011011111001001
1110100101010100
1010101010110011
1111001000010100
1001100111111011
0110110010001100
1000100000010111
1101101000101111
1101100100110001
0000111111011110
0011100010010101
1000001001100001
1110100001001011
0101010110000010
1101101110100001
0100001111110011
1010101101011111
0010000011001101
1100011011100011
1110111110010011
0000111001110100
1011101001000011
1010110000000011
1011111100001010
1010011101110101
0000111010010111
0110110101101011
0000011010101000
0011111010101010
0111110110010110
1100010011011010
0000000000100001
0111000111101110
1101100110111000
1000110000100111
0011111000001111
1010110011001001
1111010101010011
0110111110101100
0001100101011111
1101000000010000
1110111100011110
1000101111001010
0011010101111001
1100000111101010
0110010111100000
1101010111110010
1100101100010001
0010101110110110
1010001110101001
0010110111100000
0010111101100111
1000101100110010
0100100101010001
0000010101101011
1010101110101010
0110101000010001
0100011011111110
1111100110100111
1010101110010101
0111011000010010
0001111110011010
1101011001110010
1001010001010111
0000110101001001
1100001011000010
1011111110101000
0111111111101101
0100101011111001
0110111100110101
1110001100010010
0100110111010000
0111110101100111
1011101001101010
0001110001000101
1011000011001011
1001000010110110
1001110100010011
1010101000111101
1111010011010101
1101000001100100
1111110101010101
1000001101011001
0011000011100010
0011100101101101
1111011100000101
1101100110101110
0010011100000110
0010010011011100
0101010100100011
1000000011000001
0011100101000011
1011101101010011
0111010011100100
1100001011001100
1111111010010101
0000101001011111
1101011111101111
0011101011011110
1011000100101111
1111101001001110
1010000011111000
0000110101000101
1011010001010101
1011011011001011
1100100101001100
1100111110110111
1000000010111010
0010110110101110
1001001111011010
1001111101111001
0000111001000111
0001110011101011
1101111010111001
1000000111000001
0100101010101111
0101100100010111
1001010000101100
1111000000101001
1101101010111111
0110000110110000
0110001011001111
0101011101100110
0010011100101010
0001110010100111
1001110111010000
0001011000010110
0101111100101010
0000000011001101
0010101100110001
0110101100100111
0011011011011000
0001111100001101
0111100110010101
1101001010111111
1111011001010001
1110101111010010
1101000111101000
0001000110111010
1011111100010110
0011010010111111
0011010101101010
0110000100011001
1110100001001101
1001001110000011
0000001111110011
1000011100011111
1010010110000010
0100111000011010
0100001110101010
1110000000100000
1100010100011110
1101001000110100
0001100001111100
1011110010110111
0001011011101111
1110101111010111
0010111100101011
1110110111101010
1000101101110010
1111100000001000
1100110000100011
1110101001100000
1001001001001001
1111001110101100
1100000111010001
1001011011011010
1000010101100001
0100101100101101
0100010011110000
1100000011010000
0010010101001000
1110000100011110
0101000001011110
1011110010011100
0101111001001111
1001111000110010
1100011010111000
0010001001101110
0011111111110101
0101100000100000
1101011000100011
1011011111010111
0011101010100000
1110001101101100
1100101110010000
1100100110000101
0100111010100001
1000011011000011
1011111100011001
0110100100100010
1111001010101111
1001100001011001
1011000100001001
1101100111001001
0011011100111100
1101110010101111
1011001111000000
1100010110000001
1100111100011011
0111101010101101
0011010100010101
0100000111011001
1000111101111101
0001010111111100
1001101111100101
1000100011011011
1101111011101110
1100001111100000
1010110011001000
1001011010011000
0100010111001001
0111001011110001
0000110101010111
0011101100110011
1101001100111101
1010101010110010
0100010101010000
0100111101001010
0010000111111001
1000010111101001
0110100000110100
0101101111010010
0111011001110110
1110001110101011
0111001111100001
0001110110100000
0010001110101100
1000111011010010
1111110000001100
0101011010010010
1101011001101001
0101110110001001
0010000100101001
0101111111011000
0011001111001010
1101000011011010
1011001100000101
0000010011001001
1101011110010111
1101110010110000
1000001000010011
0010001011101111
1010000011100010
0011001100011111
1001001111010011
0001010111010110
0011010001001101
1111101010101110
1100110101000001
0111001011100110
0101101101001100
1101011001100000
1010101001101101
1111110010011100
0001010100010110
0101110001101110
0101101111101100
1111011010100011
0100011100100000
1011001000000100
0010100110011100
1100000111111111
0001110101110111
0010111111110110
1010111100001111
1111101000000000
1110000000101111
1010110100101000
1110001011100111
0011100111111100
0011010111111111
0000100011101011
0000111001101000
1110001010001010
0000111100100001
1110001011100000
1101011101011111
0011001100111001
1000101110001011
1011010111100000
0101001000010110
1011011011001111
1010011100010111
0010011111000110
0000101001001000
0111100111011111
0101010111111011
0110100111001001
1011000000110001
0010001101101101
1010111110111010
1110110000010111
1010110101011011
1100001010011010
0101001000110110
0110111001110111
0000011001010111
1011000001001010
1011011101010000
1100000001000111
1111011011100101
1011110111111010
0000111100100110
1101111000001100
0001000001010100
0010111011100100
1010011000010010
0011000101010101
1000011101100000
1011011111101101
0111010100000110
0011001000110001
1110110101101010
0110000011110110
1001100111011000
1001011101100100
1011000011010011
0110110001000011
0001000101111000
0010010111011000
0010001111111011
1000000011010001
0000010101000101
1011001100011011
0111010001110101
0001101010000110
1011001101011010
1001010111010110
0000110000110010
1110101001101010
0011010001010010
0001011111111101
1001100111110111
1110010010100000
0111001111111110
0101011101010001
1001100101101100
0001100010101011
0111010010000001
1011110010100100
0010101110100001
0100110100011010
0101010010110011
0110001011001011
0111000001111000
1111111011010110
0010100000000010
0000000010101001
1110100101111111
0111011000010110
1100001111110110
1100010010011101
1111000110001100
1001100001111001
1010100101010010
