1110111010100110
1011111001011011
1110101011111100
0011111101111001
0101000101100001
0011100110000011
0110011100010011
1001101110000100
1101010101000111
1000000110010000
1011101000010011
0110101001100011
0011011001111110
1111111101101011
0011101100110111
0001100000100111
0100100100111001
0101100001011000
0011000110001001
0101000111010100
0101101000011010
0010100010000111
1100011010111001
1101001100011001
0110010000110010
0110011100100000
1000000010110111
0111111101000100
0101000010101100
1010100110001110
1111100111110001
1011000101111100
1000110000100010
1101101110001100
0011011001001011
0010110111010100
0110011000001000
0100011000100110
1011100110011010
0111010101101111
1101000010110001
1010011101100110
1101010000111001
0000011000100000
1001100100111011
1110000000100010
0110101010101000
0011000011001101
0001010100110011
1000101001010100
1111100100100010
0010001111100010
0110110001110101
1011001110101010
0111010100111111
0011100010011110
0101010100001001
1010100001101010
0011000001000111
1001111110000011
1110100011110111
1100001001100110
0110010000101001
1011101101101100
0100010101000100
1000100010000101
0101100101001111
0000110001001011
0001000001111001
0110000000100010
1100110000010010
1110010000100110
0110101110000110
1110100100000101
0001111101101001
1110100101110011
1101100000000101
0111010000101111
0011100110100010
1011110110010110
0101110000101011
0111001001110001
1001001101011010
0100011001110000
0000010011010111
0111000000111110
0011001011100111
0010100001001011
0111010010110110
0100110000001001
0100011101011101
0000101110101000
1010100011101000
0111000101100101
1101111001111000
1111010011110101
1110011100010001
0100000000010000
1111110011010000
1011010011100100
1100111101100111
0111010100100011
0010110100011010
0101000101011100
0001011001000100
0101111111001001
0111100011000000
0100011111011011
1110010100001010
1001011010000110
0111100100001100
0100010010010010
1011010001110010
1001010011011010
0100101000100110
1010001010100110
0110000100101000
0011000011100110
0101001011101101
0001011100010000
1000001010110101
1110110100110100
1110101100111010
1010011010000111
0110110100001000
0101010001110111
1010011001110111
1000101011000001
0010111101011001
1110011100010100
0101111101111100
0010101010101000
0110001101101111
1010011111111010
0001001011110000
1101110010011001
0010100111000111
0001001111111000
1011001111101111
1100001001010000
1111110110011101
0101011101000001
1100011101001111
1111111010011110
0111101010000111
0111100100110111
1100010000000011
1101000000110101
0111001110010001
0000001010000001
1110011111100011
0110101100011001
0010110001010111
0010100101101110
1000100011110010
0001101110101011
1000100111011100
0101111100000101
1001111000110100
0110001010111110
0010100101111001
1001010010001110
1100100000011000
1010111100011111
0110100100000100
1100101100010100
0110000111110100
1110000101100101
0111111110101000
0101100010001000
1100111101011110
0000110010001011
0101101000110000
1100100010110100
1011011101111100
1110000111010100
1010011001001000
1100010000010000
0010101001101011
0000011110101101
1110110101110001
0110101110101001
1101010100110100
0000010010000010
1001110000000111
0010001101000010
0100000010111101
0000101011101000
1100111011100010
0011111111000100
0011011110101100
0101011100101011
1001111100011111
1110110110010101
0100010110101001
0111000000001111
1011001110010110
1110110001011010
0010111011111100
1100011101101001
1111100100011000
1000000010101010
1011000111010000
1110101101010011
0101100110011000
1010100010110100
1011111100000101
1100111011000100
0101111100001110
0011100110111111
0111001001000111
1111001100110001
0000111100011101
1001110000100101
1111111110111011
1110111010000100
1010100101110011
0010001000101111
1110110111001101
1110011010100000
1011111101000100
1011110110110110
1001010010101101
1001001100011111
1100111001001011
0001011011001100
1011011010110000
0001010001110011
0001111000100100
0111100100011000
1010111001001101
0101011111101010
1000110100001011
0110101110010000
1101111000101011
0101000001101000
0001111011110101
0100111100001000
1100001001111110
1000001010100010
0010001010011111
0101100100100110
0000010100001101
1001000100010110
1000101111110111
0101100000100000
0100000110100000
0111110010110010
0100100101110101
0001100011001011
1011100111001011
1110101110111100
0100100110011001
1011000111000001
0011100010001010
0010011000111101
0010111011111101
1100101010011000
1000110101101001
1111001000111110
1011101001101010
1001000110111110
1010011001001101
1111101011101101
0010110010001101
1010010000000001
0011010110001010
0111000110111000
1011001001101100
1101111101111100
1101011011100001
0111010011010101
1100100001010111
1001010000000011
1111110011111101
1000000000001101
1110010010101011
1100110100000010
1101010111011001
0011011011001101
0111010101100110
0000010100110100
0011001010100011
1101010100110001
1100001001000101
1000011010010011
0010100100110111
1000011101000111
1000101101000010
0001100110111110
1110100011011010
1011010110101110
1101001110001000
1100001011101001
1010001001011011
1001010110011001
1100111000001100
1011101010001011
0101110110011111
0111101001010111
1011110010000000
0111010111000000
0011100001000101
0111110011011100
0100100000100101
1101100110000110
0110010111000010
1001001011001010
0110111001001111
0111111100011111
0100000011000010
0101000010011111
1000110111100011
1110110001000011
0000101001101100
1001011101001000
1110010110111100
0001100111011111
1111111000001111
0001010111010101
0000011010110101
1001100111010100
1100001001011110
0011110011101000
0101110000000101
0001011010110110
1010111100100010
0111101001010011
0101110111111111
1000100001101000
1110010100011011
0111011010011100
1000110010011001
0111100010011010
0000011010010101
0010001111000000
0101101111000010
1111100000100110
1001100100110000
0010111001100101
1011001011000000
1100101000110000
1110100100001001
0111101100110111
1100111011011110
0011101110111011
1101001010111010
1000111011101110
1110111001011001
1100011001001111
0111001010100000
1111100101100100
0101010011111101
0000000110011101
0001111100100010
1100001101010100
0010010111101101
0000010111101110
0110011001001110
1011000111011101
0100101000000001
1001111010001110
1100011111111100
1111110110010100
0100010100010011
0101000101000001
0000000100010110
0000000000010111
0000001000100000
1100001001001100
1111100110011111
0011010101110010
1011110110100100
0101001011101011
1101100100001011
1001101011011000
1011111001011011
0000100011010000
0011110101011010
1111100001010111
1000111001001000
1010101110101001
1010101001010001
0110011100001010
0100111111110110
1010111011101101
1010100000110101
0100110101010000
0000101110101010
0011001111000100
1000100010100011
0111100001001110
0111101100100111
1001010011000100
0011011100110100
1110010110110001
0100011001001011
0000011100110110
1000101100110100
1011011101010011
1101011000001110
0001001110001001
1100001011111100
1100111100010111
0111111011010001
0100110001111111
0101101000111110
1110100000011000
0100110100000001
1100000001111011
1011111110110110
1111110000101100
1101111100010011
0011001101101100
1110111000011110
0011110111111011
0011001011000101
0011000000001010
0111101000010110
0011111010110111
1000010011100100
0111001101101001
0001110110000000
0011011111111000
1100000011001010
1110111100101000
1000010101011011
0111101000011100
1110000010011100
1110000111110101
1100111010000101
1111110011000000
1011110101111010
1100000011101111
0100101011100011
0101000111111110
1010011001011101
0101010000010100
1111000101000011
0011011111111111
1011000101101101
1101100001010111
1110011100100111
0110000001111000
0011011010011000
1101011000000001
0000010111011111
0000101011110111
1010101000100001
1100001110110010
0010011010111111
1001100110000101
1011101010001011
1111011111011110
1111001000011100
0111010100000110
0000100101100011
0100101011100000
0101101101000110
1001011101101101
1101000110110001
1111101011110010
1000010110000101
1100010010010011
0110110011101010
0110000111011101
1101111100101010
0110010000000101
1011010011011110
0010100101011111
0110001011101000
1110000010000001
1100011011000110
0111001001001001
1011111101111011
1000011101111111
0011101100101010
0001110001001100
1000110011100100
1111111001101010
0111000000101101
1101000111010111
1001010110001010
0011000011101100
0100100100100011
1111000111011000
0010110110010110
0011110001010101
0110011101101100
1001101101111111
0000010110110101
1000011010100010
0101011110110111
1101101011000011
0001001000010010
0101011011110101
0100011110101101
0001000111100111
0001011011000110
0001011111101011
0111000101111110
1110001111001100
1110110100001101
0011101010110100
1001100011110010
1100001010000110
0111100110111011
0011111101110001
0011111101001110
1011001001011010
1000111011011111
