0011111110001101
1010101111101100
0001110011101000
0101001001100110
0100000101000100
1100110000010101
0100110001101100
1100101110110100
0001010100001110
1110001011001111
1010110010101001
1001110001001000
1001100100011010
0000111110110010
1111110001110101
1101011011010111
1011000011000111
1111010001101111
1000010101110110
1111111011100101
1111010011101010
0111110011101101
1101100000110000
0011110010011101
0111100011110101
1001101001001110
0111000110111101
1010010101010100
1010101111011100
1011111110101100
1101000011101001
0001010011101000
1001001001110111
0101110000011110
1111001011011001
0010110010011100
1000101011000111
0001110100101110
0011111000010010
0100110010111111
1001111110011110
1100101101101010
0110100000101011
0000101000101100
1110011110010110
0001110111100010
0100001100001011
0100111111011100
1010110011001101
1011110010100110
0001101011011101
0110110010100010
1010000001110110
1001100010010111
1011110000011010
1100001011001010
0101010101000001
1001110000000011
0010110100111110
0010111010001001
1011100110001011
0010000101100101
0000010011001001
1000011111111111
0011100110100001
1011000100001101
0101100110001000
1100000111100011
1011011010101010
0101011111011111
1010011000010000
0001001000000100
0111011010010000
1110001110100001
1000010001100101
0110011000000010
0011000101100100
1010011001011110
0000100010000001
0001111100101110
0001111101111100
1100010010011010
1000100111101010
1011111000110001
1000100010101001
1001101011110000
1111001000111100
0000000110111110
0110101010100011
0110000010100100
1011010011101101
1101000110011011
1011111110110101
0110110010011101
1001000010001111
1011100101001011
1111111000110111
0010100000111011
0100110100010010
1100101001000001
0100011100011111
1000110010101000
0001001100100001
0111011111001111
1101011101101010
0000111010100101
1110101110110100
1101010010100010
0010100101111010
0110111110110010
0001100110100101
0011001100110111
0111010100111100
1110111101100101
0101011100101100
0011000000100001
0001111010011110
1111001101101101
1000111000011000
1111011010111000
0010100011110101
0000111101101101
0011011101001001
0011000011111010
0111001001101101
1110100001111010
0010111010110100
0111000011000101
0110011100000000
0110011101000000
0010101100011110
1111000111100110
0010001001011101
1110100000101000
1101100000010100
0000100010110110
0110100101111111
1011110101111101
1101111010101111
1101111001111010
1011000000101110
1001001111110101
0101111001100000
0000010101011000
1100111010010111
0101000100000101
0011011000000100
1010101101111001
0010000111100011
1001011110001001
1011111010001010
1001011000000000
1001100110100100
1111111001001111
0100011011100000
0100101011110110
0100110010101010
0101110001000011
1111100011011100
1011111100011011
0011001100011010
0011000001011010
1100011010011001
1001100011010110
1010100111011011
0011101110110001
1110111100110010
0110010100101001
0011111101110101
0111011111101001
0000110100110100
1110011101100101
0111101011100100
0100101110110100
0011010111111011
0110010011101001
1111100010011111
1110101101100010
0010010010011010
1001110101000001
0111000001011101
0110110011100011
0101111001010110
0000001110010110
1111101110010100
0001111111001000
1001011000001110
0001101010101110
1100010001111101
0101000011110101
1110100111011100
1110101100000000
1101110000001101
1101000111101011
1010101100010100
0010111101011101
0011111011000101
0010011110101001
1001111001000000
1101000111101011
1010001000110001
1101110010111011
0111100001101101
1001100010010110
0100011111011001
0011110110000100
1100111111110110
0000111010100111
1100100010001101
0101011001110010
0100101000010110
1011000000111011
1001101100001100
1110010000001000
1000110111001110
1010111111100101
1001001110111010
0011100010011001
1101100000111110
1011001010000000
0110010000011011
0000101100000010
0001111000101110
0011001010111111
1010110110000001
1010100111101100
1011001100000110
0010010111011100
0110001101111011
0100011001100110
1011100001001110
1101111100000101
1000100000101100
1010001111101110
0001110011010001
1000010110100110
1110011101001100
0000100000101100
0110001101011001
0001100011001101
0100101101111010
1111101110111010
0100001111000011
1001110011111111
1011011111110111
1000001100101010
0010000101101101
0011001001101100
1100100100000110
1001110100000101
0110111000000011
0000011000110100
0111011001101000
1000100101111100
1011000111010111
1011011010011110
1001001101111100
1011011011111000
0101100110111100
0001101100111111
0111111111001111
1000010011001100
1111001000000011
1100001011110000
0110111110101010
1001100101011111
0100111110000111
1101110001011011
0011101010111000
1011100000100101
1110101001010001
1101111010010101
0010001100001010
1011110011110100
1100000010110100
0010111111101010
0100100100111000
0100111110001101
0100100111110010
1010011100011101
1011111001000110
0000001010111110
0111000101010010
0000000111110100
0100001000100000
1101001010100101
0110110100101110
0000010111111001
1110001100111110
0000110111000111
1110001010001110
1010101100110000
1101001000100100
1111001010001111
0101011001000010
0111101011011001
1100010100001110
1110100000011011
0001110011000010
0010011000001000
0110010100100011
0000011011011101
1101111001110000
1111111110000100
1110101101001101
1011110011110100
0001111111111100
1011111000111100
0000000110100110
0010001001101010
1000000001111100
1011000111100000
1010000100001110
1010100101000100
0110101000111100
1001011101110100
0100001010101010
0101011111001011
1111111110000100
1100010110100011
0110101011111111
1110110100101101
1001001000101100
1111000111010000
1010011111101011
1000011111100101
0110110011100011
0010110100000000
1100001011001010
1010110110000000
1100011010001010
1100110011011010
0110000111100010
0111001111010101
0000000010001111
1001100111010010
0110101010000001
0011001101111111
0100000100100111
0101011010011011
0100111100101000
1111110101100011
1111111110001110
0101111110111010
1110011011110110
1010000011101110
1010110001011110
1110111011000010
1100011100110101
0000111010111101
0001110100010011
0101011010001110
0001101111101011
1100111000110001
1011011100101101
0000100000101100
1000000000110011
0100110110001110
0110000101111100
0000100011011000
1110100000011111
0010110101110000
0001110110010011
0011110000101111
0000101011010001
0011001101110011
0010100100011110
0001101111001101
1010011011111011
0100101100101110
0001011000000000
0011100001010111
1001000101110011
0110000010011001
0111110101010101
0001011111100011
1101100110110100
0010000011000011
0000110101001111
1011001000100111
1010101001001010
1100110111011001
0011011001111101
0100110001101011
1011101100111001
1101110110010010
0100001001011110
1110110100000101
0010100110100000
0111100111100100
0101111100100101
0111011110101001
0011101011110010
1001010110001100
1111000000111011
0101100001110111
0010000011110000
0100011101101000
1010000010011010
1011001100101110
1001001110111111
1001110000011000
1111001111010000
1111101001000011
0110000101010111
0110110101110110
0100010000111000
0010010100111110
1001011100110010
0111101111101101
0100101000100110
0001100100110000
0000111011011101
0000111001111110
1011101100101011
1000100101101100
1111101100111011
0101010101111011
1110000000010110
1110111110100111
1100000110111111
1111011101011001
0001010101000000
0101101010000000
0010100100110100
1100110001110100
0011000101111100
0000111010010001
0101111010011111
0011100100100000
0000011110101101
1101110100000000
0101110101100110
1011011111110011
0000010111100111
1101110100111110
0010010010110100
1001100110111010
1101111001111101
0100100110100111
0110101111111111
1000011000010001
1101001010100010
0010001101011101
0010100010000010
0101100111110101
1100011001001110
0100000110001100
0111110101001110
0101101011111100
0100111010001011
0011111011101000
1011001110011011
0100101010111000
0111000001011111
0001111111000101
1010001001100111
1100010000100010
1100010100010011
0101010110111101
0001001000111011
1111001001110110
0001011000111100
0011000011010000
0001000000110100
0100101000111010
0110010010101011
0101100010110000
1011001101110101
1110100110111000
1001101001111000
0011110111011011
0110000010000101
0001011100001000
0010010110011110
0000110100011001
1011111101000101
0111010101110011
0110001011001011
0100111100110110
0101100101001110
0010011111110110
1000101010010111
0111001000110010
0101110010001110
0001111001011011
0100011001111001
1011100100010010
1000010100110001
0101000101101110
1011001011111110
0010011010001100
1101001000100011
1100010101100011
0101111100111100
1001111101001110
1101011101010101
1010010111001000
0111000000110111
0001010101101110
0000100100000111
1110001101101111
1001110010001011
0010101011000001
1110111100011100
1011001100111100
1111101111111100
1011010000101011
1000011101100000
1110011100100101
0111000110110011
