1001111101111001
0100011100101111
1100110001011101
0000000110111010
1100011010010101
1000011010000110
1010110111100100
0101001101100010
0100101001011000
1100011010010111
1100000101100110
1100000001100010
1101111001000111
1110101011110000
1110101101110101
0101010110101010
0010101010011110
0001011000100110
1111000011011011
1110000011000011
1010100101110000
1111100010010010
0001010110110111
0011000001011111
1000000011010100
1011011100011001
0011110001001010
0011001101101111
0101101011111110
0010100111001101
1100101111010101
1000101110000111
0011111011101101
1011101001011111
1110011100110110
0011101000111011
0011000111010100
0011001111010111
1011110011111010
1100110111010011
0110000110101110
1001110001101111
1110100001110110
0101110101000101
1011000111000010
1110010001100111
1111101000000000
1111100100001011
1000001010101000
1000110001100000
0101110100001001
1000110011011101
0011011000111001
1100111001111100
1100010110111011
1000110000110100
1010000100011110
0110101010110000
1100100011111010
1100111110111111
1110000111111001
1001110010000111
1011001000100000
0010101101111010
1101100101011010
0001000101011000
1100100011001001
1101110110010011
1110011110101001
1001000111010001
1101000010110010
0011110100101101
1110111010001000
0111111000110110
0101110111100111
1111100000010011
1100011111010001
0010111000100010
1010010111110101
1110001011010100
1000011110000111
0000100111110001
0011100001011111
1110100000100101
1001011001100001
0011111111101010
0100111100011010
1111100111011111
1011111101100001
1011011011100100
1010010100100000
1010111011100111
1100011000010000
0010001101111010
0010101001001001
0110011011111111
1100011011010101
1000001110010000
1100000001111100
0110011000101011
1110101011001001
1010001110001101
1001001111110101
0001110110101011
1110100010001010
0111100110110111
0010001111101000
1011011011110001
0001101101010000
1000101001001010
0001100011010100
0001000000001111
1101100101100101
0110110001001010
1101111101101111
1001111111011100
0101110111000100
0100111010110101
0100010110101001
0110010101010010
1100111011101111
1110011000001001
1011000110100101
1100111110100001
0101011110101101
1000001101110110
0100001101111000
0010101111111010
0001010100101011
1000101110010001
0100111001010110
0000011110001110
0101111110110110
1100010110101000
0000101011011011
0100000100101111
0000000010100001
1110101100011001
1100001100010101
0111010010101000
1101111101110100
0000100001000100
0111100101101010
1000010011110010
0001110010101100
0111010001001111
0001101110111000
1001111011101000
1010010010000110
0101100101011010
1011110010100110
1111011110000100
0100101110010001
1001000011000000
0000001000110111
0010101110011001
0000101111001011
1101110100111111
1100110011011011
1100101000101110
1010101100100100
0101000001010110
1110110101110101
0100100110111100
1011001010000001
1111100110101100
0000100100011011
0111110100001010
1100110011011110
0100001111110110
1101001000010010
1000011111000000
0101110111100110
0001101111011010
0011011111111101
1010010000101101
0101010010101010
0101000101110101
1001011001000100
0011100000010110
0011101101001010
0101100101000110
1011111110000111
0001000111101101
0001100001101100
1011001100000110
1001101000011100
0010110100011100
1001110000000011
1010000100000111
1011001111110010
0001100101000011
0010000101101101
1000110111011010
1101110010001101
1000010110101010
1101010110001111
0011000111101111
1101111100000001
1010011101111001
1011100100111010
0001010000111111
0001010000001010
0011110110100001
0111001000000000
1001101010101010
1001010010110110
1010100100000001
0100010000100101
0000010100010000
1000010000010111
0100101000101101
0011110011010010
1111010010101100
1001111111001100
0110000101101101
1001110011001110
1100010011011110
1110110000010100
0110010011011011
0101000100010100
0111010000100011
0101000001100010
0101110010111010
1110110101101001
0011101010101010
1011001110011010
0011001111110110
1100010011000100
1000000101111101
0111001100001000
0111110101110111
0001101100101101
0101001011010011
0111111000010111
1101101110010001
0001110111001101
1101010100000110
0011011011110000
1010100001010111
0111000011101100
0011010111010101
0110001010000101
1110100101011011
1011000001010000
0001101010101000
0101111000000101
1000011001100011
0101000011100100
0010000011111111
1110001010100001
1000101000110100
1101101010011010
1010111010010011
1110011100001001
1000001011110100
0001000111111110
1011000111110001
0011111000110111
1011110110100011
1010010111001110
1101011000101100
0101011101011100
1000111010110001
0110110001111001
0001110110101001
0001101001000010
0001010000101100
0001100001001001
1110110100110101
0000010001101100
1011011010111110
1001001101010001
1101010101001110
1100011100000000
0001001101111001
1100101001000100
1000110110100001
1000111111010111
0111000101011101
0101001111101001
1111010101100011
1010110000100110
1111100101100000
0011001100001101
0101111100001001
0010101000001011
1100101100110111
1101010000011001
0111010001111010
1001111000100101
0001111110101000
0110000111010011
0101100010011000
1100111101001000
1100101100001010
0010010100110000
0001000001000001
1100010010011111
1000111010110000
1010000110010001
0011101010011011
0000010001101100
0001111001101101
1110111101001111
1001101101100111
1001000001110100
1100000100011101
1111100000100110
1111010001100011
1101101001110100
1010101110100011
1000011001001011
1010111111010100
0010000010000001
1011111101001111
1010111001000101
1111000000110001
1100011000000010
0100111010001100
0011011100010110
0111010110101001
1011101011100011
1010100000000010
0110011101100001
0011010011110001
0000011011100000
1000110100101101
0001010110100001
1101100000011011
1111111001010100
1111000010011010
0111011101100100
0110101100100111
0110110110111010
0111100001001110
0001001110000101
1001010001111000
1111100001000111
0010011010100110
0101101111101000
0001000100010101
0000011000000011
0011111010010100
1000010101110000
0001001111111011
0001010101100101
0111010010011001
1001010011111011
0100001010101001
1101100101010111
1101010100010001
0101001011001111
0001110000110101
1010001101010100
1001111000010111
1100110110111111
1010011111100111
0010100010110011
0110110000101110
1111111100100110
1011000101011110
0010001001001010
1110010000111010
0111111101110011
0010000010000010
0010010010100110
1100000110110111
1000001010111010
1000011000111010
1111001000010000
1100000100111101
0010111110011010
1011010000110011
0011001010111101
1101010110101000
1011000101011010
0001001111111111
1000011110100100
1110000100101101
0010011101110001
1011110000000110
0001111001011011
1010110100011010
1101111000001001
1001000011000001
0101011111010111
1111100110100111
1101010000101010
0000100001001110
0111011101001110
1011010011101100
0111000101100010
0101011010101100
0000110001111010
1101011000111000
0101110110101011
1011101100011100
1010101001001001
0110110011100100
0011101111110010
1110011110110100
0001101001011110
1000001011000010
1011010001010011
1001101101001110
0000110100010100
1111111011101000
1100111010000100
1100001000001011
0111011110001011
0011000001100110
0101010111000100
1100001000110111
0110001111111010
0101110110010000
0100110100000111
0111101111010111
0101110101000110
1011010101001011
1110100110010011
0110011111011110
1101101000111000
0110110011011101
0100101001010101
1110001100000100
0000000000101010
0010001100001001
0000100001111011
0010010000011110
1111011100100000
0101110011111010
0111111011111100
0011001100011101
0110000100101111
0001111110100110
0010001101110110
1111000110110011
1101100110000011
1101001011010011
1110100000011100
0011000000001111
1011001101011110
1000101111110010
1110110100010010
0000100110101011
1101111111000011
1011111110100111
0010111000011110
0001001100011011
1001110000101011
1010100101110001
0110110101101100
1111011010010100
0011001001101001
0000010001101110
0011010001001010
1011111011010010
1100000000110110
0000111100101001
0110101011111000
0100110111010100
1100100011101010
1000110100000101
0010110011010000
1011100000000001
0000000111001100
0100100100011100
1001101101001011
1011110110100011
0100110000111111
0111011011111110
1100110111100111
1101111000001010
1001001001110011
0010111001011111
1010100111101100
0101010000101000
0010001101101001
0101010101101010
1011111010101000
0111101101000001
1001101000001000
0010001101011111
1000111010111101
0011010111100001
0110100001110010
1110000110100100
0110001101100111
1101101010001101
1000100011110000
0100101110011101
0110101100100111
0011101110010000
0110001100110001
0110010000111110
1101100010001111
0011010000011011
0010110010100010
1010100000101100
0110100011111101
0111000001101110
0001111001001111
0010100011100010
1100101110110001
1110001001000001
0111010011011000
0000010001111000
1111101010001101
0010110001111100
1011010010011101
