1100100010101000
1111110001010000
1000000110010000
1101000011110000
1110011101010000
1011000101100000
1011111001000110
0000011010000011
0101110001001100
1000101001001100
0011111010000110
0101111000111001
0001110101010100
0001101110010001
0110101001001101
0110011000001011
1111101011111011
0000001011010101
0111101010100000
1100110011000010
1011010111010001
0010101100000001
1011110101010000
0110001110101010
1010000101110111
0101110100010000
0010110011100110
1111010101000100
1111011110101101
0101100011101001
1001101101111101
1011011101100011
1010101101010010
1000000110111110
1110011111001011
0011111010011001
0011011000100110
1011011101111000
0011111011010110
0001110100101111
1010010010000111
0110001010110010
1010110010010011
0001011110000100
0110011011010000
1011011010011001
1001011110110011
0101000110110000
1010000010000001
0001111000100000
0011110111110010
1001000000011100
0011000111101010
0011101101101010
1100010001100110
1110011100000010
1100111001100111
1101101100010000
0111111010110000
1011111001000101
0011100010010110
0101010000111111
0100011111101111
1001100001110010
1110110010101100
1010110011110100
0100100100001111
0010001100101111
0011110111101101
1101010001000111
0101101111010001
0001100010101111
0010111101111111
0110111000000001
1000111111000110
0101101101000101
1001000111100000
1001111001001011
0011111100000111
1000001010011011
0000001101001001
0101111110101010
0110111001100111
1011111101111100
1001100000000101
1101111001001100
1010101011011100
1001011001011110
0110101101111101
1001011010100011
0000101010110101
0011111010010010
1111110001010100
0110001111100101
0111011010011100
1100101011010111
1001100100000000
1001100001010011
1011000101101101
1011101001110000
1101001100110001
1010000011111110
1100101011100100
0101111001011110
1101011111100010
0110101101011110
0000011100011010
1100001011000001
0000000101000011
1111100010011001
1001001001100000
0010111100110000
1100111110101110
1100111001100111
0100110011001101
1011010100101100
1010100010011101
1010110111111010
1011110001010110
0100000101001111
1101101111110001
0001101100100011
0110100001001110
1001100110001101
0011011100001110
1000110100010110
1110110110011010
1011010110110011
1110000101100101
1010110100011000
0010101000001010
0001011000101101
1110011001100010
1010110100011110
0100001011101001
0000101100100111
0110111111010111
0101110010001101
1001100111110001
1111111010011010
0101000111001010
1000000011000011
1111000100110100
1110001000011111
0011011100111001
0001010101000011
0111110001010100
0110110011010111
1101100101111111
0001001011110111
1100000001110011
0101111010110101
1000100001111110
1110001100001100
0100000111101111
0110110111101101
0100100100101111
0101011110010111
0110111011110010
1110101110101010
0000100000001100
0011110011111110
1111111110011011
1011011000000001
1111010000000010
0101010001111110
1011110100001010
1110100011101001
0111111100110100
0000101100110100
0100110000000000
1000000000110001
0111001111000011
0001101100000101
1001101001010011
1111101101110110
0100100011100111
1101100110111001
1011111011000101
1110000000010010
1111100010110111
0000000101001010
1001000000000010
1111101101111001
1101010101101000
1111110000100111
0000001001100011
0010101001010000
0011100111100011
1011100011001010
1011111101110011
0010001100010100
1010010111000100
0101111011011000
1101100010011110
0111111110000011
0010001110010111
1110001110101010
0111110110110011
1010111010001111
1110101100100001
0100000101011011
1100110000100101
0110000010001111
0010111000110101
1000000001100011
0110111001110110
1111010110111010
1110000010011001
0111001001101001
1111011110101101
0001000010001011
0101100010111110
0011011010101010
0010011000010100
1111100100010011
0010001001010011
1011000010011101
1111101100000100
0001100111101111
1011010110110100
1101111100100100
0010010011001000
1101000100001001
0001111111110101
0010001100100000
0101011001100110
0110001110010100
0010110100001101
1010111101101110
1100110011000001
0010000010110111
0000011111110010
0101101001110110
0000011100100011
0001001001101111
1111001011001111
1001010100111101
0100000101110110
0010010100011000
0110110000010111
0010011101001011
0001100000010001
1110000110011010
1100100111110011
1001101111101101
1100111100011000
0111001100100101
0100001101001101
0010111100111010
0001010110110001
0011111010011101
0010110000111010
1010010101110011
1010010011100101
0111101111011000
1110100000100000
1010001001101011
1100001111001000
1000001010010010
0000100110010110
1101010100111010
0000101100011101
0000000001101010
1001010001011011
0101001111000000
0100011000000100
0001110000011111
1101110110100100
1100101011000110
1000110111101011
0000110111100111
0000101110101111
0011000101000101
0001111000101000
1011001001010100
1101001010011010
1100101101111010
1101100001001100
0010001000000110
1000111001111110
0110111011011010
0110011100110110
0011100110101101
1110101001000000
0011111000101100
1001000011011011
0101011011100000
1000101110001010
0010111101110111
0101111100100001
1000000000000011
0111100101001001
0111000111100011
0101111111111111
0111011110101010
1101000011110011
0010010011000111
0101010111111000
0111001100001101
1000011011010010
0111011111001010
1000100101010100
0111100111101010
0001111000011100
1110100011100011
0011011110010010
1111000110111010
1000101001001100
0110100010000000
1001110100001101
1001010100110001
0001010010101100
0010011011110011
1010100001010001
0011111100110001
1110010010101111
0111101001101001
0010111101100001
1100001010011011
0010100101000110
0101100110110101
0010101000010100
1001110100100111
1001110011010010
1011000110011001
0111101100001011
0000010100110011
0110011101000010
0101011101011000
1100100111010011
0010000011011001
1110100110100000
0000000111111010
0111110101101010
1011001101100100
0100111011011111
0101101000000000
0001000011001110
0011110100111001
0101101010111101
1100110111000010
0001010011110100
1000110010000001
1001000100100100
0011001010110000
0010000111100011
0101010010011001
0000011101110100
1010111010111000
0111000001000111
0011001000111011
0111000111111010
0000100101110110
1110111110100011
1110101100001110
1100010100000101
0001100000111011
1101111111010001
1111001001011101
0010111000100011
1101001000101010
1110111100111010
1010100111111001
0011001011000110
0011110001101110
1100000100011110
1011110011101101
1001010000110111
1010010111101010
0010111001110101
1110001110011011
0011001110011101
1011011000011101
0111011000001011
0110011100010101
1011001000001100
0110001010111000
0001100100001111
0000110100001101
1101010111011101
1101110001011111
0000110010000011
0001011100110001
1100000000101100
0111011111111010
0110111001111111
0011111100010101
1010101101110110
1010101110100100
0000111100110101
1011100111100101
0110100100001010
1111100110110101
0000111011011111
0001000001010001
0001001101101110
1110010011000011
0000000011101110
1100001000101110
0011101000001101
0011010010111101
1011111111111000
0101100110100101
0000111110010111
0000100100111010
0100111010100001
1010111001101010
1011010110101010
1101101100000000
1100000010110100
0101110100111100
0001101010011111
0100001100011010
1110100001000101
1011101011010011
1111101000010010
1110110111001010
0111010010001101
1100110101111110
1111111100010101
0111000000001100
0001000101000100
0100110100101110
0011010111000010
1000101010010100
1011101001100100
0101100100011001
0101101001001010
1110001010110011
0111100100111000
1010101010101100
0001111110111001
1010000100110111
1101101011011110
0100101000111000
0011000010010011
1010111100101101
1001011100111010
0010001111110010
1000101000100101
0011101111101000
0111100010100110
0011001110110011
1110001111100011
1100111010101001
1111010100111111
1010111000011110
1000000100010010
1011010001110000
1110011101101010
0111111001000100
0111111010001100
1010100011010000
1011100000001100
1111011011101101
1110010101000010
1000111110001010
0011000110010000
0000100010000001
0000101001000000
1011000100001011
0001111000110110
0100001110001000
1000100100001100
1110010111001000
0010100100101011
1110111101100111
1010110101101100
1010000010010101
0111001011001100
1111111101000101
1011111011011011
1111000011010011
1101110100000101
1110000111100010
1001100001100011
0110001000110001
0000010100001000
1100110000010101
0100111101100100
1100000111010010
0011100101110000
1010100011101111
1001010110110110
1101101001110110
1111001110100101
1001100010110000
0110100010010110
1110100101110110
0100001010101101
0011010011101010
1100111010011011
1000011001000101
1001100111011000
1010011110111000
0011000011101111
1001100111000000
1010101000011101
1100011000100110
1101000111001101
0111110011010000
0100110010111011
1001010000001100
0010101101010111
0111000001111000
1111011100111100
0000001110100011
1000010001101100
1011101001111000
0111111101101101
