0110010001111101
0100000101011001
1111110001110101
0111100000000111
0111110111000101
1101011111100010
0110001000010101
0010110010010011
1100000111100100
0010000001111100
1000111110010111
1110100011101001
1100110111100001
0010101110011011
0101111010010000
0101000100101100
1110110011100111
0010011011010110
1100110100110010
1011100100100100
1010110101000111
1100110110111110
1011110000111100
1011101100101011
0010110110010001
0000110100100111
0101000101010111
0101101100111010
0011001010010110
0110111011111011
0101010110001001
0100100110110111
0011000111111000
0001000101100110
0110101100011111
0011110111010000
1101010011110101
0000001001000110
0001010100100100
0011111101001101
0101000011010010
1011000011001110
1000110011010111
0011011001011100
0100100011110110
1000100110001100
0101000001111011
0000011111010101
0111100010111111
1100110110000000
0001000101001000
0101011110010111
0110110011101101
0101001100010001
1010000000100001
0011011001000000
1000100011111111
1111100100100111
0101101111110101
1100111100110111
0100111011011111
0111010010111100
0100001111110011
1010100100110101
0101000111100111
0001110001101101
0111000111111010
1011111001001110
1001100111001000
0010010110101110
0101110011010000
0100101100000011
1111100101100001
0100011100010011
0101101011000111
1111100010000011
1101010001001011
1110101111101000
1010100010100000
1011111000000100
0000110001100011
1001111010000101
0100111101010111
1111101110011000
0001111011101110
1110010100111111
0001011000100001
1100001001101000
0111101100111101
0111001111110010
0111010101010000
1111010101010101
1111011001111101
1101001101001001
1101111110010100
0001111010010010
0110101100101101
0011100101000000
0111111011001100
0111010110001101
1101101011010101
0111111111111111
1000010110011000
1011110111011001
1010111011100100
1111101101100001
0111101110101111
0001111000101100
1111011111100111
0010100101011111
1010111000001011
1101100111110100
1111001000110001
1011010010000110
1011111111010000
0110000011110101
1101100010001101
0111000011011000
1000000010010101
0100101111101101
1000010001000101
1101111010000010
0001110100111001
1000011010101011
1001111010110011
0111000011110000
0010011010110101
1011011011001111
0100110110011000
0010011000011001
1010101101000100
0001000100000000
1011111100010110
1000010110001101
1100111100110110
0111101111000110
0110100001111011
1100010100101101
1110101110100001
1111001000110010
0000101010001110
1001110101111111
0111100010000001
1000111001110101
0111000101100000
1001001101100011
0100100011001000
1101111010100110
0100111001110110
1000010001101110
0111001101011001
1101000101010000
0010111011011000
1100100010110001
0101000100000100
0011001011101110
0111001000101010
0111000111001011
0100100001001000
1101000111010101
1011010001100001
1000011101000011
0000100100101100
0110101110001000
0100100010010110
1011000111100000
0110100010101001
1011101001111100
1101001101111010
1110111011110010
1011101000000101
0000110101110110
1111000111000100
0111110110011101
0111111111000001
1000110101100010
0100011011100110
0110110101111110
1001010000111000
1100100111011100
1011001001001010
0100100001111111
1110010010110101
1011101011010110
0011110110101100
1011110100011010
1111010001001100
0111101110100110
0001011111101101
0110100100010100
0011110110000100
0101000110100001
0011010110100011
0011110001010010
1110111001100111
1011011001000111
0110010111110100
1001110010000101
0000101011101110
1010000000110111
1011011111100010
0011010011101101
0001010111000100
1001101101111010
1110011010100111
0001000000111001
0001011110000011
0000101101110010
0110000101101010
0101100111001010
0001010100100111
0000001101101010
1101010011101000
0100000111100010
1000111111111001
0001011001111101
1111100101110011
0001011000111111
1110110111000101
1001000011000011
0000001111110001
1101111011011110
1111101001000011
0010101011001011
0000010110111000
0100000010101011
1011000001100111
0110010010111000
0000100000010001
0101001001100001
0111101010011101
0111110101001111
0111001010001101
1100010010000101
0010111011101011
0110101010111010
0111100001001000
1100011111101111
0010100000000100
1010010101111110
0100001011010100
1000100101000111
1110110111111000
1011110000100100
0001011110110110
1110010111000100
0010111010110101
0010110011111000
1011010010111011
1000111001011011
0000111111100010
1001001100101111
0111001101110010
1001000000101000
1010010011111010
1001110100011010
1100111100111011
1111011101011010
1010001110011100
0000101000111010
0110001100111000
0011001101000100
0010001100010011
0100001110010101
0101011000011100
1111010100010110
1111101110010010
1011101000010001
1110100100001111
0001101001100011
0011000100111111
1011010100010011
1011000111111000
1110000100110000
1000111001010011
1101110100001010
0010001100101101
0010110101111000
1111110101111000
0010100110110000
0110110010001110
0101101000100101
1001010001000100
0101000110100100
1110101011110001
0100101010111000
0110110101000110
0101000000110100
0001111000010001
0001110101011000
1101000101111011
0101011100011001
0100001110011110
0100011101100010
1000001101101001
0010110100111001
1001110110011001
0011101011010010
0001101101011000
0001000101000111
0101010110101101
1000001000111101
1011001100010001
1100011001100010
1111111001100000
1110000001110011
0011011010001111
1001001001010110
1100110010010010
1000010010011110
1101101011001111
0101001101111010
1110001111011101
1010010101111101
1111101111011111
1110101111111011
0101101000101000
1011011000110110
1111101001111101
1011000011010001
0011010101110110
1111010001001011
1111011101011010
1111001001100101
0110011100111111
1111011001101001
0000111111011110
0111000011010011
1111101101100101
1010001111100011
0011101111101000
0001100011001101
1001110110100101
0111000100001111
1101111011001001
0001100110100100
1110111100011100
0000010111010001
0010000011011001
1010111000100100
0010010100110010
0000101101101101
1010111110100100
0110110001110100
1101110111110101
1010110000100110
1001100111101011
0110000001100011
0001100101000101
1100010000110000
0101101000111100
1011011111000101
1001110101111010
1101111101000010
0100001000011001
1001110100001010
1111100000111111
1010110110000001
1111010011101000
1010111011001110
1000101001100111
0000101010110100
0110011110101010
1110011111111000
0011001001111101
1011010010100111
0000100100110110
0000011111001001
1000000010010111
1011010100110100
1111100001011101
1001101001010001
0010110000111010
1000010000110100
0111100101000000
0110101101100001
0100100011010101
0110100101000001
1010101111010100
0110010001010001
0011101001000011
1100111101110111
1011001010110110
1100101000111111
1010100011000100
1000000110111000
1111111010101001
1110100010000010
0101010101001110
1100101001011101
0110100110010011
1111111111111001
1000110100111011
0010100010001111
0000001011101110
1011100011100100
0000101100101001
0111111100011010
0110001001000101
1100011111100111
1011110100101001
0100000111111001
0111000010001000
0011011001011010
1111001100001111
1110110100111100
1010110101100011
1100000011000010
1110001111010010
1000011001110110
0110100010001101
1000001001100101
0101110011000011
0110111100101111
0000010001100101
1101010011100100
1110000110010000
1001010111101101
1101110000111110
0010100100111100
1011000000100110
0101111101110110
0000100011110110
0111111101111111
0000100001100000
0101000101100100
1100000010001111
0111100000101110
0011001000110000
1110101110111000
1000010010011011
0100101100101110
1110001111011110
1000101101101011
0110100011001010
0111000110100000
0111110110100001
0001001100010101
1101001111101011
0001101010100101
1111001010111101
0100101111100001
0011001111100010
1101110000010101
1011101000110101
0100101011101010
0100010011110001
1011100001101111
0000000001010101
0010001010111110
0100001110011011
1100010001101101
1011101100110011
1101011000101110
0101001010100011
0011011001111011
0101001111101111
0001001000110011
0111010010010001
0101101111100011
1111100000010011
1111010110001111
0100000111010111
1101010110010001
1010011100100110
0010111101010000
0110001011100010
0011001011100110
0110111101100010
0001100000100000
1110001011100100
0010000111000111
1011101101001001
0110101110001010
1110100101100011
0111010010111010
1010100101101101
1101101000011001
0101011101101000
0111000100010001
0100000011111011
1001100010101101
1111000110101001
0100010111010100
0111010100001111
0000000000110110
0011010010011011
1010001011010110
0010010100101110
0101110110110011
1100101001010000
0000110110100110
0101110000101001
1000110101101000
1100000100101100
0101010100001011
1100101111000000
1011000000111000
1000100011111000
0100111011001100
0000001100010111
0000101101000001
0000001000110000
0000001111110011
1000110101100011
1000100010000000
0100101001101100
1100110110101011
0010101100100010
0011110101000101
0101111000101010
