11010000101100011110111011011101
01111101010011110000110001100011
01101001000010000110110100110000
10101100100111100110101110110010
11101111010110111011110100111011
01010011011000001110100001100001
10001110010000010101101100100101
10000010011000101000111011001011
00010110100010011110111010110001
01000000010000110111111000001100
10010011011100011000011000110110
10100101110010011010000001111100
10110100110101101100100010111101
10011001011010110001111001111110
01001100100001111001010111011011
00000000000110010001001010001101
00011101110100001110010110111011
01010110110110111010101111011011
11111110101110010100110111000000
00100100101111011100110110111111
11100111000111011111110010100010
10111101010100111100010000011101
01010001101110100000010011110000
01111100000101000011000100001001
01101001110000100011110100000111
01111001001011011100010111110000
01100011110110001110001001001011
01101101001001010011000111000000
10001011001100000011110110100011
01110010101101000110110111110010
11000001010101000100110100001101
10100000010111011110000010001110
01111001001001110000110110110100
10010000011010001000111000010001
00110100101010000111001000011001
10111111001101111000001011111000
00001011000110000110110011001111
01101110010000010111111110100010
00111011000001000001111000000111
01001100010001011010110000110000
10000001001100111000000010011100
11010000011001100101000100101000
11111101111011100111110101000011
00001111010110000000010100101001
11101001001011111111101111010000
10100001110110000111001011110000
11101010011011001011101011100101
10010000110110111010101011101010
11011100110111001010000011110101
11101011110110110000001111100110
01110111110111100101011110100000
10111000100101111111111111000001
11000000011010000001100111111000
00111111011111100000011011010000
10001111011100110111001010100101
01111000111000000100111000000101
10010100100011001101110010001101
11100100110111001110111010111011
00000101010111011000100001110110
01000011000010111101110001100001
01100110011010001011110100100001
00111011000010110000000001111010
10001101110011000000100001110101
00111111101000100100000001000110
10111000011110010000010001001101
01010000010000010000011011000110
00011010111111000111111010110001
01000011110101111010001111101101
10001110001000001100000010011101
11101000110001111010100011010111
10110011010100111001110101110011
11011111110011101011101001111001
01110000011001101010000010010110
00000111011110111000001110111010
11011111111011111011110111011010
11100110111010001101111010101010
01110001011000110100000001000100
01000001000110011000010101010010
00010001101101000110011111011111
10101001000011010101100101001000
10111111101111110101000010011011
00000000111011111111101011101100
10010110100011010110000110011001
00110001101111100100011110101110
11111011111111101000010001000111
01001100100010001100110100101011
11011000010101001001110111001010
00001111010010000110111000001101
01000011100010011010111100010001
00011011111101010101110000000011
00000111000111100010001011010010
00101100001011111101111000111010
11111111010101010110000110110110
00101110111000011001101100100010
01011100100100010100110110010000
10001101001110010100101101010011
11111111100111101010011010001001
11110000101001001011000111010101
11000000101111100010101001001110
11001011010100111011110110101111
10111111011110110100111000000010
00100001001101100000011111001000
00010001011101011101100001101011
00110001111000010101001100000000
11010111001101011001111110001100
11010010100010101010101011000011
01111011001101011010010100010011
11001100100101101010111000000100
11011100101100001010000010111100
01100000110111000000100110010110
10001011000000011110111001100110
11000111111101111001110001110010
10001010110100011101011000010101
01100100010111100110001101111111
11100111111101111011110000011011
00111001101111010000101101000111
10001111011111010000010001001110
01111100011010000111111111100100
11101001101100011001110100101000
00011101001011111100011100001111
00110100010011111010010110100001
00101001110110001001011000101011
11011010101100100011011000000001
01101011110101001001010010110011
10111011101111000001100011111000
01011110000010111001101010000101
11101000110001100100011000101111
11100000000000010010110100101110
00011110011000001000100011001111
10111111011110000111001011011101
11110101000100111111111100011111
10010001000110010010000100100001
10010010111110010001100001100001
00101100110010110010111011000001
00011110110101001011110011010100
11101011111001011010000111110010
11110011000110111011111100101000
11100100110111001110010001110001
01110110001011111101010000010001
00110011010010100111101101011111
11101011010001100100000000111100
11001100110100110110000101110110
00000001101111101000000100000001
10100111101100101010100100100000
01001000010110000100000101111111
01000110011101101001100100011101
11000111110111001111101001110000
11010001101000000000110101110001
11111100010110101101101000100110
10011010010100000011010110010110
10111110001111010010101011111010
00000100011110101010110111010110
11001100111001010011001100010011
01010001000111100011101011111001
00100110101111001111011100110101
01010100010110100001100101011010
00101011010111011100100000111101
11010000011111001111011101001111
11111110111000010101110011110101
11011111100000001010100000010000
01010001011011001111001011101100
01110000011100000101111101111101
11110100111111110101010111010011
01000010110100111110100010100111
01001101011111010100110000010101
11011111111100011000111110101111
00001110000011000101000100010101
11100010110111100101000001101101
10010101100111110000111101111010
11001100100100100110101100011000
10011101111010111000010001010001
01100010111111110011101000110001
00100101011100001011011101011101
00101111001111010111011100000001
01110110100010110011011100011110
10111011010100110011100001101100
10110100100011111011100001100001
11111011001000000101010111000101
10100100111001110000110001010000
11011110110111110000010110101010
10001001100111100000011101001111
11100011100000101000010011110101
00111110101011011011111100100101
01001011100011011101011100011010
11110111100111101110111010000100
00001101111001111110110000001000
10111100100000101110010100100100
11111110111100111100111010000100
01010101001110100100110100110010
10001010101010111101000001100001
10101101101011011111111101010010
11011100000000010011110111111110
10010001001000101000000100100000
00101110010100101100011100001110
10100100010100011111111001011010
10110100010001011111001011100110
11101001111110111100001011000000
00000010101101111011100100101100
10011010100010101110100110010100
01101010111101111111000101101101
01000001000101010001000111100001
11101101001010101010001101110111
01010011001111110110001101010100
00100010011100110110000000111011
01110011011101100110011011010110
00110101011000010111111101101001
11101101110101101111100000011001
10101001100001001101111111110010
10010111111000100110100001001000
00100000001110100101111001010001
01110000011100110010111100100100
10101000110110100101101101000011
01010101110100110000111000111001
11111100011000000010011101110000
01011010110010011010001101011001
00011000100110011110111110100011
11000100110110000000111010001101
01010011101001001111011000101101
10011001001100001011000001010000
01101110101100110000000000001000
10110010110101100010100101001000
00110011100100011001100010000111
10100011000111001101011000001101
10001011100000000011011000101100
00001000000111101001110010110001
00000110101010011010101111101010
10000010001100111000000011111100
10110110001111010010000000101111
00111101110111011100001001100010
01000110101001101001001000111100
10010101101011111100000010001011
00100001110001101111011001111111
01011010101000010100110110011110
11000011001010010011011100111010
11101101001110111110110100110011
01110001101011010010010011100010
01111111111110110100000110011110
01011100100000011011111011111000
01000111010101000101010010011000
00100000010000111010001010001010
01110100010110000110101100000101
01011001010110100011101110111100
11011101111100100000100100001100
11111011001100101010111011010010
11100101010001100001011111101011
00100111001110011100111010011110
01100101010100101111110001010100
01011010100100011000001001011000
10100100110001111111011011010011
10011000111101100110010011111101
10111111011000010110100101101100
00100100000111110000000100001111
00001000101110111100010111011100
11001101110100010101001101101100
11100010100010011101110011101000
10100100111100111111101100101011