1101000010110001
1110111011011101
0111110101001111
0000110001100011
0110100100001000
0110110100110000
1010110010011110
0110101110110010
1110111101011011
1011110100111011
0101001101100000
1110100001100001
1000111001000001
0101101100100101
1000001001100010
1000111011001011
0001011010001001
1110111010110001
0100000001000011
0111111000001100
1001001101110001
1000011000110110
1010010111001001
1010000001111100
1011010011010110
1100100010111101
1001100101101011
0001111001111110
0100110010000111
1001010111011011
0000000000011001
0001001010001101
0001110111010000
1110010110111011
0101011011011011
1010101111011011
1111111010111001
0100110111000000
0010010010111101
1100110110111111
1110011100011101
1111110010100010
1011110101010011
1100010000011101
0101000110111010
0000010011110000
0111110000010100
0011000100001001
0110100111000010
0011110100000111
0111100100101101
1100010111110000
0110001111011000
1110001001001011
0110110100100101
0011000111000000
1000101100110000
0011110110100011
0111001010110100
0110110111110010
1100000101010100
0100110100001101
1010000001011101
1110000010001110
0111100100100111
0000110110110100
1001000001101000
1000111000010001
0011010010101000
0111001000011001
1011111100110111
1000001011111000
0000101100011000
0110110011001111
0110111001000001
0111111110100010
0011101100000100
0001111000000111
0100110001000101
1010110000110000
1000000100110011
1000000010011100
1101000001100110
0101000100101000
1111110111101110
0111110101000011
0000111101011000
0000010100101001
1110100100101111
1111101111010000
1010000111011000
0111001011110000
1110101001101100
1011101011100101
1001000011011011
1010101011101010
1101110011011100
1010000011110101
1110101111011011
0000001111100110
0111011111011110
0101011110100000
1011100010010111
1111111111000001
1100000001101000
0001100111111000
0011111101111110
0000011011010000
1000111101110011
0111001010100101
0111100011100000
0100111000000101
1001010010001100
1101110010001101
1110010011011100
1110111010111011
0000010101011101
1000100001110110
0100001100001011
1101110001100001
0110011001101000
1011110100100001
0011101100001011
0000000001111010
1000110111001100
0000100001110101
0011111110100010
0100000001000110
1011100001111001
0000010001001101
0101000001000001
0000011011000110
0001101011111100
0111111010110001
0100001111010111
1010001111101101
1000111000100000
1100000010011101
1110100011000111
1010100011010111
1011001101010011
1001110101110011
1101111111001110
1011101001111001
0111000001100110
1010000010010110
0000011101111011
1000001110111010
1101111111101111
1011110111011010
1110011011101000
1101111010101010
0111000101100011
0100000001000100
0100000100011001
1000010101010010
0001000110110100
0110011111011111
1010100100001101
0101100101001000
1011111110111111
0101000010011011
0000000011101111
1111101011101100
1001011010001101
0110000110011001
0011000110111110
0100011110101110
1111101111111110
1000010001000111
0100110010001000
1100110100101011
1101100001010100
1001110111001010
0000111101001000
0110111000001101
0100001110001001
1010111100010001
0001101111110101
0101110000000011
0000011100011110
0010001011010010
0010110000101111
1101111000111010
1111111101010101
0110000110110110
0010111011100001
1001101100100010
0101110010010001
0100110110010000
1000110100111001
0100101101010011
1111111110011110
1010011010001001
1111000010100100
1011000111010101
1100000010111110
0010101001001110
1100101101010011
1011110110101111
1011111101111011
0100111000000010
0010000100110110
0000011111001000
0001000101110101
1101100001101011
0011000111100001
0101001100000000
1101011100110101
1001111110001100
1101001010001010
1010101011000011
0111101100110101
1010010100010011
1100110010010110
1010111000000100
1101110010110000
1010000010111100
0110000011011100
0000100110010110
1000101100000001
1110111001100110
1100011111110111
1001110001110010
1000101011010001
1101011000010101
0110010001011110
0110001101111111
1110011111110111
1011110000011011
0011100110111101
0000101101000111
1000111101111101
0000010001001110
0111110001101000
0111111111100100
1110100110110001
1001110100101000
0001110100101111
1100011100001111
0011010001001111
1010010110100001
0010100111011000
1001011000101011
1101101010110010
0011011000000001
0110101111010100
1001010010110011
1011101110111100
0001100011111000
0101111000001011
1001101010000101
1110100011000110
0100011000101111
1110000000000001
0010110100101110
0001111001100000
1000100011001111
1011111101111000
0111001011011101
1111010100010011
1111111100011111
1001000100011001
0010000100100001
1001001011111001
0001100001100001
0010110011001011
0010111011000001
0001111011010100
1011110011010100
1110101111100101
1010000111110010
1111001100011011
1011111100101000
1110010011011100
1110010001110001
0111011000101111
1101010000010001
0011001101001010
0111101101011111
1110101101000110
0100000000111100
1100110011010011
0110000101110110
0000000110111110
1000000100000001
1010011110110010
1010100100100000
0100100001011000
0100000101111111
0100011001110110
1001100100011101
1100011111011100
1111101001110000
1101000110100000
0000110101110001
1111110001011010
1101101000100110
1001101001010000
0011010110010110
1011111000111101
0010101011111010
0000010001111010
1010110111010110
1100110011100101
0011001100010011
0101000100011110
0011101011111001
0010011010111100
1111011100110101
0101010001011010
0001100101011010
0010101101011101
1100100000111101
1101000001111100
1111011101001111
1111111011100001
0101110011110101
1101111110000000
1010100000010000
0101000101101100
1111001011101100
0111000001110000
0101111101111101
1111010011111111
0101010111010011
0100001011010011
1110100010100111
0100110101111101
0100110000010101
1101111111110001
1000111110101111
0000111000001100
0101000100010101
1110001011011110
0101000001101101
1001010110011111
0000111101111010
1100110010010010
0110101100011000
1001110111101011
1000010001010001
0110001011111111
0011101000110001
0010010101110000
1011011101011101
0010111100111101
0111011100000001
0111011010001011
0011011100011110
1011101101010011
0011100001101100
1011010010001111
1011100001100001
1111101100100000
0101010111000101
1010010011100111
0000110001010000
1101111011011111
0000010110101010
1000100110011110
0000011101001111
1110001110000010
1000010011110101
0011111010101101
1011111100100101
0100101110001101
1101011100011010
1111011110011110
1110111010000100
0000110111100111
1110110000001000
1011110010000010
1110010100100100
1111111011110011
1100111010000100
0101010100111010
0100110100110010
1000101010101011
1101000001100001
1010110110101101
1111111101010010
1101110000000001
0011110111111110
1001000100100010
1000000100100000
0010111001010010
1100011100001110
1010010001010001
1111111001011010
1011010001000101
1111001011100110
1110100111111011
1100001011000000
0000001010110111
1011100100101100
1001101010001010
1110100110010100
0110101011110111
1111000101101101
0100000100010101
0001000111100001
1110110100101010
1010001101110111
0101001100111111
0110001101010100
0010001001110011
0110000000111011
0111001101110110
0110011011010110
0011010101100001
0111111101101001
1110110111010110
1111100000011001
1010100110000100
1101111111110010
1001011111100010
0110100001001000
0010000000111010
0101111001010001
0111000001110011
0010111100100100
1010100011011010
0101101101000011
0101010111010011
0000111000111001
1111110001100000
0010011101110000
0101101011001001
1010001101011001
0001100010011001
1110111110100011
1100010011011000
0000111010001101
0101001110100100
1111011000101101
1001100100110000
1011000001010000
0110111010110011
0000000000001000
1011001011010110
0010100101001000
0011001110010001
1001100010000111
1010001100011100
1101011000001101
1000101110000000
0011011000101100
0000100000011110
1001110010110001
0000011010101001
1010101111101010
1000001000110011
1000000011111100
1011011000111101
0010000000101111
0011110111011101
1100001001100010
0100011010100110
1001001000111100
1001010110101111
1100000010001011
0010000111000110
1111011001111111
0101101010100001
0100110110011110
1100001100101001
0011011100111010
1110110100111011
1110110100110011
0111000110101101
0010010011100010
0111111111111011
0100000110011110
0101110010000001
1011111011111000
0100011101010100
0101010010011000
0010000001000011
1010001010001010
0111010001011000
0110101100000101
0101100101011010
0011101110111100
1101110111110010
0000100100001100
1111101100110010
1010111011010010
1110010101000110
0001011111101011
0010011100111001
1100111010011110
0110010101010010
1111110001010100
0101101010010001
1000001001011000
1010010011000111
1111011011010011
1001100011110110
0110010011111101
1011111101100001
0110100101101100
0010010000011111
0000000100001111
0000100010111011
1100010111011100
1100110111010001
0101001101101100
1110001010001001
1101110011101000
1010010011110011
1111101100101011