10110001101010111111101110101010
10000110100001100111110001111110
10111111101011110010110111010000
00011100111110001110000101110011
11100010000000111110110110011000
10111000000011010101011110000011
10111011110011101110101000010111
01011101101011100111111010001011
01010001010111011110110001101010
11101010001111111011011101100001
10101100101110110101010001111010
11100111101100011111010011001111
01010010000000110101110111011001
01100111111101011101100000000011
00000000101000111110000111000100
00100011110110111001000000101101
10010011100010101011111010100011
00010101101011110001001101101110
10010011101111001110001111011101
00111001001110110011000100001100
01000010001101101000001110111101
11010000111100101101011100000000
00101000001010101011101011001110
10100110101001001101100101011010
00111011001001111111001000010000
01100000100111010010111100100001
01001110001111110001001010100011
10000110001011011111110110010110
01110101100110010001101001010100
01001100110001001100100010011011
11110110111100001101000100001100
01000011010100100011001111110010
10101110000000111110000110011100
01011001111000101101100111111101
01101000100011000100101001101100
11001001101010001000001011011110
10110001111101000000101011110010
00110100001110011110100010100111
11101100110001001011000010101110
00111011001100001110110000101101
01011000111110000001001101000011
11100000001100101111111010100010
01010001111001101111010111001111
01111100110000010111011111101011
00011100101101101101100110010001
11001011010111110011000001001011
00011111010100110100010000001100
10000101001110001100110011010100
00111110110001110110001111101000
00101001110011001000111110010101
00101111110101011100001111001000
11100010010111011001001011110011
01010011000100100000000010000011
01010010011000011110101100011101
01101010100010101011011001111101
01101000101011100101011001001001
00000110001000010001110100110010
01001001101101001000111010100111
11001000111101000011011010000101
10000010011011011000011100001011
01011010110001011100100101011111
00101011011111101110100100010010
10000100101000000111001110101011
11101100101000011000110001001010
10011100101101011001010011011101
10001010101011101010110001100101
01100101000100001000111101100100
11100101111101110111101101100101
00111001000110100001000000000011
00111011101001100100110001011110
10001010101101001001011010010110
01000001001010110110101001001011
10101011010100100100001110100000
10000110010001101001010110010111
10001010000011110101011001101010
01101011000110101001110100100101
00111011110010001110101101001111
00011001011000000111010110111010
01101110011111100011101100100000
01010010000011011011100111010001
10000100100101101100110000100101
10100000010101101011010010100111
01111111111110000110000010000001
01100100011000010110110001011001
11010000010001110100001110010000
00101011010001000001010010011001
00100000000001110100111011001101
01001100100011101111011100001001
01000001100111110001111000010111
01000011000101101110100010101001
01101010101111011001001001111000
10011001011000001001001010010110
11101101110010110010001111100011
11101010010110001100010100101100
01100110010111100011110000011000
00001011011101000011010000011010
11100100011000011000011101110010
00101010000000010101101001000011
10101110001001111101000110101010
01100111100001011011000001010100
11111001011100011111010100011111
10101001010010100010010011110100
11010000000010100000100100011000
00110011011101011110101110101010
11000100111110100011100000011110
10011000101010000011010000001000
01100100111010101010010011011111
11011010000001010111100011011111
01110101011100010010001110100101
11000110000001110011011001011010
01000111101010101000101101101100
10110011101001110101110010101100
11101001100000101001101110000011
00000110001110001010001110000101
01110100001111111101111110110100
00100011011111001000001011101110
11111001011101001010000010001010
01011000000110001100111000100011
00110011111001111100010010011000
00010101101111101011110000110110
10000111001011110110100010101110
01000000011011001010110101000111
10011010010100011100001001101011
10101010100001010001010110110111
00110011000110100000100000010110
01101101010111101100001010111100
10111110011111111000110010011001
