01001110010101000000010001010101
01111001011110011000001110000001
01000000010100001101001000101111
11100011000001110001111010001100
00011101111111000001001001100111
01000111111100101010100001111100
01000100001100010001010111101000
10100010010100011000000101110100
10101110101000100001001110010101
00010101110000000100100010011110
01010011010001001010101110000101
00011000010011100000101100110000
10101101111111001010001000100110
10011000000010100010011111111100
11111111010111000001111000111011
11011100001001000110111111010010
01101100011101010100000101011100
11101010010100001110110010010001
01101100010000110001110000100010
11000110110001001100111011110011
10111101110010010111110001000010
00101111000011010010100011111111
11010111110101010100010100110001
01011001010110110010011010100101
11000100110110000000110111101111
10011111011000101101000011011110
10110001110000001110110101011100
01111001110100100000001001101001
10001010011001101110010110101011
10110011001110110011011101100100
00001001000011110010111011110011
10111100101011011100110000001101
01010001111111000001111001100011
10100110000111010010011000000010
10010111011100111011010110010011
00110110010101110111110100100001
01001110000010111111010100001101
11001011110001100001011101011000
00010011001110110100111101010001
11000100110011110001001111010010
10100111000001111110110010111100
00011111110011010000000101011101
10101110000110010000101000110000
10000011001111101000100000010100
11100011010010010010011001101110
00110100101000001100111110110100
11100000101011001011101111110011
01111010110001110011001100101011
11000001001110001001110000010111
11010110001100110111000001101010
11010000001010100011110000110111
00011101101000100110110100001100
10101100111011011111111101111100
10101101100111100001010011100010
10010101011101010100100110000010
10010111010100011010100110110110
11111001110111101110001011001101
10110110010010110111000101011000
00110111000010111100100101111010
01111101100100100111100011110100
10100101001110100011011010100000
11010100100000010001011011101101
01111011010111111000110001010100
00010011010111100111001110110101
01100011010010100110101100100010
01110101010100010101001110011010
10011010111011110111000010011011
00011010000010001000010010011010
11000110111001011110111111111100
11000100010110011011001110100001
01110101010010110110100101101001
10111110110101001001010110110100
01010100101011011011110001011111
01111001101110010110101001101000
01110101111100001010100110010101
10010100111001010110001011011010
11000100001101110001010010110000
11100110100111111000101001000101
10010001100000011100010011011111
10101101111100100100011000101110
01111011011010010011001111011010
01011111101010010100101101011000
10000000000001111001111101111110
10011011100111101001001110100110
00101111101110001011110001101111
11010100101110111110101101100110
11011111111110001011000100110010
10110011011100010000100011110110
10111110011000001110000111101000
10111100111010010001011101010110
10010101010000100110110110000111
01100110100111110110110101101001
00010010001101001101110000011100
00010101101001110011101011010011
10011001101000011100001111100111
11110100100010111100101111100101
00011011100111100111100010001101
11010101111111101010010110111100
01010001110110000010111001010101
10011000011110100100111110101011
00000110100011100000101011100000
01010110101101011101101100001011
00101111111101011111011011100111
11001100100010100001010001010101
00111011000001011100011111100001
01100111010101111100101111110111
10011011000101010101101100100000
00100101111110101000011100100000
10001010100011101101110001011010
00111001111110001100100110100101
10111000010101010111010010010011
01001100010110001010001101010011
00010110011111010110010001111100
11111001110001110101110001111010
10001011110000000010000001001011
11011100100000110111110100010001
00000110100010110101111101110101
10100111111001110011000111011100
11001100000110000011101101100111
11101010010000010100001111001001
01111000110100001001011101010001
10111111100100110101001010111000
01100101101011100011110110010100
01010101011110101110101001001000
11001100111001011111011111101001
10010010101000010011110101000011
01000001100000000111001101100110
