0100111001010100
0000010001010101
0111100101111001
1000001110000001
0100000001010000
1101001000101111
1110001100000111
0001111010001100
0001110111111100
0001001001100111
0100011111110010
1010100001111100
0100010000110001
0001010111101000
1010001001010001
1000000101110100
1010111010100010
0001001110010101
0001010111000000
0100100010011110
0101001101000100
1010101110000101
0001100001001110
0000101100110000
1010110111111100
1010001000100110
1001100000001010
0010011111111100
1111111101011100
0001111000111011
1101110000100100
0110111111010010
0110110001110101
0100000101011100
1110101001010000
1110110010010001
0110110001000011
0001110000100010
1100011011000100
1100111011110011
1011110111001001
0111110001000010
0010111100001101
0010100011111111
1101011111010101
0100010100110001
0101100101011011
0010011010100101
1100010011011000
0000110111101111
1001111101100010
1101000011011110
1011000111000000
1110110101011100
0111100111010010
0000001001101001
1000101001100110
1110010110101011
1011001100111011
0011011101100100
0000100100001111
0010111011110011
1011110010101101
1100110000001101
