0011010100111000
0110101001010010
0100000110010101
1110011010110010
0000001111000111
0101000000100011
0110101011101011
0110011001000101
0111000101001011
1011001100110000
0100110011010111
0001000110011011
1100111110110010
0001011111000000
0011010010101011
0110000110111110
1000100001000101
1010111000110110
0001001001000110
0110111011100110
1000101101101000
1011000001011111
1111001101011000
1000101011011100
0101101101101010
1011101100111111
1111101110011010
0101111010010011
1100110000100010
1000101100011011
0010111010010111
0101110110000100
0000110000110110
1001110010011000
1001100000010111
0101111000011111
0000110000000010
1101001001110101
0011111011001000
0000100110010110
0101100110111111
0101011100100010
1110011111011100
0001001001001111
0110001110101101
0110110001000010
1100011100111110
0001110011101101
0010100001010001
0000111001111111
1010101000001000
0100111100011000
0010111010100100
0011111001101100
1110110100100001
0101010110100001
0101101111101101
0011001101110011
0010001000111011
0000101001100101
0000010100011010
1011011100110110
0101110001111110
1010010011100100
1000111011101100
1011001101111101
1100011111000011
1101010010001110
0010100000011000
1000101001011111
1110111100100111
0111011101101001
1001101111000000
1001010100101000
0110101111101110
0100100010010001
1001000100111010
0000101110101000
1111000001011001
0111110001101011
1110110100111011
1101010011011011
1110000100010110
1111001111100000
1101000101000010
0011111010011110
1100101100100101
0011001001011000
1110001000101010
0100101011101010
1011010000101111
0000001110111000
0110001011010010
1111011111000001
0101001100000001
0110110000110011
1010111000001010
1000101110001010
0101111011110100
0000111101111001
1001111111111110
1100000100000000
1111110000011001
0111100110011100
0110001110001001
0101101110010011
0001110101011000
1110000101001010
1111101011011110
1010100000000011
1010001100111101
0001001100111100
0010100001011010
1011111111011010
1100001101011000
1110110110001100
0001100011100110
0011001011111010
1011100001001011
1111011101011010
1000001000100010
1101011010111101
1001010010101000
1011110100010010
0011101101010010
0001101000000100
0001111001010101
0000100111111111
1000010111101100
0110001110111111
1111001100101111
0010010100011100
1100111010011110
0110010101100111
0110110000100000
1110101110111000
0000010010001101
0001011011010100
0000110000101100
1101000101110110
1111111111010111
1110101001111111
0011100011110100
1111001011100110
1000111000010111
1000010101111010
1100010100001010
1110111000001110
0001111001100101
1011111011111001
0101100111000000
1001001101000110
1111101010101001
1000100000110011
0101110101000100
1100111101110111
0100000011000010
1010111110101010
1111110111110010
0010001101010011
1101011110110000
0000000101010010
1010100110111011
0101001101001101
1010010101011001
1100010011010110
1110100001111001
0011001011111000
0101100101000010
1100010011101001
1111100010001000
0101100011000001
0001010111001101
0010111010110010
1110100000001010
0110011001101001
1010001011000001
0001110011100001
1010100111100101
1110000111011111
0110010100001111
1000001011111110
0011100111100001
0011000101111110
1000010100010011
1010100110000001
1111110110110000
1111010000110100
0001001010100010
0000011011111001
1101110011100000
1111111110110000
1000010010001100
0101111010011111
0000000101110100
1011011100011110
1100010001000101
0011111110100010
1101001110011100
1001111101100101
1111011011011100
0010010110111001
1111001011110000
0111110101010110
0111001101111010
0011000010101011
0110001100001111
0100111101110001
1111010001111011
0110001001000000
1001100001110001
0101000111000011
0011111100001000
1110010001010011
1100000111011110
0100000110001011
0010111101010011
1110001000000101
0100111111100100
1001000101010111
1000011111111110
0111101111101011
0001010011101100
0110111001010110
0111110001101101
1101101001000011
0111000100010011
0111000011000110
1110011111111011
1110111010111010
0010110001010111
0000111111010110
1000011011011011
0100010011001011
1100000111011001
0110001011000111
1111100101000011
1010000000000110
0001011000000111
0111010101001101
0100100100110101
1010111111101000
0111101111010010
1111000101110010
1101011001110101
0101001010010000
0001110000001111
0010110000100001
0111000111000111
1000101100101000
1001111010110010
1011111111111001
1100101010011111
0110111101100100
1101100110110100
1001100100001011
0100110010001111
0101110011111011
0110111001001100
0010000000101011
1010100100010000
0110100101010011
0111111011101110
0010010101111111
1110000010000001
1100000001011001
1010001101100100
0101001000001011
0110110000100010
1111111000011101
1111001001010010
1100111001011110
0011101111001011
0100000100001001
1111001110011001
1001001010100010
1111011100111001
1001001001011110
0111111011011011
0000110110011001
0110101010110111
1011110111111100
0011001100111100
1111011001101001
1100111001100111
1001010000100011
0010111011100000
1010100001000001
0111100011001011
1101001011101001
1100100001010111
1101101011110001
1000111010010110
0111010101001010
0111110001001011
0011111011110100
0010100001101110
1110001111101001
0011001101011010
0011010110001110
1111100100000101
1001110111001011
0000101001110110
0011001101011101
0111110101110110
1011010000111011
1100010111010010
1010100000111110
0111111100000010
1100100010011010
0000001010110000
1001101010001010
1100011010100101
1011011110011001
1011110101010100
0011011101100101
1011100110011110
1101011000100001
1000011000101110
1110101100110110
0001101100001101
0000010101001100
1101001101001010
1001011010010010
0011011110011011
1001110101110111
0110110011101111
1110100011000110
0110110001101010
1011101100000100
0101111111010010
1110101110101101
1100101111000110
1010110110110001
0000011101010011
0110110001011010
0001011111001111
0101010001000001
0111010000011111
1110110000101110
1100110000110011
0001110011101100
0100101011110000
0101100000100100
1100100010011100
1011100001101001
1100000000100101
1001010011100000
0100100111011001
0110011100001000
0101000010100011
1011101110010011
1001001100000101
1100011111000001
1000101010011011
1111011001010011
1011110000111011
0111101001010101
1111100101011000
1011001000110011
1100101111011010
0100011001001110
1101001010101110
0010001100100110
0001111110101111
1010001001111011
1110010010010000
0100001001000101
0011110011001100
0101101001011111
0111000111111101
1111000100001111
1110000000010000
0101001011011010
0111000001011100
0100111101101010
0010110110001010
0100101101100100
0100111001010011
0000011001010110
0010111111101100
0001110111010011
0010000101101101
1100000011101111
1010011110010110
1010111001111010
0101011101000101
0010100101000010
1010110100000110
0100110010111001
1000010010100011
0100011010101010
1111000010111110
1111110110011000
0001111101011100
1011111011111001
1101111000001001
1101001101011110
1100000000101001
1111010001000010
1111101010001101
1000010001011100
1101001011101101
1110111100100000
1101011001110010
0111010111011111
1100111101011010
0101010001110011
1000100011001101
1101011100010111
1101111100100111
1011001001111010
1110000110111101
0111011110111101
1011011000110101
0010011111101110
1101010111111001
0010000010001110
1110110111010110
1111100010000110
1110001001110100
0001111001101001
1001011111001010
0000100001001000
0100011011100001
0000011101010111
0000000011010011
0000110101001101
0100111100000011
0101110000111101
0001111110101010
1010011010000110
0111110111010001
1111010101111101
0001100010111010
0101101101000111
0111000011110000
1100111101001110
0011110101111100
1000101101100111
1111101001100110
0101101011010111
0010001000110001
0000011101110000
1101010000011101
1001001100101110
1011011110011011
1110100000111001
1111001101110010
0000101001000111
1110001010001011
0001111010110000
0000000100100000
0011000001001110
0100100010101110
1010111110110001
1011001011001001
0111111011100001
1001111011101011
1001001000100001
0100011011101001
1010011110010111
0101010001010011
0111000111111001
1101010101010100
0111110010100101
1101011101011000
1000110110001111
1100110011100100
0010101001101101
0100100110111011
1011001001010001
0001110110001011
0010110010001101
1111001000010100
0110100110001000
1111111101010000
1010100011110100
0100110000011101
1001101110111110
0001110010110011
1010010001101100
1111000011000110
0010010111011101
0011100001100110
0010001000001011
1011011111010011
0000101001001000
0111011000101001
1111111110011011
0100110110001001
1100000010110010
1000101101001101
1010101101100110
1010011111100111
1001111000011111
1010011000011101
1110100100110110
0010101100110000
1100101110101101
1100100010010100
0100010111110001
1001101101100010
0000100001110100
1101010001011011
