1001011110111011
1000001101010010
1111111110010011
0000111000001100
1101101100001111
0100001010011110
1011100010100100
0010110101100110
1100110000001001
1000111000001100
1101110000110000
0010000011011100
1001000010110001
0011001011011010
1101110000011001
1010110110000000
0001100011011000
0001111010111101
1011100001000011
0111101100101000
1010000010101100
1111100001111111
1010101111101111
1010011110111101
1101100010100011
1111001111010011
0110110111110000
0100000100000111
1000000100011110
0111100110100000
1010110001110011
1011010011011100
0101100011110111
0101010010001000
0101100110111001
1010011110100010
0010000101111011
1000111110110001
1100001101111011
1011111111001101
0101101011001110
0000011110100000
1010010100101001
1110110000111111
1110010101111001
0100101001011010
1001100110001010
1011100000011010
0001010101000001
1100001000111101
0000010111101001
1100100000111000
1000010101111110
0000101100000110
1011011001000110
0110010000000010
1100001010000011
1001101110100010
1101101111010011
0000101001111101
1110101001110110
0101011010011100
0011110000000100
0101100111101000
0110001101001000
1011111100001110
1110111100000011
1110101110001011
0000011001111110
1011011011010011
1001000101001011
1100110100110010
1000100110110000
1011100011111111
1001001110110000
0010110100100111
0010110001100011
0110111010100100
0100101100100000
1011100011011111
1010011100011010
1010101010111011
1010001001100101
1000000101100000
0000010001111000
0111001001110000
0010110110101101
1111111010001110
0010010110101100
0011101011101011
0010000111110001
1010001110010111
0110101111111010
1101001001010010
1101110001000111
1001001001101110
1111100000111100
0110011011010010
1000011011011001
0011100111001100
1011110001011110
1010010011100010
0010001011010001
1111100110001010
1100001010010010
1000110101001000
0010101001101000
1001000010010000
0110100110101101
1111101010010010
1111110001111101
0111001100110111
0001110000100000
0000010101110001
0000110001001100
1110011101001100
0100001111110101
0011100111100001
0000000110110111
1101101011110010
0001110011011111
1100101101001011
1000101110100010
1011001110001100
1001011001011000
1000111101010111
0111111001101001
1100110001010010
0110001111010111
0011101101011100
0101011111100000
0011110010100111
1000000101001101
1000111101110111
1110110111000100
1011101111001010
0001101010110110
1110101001011011
1000110100001011
1011011101000011
0001111001111110
0100011100101000
1110001001010110
1100110011111100
1010000110000010
1011011010010101
0101000011100100
1100000110101101
1101011011100010
0111101100010101
0011000000010001
0000110110011110
0011000101000010
0110001000101010
0011000000110101
1001101100000000
1010001100111010
1010011100111001
1100101001100011
0111101010011100
1001001100000101
1001001010010101
0111101010101101
1101110100110001
1111010110011111
0111011010000110
1001010001100011
1001110001111100
0001010001101011
1000001110110000
1111000111101011
0101101101000001
1000100010010010
1001111110011100
1110111011001000
0011001110101100
1000001011110100
0000010000101010
0101101000010100
0111111001011100
1111110001001011
0011101001000111
0101001011011100
1101001101100011
1111101101110011
1100110001101111
0111000111101110
1101110111001000
1100100000011001
1000010000101111
0000100001101110
0010011011100010
1010101101100011
0100010001011000
1010001001101110
0010000010010000
1000001001100011
0101010010110001
1110011101010101
1001000110010010
0101101100110101
0010001010011110
1000100010000101
1011100010111101
0110001110010100
0101111010011111
0011001011010110
1000010110011001
0000011111110100
1010111111001100
0001000110111110
0001111001010100
0001011000001110
0101011000110000
1000000000000010
0100000100000101
0000100100100011
0100010000001100
0011000110011000
1100101001011001
1001111001001001
0110100001011001
1110100001100110
1110000001001100
0001110001001000
1100010000110111
1100110101100111
1010110001001000
1101010111000111
0110101010110001
1111001110001101
1011001000011011
0000001110000010
0001000111110001
1011011010010011
0010011110110000
1011000011110000
0111000001111101
0001111101001101
1100000000000010
1001010001110010
1001010001111111
1010101100001100
1010101011101101
0111100011111100
1010101010110101
0100000000101011
1010100011100101
1011110111110011
0110111011101000
1101011110010000
0001110000101101
1001011001001101
0101111111111000
1101010000000101
0100010100110011
0010000011110111
1110011110110111
0101111111010110
0110000111100010
0100100001110111
0110000110110000
1011011111111101
1101110100011101
1001110111101010
0110000001111001
0010100100011110
1010111101001111
1001111000111001
0110001010100010
1111101111001110
1011000010000010
0010001001011000
0100110011110000
1010010110111011
1011000010101111
1010000101101010
0101100101011101
1111010100001111
1011010101010011
0100001001101010
1001100110001111
0101101110010010
1101011000011101
1101101100010111
0011000001011101
1001110000001000
1010001110000100
1110001101111001
1110100000111111
1110010001100111
1110101011011111
1100101000111101
1010101010000010
0010110001010110
1001000110111010
0101010000110101
0100110010110001
1100010101000101
1000001010111101
1011101010011111
1000100011011010
1101010100101110
1000100011101101
0011111101000100
1001110000111011
0000110001000100
1100001110111100
1111110000001101
0000101110001001
1011100101110101
1110101011001010
0000010100010011
0010010001101100
1000001010111010
1001101111111110
1111100000100100
1100100011010110
0110101111011101
0011010100000111
1110110100001110
0110111010000111
1101001110111101
0110111011111010
0000001111010100
1010110011001000
1001010110111011
1111100001101011
0111111001100000
0101100000101110
1110010110110011
1001111110001101
0110111000001101
1110010110001011
1001000011011110
0011000001011001
1000110110101100
0101001101000111
1000000101011111
0101110111010001
0010110011100010
0010101100011010
0001101000101101
1010000111110001
1101100001001101
0010110101111010
1110101011110010
0000001111100101
1000110111111010
0011110101011110
1111000001011001
1101111110111101
1100100000000110
0110011001011001
1010001000111011
1011111100000010
0111100100110001
0000101111001000
0011010010100110
0100001011011110
0001111000101001
1110000000101110
0001111000101001
1000010111110010
0111111110010000
1111110011000001
1001011110010101
0100011011100011
1101010010110101
1100100010111011
1110010100111101
0010011010111011
0000110110010111
1000000000110000
0011011100000110
0101011110111100
1010101101110010
1110110111100001
1011100100110000
1010111000010001
0110011100100111
0001111010010100
0101111011111000
0001110110001001
1100100000101001
1000111001100100
0010111101000000
0111011010101110
0010110001001111
0001111111011111
0001011000111110
1001100001100010
1100101100010010
1100010010011110
0111100111111010
1110001001010000
0010010001011010
0101000000101111
1101011111010101
0000101111000101
0110111101001100
1010000110000110
1100001100000011
1110110000101100
0100001011100011
0101100100000101
0111010110111001
1011101110011000
1111110100101111
0011111010001010
1010110011011111
1101011100010111
1100010011010101
0110110110100111
0110111110001111
1111111001101110
0101010100011100
0111100110010010
1101101111001010
1011000011100100
1101000000000011
1000100101001110
1100001001011001
1011100100110001
1101000000001110
1110111001010101
0111000100110111
0011100101101101
0101010010001000
1100011100110010
1101100001101010
1100001011111111
1000010011011010
1010011100001000
0110100111010010
1011110000111100
1000000111001110
0100111110100110
0010100101110110
1100011000011101
0101000111111110
0000111110010110
1000000010001100
0101110100011001
0000001001110110
0000101110111000
0000000101111100
0100010011000001
0011100101101011
1000100001000110
1011101010111000
1111011000011111
1111110100011110
0001111010100100
1001001011011000
1000110110001001
0110100101001000
1010000110111100
0101011001001001
0000111101100101
0100101110001011
0011001001100010
0011010011011111
0010100111001001
1100101011001111
0001010011000000
0011110110111100
1100110111111101
1001110101001110
0100101000000100
1111011111010011
0101101100001000
1000101111110100
0011010100110110
0001011011100000
0001001110010000
1111010100001110
1111101110100110
0110000110110010
0001100110101000
0000011000101000
0100101100111111
1010001110110111
1011000000010100
0000110110100101
1011011100111110
1001011110000010
0100011000100000
0111110010110001
0011111000100011
0110101000111111
1110010001001001
1000101100001011
0100101101000011
0000001111101100
1000010101101100
1110100101110111
1011100010010000
0111001000011010
1101010010101111
1001101111110100
1001010000101100
0111001011110010
0101100001010000
0111100011000110
0010101110001001
0000110011001010
1100011110101001
0011100011111000
1100001100011011
0110100110011001
