0000000111110101
0010100110000100
0010001110101110
1000111000100101
1110001111100101
0000111111001000
1111001110011001
1101101011000101
0100001001110010
1100100101111001
0010110111100011
0010110110000010
0110100001000000
1100100110010111
1110101010011011
0101110111000111
1111111001110111
1001010111101011
0100111111010110
1110111011011011
1010010010001011
1110000011110001
0001011011010010
0001010011001110
1100010000101000
1011100000101010
1010000000110100
0001101000000010
0111011011000000
1001110111001010
0000010101010000
1111010100111001
0011111110000101
1101110101010010
0011011001001001
0100010101110110
0101110110100011
1010011001110011
0110000110010111
1100001000111011
1011011000011010
1110111101011111
0001011010010010
0000010010001110
1111011011001111
0100101110011011
1010010000100110
1111110000001000
0101001001101001
0111100010010111
0000111100000111
0000010010001000
0000000000101000
1101100110100001
0011100001110010
0101000110101111
1111110001100100
0011010111111110
0011100110001011
0001011011100101
1001010111101000
0001000000110010
1110011100101111
0000110111101010
1111111111001100
1101001001011000
1111100011011010
0010110000111111
0001001010011110
0100100011001011
0100101001111010
0010000010110000
0010011011011100
1100100111001001
0000101110111001
1110001111001001
0111111100111101
1010010010001000
0101011001000111
1001010000110001
0110101010011111
0111010011010011
0010000100010001
0011100001111011
0010110111010110
0011001010110100
1010110101110111
0011100000101001
0111011101000001
0010010011010010
0000100100110010
1001110000000011
1011100111001001
1111000011100001
1000001011101101
1111111101110011
1000001101111001
1011100001100010
0010110100110000
1010111101010000
1010111111100110
0011111111111011
1111010010011010
0100110010001010
0001011111110110
1110111001100100
1011000100111000
1011011110111100
1001000000010101
0101010110000100
1000010100110001
1100110110101001
1101001011010110
1100011000011000
1101011110110000
1000010111110110
1110011011010100
0011111001011001
0111100111010010
0010010000011101
1011010000010010
1011011111011001
1100000001101000
1011100101101000
1111000110111011
1000110001011101
1111011111100011
1011111110001101
1001110010111101
1110110101000010
1010100111000111
1101110001111101
1111100001111111
0100100110011010
0111101101010101
1000011111011101
1111000001111011
0100110001010001
0011100101101110
0000101101001001
0001100111111000
0011111110011100
0001010111000010
1111010001000011
1010110000110001
0110111101011111
1011000111011100
1011010000011010
1011011100101000
0110011001110011
0010001111111001
0101010110101101
0101010100011011
0001101010010111
0100000111010011
0011011010100011
0101010011101000
1011000111011000
1100000111000100
0011011110011110
1000010010000010
1011001011100111
0100010100001100
0001100011000000
0101110101110101
1101000110110011
0101101101001001
1001111111100011
1100101110010101
1101000000001100
0101001001000110
0101100110100011
1111011100111011
1011101101001100
0010001001000100
1001111001101110
1000011001001010
0000110100010000
0100110110000000
1001010111000000
1111011101100000
0100110011001100
1000011111111011
0001010000111111
1101001110001001
0011001101111001
0001001111011000
1100101010100000
0111001011110100
1110101100011111
0111011101111111
1001010110100011
1010110100100110
0101110001010110
0001011001011011
0001000110001010
1011101101110010
1101111011010100
0101100011000010
1011000101101011
0111001010110111
1101000110001111
1101000000100000
0110101111000011
1100101000101101
0100100001101001
1101000001111110
1001010101101010
0111001000000001
0010111100000111
0011011001011110
1011101100110001
0101011101001110
0010111010001111
1011010101111010
0110000010000111
1001111111000110
0111001100111111
1000010001010000
0111111011011111
0011001011001001
0111001010100001
0001000000011111
0111110110010001
1001111101001110
1001101010111011
1111001001000100
0010100000000101
0000011111111001
0111011011100100
0101011101110001
0100010101100011
0011110011100000
1010000100110100
0000111001100010
0100100010001110
1011011111100011
1011000111001001
1011111010010001
0011100010011000
1011011100101101
0100100000011011
1000001100100110
0100101000000111
0110011101011111
1101011011101000
1101111100101110
0010011010110101
1111001110001100
0000101010110101
0101000101101111
0101101010001110
0011110111010100
1101001101111110
1110001111100010
1110110011000101
1100000011101010
0000000101000100
0110010001100000
0100000000001001
1111010010110001
0100001110101011
0001100111111101
1100100100100001
0100010111011011
0001110111100100
0010001100011111
0100001101010001
1010011111000000
1000010111000000
1111110101111010
1100001011001000
0101111001000101
1110111101101110
1111111000001111
1110101000011000
0110100000101101
1011001001111000
1101001011100010
0001001110100101
1000101010000110
0011110000011100
1010101011000000
0111000101111100
1100101110010000
0101100001110100
0001101101000111
1111111000001011
0001110111011101
0001110000100110
1111001011110100
1001000110111101
1001001111010101
0000110111111111
1000101111100100
1011111110110001
0010110100110011
1011000100100110
1011000110101010
1001001010100010
0100010101000000
0111011101010100
0110000010110000
1000100001001010
1110001100001111
1110110010001000
0000101101111001
1100011011101010
1110110010110000
0100101110010011
0000101010111110
1111010011011101
0000000101101001
0000011101110000
1011011000110111
0000011001010001
0011100010001010
1010000011100011
1001100000111101
0001110000011100
0101000111001110
1011001010101110
1110011010001111
0010000111100000
1000010100100001
0011010100011010
0100000110011010
1000110010101010
1000100101111100
1001001111000110
0000011000000000
0010111000101010
1000111110001000
0111000111010100
0111011010001000
0000110010111100
0010011000000100
0010101101101001
0100010101011100
1100001111100011
0010001000111011
1101110101011101
0100110110001000
1100000010101110
1100110100011001
1010001001100100
0000010001000010
0001000111100011
1011000010011101
0101110100001101
1101111010110001
0111100011000111
0101101111010101
0101010011100111
1010101111000100
0111001110001001
1001101111011101
1100011010110110
0111110110110001
1100001100101001
0111100100000101
0010111100101101
0111000001110011
1101110001011001
0010001100101101
0010000000101001
1001101000101000
1010001001001110
1100110001110111
1000001110001000
0101000010111001
0010001010110101
0111010011100001
0010011111111110
1100110000001011
0111001111101101
0001011101001100
1110000101100011
1010110101000101
0001110111011011
1110110011000100
0100001001001111
0111010110111011
1101100000111000
0110010010100110
1100001101110001
0001010110001100
0101101100010101
0001011010110101
0010001010100000
0000011001111010
0010100101101011
1011111110100010
1011101000100100
0111101000100101
1101101110100111
0100001111001000
0000111101110011
1001110110010111
0100000001101000
0100111011111000
1101010101101100
1101100100111111
1000110011001100
1001100110000000
0001000010101110
0110100101100010
0111011011010000
0001011100101111
0101111000000100
1011111011000101
1001111000101010
0000110010110100
1101110110001110
0111110011110110
1101100000101100
0101111010101100
1000100001100110
0110110101011000
1000100000011111
1101101011101001
0001001100011010
0110010111110010
0110001011111010
0011010101110110
0010010101100100
1111110001011011
0010001010100100
1011100010010111
1111011011001110
0100000100010110
1001110010110110
0000101001000111
0110011011110011
0001000010110010
1101101111110111
0010101011010110
0000100000111110
1010100111101100
0011011010001100
0110101101000110
1011111100110110
0111000011111010
1001001111101101
0101111110001011
1010101001110101
0101011110111111
0010000010000110
0011100111100001
0101110110001000
0101111110111001
0101111001010011
0110101000010001
1101001001000001
1001110010011000
1111011001111000
0001111010011001
1011101111010111
1101000100011000
1011010000010111
0000001011010000
0011011111001100
0101011011111001
1101000011111100
0110000010011000
0110011011000010
0100110011101010
1011110000100111
0110101000010111
0001000011101100
0110010101100110
1100001100000101
1111001010011110
1111010010001000
0000011101001101
1111001011010011
0110000010001000
0001010111010100
0010001100100010
1010101001111101
0101001011011001
1111010011001111
0011111110010101
0100001010100100
1100001000000110
1101111101000000
0111101100000111
0001000011011100
0111011111001010
0000111101000011
0110110001010101
0101110010111000
1011111100000011
0101100010100011
0101001111001001
0000000000100010
1110000100001111
0011011100111010
1011010011011001
1000111101100111
0000000101011111
0001001101000100
0110001111100001
1001110111110110
1001010101010011
1111011011011010
1110111001011100
0101111010111001
1101111100001010
0111110100100011
1011100101011010
