0011010100010000
0110000110111010
0111010001101000
1011000101000010
0110110000001110
1010111010101011
0001101011010111
1100101100000010
0011110110011001
0001001100111000
1110001001100110
1011011010111110
0011010011000011
0111001110110011
1110011111111101
1011000001001101
1000000110110110
0001110100001100
1000110100001100
1110111000001101
1110011010000100
1111101101111011
1011000111100100
0010110000010100
0100011100101100
0101101011000000
0101100000110001
0110010110010010
1001101010110001
1110011100000101
0111101111010011
0110010010000110
0110000011100001
1001011101110001
0101110011110101
0110101101011110
0000000010010011
1001011101010100
0100100101000010
1000001100110110
0010110111111110
1001011101111110
1111001010100000
0100101000101001
1101110110001011
1010101101011100
0010001111101100
1010101111000011
1101110000100010
1001011111101111
1110101111010101
0111100100000101
0110111100001000
0101100011110111
0011010001100001
1001101101010000
1000100101010110
0000000001101101
0111000010110111
0000100000111000
0000111100010000
0101101101100100
0101100000001100
1010110010101111
0111010101101110
0110111000111101
0100111011110011
1011110110011110
0110100010110110
0000001011101101
0101001100011011
0111110100001111
1000100100001000
1011000001111001
1100111111110101
1001011011010110
0011011110100001
0101100110111011
1111011110101001
0011010000110001
1000101111100010
0100001011001010
0010001001101001
0110110110011101
1110010110000000
1101000101110100
0111100001000001
0110100000101111
0010000011011001
0110101010000011
1111101111011110
1011001100010110
1100110011000000
0110100000100111
0001011111010010
0110001110100101
0000010101010101
0101001110111000
0110111101000010
0100011110001110
1111011111101100
0100010110101001
0010100100010101
0100111111110101
1001111110101110
1001011011010110
0100101111111100
0100111111000011
1111000000011011
0100101000010100
0100010010000101
0010101011000011
0010101100011011
1101000000110011
1100100111011001
0010010001111001
0110111100101110
1011100000010001
1000110111100010
1101110011011110
1111001001000101
0010010101101100
1011101010000100
0110001111010000
0100010111101011
1101010111011111
0010111010110010
0001110011110000
1101011100010010
1111110010110001
0011100111111011
0010001011100001
0011001100010100
0110111110101100
1001001111110010
0000111101111000
1110000111101000
0101000001000010
1000100110100110
1111100011000000
1100001011110101
0100011100011101
0111010100111100
1101110101100001
1111100101101101
0110010010101011
1000101110010111
0010010110110101
0000111010001101
0111011011001001
1001000011011111
0001000010110011
0011011100010001
0001001101100100
0011111000111110
1000001011001101
0000001010110011
1000011101000110
1001011101001100
0110110101010110
1000101010100000
1100010001111011
0010011111110100
0110111100010010
1110011010100010
0111011111011011
0011010101001111
1011000100000111
1101101101100100
1000110110000100
0100000010100010
1010100001011010
0110011010000010
1100110000001101
0000000010010101
1000000110001110
0111011110100100
0101001001001011
0110011101000001
1000000111100110
0110100100011111
0010001000011101
0101110000101000
0010111101111100
1110101011001000
0110100001100101
0110010011110110
1100100110111101
0011001001010000
0111001010110110
1111110111100111
1001110010101011
0110000010000110
0101000001111001
0011101000101101
1111101001110100
1010111000011101
0011101101011101
1110010111111001
1000111100101010
0010111010000001
1000100010111111
0111100110110001
1111001011101100
1000110010100000
0101000110111010
0000001111010111
1010010111010010
0000111000010100
0111100001101110
0111111010101011
1001110010111101
1010001001100100
1101000111010001
0111011101010110
1011110011010110
1011011100111010
0111100010000101
1100110011101011
0010001000010101
0010110000000101
1010010011110000
0110010100101010
1010111101111011
1000101101110100
1011001101111101
1110100000111011
0011101000100100
1100101101101001
1100000010001100
1101010100011111
1011000111011001
0001011011010000
0000000100010000
1001101001010000
1010100101010000
1000011111111111
1001100001101010
1101111101000111
0001001011000111
1100101111110001
1000101110010111
0011111010110110
0101111011110111
1010110010010111
0011101100000001
1100011001010100
0100111111110010
1111100001110100
0100110011111110
1001110111100101
0010000101111001
1100001011000100
0100010100100011
1000111000110110
1100010000000110
0110111101000010
0110111111110100
0101010100111001
1011111000011010
0100101110111011
0010111101000000
0001111000011010
0011100010110110
0011101101010010
0110001000010110
1010101001000011
0101010001000100
0001101001100100
0110001101010000
1001010111000001
0110101011101001
0011011110000110
0010001101001110
1111010011101101
0010000001110010
0001110010010010
1110001010101111
1000101001100111
1101111011110011
0100000011001101
0111011011110100
0001100111110010
0001110000110111
0100100000110011
0010101111010101
0111010101010011
1101001000001000
0110010001111100
1001110001111111
0101100000000011
0010001011111101
0000101100100000
0101100110101101
0111101100101100
0000010101010101
0010011100101001
0111111100110110
0011101000101010
0110100100110101
0100100001100011
0000101001100010
0110110000110101
0011101010011001
0001111000111000
1110010001000011
0111001000110010
1110011010000110
1000101101001101
1011100100111001
0011100000101111
1110011000000110
1010100101101010
0100001001111101
0000110001110000
0111010111111110
0010000101110110
1010011110101111
0011101010101111
0110011001011100
1010000011111110
0001101001101001
0101001000000001
1010110100100111
0110101111000111
1111011100110110
0010100111000100
1101111101010100
1001110111111111
0000000111100101
1010101100111001
0101111010101101
0111010110010010
0100011110010010
0011101001011000
1010101011011111
1111000000011011
1110110011111111
1100001110101111
1110011000001010
0011010101011100
1111001110000000
1011010100010100
0001010011001001
0000010110100000
0101011100001000
0000010101111000
1101001000110101
1111001111000110
1000100101100101
0010110101001111
1011111001010010
0011111010001001
1011111110010110
1001110011010111
1100010001011001
1111110011001101
1000000111101011
0110110111011001
0001000001101000
0101100011111001
0001001011000001
1110000110001001
1000100010011101
1110001100000111
0000111100100000
1101100100111000
1000100110010011
0100000110111010
0111000001010000
0110010011111001
1100111010110101
0110000111100010
1111111110100000
0101101110011111
1101011101000110
0101101110100000
0110011010101101
0110001011000110
1001111110011110
0100111110100001
1110001011011101
1010010111110111
0100000101000000
1110010101011100
0000111000001110
1001000100100000
0111000101011011
0110101001000111
1000011110111110
0011110010011100
0010011111011010
1111101000000100
0010100100001100
1101110111010000
0111001110111110
0011100101100101
1000111100111000
1011100001001010
0100011110111100
1110111110011101
1010001110010011
0010000000111111
0111011001001000
0111111001000000
1100101010011001
1101110011101101
1001111010010001
0110110100110000
1101000001100100
0011011100011001
1000101010100010
1010000000010010
0111101001110100
1000001011010011
1001100100100101
1001010011010011
0001011010111101
0111100101111110
0001110001100010
0101111010101111
1110101001111101
1110111011000010
0010110010111010
1101101101011111
0100100110101010
1001001010011101
1001010000110010
1110001101111111
0011101101101010
1100010111010101
1011110111111010
1110000000111011
1000011011011001
1100001010000001
0100100101110000
0011000111000111
0010001111010101
0001011101100100
0000001000000101
0011010100111111
0110101010100000
1100010110011111
0101010010110000
1001000010000100
0110100100100010
1101111010000011
1000001011010001
0001010111110110
1011011001010110
0100110100010101
1111111010011101
0011011001011011
1001000000100001
0100100100111110
0101110000001000
1011011110000100
0110011111110100
1010110100000100
0001101110011110
1010010110111100
0101110110010101
1011000011011010
1110010110010011
0110001000100111
0011100010110110
0100101101010001
0001010101100101
1000110111100000
1100101110011100
0000100111100100
0110000101111101
1001011101010101
0000111111110010
0000000101110001
1000010101100011
1110110010001101
1010110000000010
0011110101111001
0110010101010000
1010000110110100
1101100111001110
1110111011010111
0110111011010101
1100101010000101
0101000001101011
1110111110111111
0010011110010010
1101000010000010
1011011110000110
0111111100110111
1100110101110100
1111110111111010
0110100010000111
0000100010110001
1001000100001110
0010000000110110
0101101101000001
0011111111110100
1010000110100110
1110110001110001
1010010010010001
1011000001000111
1000111010101001
1010110110100000
1011001001010000
1011110101110000
1000001101101110
0110110001111101
1010000100110111
1110000010110000
