0101110110010111
0010100010111110
0111101101001000
1001101111011110
1000011110001010
1111010110010011
1010000000111111
1111110000010001
1101001001010011
1010100010000110
0001000110110010
0111011001110001
1111010110011010
1110111101010110
0110110100011010
1010100010110010
0010010011000111
1011100110111101
1001010110010110
1100100011111111
0010001000011101
1000110111001000
0001100011000100
0011111100000000
1100001100001111
0010100010101000
1100110001100111
0100000110101010
1001111101010001
0010100011001110
1001000001111000
0011011111100111
0100000111110110
0001000000000000
1011001001101001
0001001101101110
0010111110001011
1110000000111100
0000101010000011
1001101001010000
0110100110101011
0110100000100101
0111110000010001
1000111101100011
1101011111100100
1000001011110110
1100101100001000
1111011111101100
1111001100010001
1011101100100000
1111011110100110
1011111001100100
0011101101000101
1110111110101100
1000101111010101
1011011000100010
1011100000100100
1101100001101111
1011100100110000
1000110011001000
0110111101011111
1111001101111011
1101010110111001
0011001001011101
1001111111010011
1001011111011110
1011110100001111
1111010100101010
1011110111100001
0111110100001011
0101110111001001
1111111110011101
1010011101111110
0101100101011111
1010010010101111
0010110111111010
1001011111011111
0010100000111010
0000111011001001
0010000001000110
1010100101111000
1111110111111111
1011001010000000
1010111101101111
0110100101110101
0011110101001010
1011110011111110
1001011011000001
0010000110111100
1001001011111001
0110001001101110
1011111110111100
1001100011010100
1110001001001100
0010011000110001
1110000111111111
0001111001010010
0100111010011110
0001000101000111
1101100001000000
0111011111010110
0100111110000111
0110000100110101
1100000010001010
1011001000100001
1101000011110110
1010110101010101
1111100111010001
0000011111111101
1100011111001000
1101101110110000
0110000001100101
0001101000011011
0110101000001111
0011000011100010
0001000101101101
1110111100111001
0101001111000011
1011000111000111
0011010101011010
0001100100101011
0111001010001000
1100000101010110
0111001010010111
0100111000011010
0101111000000110
1001100101000111
1001000101000100
1110110111110100
1011000011010010
0011001111000001
0001000110011101
0101110010010100
0001100111011101
0100101010010110
1000111101000100
0101101001110010
0011001101101001
0010111000010101
1100000111101111
0011000101010100
1101111000010100
1011010100100101
0111110111110101
0101111010111100
1110101101101000
1100101000011000
1000101101111010
0110011100100110
0111000010000000
1010001100011111
0110100011101111
0000100011010000
0010001101100111
0111000011001101
1101010110111110
0110101001001111
0100101001110100
0111100011011100
1011110111111001
1010010001111011
1001000001100010
1100010001000111
0111000111110111
0110100011000111
0001001100010111
0110111001111010
1001100100111011
0111100000001111
1000111001100110
1000100101011010
1111100110110010
1111010101011001
1001111011001110
1101111010001110
0111011001010001
1000011101011010
0100111001011101
0101001111000101
1010111011001110
0001000001010000
1101100011101110
1011010000010000
0010011111100111
0001011001111101
0010110000001110
1101000110010010
0101100000010100
1111011101111010
1010000011010010
0100000010010011
1111111010010011
0010100101110101
0010101110011001
1110011000101001
1011001101111010
0101001110110111
0110010100110110
0101100011001001
1011010101111010
1001000001111101
0011001101001011
1001110111011001
0001101001100011
1111010010001110
0000100000101100
1111001001111000
0011011100100110
1001011111011100
0000101000110010
0000011100010011
0011100000110110
1010110000111001
0100100010110100
0111111110110101
1100101001001001
1001011111111101
0000101110110111
1110100111001111
1111010101101001
1001010110001100
0011111111011001
1010110101100100
0001011101001110
1001111000001001
1000001001010111
1010111101000001
1010001111111101
1000100011011001
0100100111000111
1010100000111011
0101111001010010
0000101001010110
0010011010000000
0011001000000101
1101111000010110
0011010111101000
1110001111100000
0011000000011101
0100101100101010
0011001011001011
1100111100111101
0011000000010000
0010010110101100
0110010100100000
1100101000111100
1101001101011100
1111101100010011
1000100101110111
0011101001101110
1011011000101000
0010000101011000
1001011111011100
1010110001101010
0010011001000101
1001110010010001
0000111001100110
0000110000110101
1111001001100111
0011010000101100
0110111001101100
0101001010101111
0100011101010001
0110110000000011
1101110001111000
0111001001110010
0011000001011000
0101100011001010
1011010010110111
1001110110011111
0110101001001111
1100000010010100
0101010001101100
0101100010110011
1101010101000100
1001000001000101
1100110000011111
0101100011011100
0001011110010011
1101011010110111
1100000101001101
0001101111110111
0110111100101000
1110000010001011
1000011111101100
1101111001010011
1101110010111000
1011010000110110
1010111100100100
0110100111001010
0011110001010001
1110100101100011
1110011010110000
0010011101110001
0101010011100010
0000101101100110
1001101110101001
0011111100001010
0000100001111101
1000111000101111
0011111111010001
1101010001111110
1010111101000111
0101100001011010
0100100101011100
0111101100010011
1110111110110000
1011100101000001
0101110100111000
1010011000100011
1110111101101011
1110100001001011
1010100111101101
1111001001001011
1001101111101100
1110010111111001
0111101111110111
0101001110010100
1110000110110110
0111111110110010
0110001010100010
1110100000000000
1110100001001101
0100100001110101
0001101101011011
0001101100111011
1101100111110110
0100101000011010
1000010010100110
0010110101011111
1000010111101110
0100000111000110
1010011100000111
1001001001001000
0111000110110111
1110110100101011
1110010001100010
0000000001110100
1011101111011111
1111111011110011
0111000001000101
1100100001011100
1100000010101111
1000001011000100
0101111100110110
0011001000001010
1110101001111110
0000110110101010
0011110011110000
0101001111011110
1000000100100010
1000110011100111
1110100101101111
1100100110100100
1001011001110100
1110111111011110
0011011001110100
0111110000010111
1001100000111111
0111000001110001
0101100001101100
1110110100111110
0101100111110000
0001010011100000
1101101101001011
1100101111010001
1010001000111011
0010011101100111
1001000011110111
0110011011000001
0110111111101111
0100000110101111
1101000011000001
1010000010010000
0111100101011001
1000011001000110
0010000110010011
0001000010111010
0001101110111101
0101110001110000
1101101111010001
0110101111011110
1110011001010010
0111101111011111
1100111000110010
1111001010011001
1000101010000001
0010100010001110
0101010000010100
1110011011111011
0101001101101100
1110000001111000
1010010011100100
1111100100110011
0001110011110000
1111111010010010
1011011101111011
1101011101110110
0110111011010011
1110110110011010
1111011000001000
0101111101111011
1111100011011111
0000100101100010
0100100111010010
1110000111011111
0101001001010100
1000010001000010
1000000110011100
1011001000010010
1010000010011100
0010010000111010
1100110101001011
1100011101000101
0111101001011011
0011000111000000
0111101011001011
1100001011101101
1011001110011110
1000110100001001
0001101110100101
1010110100000100
0001001100111011
1110001010011000
0000111001001110
0011010110101111
0001010111111100
0111111011011100
1100010110000110
1101110101000111
0101110100010101
1100001110101111
1001111101010011
0110000010001101
1111110110110110
0011111101001100
1000000010110011
1011011010100110
1010011111101100
0011011001001101
0010010101100100
1011011101011001
1001101011000011
0100110011111111
1101100111011010
0000010111110101
0101010101100011
0110011011011011
1101000010001110
1110111011010110
1011000111001001
0110100000001101
0110001001000110
0000001110011100
1100001111010101
1111100110010101
1110010011010011
1011110000111100
0110110011100101
1000000100000111
1110100100100010
1001010010011011
1111011101101010
1111001000001101
1001101110100001
1010111110111110
1110101110101010
0001000110011000
0100101111000001
1011110011100000
0001010001010100
0001001011110001
1000000101010001
0001010110011000
1100000010000000
1011100000100011
0001000110001100
0010110101110001
0101100001000001
0101100100111001
0100100100110111
0110001111011011
1000100010101100
0011000101111111
0101010000000100
0111100010011010
1111000001001101
0111100110101100
1101010110100000
0100010100110010
1110111010110010
1000110111001000
0011110111011010
0111011101001001
1010000000101111
1010001100110101
0010011110011000
0011000001101001
1010011101101000
0011101110110111
1110010100000010
0001001010101010
0011110011101001
1100110101011010
0100100111001100
1111000001100111
0111111100000101
0100110000011001
0101011100111100
0000100001100011
1011001001000001
