0001100111111000
1001100101100010
1011010010001101
1000101101001101
1010011100011111
0001110110111010
1111110111111110
1100001100001001
0000001100011000
0011100010111101
1110111011000101
1101101100101101
1000010010100001
0100001101011110
1010101010100101
0001001100010100
1000001100000001
1001011101110001
0101101111111001
0010001111000000
0111011110111111
0100010000111101
0110010001100001
0011101110000111
1110010000111110
0100011101111001
1001101110100111
1110101001000100
1100101100001010
1010010110100001
1010110101011010
0010100010100111
1010111000011101
1010010111011001
1011001111011011
0101101111110000
0000111111010001
0000110000010111
0111100110000001
1110011110110110
0101011000000010
1111110000110100
1010111000011110
0010100001100010
0111101010100100
0110000101001000
1110111100001101
1100100111111001
0000001010110110
1110011011010000
0110101100000011
0111110010110010
0001000101010000
0111000100010011
1001011010101011
1101000111111101
0101000001101001
0010100001001111
0101100011001011
0101100011111011
1011111011010000
1100100000100100
0101010001111000
1101011111101011
1011100000111101
1110010111101010
1011000110000001
0101010110100100
1000111101011101
1100111011011100
1001111101001001
0111111000110001
1001000101110011
1010101100110101
0010100111110001
0101000101001100
1111000110010010
1000001001000000
1110011101001110
1010011110011000
0100101001000101
1010011010000010
1101000010000010
1101001010010111
1001111010010101
0100000111001011
1010101001111101
1111100110101010
0110000110100011
1100100001000101
0011010110011000
1010100110111100
1001000001011001
1011000000011100
1110100001001010
0100100100001011
0011010100011100
0101101011110111
0101000100100001
0111110010011011
0011100101111101
1111011000001100
1100101000100101
0010001000001001
1000011100111001
0001101111010110
0111111000011101
0001110010101001
1001111010000101
0011110110011001
1100010000101111
0011111100010000
1001111100100101
0111100010010001
1110000110110000
1110000110001010
0110010111001101
0001110101110010
1000011011010101
0100110011101011
0110111001000001
0100010110000111
1100100000011100
1000000001110101
1010011000011001
1101011111100010
1100001100111011
1010010010011010
1011001100111100
1110010101111101
1000001111010110
1111000001111110
0110001001000001
1111011100100100
1011110101011000
0010010010101011
1001100111110000
1101010010010010
1110010110011011
0110010010101001
0100100001011111
0110110110000101
0000010110010001
1110011101001001
1000100111001110
1101000001110110
0111001000001010
1001111000100111
0001010110001111
1101101010011110
0101010111110111
1101001001001100
1110110011111010
0100000101010010
1101000011011110
1100010110100101
0011000010100110
1011101000111100
1000001100101000
1010110100111011
0111000110001101
1110000100001011
0110101000010100
0101101101001100
0101010011011000
0101111100001100
1101111010000001
1010011101100111
1001110010100001
1010010011111011
1100011111110001
0110000100110100
1111000111010001
0011011011011011
0111111001001010
1101110001010001
1111110001110011
1111011110011101
1010010110011101
1000000101011011
0011010010001000
1011010110110101
0100011010010100
0110110100001001
0111001101111110
1111000001101010
1110010111111111
1010111011000100
1100110011010010
0011000100101001
1101101010111010
0011001000100110
0101100010010110
1010100010000001
1001111000111001
1100100101001110
0101011110111100
0100111100011111
1000010101001111
0010011100010110
0110000111100000
0010001101101111
1100001001111110
0110000001101011
1110000100001001
1001001000001001
1101000001000111
0010001001110110
0011011111101010
1001100000011011
1010010000010101
0011101100000110
0111000010101011
1110101101000101
0100110010101100
0111001001100010
1100101101010100
1000001101100001
0110111101011001
1000000011011111
1011001010011001
1101011000111011
1110100100001001
0011110010100010
1010010111010101
1001001100100100
0110101001111001
0010011010100001
1001000100010111
1011100101100010
1010100101101001
1100101101100000
0100001011100000
1010111110000101
1101100010111011
0011010001110011
0001100001110000
0101110100011001
1100000010000101
1111000110111111
1010010000010011
0000001101100110
1110100101101010
0110000110111000
1110100011000000
0000110100110010
0100010011011010
1001111111110010
0011111000010000
0000001010111000
0100011001111100
0010010000011101
1110001111111011
1101011110000010
1011111010110000
1101111111100110
0100011111011001
1010111011101110
0011011000010110
1111101100101111
1100110001000001
0101100010100101
1101011101010011
0111111111100011
1001101010000011
1101101110100101
1100100100011011
1011111111000110
1111111111101110
1101111011011101
1101100111000101
0111100101000000
1111011011100111
1101100011111010
0000010111111000
0101011100111101
1110010010110100
1011001101100010
0010011011111111
0100010011100110
0110001100001010
0110011111111010
0110011010110101
0111010011110000
1111011001111010
1011010010110100
1100110010101100
0101011100010101
1101100000111000
1000001110001001
0010111011010111
1111101111001110
0011111000000001
0101111111001100
0011111100010111
1110101000010111
0101000001011011
0101011000100000
1111101110010110
1000001011001101
0011011111001111
1001110000101011
1001110001010110
1110110010100001
0101011000000001
0110100111111101
0101110000000000
1000110010101011
1100101001010010
1000001101100001
1001011110001100
1010101100011111
0100001110001010
0011010000001010
1100000010000101
0111010011101101
1100000000010100
1011101010011010
0001011110001110
0011011101011111
1010101001011000
0110001110000100
1110011010001000
0010011000011000
1000010001101010
1100010110111101
0111011101110010
0101001010011011
0001100110001110
0101110110101001
0010010101111101
1101010100101110
1001111100100111
1111101001000101
1011011001001111
0011000100010110
0011010001101110
1100100111000101
0101100011100111
1111101110010100
1111011001001001
1000011001011010
1011111110010110
1010110001110111
1010000010111011
1101011110001000
0000001010100101
0111110011001011
0001000011011011
0100010101110111
1011110101111101
0111010010010010
1011000001001111
0100010011110101
0010000010001110
0101111100100000
0100111000111011
1101100011001100
1010111100110100
1110111001000011
0010011101010101
1010010111100101
0011011000110001
1100000100111101
1100011110110001
0100110100110110
0101011000101101
0000010010110001
1010010000010000
1111110010111101
1001000110111000
0100000110001011
0100010111010000
0100010101110000
1010001110110010
0001101100011010
1010010110101001
1100010101110110
1010000101100001
1111010111011100
1010001010110100
0101011110110111
1110111011011111
1101001111010011
1000100111010011
1101111011100000
0101101110010111
0111001100010100
0000011000000010
1111111101101010
1101110101010001
1110001001001010
1111101001100010
1010010100111100
1100001100000000
1101000101110010
1010101101010001
0111110011111110
0001101001111111
0100010111110100
1100101100010111
0001111000011010
0000101100000111
1100010110101100
1100111101100111
0001101101001001
0010010101001101
0010100001111010
1100001110011001
0101010101100101
1100010101110110
0101011000111110
0011100101001001
1010011011000010
1011011111010101
1010100011001111
1100010001111010
0000100111101101
0101110001110001
1110101100011001
0011101101110011
0101000110000000
0011000101111101
0000110001011100
0100011010110000
1101110011111010
0100011011110101
0110001101001011
1100110011000110
1001000101100110
1111101100000000
0000011110011001
1110101101100010
1001101000000101
1110111101000100
0101100110011100
0101000110000000
1110011101010110
1010101101100110
1111011001110110
0101100111000010
0001110110001001
1100111011100111
0011010101110010
0111110000011101
1010100110100110
0110111000010011
0010001000100110
1000001101010100
1010110110010000
0010010111111000
0011010011000010
0001101101011010
1001111100011000
1010111010010000
1101010100011010
1111011101001000
1101011000001110
0110101010001100
1010011000110111
1101010101010000
0110111100100000
0111001110101001
1100011110100001
0111010110001001
1100110111100011
1100001100111111
1110111110100100
0010001100001101
0101001001000001
1110100111010001
0000001011001110
1111101011100110
1010100110001110
0111100100101101
0010011100101100
1101101111111110
1001100011110011
1110011010000010
0010110000101111
1000000011110000
0000100010010001
1010000010011001
0011101110110001
1110011111110001
1010000110010101
0011101001010100
0101001011111000
1010011111110110
0100101001100100
1011010101011001
1111111011001110
0011000101011100
1011111111111001
0010000110000010
0000001111000101
0000011011100101
0010000110100100
0011000110011010
1110001111101100
0110000101101101
0101011010110000
0100010101001110
0011000010110101
0111010011000011
1011011001010001
1110100100001010
1110000110011100
0101010000010010
1100001101011001
1111001001100101
