1011110011001001
1010101111001011
0001000100110011
0100000001110101
0110010100100110
1000110010011010
0000100000010001
1100000011011010
1100111111001010
1100011101001001
1111100010010110
0000100010001110
0100101100110101
1100010111010000
1010001100101100
0001101000000101
0000110110110001
0101110110001110
1011111010110010
0000001110001000
0100011110111110
0101001111001000
1111000110001000
1110110100001100
1010101101000011
1110100000110011
1000101000101011
0001010010001011
0100011000000011
0010001011000001
0110010011001011
0010110010101100
1001110001111110
0011010000110010
0001011101001000
0110100100101011
0100110110111111
0001101100101001
1101100001011010
1100111100110000
1110100010000110
1000001100001011
1101011111101100
0101001000111010
1100110001101101
0001001110011111
0111010110011000
0010101000010110
0101000110011100
1010001101011001
1110011010001001
1101111000101011
1110010111101011
1111100001101101
1111001001111000
0100001101011100
1110101011000011
1110110001000011
1011111001101001
0001101001101001
1000100101010011
1101011100111101
0000100010111100
1000110000110011
0010011111001010
0001111010111000
0111011011010100
0001001110111111
0010101010000111
1101100100100010
0000010010110010
1001011011001100
0001110100111000
1001101010000011
0000101111100111
1110110000100110
0011110111011111
0101111000011111
0001100110111100
1111111000001001
0101111010000111
1110111101110011
1011111010000101
0111100101110000
1010011000111100
0110111000010101
1100110101111011
0111010010110110
1110110010111010
0000110100100110
0100001000011000
1011011010110100
0101001000011000
1111101111001101
1100111110101010
1001111111110110
0011100011001101
1101000011100110
1101011111001010
1110101111111000
1000101000001001
0101010100100001
0100100010101000
1101011011111011
1100000101000011
1110110101000110
1000010011001011
1001110010110010
1111101011100111
1111001111110101
0001001010110000
0110001011110001
0000100010101100
1110000010110110
0111000001000101
0101010100111010
1000111011100111
1000000001110010
0000000101001010
1001000011000111
0100000100100111
0100101000000000
1110010010110100
0001101001011000
0110000100101011
0000110010011111
0110011011100010
1111100011110010
1000011100111010
0001101010110101
1000011110010011
0010111100010000
0010110010001110
1010111110010111
1100101110000110
1011111000110101
1111111000111110
1011111100000100
1100110100011010
1010000100000000
1011001110011001
1010101100001110
1110011101010101
1110001111011100
0000000110011001
1001001100101111
1010101010010001
1111110000100001
1010011010001000
0110011011111110
0101001010101010
0000110101011101
1001011101011001
1100010110111000
1101000100100111
0100000010100100
0010101000000000
1100110011111111
1010100001101111
1001111100111010
0011110011111010
0100010110011110
1111101011100100
0101101000100101
0100011001110010
0001110011011111
0011100110011110
1000110111000111
0011010101011010
0001111101110111
1011011010100011
0001001000001001
1011001001010000
1110100001110001
1011001001100110
0001110010110011
1000111010010101
1010011011010100
1111011111010101
0000111101100100
0001011100110101
1001101010001101
1100111011111000
0100011110100010
0101010011010110
0101100111000111
1011010110110100
1111110111001110
0101101100010111
1110101010011011
1111111111111010
0101001101110011
1100010010111000
1000011011111010
1011001001100000
0110000101000111
0110101100111101
0011001100101111
1011000001011001
1011110001010101
0110101010110111
1111010001001111
0011001000000010
1100100111001001
1110110010011110
1111111001011100
1100011000101001
0101000100100011
0100100111000100
0100010000101010
1011010011101000
0110000110110000
1010101100010010
0011000110101111
1100111001110110
1001000011111110
1010001100100110
1111101111100000
1011001110010101
1000101110000010
0101100000000000
0011000101011001
1000111010101100
1001100110000001
0010100010011101
0101000010010001
0111000111101101
0011101001001110
1111001111011101
0110101101001111
0010111010110010
0001110011111100
0111001100111000
0000011010010001
1101101110110000
0001010100011100
1101010001111111
0011001000010101
0011001001011110
1010011010101000
0111010111111101
0101011011011011
0100110100000010
1010010110101101
1101111001100101
1100011110001001
0010101100110111
0011111101010110
1111100100010000
1101000111000010
1101110001110010
1011010011011001
0101100000010010
1111000011101100
1101001010010001
0000101000000000
1001101110110110
0010011111101100
0000010100010001
0101100011011101
1001110010110110
0011100000111110
0010000111101001
1111001110100011
1011000110001001
1010101101000111
0000110011101100
0001000011100111
0010101010011110
1011101100000010
1010110101010001
0001101110100011
0001110111101001
1100100001110000
1001110010111110
1010101010010001
1001000010111000
0110101000011110
1100101010110001
1001011110001010
0100011111100110
1111010111101011
1011001100000110
0101111101011001
0101001110011101
0101111101010100
0110111100100101
0011100110111001
0011010111010000
0110111000011011
0111110000011111
1101111011001011
0111111111100101
0100000010001101
0101101011010111
0000101110010000
0101101011100001
0001011100101010
1110100001110101
1101001010000010
1010000111111010
0010101101101001
0111101011011000
0100001111001110
0111100001001100
1010000000001111
1110010100000100
0100101000000100
1111100110110000
0011110000111111
1001101010001000
0010100111111101
0011010010111110
1010001101010011
0010001110001001
0100000000011111
0100111011110101
1111100100000011
1101111101000101
1000000011110100
0010001001000100
1001010011111000
0010101000001111
1001111000110011
1101010100101100
1100010000110110
1100111011000110
1000000010001110
0110100100010100
1000111101001011
0110110010100010
0101000000001010
1010011110101111
1011000101001001
1110110100011111
0001001110110000
1101100111110001
1101100011100110
0000110111010011
1111100010110010
1000001110101110
1111111110100010
0011111001001100
1110011001111110
0111110100110011
1110100010011010
1011110110001000
0111110000000001
0111001101010101
0110011100101011
0101101100011101
0101010001111110
0110001101011010
1111100110111011
0110001000010101
0110010000101010
1100000011110001
0100000001011100
0011111011101101
0100100010011010
0100100011011111
1010111011001011
0101000110100000
0101010010111101
0110111100100001
1001000111010011
1110011111110101
0101000011011010
0100100001001010
0000010000011010
1011100010011110
0100010000111100
1111110111001010
0011110010011011
1010001011110010
1011000101011101
1001100100111000
1001100001111010
1111011010001011
1101111010000011
0110101110110100
0111110000100011
0101101110100111
0111000010101101
1100111010101111
1100101011101001
0001100101100011
0011001110000011
0101101011000000
1101100001010000
1001111010100101
1110111010010111
0100000100101011
0111011100000010
1011011111001010
0000110101110000
0101110000011101
0100110010010011
1001110111101100
1110100101100010
1001010001011011
1110010110100011
0101010111010110
1111000011011011
0111001001010011
0110100010101110
1111111001010001
0110100000111001
1101000000011110
1110000100111011
0011111101100100
1010011000000000
1000001100000001
0000100110101111
0011000101100110
1010001001100111
1110110000110111
1111011100001010
1100000010011000
1000101110001101
1100111111010110
1010010001000111
0101101110010011
1100110101100101
1011001010010111
0011111100100000
0111001101001110
0111000110101110
1111010100011001
1000111100101111
1110001101001011
0101111111100000
1111110101100001
0000101011101100
1101010101101001
1110011100000110
0010000000001111
1010110011101101
0100011010010100
1011011000000001
1101111001100010
0100001011011110
1100000011111000
1001101111010100
0111001101100100
1110110010111110
0010011110001101
0100100000000100
0110001000110110
0111000110101110
0100101000111001
0100010001111101
1000010101110011
1011100101011011
1100001011011010
1101000101001011
0111100110010001
0110100000001001
1010110010111100
1101100111011100
0111010010111000
1110110101100111
0011101100100010
1101101100000011
1100000000000100
0011100111100010
0110000001011010
1110000110100110
0111000101110100
1110010101100011
1110101110000110
1110000010101011
0001101011100100
1000100001110011
1011110010101000
1011001011010101
1110010001100011
0111100100100111
0100001011001100
1000010011000011
0101111010101101
1111001011111111
1010001001100010
0000001111110010
1101001110101000
0100000111001111
1110001011001011
0110111100110011
0110011001111111
0100100101111110
1110010000111100
1010010111010001
1011001100000000
1011100111100101
0111110000101001
1100100001101011
1110011101101000
0111001110111101
1100011100001100
1111111011000011
1001001010110000
1100011010011001
0101000010101110
0111111011011001
0111110110010000
0000100110110110
1000000100111100
1001100010100000
1101000110110101
1000011011110111
0001011111111011
