0001000000111101
0001101011001011
0101001100100110
0101110111100110
1010111011111010
0100000111100000
0011000011110011
1111110110101111
0011001100000100
1110101110111101
1110100000110010
1000101101111011
0100101000111001
1101000001010101
0110100111110010
1000101100010111
0000111011010110
0000000100101101
1000110111011110
0111110110000101
0010000011101111
0110001001100101
1110000101101011
0001110110001100
1101000000010100
1101011010110010
0010101100101001
0100100100001011
1100101000000010
1110001000011010
0101111000001000
0101010110000111
0101111010111110
1000011101100011
0110100011110100
1111111001111001
0001000111001010
1110101010011000
0111100110011110
0111001011011011
1100101111111010
1111110111101101
0111010001010111
1000010001010111
0111110000011100
0001010011000110
1111001110011000
0010001000100111
0001100111110111
0101001111100110
0101011000001101
1101011100010001
1001010011000101
0111111010111101
1101001010000011
0000011011010010
1001111110001111
1110011000110111
1101010101001101
0010111010011011
1011011010001010
0000001000011110
0011010011110110
0010011001110001
0011000001100010
1010101000101100
0111011010000101
0111000010101000
1110001101000010
0110110111110001
0100101100001111
0101001010000110
0100111010001000
1101010101011101
0010011011010010
1111110110001011
1101000100110010
0100100100100011
1000101100010111
0011010001011011
0110100010010001
1110010001000011
0000011011010000
1000000111111000
0111010110100111
0011000001001001
0001000100001111
1100001011010001
1001100101110100
1100101100010111
1100000100001100
0000111111001000
0101001111011100
1101011110001010
1111101010110110
0000001001001000
1110101101001001
0000101111010111
0011001011101011
0001011110101011
0101111101111101
1110011101100001
1101110110000100
0010011111100001
1010101001011001
1100111011111001
1111110011111000
0101000011100101
1110010011101100
0000011000110010
1011010111100111
1101010010001110
0001011101110011
1001111100011000
1101100110010110
1000110100001100
0110001001110010
1110110010111111
1000001000011001
0000011101101100
1110110011110010
1011010001100111
1101000101000111
1101100001101000
1110000011011101
0111110001011111
0100100100110111
0000000011110010
0101101010000100
0010011111100011
1110010101101101
1000110100100011
0000000001010011
0100101110100100
1011000000111101
1101000100100111
0011101010101111
0101010011000011
0001110110100000
1011110111001101
1010100111101101
1100111110011010
1100110110010110
1010000101110111
0000101101101101
0111101110110000
0001111011011100
0111010111101010
1011111100110100
0001010101111011
1011000000000011
1001110111101100
1011001001100010
1011011011100001
1100110100010011
1001100011010000
0111011010100000
0000011111001110
1010011000011100
0010010010010101
1001011111110010
1101101111100000
1010100100001001
0101001100011110
1000011010101111
1001111010100011
1001000011110001
1010001010111111
1101100001101100
0011010100000010
0011100000010110
1001000110110010
0110001000000111
1100010101001000
1101100111000011
0010000100110110
1100100100101000
1011110101001111
0110000100100001
1110001110000111
1010110010011001
1001000111011000
1010000100000110
0100011100010000
0000111101010111
1111110111000011
0001110111010000
1100010101110011
0101100111101001
0011011101101000
0111100111011000
0010110111001011
0001001001011101
1101110100000001
1110100001001111
1011111011001110
0001010110100101
0111110000100110
1001011011110010
0011010010101011
0100110010100101
1101101101101001
0100101011011000
1001001110100101
0001100010011101
0100110010001001
1110110101100100
1001000100000011
0010011101111000
1111110110010011
0001111110000001
0010001001010100
1011101001010011
0011010001101011
0110101100001010
0010111001111111
0000011100010101
0010110000101111
0000101110110010
0100000001101001
1000111111101011
1101010010110011
0100111011110100
1001100100101001
0001001000101110
0011010011100011
0000111011010100
0101110010100010
0101000100001001
1010010011111010
1111111001010111
0111100001100100
1001110110110111
1000101001111101
1110101010010110
0101001110010011
0011101111100001
1011110000110010
1001100011010001
1011000111101101
1111111110001110
1010011010011011
1101101110111000
1110001010011110
1011101110101100
0011101101100011
1000000101001000
0010011011110000
0110000111110000
0010101100010000
0000111101110101
1000010010010110
1010101110000010
0001010110110011
0111100000101001
0100101101100101
0110000101011100
1011111011101100
0111000101110000
1100101111101101
0100100001100010
0111001110001100
0101100100111000
0101000100110001
0010010010011110
0000001110000101
0110100111110101
1100000111010000
0110010101011001
0001001001001000
0000000001001011
1011010101101011
0011100100000101
0101001010011111
1000111111110111
0000001101101010
0000110011001111
0101111000010001
1110111010111000
0111101010000111
0111011111110010
1011101001000111
0000010000011010
1010011011011111
0011001000110101
1001111001000001
1010100010110010
0011101110110100
0101010011001111
0001001111011010
0100011001000101
1010000110010001
0100000010001111
0111101111100011
0110001011101111
0110000101011111
0110011000000101
0000101011101110
0111001000101111
1011001100000101
1000010101000001
1011011001000110
0000110101101010
0001010011100101
0110110000101100
0111000011000100
0011101111011100
1101100111110000
0100110110111111
0110001110100111
0110001100111101
1101110110101111
0011100010001110
0011111111010000
0000100011110101
0110001010101011
1000010001001101
0000001011101111
0010001001011010
0010111100000011
1000110001101000
1011101000101100
1100010011111001
1000000010011011
1010000010011111
0011110100010111
0011010000010110
1111101010110000
0111100100111100
0010011011010111
1111000111001011
1101101100000101
0110110100011101
0100101011010010
0010111111101010
0101010010100010
1010101011111011
1011101010010100
1111000000101001
1001101110010100
1110010110101100
1010000001010110
0111001001100000
1110110010111000
1000110011110011
0100010010010100
0010001100100000
1010110110000110
0101010101011111
1011000010010100
0111110101010000
1001011110000110
1100011001011010
1101101100100001
1111010001100101
0000001000000000
1000110100000011
1001000110101000
1111111000111100
0011011100101000
0111000110011001
1110001101001110
1100011110000111
0101110001011111
1111111011000000
0111000110000001
0110111110000000
0001110100100000
0101101101000110
1100100011000100
1011110111011010
0000110010110011
0101111111010001
1111101100010001
1111110100101010
0010110101001100
1101010111100000
0110110001101110
0111110010100000
0011101001110111
1110111010110010
1000010011010011
0000010111111011
0101100100011000
1101011001010101
1101111001000010
0011001110110111
1010101100000011
1110101010011000
0101111110010100
1101110000010001
1010101101111111
1100001100010001
0100010100010000
0111010000111100
0011010100111111
1001111110001011
1010001001000000
1000010100101101
1001000000111100
0111101100000010
1101001111010001
0101101101010110
0110111110100111
1000101001110000
0000111010101011
1100001010010000
1101001100001110
1111111100010010
0110110111111100
1000110100110001
0000101101000000
0100100101110011
1000000010101111
1001110100111011
1001101001000000
0001000001001100
0010010110111111
0111011111111000
1110011101101001
0101100011101101
1010110100011000
0101011010110110
1110010101110100
1001110000010110
0110110000100111
0101010101101001
1100110101010011
0100011000111011
0010101001010101
0100010110010001
1001010111011111
0000110000101100
0001101110010000
1111001111010110
1101001011010000
0110110110000011
0110101011111010
1110000000101010
0100110010001001
0001111110111100
0111110101010101
1101101110011101
1010101111110101
1100001001101000
1010010101010001
1001001111111010
0100010000001101
1011010100101001
1011101110101000
0010111011111111
1111101010001110
0010010011110000
1001010110010000
0111100100110011
0110001010010101
1110001111110100
1110100011001111
0101011100010011
1010001101101010
0011001011111000
0001101000011101
1000001101011111
1110111111111000
1000111000100011
0111000011011011
0011101001010101
0011111011111011
1000000000001100
0001101110010110
1010100111001101
0100000110010000
0100011111010011
1010101111011111
1100001110101000
1111100111000000
1111000100001101
0011100101010110
1111100010010010
1110010100110100
1110101111110000
0111010000101100
1001100010001010
1001010011110100
1001011100010011
1101000010001010
1011000101000110
0110011101000101
1101111100000101
0110010001100001
0001010010110010
0100011110111010
0000010000111000
1101110010101101
0111011001000111
0010101011011111
0000101111100111
0111011110010010
0001001100110011
1111010111101001
0011110000110110
0101100100001010
1000110111100001
1101000001111101
1100101001000111
0001010100110000
0011100000000110
0111011100110001
0101111000010111
0011001110110110
0011110100010011
