1010101111000100
0101101110011101
1101000100000001
0000110100000010
1111011101010110
1010010001001001
1110011100101011
0010100111101010
1000011010010011
0011100001000011
1001000101001000
1000110100110101
0111110010010110
0000010010110110
0101001011010011
1010011000100000
1100000000011110
0001001001010011
0101011000111000
1111101011110000
0100101100010010
0110100000100100
0110000001110010
0000100110101010
1110011000111011
0111001110100101
1100000010010011
1110000011001110
0110100010010100
1010011001001010
1000001000000111
1001011011010110
1100010101100101
1011111001011101
0010010100111111
0101110101101011
0001111110010010
0011001110111000
1011111000111100
0000001100010011
1111110110101001
0101100110001101
1010100011110000
1011111100101101
1110010001000010
1100110111011001
0100010110011101
0110101010000111
1100011001001000
0000101111000001
0000011100101011
0110001101110001
1001101000111000
0010010111011110
1111010111111010
0000110001110011
0100001100010111
0001000101110010
0111010011100000
0011000011000110
1011100110110100
1100100111101111
0100010111010101
1010111010100101
1111010111101001
0011101111100101
1000110000000111
0110011111110010
1001010001011101
0000000101100100
1010010100111001
1111001011100010
1100101101001011
1010111110111111
0111011001000001
0111110000111011
1101000010101001
1010101001011010
1100001010010000
1000011001101001
1101101010100001
0001101110011111
1101111000100111
1101110111100001
1011110000001110
1010010101010010
1010110100111000
1010000100100110
1011001011010100
0100011110101101
1101001101101111
1100001100111010
1100000010101000
1000001001011100
1110000111111011
1010000001011010
1000011010000010
0010100001111100
0000010101111011
1100001101010011
0010100110010100
1010010010000010
0100001000110101
0100001101111010
1011011100111010
0101011011010111
0101101001011001
0000010111101010
0001010001110000
1110111111011011
0011011011011111
1110001011000010
0110110100000110
1010111000000101
0011010111000010
0100100110111100
1001111101100111
1111101010101100
1100011010011110
0001100000110101
0000101111011111
0011101110111110
0011011000010001
1111000100001010
0100100110010011
1001010011111000
1001101100000100
0110001011000110
1101111110101000
1001111101001100
0100011101110011
1110010000101110
0100001000100001
1011010011101000
0101000101010110
0010110110101100
1011110100011110
1000111001011001
1011111110001110
0111110001101101
0001100000100100
1000110111100110
1101100000011110
0011001000000010
1110011100011110
1111111010111010
0001000100111100
1101110111111000
0111110111111101
1011110110000110
1111011101000110
0100001101100000
0011000110100101
0100010000011101
0000001100010100
1001101111110101
1111101011111011
1111111010110001
1010110010101000
1001100111011010
1010000010000101
0000111001101111
0011010010011110
0100101011111111
0101100100011100
1011011111011001
1101101101001110
0001010100011011
1000001110100101
0100011001010011
1101111111010100
0100111101100110
0010000111001010
0101000111101100
1101001101000100
1110101010000100
0110011110100000
0000100000111000
0010111010110110
1100100010011011
1100000001000000
1011001110000011
1111000101010100
1000010001010000
1010111000100101
0010011111001101
1001000111100100
1101010000111011
0111010010010001
1111011100011111
1001110010000001
0101101101101101
0111101110011110
0101101011010111
0011011111101110
0011010101000000
0101011010101100
0101010000101101
1011101101100001
0100100110100110
1100000010101001
1011011000000101
0000111110010011
1110100000101101
0011101110000000
1100100110011101
1011000111001101
0111100111100000
1100000010001111
1100001010111011
0001011010100001
1110000000010101
1011101001100010
1001010100010111
1101100111111110
1000010100001101
1011011010010110
1000110110011000
0111111010101101
1100011000111110
1111000111010001
1110111110100000
0001010001100010
1111101100001001
0110001010011010
0111000010010110
0010100111101111
0100000101001001
0100001011100111
1101111111010110
0010101100011101
0011000001011011
0011110100000100
0100111100111000
0011110110010001
0000111001101101
1011010101000110
1010100010010111
0011100011101000
1000010010100001
1010010110010010
0010000001101010
1111010101011111
0001001000110111
0010101110011110
0010011000100100
1001010101110011
1110011111101111
0000011011000100
0001010110010010
0000110110101101
0010100010010010
1111100011111001
0001110111111011
0111110101100100
1001101010010011
1010111101001000
1011001000110011
0101011111010110
0110110001100010
1100010101000000
0110001000010111
0111100000011111
0100100101010111
1010000110011100
1101001110100111
0001110110010110
1001000111001100
0100001100011100
1100110110110010
0010010011011011
0111001001110001
1111011000010110
1001110100010101
1111110100111011
1011111110110100
0101010111001111
1001001011010110
0101001010100100
0000100001101010
0001010011010010
0110010011101011
1001110011100100
1100101111100011
1011011000001001
1110110100110011
1011111011001101
1001110011110000
1000010011011001
1101001100001010
1110110000000001
1001011000100001
1101011001001100
1110100000000001
1111011010001110
1100001100101101
0010111110011100
0001100101111001
1101000000000101
0101001010101010
1111100111110001
1101001001001001
0110001011011011
1011111110101101
0001000101111110
0011111011011010
0000001110110010
0010001001111001
1101010100011100
0100111000100100
0000000111011111
1101110100010000
1011000101111111
0110100010100111
0010010111010011
0001111011010101
1000111100101000
1111100111101001
1100010101011000
1010101111000010
0000001000101101
1101011001101110
0100011101111101
1011010110100110
0100011100001101
0101100101001110
1000011000001011
1011010101001111
0111110110000010
0111001101001101
0101000011100001
1011010001010101
0110000010001101
0101000101111010
1010011101111101
0000111011011100
1110101111110001
1010010011101011
1101000010100001
0101010101001110
1100110011101100
0110010011100101
0000011011011001
1001100101101100
0101011100011100
0110010001000000
1111010011110001
1000100010000011
0000101010100000
1011010010000111
1111011111110001
0110101110000111
1110111001000101
1001010010001101
1101100110011111
1101101010111100
1011101110100010
0011010000100000
1001011001101000
1100001001101110
0100011111110010
1111001001011001
1100110011001101
0010001011110011
0011000001010110
1001101001101000
1010001110011011
0010110000100110
0111100001000110
1111111000000100
1010000101101011
0111111000110011
0101001010010001
0011011010110111
1111110010101100
0001110110000100
1101010010010110
1011101101000111
1010110110000000
0011001000111001
1001001111111011
1001111110001100
1000011110011111
0001110100001011
1100000000011111
1111001000001001
0110011000110110
1001010001100110
0111001111001001
1100111101001001
0010011000001000
0101101110011000
0101100111010000
1001111001111010
1111011011111001
0000010011011100
1010110001001001
1010010110101000
1000000001110000
0100001100010010
0110001010000101
0111000010011100
0010000001001110
0010000100010001
0101010100101100
1101001010100101
1011100011111101
0111111010100000
1110101110101010
0001101001001101
1110010100101001
1100001000000110
1110011001100100
0111001001101000
0011001111000111
1110101000110000
0101110100110010
1001000010010110
0100001010000100
1000011010101100
1001110001111001
0101111011100001
0001110011101000
1000100110000101
0010001110111000
0000000000001101
1111111111101010
1011100000111000
1000011000111000
0011010100110110
1001000110100001
1010001110011110
1111001001111110
1011100011111110
0001011001011011
1100101010110001
1101101110110111
1101001111001100
0111100001011000
1010000001100010
0101000111001110
1011111000010110
1101010000100001
1100100011100110
1011101010100110
0110011111011111
1000001110110010
0111010100000111
1011101010001111
1101010011101010
1111101011010000
0001011010100100
0001101100001011
1010100011000001
0010001011010100
0001001000000000
1000010111011100
1010100110111011
1111101010010101
1111111011011111
1001100101001100
0011010100100010
0000111100100001
0001001010010100
0110010101001011
1001001001001100
1111111011011111
0100010010100000
0110100101011101
1101101010001101
1100111110101000
1111011011111101
0111010000001010
1011111111000100
0011101011010111
1111100000011101
1110110010000110
1000010000101111
1011010100010111
0011110011110100
0011110001010011
1100100100110110
1111100111111100
1111010001010100
1100101000000010
0111001100111011
0110100110111101
0000101011111011
0011000110101000
1011011000110110
0001011110100011
0111111000000111
1010101101111110
1101100001010010
0010110100011111
1011101100101010
0000110101011001
0100100010001010
1100010011000001
1010000100001010
1110101100110011
0100101000010000
1010011111000111
1111110111110010
0111101101111001
0101001101010100
1001100000011101
0101011101001101
0011001100011100
1001110001111101
0011110111000111
