1010001000110101
1111101011110000
0001111000000011
1000000111110111
0011110011001111
1010001011100100
1111100001010111
1100010100111111
0100011111110110
0001000011110000
1010000101000101
0100010010010101
0000001100110110
0000010000011010
1111000000001110
1011001001110001
0001010100110111
1011000010101000
1001100111010111
1111001111011100
1010011101000100
0000110000000010
1010111011111110
1111110101010100
0111111100010000
1001011011101000
0011110101110010
1101000001010010
1100011111101011
1101100110101100
0001101000111110
1100101001111111
0010011010001011
1111110100111111
1110111111101001
0111001111110011
0010110110000101
1001111101100110
1011000010011001
0111011010111101
1010111001001110
0001001101111100
0001110011000101
1111010001010011
1010110110000000
1101101111101000
0101101000010001
0000110111111110
0100001010010110
1011110001111110
1010100011011100
1000110000111011
1001101100100111
1110000011111001
1111100100001000
1111010000110010
1111000000011010
1010011111101011
1101000011010111
0100101010100000
0110110011101011
1001000010100001
1111111001110110
0010000101010000
1010100111110000
0000010101000100
1100110101010100
0100111011100010
1011010011101101
1111110001100010
0011011101011000
0001110000000110
0101100010100001
1111110111100000
0010101111111111
1001001100000011
1110000011110011
0100011000111111
0011101001011100
0001100101100110
1010001010111001
0101000110001110
0011011111111010
1001101010100011
0000010010000101
1101010000101000
1011000100011110
1011111010100101
0001000100110111
0010101110010001
0111100011000101
0000000011000100
0001101001111111
1101111001010000
1010010001101010
1111101011001111
0000001100111001
1111110101111111
1011000001100100
1000110011000101
1011010011101000
1101000110000001
1110011111000000
1001111101101111
1011001000000000
1010101111101000
1101000110110100
1110011000000100
0110001101001010
0101001111011000
0100000000011101
1111000111100011
0101100001100111
1110101100000110
1111111011000100
0100110100000101
1010101001011010
0101101001000101
1011111100111100
0111001010101110
1011001001010010
1010101100010110
1101001010001101
0111011001110100
0010100110000100
1100000011011000
1010001011000101
1110001101001001
0111111111111011
0101100100000110
1110001100011001
1100111111010000
0111101011101001
1100111101010001
0101001000011111
0110010011111111
0100001100000001
1111000100001011
1110001000001110
1001101011111000
0111101001000101
0001000011100100
0001110000111100
0001100011010111
0101010001011000
1010100010011110
0100100101010100
1100001011000011
0111100101000000
1101101011110000
1100011111111010
1101011000111110
0011001100011010
1010101001110110
1100001101111010
0101101011000011
1110110100001011
0101100101011001
0010111010100011
1101111010111111
0111101001000110
0001101111100011
1111010011101100
0111101110101100
0011100001010101
0101111101111110
0110100110110100
0110100010000101
0111101010111011
1011000011101111
1001100101111001
1011001101110100
1110010110001110
1101101000011110
0001111001000111
0000001101000011
1101000001011101
1010110010100100
0011111111000010
1111101111010011
0010000110001011
0101110010011000
1000000010000101
1001001000100011
0100011111111101
1000010101011010
1100111100010100
0000111100101101
1100011000000011
1001100110000011
1001001010001100
1110001010011111
1110000000010111
0101000011010111
1010000011010000
1001101110110110
0111011110111000
0101110000100111
0011110000000111
1001001110010010
1010001001011001
0000111010011101
1001101010010100
1011010010100101
0010010011110001
0011101000100111
0001010110111001
1111111001101010
1000110010111111
1000101110010111
0011010010010001
1111010000000100
1001110100110111
1000001001000100
0000110100110011
1010100101101000
1000000000001001
0111100010010100
0000100100000011
1011000000111111
0010001100001100
1000101110100110
0001111111001100
1010111001000101
0001100011001001
1110001101111111
0111010100101010
0000011010001101
1111100100111001
1100001100001010
0001000111001110
1111011000000010
0101101011111001
1011110101010000
0011001110110111
0000000100101100
0101011000001100
0100111100100010
0100001001100100
0000101100000101
1101100011000011
1110110000111101
0100101010010111
1011110000110001
0100101001011100
1011101101111100
0101010001001111
1000000111000011
1111000100111111
1111111100100010
0001111000000010
0001111011111011
0101011110010111
1101111110000110
1000100101101110
1011111110001001
1001001110010011
0100100010100001
1011010111101000
0111111110001111
1010100101010011
0100100111110010
1101110011011010
0101011011100001
0111110110100010
0110110001010010
0110011110101001
0101010110011000
0110101011011011
0100001110110100
0000101010000010
0010011100101000
1110000000101011
1100110011111101
1101111111110100
1000011010111011
1001000001110100
0100110010101110
0001011110110100
0011001010010011
1100111010010111
1101110111110100
1101101010110100
0001011100101101
0100110010101100
1101100000010101
1110100111100101
1111000111001111
0111001111101100
0110000001000110
0100011000100000
1000010001101001
0101011000111011
1111001110111000
1111111111001011
1110011100111001
0001110101001001
1111101000111101
0011001100110011
0111110000000001
1010101001101011
0101110000000110
1000011111100110
1000010011011010
1101000100000101
1010001101011101
1000011000011010
0010101101000011
1111100100100101
1011110010111101
1101101001001111
1101011100010000
1100010011000100
1010110100001001
0101110010011100
0110000011010001
0011111000101011
1000100010001111
0000110001100001
0101010000010010
1110111101111011
0010001000111011
0111011111110010
0110110101110111
0111110110111010
1100101111010101
1011000111010001
0011101001000110
0110000001001100
0101100111011100
0110101011111011
1001011100001110
1100101010101100
1011100100110011
1000010000100000
1100011111010010
1011001010001111
1000110111010101
1010111010001101
1101110101011011
0001011010100011
1111011000101011
0110100001111000
0110110001010100
1110101001100100
1100010000010010
0000100011011001
0010011001001001
0000000100110101
1001100101001100
1010100100010111
0111011111001000
0100111101001111
0100001110010001
0111101010111100
0000010100000100
1100011000100110
1010111011101100
0001111111111001
0111000100011010
0001111000000101
0101101100111100
0001000011100000
1110011010111111
1000010000001111
1001011100100101
1011000000011011
0010010010000100
0010111100100010
1111000101001000
0110011001000011
1101001011111111
0100011100100001
1001000111110011
1000011100101111
1010011000011010
1000111000010000
0110101110101011
1000001001110011
0110001011110001
1010110010011101
0011111100000011
0111001010010100
0001011001100101
1100011010010111
1100110000010101
1111110101100000
0011001100011101
1110101000100100
0110011100110001
0101100001001100
0110100111001111
0001101111110111
0001010000001111
1010101100001010
0010001100010111
1111111110000010
0111000011110100
1111001100001110
1010001011110010
0010010001001111
1100011110011101
1100010010100111
1010101110001110
0001111000110100
1000111000001000
1010000100111001
1010100000101100
1010010000110010
0110001001011001
0000110010110110
1010010101000110
0110101101110010
1111110101110010
0011101001011011
0111100100110001
1010111111101110
0000110100001100
0011101010000001
1000011001101011
0100100111000000
1010101111011010
1000010101110001
1010110101011010
0001111100111010
1000101001001001
0001101001110010
1110101010111011
1101000101101110
0101100110100100
0001001010001011
0100110100011101
1110100011100010
0111001101011011
0000101000111010
0010100000000111
1111101001011011
1111111000001111
0001110000011011
1000011101001101
0000100000101001
1001110000011001
0011100011100101
0001100111111110
1011111101110110
0011001001100011
0010100101011000
0101001101110111
0101100110110111
0011100001011111
1111000000011100
0010001101000001
1011010101000110
1000001100001000
1110001001110011
1011001000010010
0010111000000011
0101000010101111
1111110011001011
1000001001110001
0001111000110001
0001111011011000
1100111111100111
1111011011100100
0100011000010001
1101100001111010
0101000000001000
0011001010111111
1101000001001100
1111111001011010
0100101000010101
1000100111111010
1011010110010001
1011011101000111
1101001011101001
0111110001010000
1111100100000100
0110100100101101
1000100001001110
0011000111101001
0101101010111100
0111110111110000
0101010010111100
0010100010011001
0011110111100001
0000110000101100
1111011110000101
1101101001001111
0010100100101000
1001011011111000
0100001011011100
1000001111011100
1011110010110111
1100110111111100
0110101000001110
1011001010110100
0110000010010010
1100001111111000
1000010000010111
0010011010101111
1110110001100011
0010011001100000
1010100000001000
1110000101101010
1101011010001010
0101110111011100
1110100110111010
1010100001000111
1001001000101011
1011101011100001
1110010000100011
