0010111001001111
0100011101100110
1110010011110111
0010100010111100
1011110011000011
1111011001010010
1010010010111000
1111000000001001
1101101000001111
0100000101110001
0101000000010110
0000110001111000
1000011010111001
1110000111100001
1111100101111101
0101100001100010
1101010111101110
1010000100101010
1011101000010000
0100101001111010
1011010111101110
0010101101111101
0100001101001001
1010001100111110
1110000111100010
1011010111001010
1011000111101111
1100000010001111
0100110000111000
1111111000001000
0011000110010011
0000001010011000
0010000100011010
1101010011000100
0111000100010010
1001010101100011
0011000110110111
0101001101001011
0101000111000101
1000000001011110
1111110101111011
1001000101000101
0001101100100101
0111101100101001
0101000110010000
1101100011111110
0100000000000000
0010001100110111
1110011010101110
1111111111000110
0101110101100111
1111100010001110
1100011101101001
0101010001011110
0010011111001111
0100010001011111
1110011110010110
1111010111100110
0100101101001110
1110011110000011
1010001010010001
0010001101100001
1101100001111001
0101011011011111
1010100101010001
1101010111011111
1010000100000011
0010000001000000
1000110111111100
1111100010000001
1100100110010100
1010011101001010
1001110000000000
1000001100100101
1001001000001001
1110011100011010
0100000111100010
0000110010011011
0101000011100011
0100001010100110
0011011001101010
0111000100101111
1001101110111101
0010010011011110
0101011001101100
1001100110011101
1011010110000001
1101111001000101
1000000101001010
1011000111000110
0110111010101100
0011110111110100
0010111011101000
0111010010111101
1110110111100010
1011011000010011
1001100010100001
1000010010111100
1010001101011110
0110011000001010
1011011100110100
0111000010000010
0111010110110010
0100110001001011
0010100001000010
0010001001101000
0110000011111011
0001100111011000
1100001101111000
1001111100010100
1101010000001101
1000101101000110
0011011011100111
1101101111000011
0010101010110100
1001010101111010
1111111010001010
1100000010101100
0000100000001001
1111010100101001
0101000100110110
0000000110001010
0011011000100110
1001110110001110
1100010111101011
1101110100111001
1011111001110000
1101100100111101
0010110011110100
0100100010011110
1010010111110110
1010100010100011
1101010011011001
0010101101011011
1000010001001111
0111101000000111
1111000110000010
1101000011101011
1001101111111110
0110000000001000
1110101101011101
0010110001111001
1111111110110010
1011110111000100
0100000101111101
0011001000101110
0001001111010000
1110011110111011
1010111111111010
0101110100011110
1111011001100011
1010011000111110
0101001101010111
0111111110111010
0000011110101101
0101001011111101
1001000110010011
1011111110000101
1001101011000001
1011010011011010
0101110110000100
0101110100000000
0010000110111001
0100101100000110
1100000001010010
1001110000001001
0101100000111001
1101010100011101
0100100100100100
1000000010011011
1100101111101000
0101000101100000
1101110010111100
0011010000001101
1100111111101000
1011110000100111
0101100101110100
0001110001100111
0110100100010010
1100010001010011
1000110110101001
1000011111111010
0011110001101100
0010110111100110
0010110001000101
1010110000111111
1101010110101111
0111011110111001
0110011001001001
0111110001010101
0101110000100011
0111111100100100
1101111100001000
1100101110001000
1000101000011001
1111110000011110
0000000101101111
0011110001011001
0101101111000100
0100110100011110
0000111111111110
0110111010110011
0001010111001100
0111110100100011
1001110001110111
0100010011100011
1111111000001011
0111000001111000
1111101001101001
0011001001101111
1110001111001100
0000110111000110
1111110101011001
1011000000000111
0111010101001001
1101101000011011
0111101110001000
0011000001001110
0101001111010111
0010101100000000
1101011101010011
1101010010010111
0100001110111011
0010000111111100
0000000111010010
0101101100011001
0110001111100010
0111100011110100
1101100100110001
0011111111100100
1011001111100011
1111011010000110
0100101000001011
0000001010011100
0101000111011010
1011011011001000
0101001001011110
0011010000111111
1001110010010101
1011001000011101
1110011101101100
1011001001100101
1100100000100001
1100100101001011
0111111100111001
0100010001010000
1011000000100110
1010000100001001
0011101111100110
0110100000101101
0011101000010110
1100010111001101
0000101101000010
1000111011011111
0000010101010111
0110100000111011
1100010100111000
1011000111000000
0100111101010101
1111011000010001
1011110011001110
1101101100100000
1000111111110011
0101001000101010
1110010100101110
1010001100011010
1011100011100010
0000100101110000
1010110000001001
1000010100100111
1010001000011000
1000010110001110
1010001010100111
1110010011101010
0100010001101000
1011001010000011
0101010000011110
1001100000101000
0000111111010000
0001010101111011
1101100001000111
1101001011101101
0011110110101000
1100100110110100
0000101010100000
1100111111001000
0101101011110001
1110110010101001
0111000100000100
0011000110110111
0000001011110011
0001011000011111
0001011011000101
1110010010001111
1101101000010110
1001111111110010
1011001010001000
1111011000001000
0011100111111101
1000111101001001
0010100111001011
0100101110000110
1011000000101111
1000101000110110
1111001011110100
1001101010000010
1010101010011100
0101101101111111
1011111110110111
1011001110100111
0011010110100010
1100100000101110
0110010011011011
1010111010101011
1011001010011000
1001111100011011
0011100010000011
0011000011011101
0111001010110010
1110101101000001
1000001011111001
0011001010111001
0100011010110101
0010101110111100
1110111100101001
1010010110101000
1010111111100101
0111010101110111
1100110101101100
1100111010011101
1101000001000001
1001010101111001
0010100010100100
1011011111000000
0110011001101010
1110011000101011
0100011010111010
1111100000001001
1000001111100101
1000011110111010
0101001010111100
0011000001110010
0101111011110100
1001011001110010
1110011001110011
0010000011101001
1110010001010110
0000001000101011
1101011100100001
1110110100010100
1110100101111111
1010100001100001
1110001101101100
0101010010100001
1001101100001101
0001111101101011
1100001110001001
1110100001001000
1110010101100101
1001110111101000
1010100011111011
0000010011111011
0010111111101001
0001010001100110
1101010011110001
0100110000010111
0011111001001111
1001111010000100
1010111000011011
1011111000011101
0000111110000011
0100100111011000
1011000111001010
0101110101000111
1011000101011011
1000001011111001
1111101010000110
1001011111000101
1110110010000010
0111101100110011
0000000011111010
1001000111111001
1110110001111000
1001001000100011
0101101110001101
1110101101101000
1100010011010001
0100100011111110
1110011010010111
0010011111000011
0001011001100001
0010111111000000
1011010100111100
0100101111011111
1111001001010010
1100000001000100
1000000010101100
0001001011000110
1110010001110010
1111110010101010
1001000111101101
1010110010101011
0110010001001010
0010111011100100
0000111011000110
0110101011111011
1000010110000101
1101101101110111
0001000110100111
1111011110001101
1110001001110110
1000111111010001
1100111001101001
0011011100101110
1101010010001011
1001010010001101
1000100101010100
0010001111110110
0100111000101000
0001010010110111
0100110110111001
1000000101011110
0000110011111101
0110100000101010
1111111000001101
0001110101100110
0111011011001111
0101101110000010
0000111000111011
0010111001001101
1110110001100011
1101001011011010
0001110000111110
0111010000110001
1011111000001110
1101000011100000
0111111000111000
0000111100101010
0111000100000101
0010000001100110
0110011110101101
0100011101001101
0100100011101110
1100101100111111
1000000010100000
0001010100111100
0011010101011100
0110001000001101
0100001001011010
0001010000000011
0111010001101000
0011111010100111
1110100011011001
1111010100110011
0111000010100110
1110001100111110
0000100010110011
0100000101011010
1001010011110010
1001101111011001
0110010101001110
1100110000010100
1011101011010011
1110001011001101
0011110001101001
0000101111011000
0001111110011100
0101001100100110
1111011000000001
1100111001110011
0001110001101000
0011011001110100
0101010010110010
0101001110010111
1011011100010111
0100101110001000
1111001110101011
1010111010000001
0100110100110100
0011000111001000
0100000101110000
1011011001000011
1100010000110001
1001110101100011
0101000010000101
0010001000001110
0101001000110110
0111001000010100
0011101000010011
0010111010010000
0111011101111000
1010110101111101
1000010101000111
0001110100000000
1010111101011011
0010001010000001
0010001111101011
0000100111010111
1000010001011101
1010111101001101
1000110001101100
1010101101000000
1010111101100111
1100010011001101
1001110111011011
0010010011001000
1011100110110100
0111010101011000
0010011010100010
0011111111000110
0010010010011101
