1000111101110011
0110001001000000
1000001110110001
0010100000000110
1010100110001110
0111111000110001
1101000111000010
1110000010110111
1111011001101101
0101001110011000
0001001010011110
0100111111001101
0110011100000000
1111110001010011
0001001010010101
0111011100100110
0101001001100111
1001100101010110
0000010001100110
0010000100101110
1001011001101100
0011011111110001
1100000000010011
1100010100101101
1111001110101011
0010101011011000
1100101100000001
1011110111110010
0100111011000011
0100110101001110
1101111010011100
1101010010110010
0110010100110001
0111110110110111
1011001110000001
0010000011110110
1101101011101010
0111010000110110
0100001001010001
0111011011110010
0011010011001111
0110101011100111
0001010011110101
1100001100100001
1100101111101000
0100111110111001
0100011011000101
0000101110010011
0000000010001011
1100001001111001
0011100101101011
0111011000000011
1011101001000001
1000101000000100
0000000011000110
1011001100001100
0011100100110100
1010000010100101
1110101100111100
0111011111110111
0000001011110110
0001100001101010
1011011110101001
0110011111110000
1011001101101110
1101000100011000
1110011010110010
0000110111010100
1010110111010100
1001011011011010
1010101111100001
0100110101001000
1000101111011001
0110011001101000
1100101001000100
1001000011001001
0100011111011010
0101101111101101
0110111011111110
0110101001110010
0011100011001011
0111011101011101
1111010101100100
0000000110010001
1110010111110100
1101111010010111
0001110011010011
1110010100110000
0010011111101000
0101100000110101
0100010111001011
0011111010101101
1101110000001001
0101011001110110
1010110101100101
0100010111101111
0001110000100001
1011100101011011
1011001011001000
1100100111101010
1101001111011001
0111111010001111
1010000000101110
0000100100100101
0010001100100001
0100000110111011
0010001000110000
0010111011001011
1001011100100001
0110111010000010
1100000100100010
1111110110000010
1101111011011010
0000111110101001
1110010110100100
1011111010010000
0111101111100110
0000111000111101
1011111001000011
1111101100001000
0111101011011100
1100100111011100
1110110011111000
1011011001000011
0001010111010111
1100001100101011
1000000000100110
0010101100101101
0010001100101000
1011111001011101
1000110100111100
1100010110011110
0111000111011110
0000101100100001
1100010000111001
1110011001101100
0000000110011011
1110011101001011
1010011011101001
1000100000000111
1010001111100001
1011111110111110
0001111111001100
0110000101010111
0000110000010000
1101001010111110
1111011000011100
1110001001010101
0101001010001011
0110111000011110
0001011001000100
0111100111010111
1000100100111000
1000001110100111
0110100101000111
0010111110100000
1111011101100111
1010110010100110
1100100111100101
0001011001010101
1000110010001001
0000111001010101
0000010110110101
0110110101110100
0001111010110001
0000100110010101
0010011011001010
1100011110010101
0010110000010111
0000110110000010
1011000001011111
1111100101101001
1111001001010010
1011001110000010
0111100000111001
0101010001110010
0101100001101100
1100100111010100
0100101000001001
0111011011011100
0101010111011110
0001110011100100
0101010111101001
1110000000001001
1011100011100000
0010000000001110
1111100011100001
0110001101110000
1110010111110011
0010101011111010
0110110111001010
0000011010010110
0110000100110101
1111100110100010
1000100110100101
1010101111110110
0001101100100101
0100101100011111
0100011010100101
0110110100000001
1110101110011000
0111101011011011
1100110011111110
0100001100101100
1101101000110110
1010010001111111
0101011001001100
1000110101011110
0100011101110001
1110011101000000
1010011111110010
0010101010101001
0010001001100011
0110110000011100
0111010100110100
0010011000000010
1110000010111010
1100110010001110
1111010111111100
0001011111110110
1000011101010110
1001011001000010
0111100111001010
0111001001001110
1000101110011111
0111001011010111
0000010010100101
0100011111110110
0011000101010001
0111001101110010
1100010010010000
0000000001101110
0000001011000110
1111011010011110
0001101001001000
1010000100110010
0001111101001111
1110001110000110
1111111001001100
1000110110001111
1100001010100011
1001000100001001
1111000100001000
0111010011110110
1010000100011100
0110110111001101
0100010010010011
1011100110001111
1101110011010100
1100110001001100
0001100100110001
0010111101111110
0010110101101001
0100111010101101
0011010100110000
0111101010010110
1011100111011111
0111100111110100
0000010010100111
1011011110000101
1100001101100001
1001111010001010
0100010100110001
1100101000111110
1000111110111111
1111000101001111
0110111110010011
1111110010111101
0110111111001010
0010001010101111
0010101001010111
1010100100100100
1011011011100100
1001100101110100
1110111011100000
0110010010001000
1100101101000010
0100111101101011
0110010000011010
0001110000100110
1001110101100011
0011001111001011
1011111010000010
1011011111101011
0110011011010101
1111101110001000
1000101111001100
0010100011101111
1101100010001011
0110111010100011
1010010110000001
1111110101110100
1111110110010001
1101011010011100
0001000100010100
0111010101000101
1101000000001111
1111011001100000
1100110011001001
1011010000101001
0011100110010001
0111000111101010
0101001001001111
0100101011110001
0101101001111111
0000110011001011
1000100011000010
1111101011000010
0000101010011110
0000001100100111
1110110011000001
1010001010000001
1110011011011101
1110111100010001
1000110011000100
0110010101001110
0011110110110000
1100101101001111
0100110011000000
1010100110011111
1110111110101111
0111000000110000
0000100011111010
0100100000010110
0000111100000100
0110100101100010
1110001001100011
0101111101011111
0101110010000110
0111011011010001
1111101011100001
0001010101010000
0011010101110111
0010101010110000
0110100011001101
0000010010111010
1111011111111000
1000110010110101
1010011111111011
0001111100010001
1001001001110111
0110110111101110
0111100100110011
0001110001011010
1011100010010101
1110111101100011
1001000110010011
1011110101111100
0001100000111100
0000101100101010
1110111100010011
0010100111101001
1010001101011110
0111011110000001
1010101000010101
0011011100101010
0101000111110110
0000001011101111
0101000101010000
1111000111011101
1100001011011010
0110010101010101
0010011111111111
1011111000111101
1010011011010001
0111011110111001
0010111111000000
1000010000000000
1001100100000010
0010011100010100
0100110111101011
1000101011100011
1010000010011001
0111000101100100
1001101010001011
1000100010110010
0110100111000110
1011000100001100
0001110001000010
0110111111111111
1100011101011100
0110001100011100
1000001000001010
0100100011110100
0110111111011101
1000010110101010
0111111111111101
0110110101011000
1110011001000001
0011101001000001
0100001000000111
1011110001111010
0100011110001011
0011010111101011
1111111111010001
1100100010001010
1101000111110101
1001011011111111
0011011111100101
1000000001001110
0000110110000000
0011101111111010
1101110110000010
0111101000110010
1111001000101000
0011100000010111
0110010110100000
1110000100000110
0001011110100001
0001001110000110
1001011000101101
1010110000101000
0111010101111111
1011100110000011
1111100101001000
1011101111011110
1010010001001101
0000110101010011
0000100101000001
1010001111000101
0101110000000110
1000111000011010
0011011000110011
1100100010000000
1101011100100011
0111101100110011
0111100100101110
1010110101010111
0111111111010000
1100101000110001
1001000011000000
1110110110010110
1111001000101001
0011000010100000
1100010100101011
0100110010111011
1110111001101111
0110001010100010
1111011100111011
1011111000111001
0000011101110000
0110100101111011
1011001110111011
1001111111110101
1101001011100100
0000010001111001
1011001000110000
0011101100111001
0111100000110111
1111101101111001
1001111001010101
1000110010110101
0111001100111011
1101001111010110
1111000001000000
0001100101111100
1111101011011100
0011110010100110
0011000101010011
0001111100010010
0000100011101101
0110101100000010
1100001000001010
0100111011111001
1001111001000011
0101110111010101
1011011110100001
0101100010001010
0100111111010001
0010111010011000
0010100110010011
1000000010000011
0011011100011111
0101111100110100
1001010001011110
0111110001011000
0001011001100110
1000110110111001
0110111011000010
0000010000010110
1110100101000010
0000100001111001
0101100110110110
0100100000010010
0010010010101110
1110110100100000
0001111110001110
0000000000001000
1000000100011100
0100001111111101
0111000110111110
0001100100000100
1010001010001010
0010001000010110
0000111001001001
0000001111001101
0110000110111100
0111100111001010
1101110000011101
1100010111100001
0101111110010101
0010110111010010
1100111101001100
0001100100001011
1001111110110001
1101111101000010
0001000101110111
0101001111011100
1110100001111110
1110001110011100
1110101110111100
