0110010110001011
0100001111000001
1000001110001111
1111111011110000
0100100000001100
1000111100011101
0001000111001010
1110100100000111
0010110110111111
1010111010100011
1000010001011010
0111101001111110
0100000011010101
1011101101110100
1011011000001111
0010111111011100
1111011011100001
0011010100111110
1001100010100111
0101001101010101
0101000010010101
0111011001001011
1111000010100111
1110100101110100
0110101110101101
1011110000110101
1000100011101011
0110111011000110
0010101111111001
1100100100101100
1100010010011101
1010111001010011
0101010111110010
0010101101100010
0101011001101101
0001100010010010
1000110111010101
1000011001101000
0011101101110001
1011010010101111
0101010111011110
1010011001011001
0110010000111011
0110100100100011
0101011010111110
1001001011111001
1101101010001101
0001100010111110
0010011101111110
0000010010100011
0100010101100011
0110110110001010
1101001111101011
1111011101001101
1111110110010110
1001011111101110
1010110000001100
1000100100011100
1000011111000010
1000101000110100
0011100000100101
1001101010111111
0001111011101010
0000110000001110
1000111101001001
1101101110110000
0010001101011110
0010100111111111
1111100010110111
0000000011111011
0011111001011011
0000001110000111
1001101111000101
1111010110111110
1111111010101010
0101101000100100
0011100111101011
1111011010011010
0001010010111110
1001011100010100
0010001110110110
1100011100110100
1101011101010111
1011000101001101
0101011001011001
0110110001101000
0101111000100000
0011000111110100
1011011100100001
1110001101110000
1001110011010111
0001110111101110
0001100001111111
1000110001111101
0001100101110100
1000110111000011
0111111111101100
0110010011000101
0010010001101101
1100011101010100
1111100000101101
0010011000000011
0000011110010111
1010101110011011
1111010101001110
1111010100001010
0110101001000101
1011111101101010
0111110111110110
0111101111011000
0100101011010000
0101111000111101
1001110000000111
1101000010111111
0111000010111100
0010100001101010
0001101000000001
1010011001000001
1110110011001001
1101001001010000
0110011010010000
1111101100001001
0110010010111100
1000001101110111
1100111001001111
0101111010111011
1101101110100101
0110010000010010
0000010010110010
1001111000101011
1110100100010001
0101110100001111
1100010100001010
0101100011000001
1001010101101101
1110010001100000
0000010000100100
1101111110111010
1101010110001101
1101110101010101
0000101010100110
0010001110111011
0000011100101110
1010000110100001
0100011110011010
1100110100100000
0001100010010111
0100010001001000
1001000110101111
1010000101110110
0101100010000011
1100011100111110
1001110001001011
1010110110110001
0000101110010110
1110011110111110
0001011100100001
1000111100011100
1111100100100101
0110011001110010
1011101000110000
0111101101101011
1010111110111011
0100101001000001
1001001001010001
1100001000111111
0001110100100111
0110001011010110
0101000000101101
1101010000001101
0100000110010011
1110001101000010
0111110001110100
1011111010001110
0011110100100000
1101111001101110
1000001110000101
1000010000000000
0101000100101010
1010100001001100
0011000001001010
1110001111111110
1100101011001000
1010100011101010
1000100101101010
1011001000100110
0000111001110011
1001000010111010
0000100110100001
0111010101101001
0000100010011000
1101100110011110
0011010101000011
0000011010100101
0111011011001101
1110100110011101
1010000001001100
1010010000110110
1110001010010000
0000101010011001
1110111011010011
1010001110110101
0001101010001110
0111011110001010
1000111000010000
0010001110001010
1100110000001110
0000000000110010
0001010000110010
0110110000001001
0001101111100010
1000101101101011
0111100001111011
1101000110101011
1001001110011001
1011000110001110
0010110001010011
1100010110111101
1001000000111111
0010110010010111
1100001011011100
1010001010001110
1010011111111010
1011101101111011
0001011110010110
0001000011011000
0000010001110111
1000100101101101
1001110101100010
0011111001100101
1111111010000101
0101100000001011
0000011110010010
0110111100010011
0000101001011110
0011011011001110
0110110001010101
1111110111100011
0100011011101011
1001001101000011
0001101000111010
0000001111111000
1111110011011001
1110000010101010
1011001001010011
1001111101111101
1101001001111100
1010110101000110
1100110000000010
1000001110101010
1100101100001000
0101011100000100
0110100111000010
1110100000100110
0010100111000100
1101100010100001
1111011100100100
1000011001110010
1100110100000000
0110010101110110
0001011100110111
0011110010111100
0111001111101110
1110011010110001
1100010000010001
0100111001000010
1010011001010100
1111110110010001
1100110111000001
0111010010001000
0111000101010001
1010111010110001
1001010011000111
1001010000001100
1000011011001001
1001011001001001
0001111010001111
0111110100000110
1010011011001101
0010000001011010
1101001110111110
0011111000011110
0001110000101000
0111000001101101
0010101001110010
0110010010001011
0100000000100110
0111001101110101
0111101001111001
0001100111101101
1000010110110001
1100011101101111
1101001101000110
0111000001011011
0110010101011001
0010011000101011
1010000010100101
1100101111100100
0011011111111000
0011001000101000
0011100101110010
0010101000011101
1110001000011010
1101010001010100
1000101000001010
0011011000000010
0110000111111110
1000111000010110
1110111011111001
1111110110001001
1000110101000001
0000011000001100
0000000000111101
1100100000111001
1110011000101111
1001001101110011
0011100011111011
0010101111000011
1101101111111111
0010100101010000
1101000110111101
0111010000011110
0000000111100010
0110010010110011
1010000001100111
1101101110001101
0011101011001011
1110010010100001
1011001111110000
1110000000101010
0000111000101110
0100111110110100
1101011010011101
0000010111110001
0110100101000101
1010101010111100
0111011011010110
0111101010001101
0101110101101001
1010000100100111
1101110111011111
1111001100001111
1000101101011110
0010100100101100
1001110010001101
0010011110001001
0000111011101001
0011011010001011
0111010000111001
1001000100100011
1111011111000101
0111010010011000
1111010111101001
1011001100110010
0111001111111111
0101101110010111
0111010001000001
1000101101010110
0110000000101000
1010101000001100
1001001110101110
0011111111010110
1100011001010010
1110011001111111
1001110000100010
1111101001100010
1001110110010000
1100111101100110
1010101110010111
0011111101010011
0010010100101111
1110101011101110
1011111100010110
1000110110010101
0011001111010110
0111100110100000
0011010001001101
1111110111011110
0100111010111110
0011000110010100
0000000101100111
1110100011000101
1000000000111111
0001110111010100
0001110110010011
1000101110000100
1010010010110011
1001110101101011
0100000100010110
1100110111001100
0010110111101111
0110000110101100
1100101001010000
0110111011110110
1111110110010110
0101100111111110
0010000111001110
1110111000000001
1111101010000101
1000001110100011
1010100101101110
1010110111001001
1001111100110111
1111101101011011
0111001010100000
0011001100110111
1010110101000110
0010100001001100
1001100010011101
1010110000011110
0001100010010101
1000000100011001
0001111010111100
0100010100011110
0001001000010000
1111100000110100
1100001101001010
0111100111001010
1011100111000111
0011100100101111
0001100111011011
0001111110000100
1001111111001010
0011001001100011
0000001000110011
1000001110010100
0100110010000101
1000101011111001
1000101011001101
0000111100001000
1010101100010110
0111111111110100
1101001010110001
1111010110000010
0000111100000011
0010100111100010
1001001101011101
0111001010000111
1101111010100010
0110111100000001
0001011111011110
1110101100001011
0111100000101011
0101111111011101
1110010101110010
1100101100011110
1101001011001110
1000011110100001
0000001110110000
0110000100001101
0011100011000001
1100101111011110
1111101001001111
1101000000101010
1010010011100101
1010100101001011
1101000111010101
1110100100010100
1100001001010001
0011100000111100
0011111011000100
1011111010101100
0011100011110000
0100100011001110
0100100100011001
1011100011000101
0000010001110110
1100101100111010
1011111111001101
0100110110111100
1101000000111100
0111001100101000
0001101000000001
1010100001110111
1000111011010010
1011110111110001
0011010110001110
1111101000001001
0001110111101100
0001010000011111
1000010011000010
1001011000010100
1001010011011001
1011110001100111
0111110100001110
0110101110011100
0001000010110010
0001100010000100
1110001101100010
1011011100001100
1001000101001100
0011011010010111
0000011010111001
1111001111001101
1011110110111011
0000001110011100
1001100010010100
1001001101001111
0000010101011001
0011110000100010
1000000110001101
0001110110001011
1110111000100001
1111001010000011
0001011101000000
1010000001011011
1001101011001100
0011010111100111
1101001011011100
1101000001101100
1110111011001011
