0101100111011000
1100111001001100
1010100010010101
1000111000100000
0010111010000101
1011100001100100
1111010111111111
1000111101110000
0110000101001001
0011100111001000
1100011011001001
0011110101001001
1111000100110100
1101011100111100
0110111101011101
1111010101110100
1010100001111001
1101101011010110
1100000110000100
0001011111011101
1010110111110000
1000010100100010
1011011101011011
1001011110011100
0010000111010010
0101101100110101
0001010110000011
0101100000011101
1001100111001110
1101101100010011
1010110101100010
0111011100000111
0011000001000000
0100110000100100
0100110010011100
0010101001100011
0101000100101100
0111011101011111
0110010001100000
0101101000101010
0000011100110111
0011000000111000
0111101000111100
0001111101011000
0001111000111100
0010100101011100
0111001001100011
1000000000010100
0011100101111001
1001100001001011
1000101101000001
0011110010011110
1110010101110011
1100111001001010
0000010111000000
0101101000000111
1101000100110000
1011101101011111
1011011000010101
0011011101101000
1011110010110011
0001001011100001
1101000111000110
1110011001111010
1110010101111011
0001111101101101
0010111011011000
0110101011101101
0011110001110100
0001010111010001
0010001001110011
1010100010011001
0110001011000101
0110100000111110
0111100001110000
1101110010111101
1011101000001101
0101000100000110
0001101111100001
0101111011101101
0110010110110000
0110110000101000
1110000100100100
1001000001010101
1100010000111110
0001110101100101
1010001001101010
0001101000001010
0000111111100010
0111111001110111
1011001100111010
1101011100101111
0100011010110100
1011101101010001
0100111101110001
0000101011000011
0010100101011100
1111001000010001
1100001011001000
1110110101000101
0010010000001010
0010011100011110
1010000000000000
1000011100010000
0000100111001110
0111101111000111
1111111001000001
1001010111001001
0011001000111101
0100111100110000
0111001001011111
1101100101000010
1011000011011111
0111110000110101
0100100110000100
1010001101101010
1011101110001100
0010010010110110
0101100100110111
1000111011001000
0001101100010001
0000010010100110
1001010111101010
0100101101011101
1000101010111100
1010011110000011
0000010101110101
0100101011000101
1111000000110100
0011101110000011
0010001010110101
1001110000011000
0101000110111111
1010011101110000
1000101011011001
1001000110110111
1110111110101010
1111001001101110
1101001001110110
0100001111100101
1001100111100110
1101101101010001
0101010101101011
1000100100001111
0010111011001010
1010110111101101
1100101001101011
0110100111101001
1110101001111110
0010011010101001
0110111111011001
0100111101100011
0001101010111001
0100111010100101
0111100000111101
1011100010011001
1011010110110001
1010010001001000
0110000001001001
1010011000001001
1110010011111100
0100001001101010
1100001011011000
0000000110001101
0001110101010100
1010010101000010
0110100010001001
0100100111000110
0011111001000100
0001001010110000
1110011010011110
0011001010001010
1100110100010001
0000110010010011
0001000010010000
0100101010011000
0001010111001101
1110000001101010
1001111101010001
1101010110001111
0100000001101001
0101010101010101
0001000000010111
1100110000100111
1001111010101101
1101001111010101
0001101001010101
0001001111011010
0000101010011110
0100101001101001
1100011110001000
0111100000011110
0100110011100110
0001111001100110
1110001100011101
1011101011100110
0111110010010110
1111010110100001
0011110000100101
1111101111111110
1001011111010000
0111001110110111
0110101011101010
1111110110001011
1001001100101100
1011110101000100
0111101000101111
0001110010101000
1001010110011000
0110111011110001
1011111100100100
0101100010010111
1010111100010010
1010000100001010
0010101110011001
1101111000100001
1010100001000000
1010101111100000
1100011011000111
0000001100011101
1000101000111000
1001111010010110
0001110011000010
0111001000001101
1101001101011111
0100010000001110
1001101100011000
0001101111010101
0111110001101101
0100100010011101
0100110101001101
0100100000010100
1011110000000001
1010101111110011
0000000111101001
0001111111100111
1011001110100001
0001111111001100
1001001000001100
0111100000001010
0100111111010110
1101011110111000
1100110111000001
1111011010001100
1110000110110101
1111100100011001
1011011111000100
1101010001011110
0010110011111100
1000000010010110
1110010011011111
1100110011010000
0101001110010101
0001001100111001
1101001001111010
0001110110000011
1001000001100101
0000111110001101
1111110000010011
0001100000001010
0000000000000111
0101000010001000
0010110100111001
1110011110000000
1100101000001111
0010100100010011
1001100010011110
0100111001010010
1111011101000110
0101100001100111
0010100101010010
0111100110100111
0111011010101010
1111101011110011
1111000011110110
1100001101101110
1000101001011101
0001111111000000
0010001110101100
1101010000010001
0111111101101000
1001101111110101
1001100011000011
0111010110000101
0110110101011001
0010000100110100
1010101111000111
1101111110111011
0010001000101001
1000100011010101
0001111110100011
1100010010111010
1011010001001000
0100100111011111
0101001000001111
1101111100001101
0001000101110001
0100110111101000
0101100100110110
1011000110111010
1111010100111111
0000010110010000
1010001000111101
0000100101101101
1110000101001110
1110001010101010
0000101010000010
1011000110101100
1110110101111101
0110111001100010
0000101000101100
1011010100000111
1011111010111000
1111010101101100
0110000010111010
1001001001111111
1110011010101101
1011011001100001
0110101001100001
0110000111101011
0011001110110000
1100100010001100
0100011101101100
1111101001010101
1100001101010000
0010011110100011
0000101110100010
1100111111000000
1010110110111011
1111001010001111
0110000111010011
1100100011110110
1111010011001000
0010111111000001
1111110100000101
0000111110100000
1110011001000110
0110101010100101
0101000101010011
1110110011010010
0011101010000111
0000010000010010
0101000100110001
0000111000110000
1001111110010001
1101100110100011
0100011001111100
1011101000100000
0100110000110010
1000100101110101
0011011101101110
1011110010100111
1111100010010110
0001000000000000
1111000100110010
0101000001010000
0100000010100001
1010001110110000
1000000000001100
1110001111111100
0001010000111000
0101111110000000
0110101001110001
0101011010110001
1001011101100111
0101001100001100
1001110100000010
1101100101100101
0100011100010011
0001000101100000
1010001100001111
0001011010000010
1010001100100001
1001110110111110
0110110011111101
0001101010000110
1010010010100001
1101110101010010
0110011101101010
1011110011001110
1110011101110111
0000100011010000
0011110001000011
0101110101100010
0011100110101010
0100100101110011
1011100110101111
0010111000011110
1010011100111110
0111111000110010
1010010011100010
0110000000100001
0010011010010101
0010000110101001
1110011110000101
1010101110111000
1111001001111011
0000000001101010
0001001110010010
0001010001001000
1111011100000001
0101010110011000
1000001001000111
0011100110011011
1001000101011010
1010111000000001
0100010101101111
0011010111111101
0000110010111111
1101000010001101
1001101101100010
1100111110010001
1111000100111011
0001100011010000
1011011111100001
0100100000001111
0111001111011100
1001001010010001
1100111100010010
0100110110010001
0000100010000010
1111000010010101
1010110110101010
0011010100111010
0101100111000011
1101001010011001
0000011010001101
1001001011110000
1100000100010011
0111001000111101
1000011110110100
0011010101110010
0011111010110111
0111011011110010
0100110110110001
1011111110010110
0010011011010010
0000111101000011
0010011011000110
1000110000011101
0011100000101010
1011010101101001
0000000110011001
0011101011010100
0101011011101001
0101111001100001
1001011110101100
1001100010000111
0111000101000111
0100011100001111
1110110011011001
0000001101000111
0100001111110000
0001000001110000
1000000101110111
0110011110111111
1010110101010010
0110111111111000
0110100111011100
0001110010111000
0001000011001100
0011001011011001
0000101011000101
0011001010111011
1100110111101010
1010010000101110
0010101111011010
0010000010000100
1011011110010110
0110000010001011
0100000110100010
0001101010001101
1110000111000010
1101011100000110
1001111000111101
0001110010110010
0111001111101010
1001101111000011
1101101100001010
0111010001010111
1001010111110011
1110010111000011
1111101101110001
1100010000100100
1111010100101110
1110000011011111
0111011001001101
1000110011100000
0110010001100101
1100000001000100
0010011110110010
1001100000111001
1101101110000010
1110001000101101
1101000010010110
1000110100000000
1011001100000010
1011010010101001
1111000010011010
1000000001000111
1101010001010100
0100110001110101
1110100111000000
1011001100101011
0010111111111100
1101011110100001
1010100011000111
0110100001101001
1111100111111100
1000101000110110
0111010001000110
