0001011000111011
1011101001010010
0100110100111011
0010111110110111
0001110010000111
1001110100101100
0010001100000111
1100001001101100
0000111111111000
0110111110111010
1101101110101011
1111011111011101
0001010010001000
0101000100110111
0111101000101010
1010111101110101
1101110101111111
1110011011100010
1100100111010011
1111101101011011
0101000010001010
0010110110010100
0110110111000111
1001011100000001
0000101001110110
1100010101111101
1101101111011111
1101010010001100
0110110100110101
0101011100100011
0001000111001001
1000110101110111
0101000011011101
1011000011100100
1011110101110100
1010110011000111
0010000101100001
1000100110000101
0011001110001001
1101011010101001
1111001100010010
0000010011101001
1010000101011110
0111000011001000
1010001010100001
1101000010101110
1010000110100111
0001001111000100
0011101001010001
1110000101011000
0010000011110000
1110001101001100
0010000000000100
1010101110011000
0111100000000000
1110011001001001
0111011111110001
0101011001100100
0000110010001000
1110011111100011
0000101111101001
1010110001000000
1111001101001110
0101101111001011
1111110011011101
1010000001010100
0010110101100100
1011111100111110
0010001011010110
0110011111110101
0011011010001110
0000011100010100
0000010000000010
1101001100011001
0100111001101110
1110010100111110
1000110111001100
1000110010010101
0001000100011000
1101101001011111
1110111100001001
1011111110100101
0011001011111101
0110001000000001
1011011100010101
1100011000110001
1001011100110111
0011011011000100
0111010001010010
1111100011000111
0001101110101101
0101110101100111
0100011110001100
0001001010000000
1110001011101001
1001000101010000
1101000000110111
1111110010000010
0001101101111010
1100010100100011
1111110110101110
0011111010010001
0011111000010011
0011110111101001
0001011110100010
0111000111001011
0101110000101100
1000010111001111
1010101001011110
1111111011111100
1100001011101011
0010001010011101
0001010011110100
0100100000011110
1100101011111100
1100111101101001
1001101010011011
1011110010010110
0111000011111111
1110110010110111
0101001001101011
1000101010010001
1111010001111100
0000011011101101
0101001010011011
1110010000100011
1001111000001111
0100001101111011
0101110111100101
1111111100101111
0100000110000011
0001011111111101
1011111100000000
0110011010001100
0101000001010111
0111100010010010
1000111011110010
1000010100010101
0101011011011010
1001100111101110
1001011000110110
1100100010110101
0111000000001000
1100010000010000
1010111110001001
0111101100101111
0000111000001001
0000000001100111
0100100101000010
0011000010011111
1101010100111101
0000000100010100
0111011111111101
1011100111100100
0111110110111100
0110100101011010
0000111111001110
0101001010110010
1000110111011100
0010011101100001
1110110011010111
0111101010111000
0100000110000010
1010111111110110
0111001011010101
0111001011000110
0111111101100101
0010010100111011
0111010110101100
0011000101010011
0001011001001111
0100100011000001
0001101100010111
0001000110111010
1010110110100100
1100101111010001
1110011110011110
1111000011100010
1010101100111000
0111001010001011
0011000111001101
1110101000000010
1010010011101100
1010111101011010
1110101000100110
1111100011101110
1100001111100111
1110111011010110
1010000100010000
0000101011001101
0000110111000000
0010000000011110
0001100100101010
0010010001001010
1000001011001111
0011010010111110
1100101000110101
1011001111000010
0111000111001110
0100001110101111
1101010110000001
0010110101011000
1010011111111000
0010101010111000
1101000101000001
1101000110100100
1001100010011110
0110111111100111
1011001111000000
1100011010110111
0000010111101100
1011110101101111
0010110100111101
1101001011101100
1011110010111111
1110100100011101
0101110001100110
0010110000100101
0101001110001111
1100100011010010
1000100001001110
0011101111011011
1111100001100110
0000101010100101
1000001000011111
1111010000110010
0010111011111001
0101111110000110
1111101110001101
1011011100110001
0001010101000100
1000011011010101
1101111010100111
1110010110001101
1101000001011000
1111111011100110
1011111001110011
1110011010010000
0101000100011101
0011011110000111
1001011010001111
0111010110000010
0001011010000011
1010110111110111
1101011111011000
0001000110110111
1111111010010110
1010001001101001
0100110001111001
1011100100111100
0111110101000000
1111111000010000
1101010001010101
0001110000111001
1000111100110111
0011110001001100
1110100010010110
0001000101100010
0111001110100110
0010100100011111
1000110110011110
1000000111010011
0110100101111110
0111101111101100
1011100000000101
1111111111110001
0011011000011000
0111100111100010
0110111011010001
0011011011001001
1011011110110011
0000101100011010
1001010110101101
0000010010100110
1100010010010000
1001111000000101
1100001101110011
0001100000111111
1000011110101000
0111011101100110
0111100001111110
0000010011000011
1101011110100111
1111001010100100
0011111101110111
0100111100101111
1101010100010011
1101111001110000
0100111110010111
1101000001101101
0101011101100110
1010110101010111
1000000000100010
0000000000101110
1111001110010101
0101100111010010
0100000001000001
1000000000011110
1010111011111011
1001100110001010
0110100101111000
0010111001110010
1110011100000010
0101100010111111
0101001000000101
1000101100111110
0110100001101001
0000000100100000
0101011000101011
0001110001010101
0010001101100001
1110111100010000
0110111001101110
1011000100010000
0100110110110001
1001101101100010
1000000101100010
0111100100010001
0111011011000101
0111101100101100
1000110010110011
1100011110010001
0100000100110110
0011011011011010
1000111111011011
0000111111011001
1010010111110010
1100011010110000
1110101001011011
1100001000101111
0111100001100000
0001010000111011
0010000011111110
0101010000110100
1100111100010001
1011100111100011
1000000000010000
0001100100010101
0101010011000101
1000011010110001
1010000000111110
1101111100100110
0010111100010001
0001100000111110
1001101100000011
0001011111010100
0110100001110100
0110000100110100
1111010011000100
1110011000011011
1011100010000001
0111111100111011
0111011000011111
1011101001010010
1010010110010100
1110001111111100
0111100100000101
0110000110111011
1110001110110111
0111010111011011
0000000010000111
1111111101001010
0010110111010101
1110111011010101
0101001000100100
0001101010000101
0001101011111000
0110010010101000
1111010001101101
1110011110011101
1100010110001001
0100011000100100
1011111101010010
1010001110110000
1101000000011001
0100001010101100
1101101110100101
0111010111100010
1111000101001001
0110111110101101
0000011000111010
0110010100000100
0001000110001110
0100000001001011
1000110100010011
0000011011010001
1010001001010100
0101001100100011
0010000111001010
0101110001000101
0010100011001100
0100100000110100
1100001000110000
0110100000111011
1010110010001101
1000101111001111
0000100001110000
0011101111000111
1010000110101111
1101001001010011
1010100010011100
0010000011101011
0011001000010111
1110011110001010
1011010100100110
0011011110010111
1011010011010110
1001011010101000
0100101010011010
1000001011001111
1110011000010101
0111011101001111
0111101010111010
1110010110110000
1010100010110010
1110011111111000
0101010101111011
1011011101110010
1110000010110100
1010110110010000
1010000100110111
1101000011000111
1111011101001000
1000000001011000
1100100111100100
1100101010011111
1011101010011101
1011111010100101
1100000010111110
0010011110000101
0000100101010101
0111100101011100
1111001000000010
1011000100110011
1101010011100000
1101110100101101
1001011010110111
0100011010110111
0000000011101100
0111001000011111
1100100110100111
0100011010000000
0011100010000011
0001001000111101
1000011101011001
0001100010110101
1010110011101000
1000011001110011
0111110011001000
1000100000101111
0111111011100100
1101011110110111
0010111010010010
1100100101001101
1101001100000100
1101111100110101
0011101001101100
1001101011010001
1101001110111110
0101111000011110
1001011101000111
1110011100100100
0110100010111011
0101110010000000
1010101101010101
0001110000011110
0011101111101111
0110111000010011
1011010101101001
0110101110100100
0011010001000011
1010110001000100
0111101000000000
1010011110100010
1101110000001101
1100011110111101
0010001101111110
0110100110101100
0000110001010001
1100110101010101
1101001000100100
0001000111011000
0001110000101000
0001001001100000
1000000011001101
1111010101010110
1110010000101011
1110001010111000
0000101101111111
0111111000010001
1010101001010100
0111110110100110
0011000110101010
1101010001011100
1111011110111000
0110100011010111
1010101000100011
0101100101110110
1101010000010110
1000101111011111
1010111001101100
1100111010110010
1100111010000011
0100100111011001
0110001001011100
0111101101110111
0011011010111100
0011111001111111
1001100101001111
1110010100111010
0010110110000110
