1100011000100110
1011101010011100
1010001111110011
0011100001011000
1010101011101111
0000100000110101
1000011001110001
0010100011111000
0101110000101010
0111111000000111
1110110011001101
0101011110011001
0010000100001111
0010101001010001
1111001110100011
0111110000010000
1111011010110100
0010001011110011
1100110011000110
1000101010001010
1000110101000000
0110010101110101
0000100111111111
0111000011101100
0111111001110111
1001011101010111
1011000001010001
0110010110100001
0111001001011001
0001110000100010
1010001111100110
1101000001100000
0001111011110100
1100011010001101
1100101100111011
0011111100111010
1100111010110011
0110001010001100
0000000010011111
0100110111101010
1001101100011000
1001011110000110
0111001101011000
1110110110010110
0010011001111100
1010011111110000
0101100001111000
0001010011111001
1101100100011000
0001001100010011
0001111010010110
1111101010110011
0000010100100101
1100001110001011
0000111110001111
0101100111100010
0111010000111010
1011001001010010
0011010110100101
0000111110001001
1101000010000111
1011101011010011
1101101100001011
1001011110110110
1101100001100110
0001100000001101
0100010011100010
0111011010011111
0000101011010000
0010010010000100
0110001010100010
1010111100111110
1010000001110001
1000100110001000
0000101111001101
1011100010101110
0101000101111011
0100111100011000
1000100110010001
0001111111101100
1111110000001110
1000001100011011
0000000111111011
1001011110011001
0001110111100010
0100110011101110
0111010101110000
1110110010010011
0011101010111110
1100110111010001
0011111111000101
1110100001000001
1001001111110010
1010101101011011
0100101111010101
1010011001110101
0110111110111111
0010001111010110
1011101101001101
1100000101011111
1011100001010110
0111000000101110
1111010011011110
0000011100011110
1111110100111000
0001100101010000
0011101011000110
1110101101100110
0011010001100101
1101101100110101
1100100100100111
1000000111101110
1111110100111011
0001000010100100
0000110111101110
1011110100001100
0110101011011000
1011111101000101
0100100001100010
0101110110111111
1011101001101100
0011011011110001
0000111000000101
1000110011011111
0001001010100000
1101111101001011
0011001111001110
1111100111010001
1101110101011101
0011110010010111
0011100110001000
1010001101101010
1100000000100000
1111101100010110
0001110100000011
1010100101001011
1000010001111110
0101001001001110
1011011110100011
1001111011010110
1110101001001101
0111101000001000
1001110011011001
1010010000001000
1100011111011001
0010100001101001
1101011100110011
0010000010110010
1110011111101110
0011111010001111
0000001000010010
0101000101011010
0110111110111001
1011000011000101
1100011110001101
1011101111000101
1100011010101000
0111111000010110
1001110100110010
1010101010100100
1001111010100100
1111111010100101
1001000011001001
1110001100110100
0111111011000111
0000000001011000
0011110100100000
0110011110001010
0010110010000110
1100110111101111
0000101110110100
1111101000001001
1000011110010111
1001110111011010
1010110000000011
1111101110000100
1100111001101111
1000110001111100
1111010011111001
1101110101011110
0100100000001001
1001000111100110
0010010000100100
1000111100111101
1110110000011000
0011000011110011
1110010101000101
1110011111101010
1001100111100010
0011110001000100
1110010010010100
1110011010001100
1010101110111111
0101001101110100
0000111001001100
0111010001011001
0111110011100111
1111100010011111
1010100011111010
0111010111111010
0110100000101100
1001010011111110
1100001000110011
0101101100110111
0010010110111010
0000101100100110
1101010100001100
0010100101110000
1011011000010101
1001001010101111
0001011001000111
0111111000010111
0000011110101010
0101001011101111
1010001001011110
1000101100111110
1011100001001111
1001110011100001
1101110110001001
1101100011101101
1110000011110001
1100001101101001
0110011100110001
1011100001010010
1110101111111101
1011010001111001
0100101011011000
1101001011100110
1110001011101111
0010000111011001
0100010000100101
0011000100000111
1010110100000010
1010011011000010
1100001100101110
1110011001000011
0001100011111111
1001110011100111
0100000001111000
0001011111000010
1011000100100010
1111011011100100
0101101010101101
0001011011110100
1011100000010110
1011010000111101
0100001001010010
1101000000101111
1000001110101110
0001101011001001
1011010111111010
1010011110010100
1010100111011010
1100011001001110
1001101110010001
0010100011101011
1011001011010011
1100000000001000
1100101100011010
1100010000011110
0110111000000000
1101000011000001
1111101100000110
0110010011000100
1100010100111101
1001100011010000
1000000000101010
1100000000101100
0111110011000010
1111010011110001
1000100000100011
1101000010111101
1101110100011011
0011100011100010
0111111110011111
1111001000100001
1101000010100100
0111111110001100
0111101100010101
1001110000000111
0100101100110011
1101010010001100
1100110110011011
0001110010010010
1001101011111100
1110011111101101
0100010110100000
1000000110000110
1101110101000110
1011010001001001
1011001110100100
1000111010101001
0000101101110001
1001111100010001
1111111010000000
1001011110111110
1101000100101010
1001001010111100
1010001010100101
1100010100000001
1011100001100100
1011010111010110
1101001000000011
1110101000101011
0000110110011001
1001011111000110
1110101101101101
1100001011011101
0000001111100111
1011101111001100
0001000000110101
1110101001100110
1000010011110011
1001001111100011
1100111000010010
0100111101100101
0111010110110100
0001001001100100
0101110001000110
1111111010000111
1000110101100001
0011011000110111
1100110110011000
0000010000011111
0111111010010111
0001110101010000
1001101000110000
1011101100111010
0111011111001111
1001010111110000
0111100011000010
1001110001101110
1101110101100000
0101001010001001
1111001001000100
0000111110101010
0100101100011110
0000101100010111
1111000100000010
1001101010110100
0001110010111010
1110110101110110
1110101100001101
0110000110010110
0100011001111001
0111011001010110
1110100000110111
0010011110110111
1000000010110111
0110101001100000
1000101110001101
1110110001010111
1101010110110001
0110101001110011
1001101100011111
0001010100011000
0010101101101101
0000111101111001
0000111110110110
0011111000100100
0010011001011001
0110100010001011
1001011011010001
0000101111101101
0001101010010000
1101011000100011
0010000000010010
1100010001110000
1111010110000111
1110110101110001
1001101000000010
0011000010111111
0111111001010100
1011110101000011
1101001101010001
0010011110110100
1001001011101011
1100101001010001
1101011101001011
1010011000010001
0110101000110100
1001111001101010
0011010000001000
1100000110111110
0100001110111011
0010000110101001
1011110111011101
0100001101000010
0011001011111101
1000000110111011
0010110101011100
0111000000101001
1100101001110101
1101100010111111
1010010011001010
1101011101110100
1101010100001000
1000010000010001
0000101110111100
0001111110011111
0000100000101001
1010100010001001
0100110001110100
0101010101000101
0100011010100100
1110100110101010
0101011001111011
0100010001001010
0111101110101000
0100011101000000
0101101101011111
1011110110011101
0111010000101011
0101101101010110
0000010101111010
0001000001111111
0111101001100011
1000001001100100
1101001001111100
1111101000110011
1110010111111111
0101101000001011
1101011100000101
0111010001001000
0011111100011011
1111011000110111
1110001001111111
1001111111111111
0100011011101010
1100011011001101
0111001000011100
1100101101101111
0011001000101011
0100010011111110
1001111011001100
1101000011100110
0101011101000001
1110001011100101
1100010100000101
0100010001000111
1001100101000000
1000011100100110
0101110111101010
1111111011001000
0101000000011101
0101001001001100
1011001011010110
0100101111010110
0100111010011101
0011101110010011
1011110100100011
1111100010100000
0001100101101001
1100100001010100
1110110001010100
0001011000000101
1101001001110000
0101001110100111
0001110011111101
1101010000001110
0111101100111111
0111010101100011
1100111000110000
1110110011111100
1110110110110110
0011100000111111
1010001011101101
1011010010111111
0110000100101111
1100101011010001
1111011110100110
0010000111010010
0111110011001110
1000110100110001
0100011101000110
0001100101110011
1101110111100000
0010101011010000
0000001100101110
1100111110101111
0100010010101101
0010110011111110
0101111011000001
1101111011111001
1011010010100110
1000111000000010
1111010010011110
1101001101000000
0100001000101101
1101101011000101
0111111011110001
0001011110111000
1101011101101111
0101011101011000
0011111001100001
0011001111101010
1101011011100110
0101011110111101
0011011111100111
1011111110100001
0001110111101101
0111100101000001
1100011101110111
1100101000001001
1110001110100101
0001101100001100
0000011101011011
0000100101111111
1111101101010100
0011010010111001
1011111110111011
