1001110100000001
0111001111100111
1000110110110101
0101001000111111
0111101101100010
1001011000101001
0001000111110010
0100111110100111
1111110101110000
0100001000000010
0010111011000001
0100100101001000
0000111110101000
0010100000010100
1010111010011100
0111100101011000
1011111111001111
0110010010111010
1100000010001011
1100000011001000
1100101001101101
0101110101000110
0011110000101011
0110110100101110
1111001000110100
1010011000111100
0100100010000001
1000100101110100
1000110010110100
0101111000101100
0100100110111001
0110110101100100
0001111110010011
0110101010010110
1000100100100000
0101011101101100
0111100100100111
0110000110001101
1011100100111000
1010001110101111
1111100001010101
0001011100101100
1010010000110111
1111101010100011
0001010100001100
0011010010000110
0110100011011101
0000011000101000
1101100001100111
1110111111110001
0111101011000011
1111100001110000
1100011010000001
1111000011001011
0110000100000011
1001001110101110
0100011111001110
1010100111100011
0101000110010001
1110110100110001
0011101111011101
0111111000011001
1001110111110101
1100101110111111
1001100001000001
0001110011000011
1111101010010010
1101100000011110
0000111001000011
0101111100110001
0100001110110011
0011100011100000
0011110011110100
0101001111001100
1110100000110010
1100010111011101
0000010010110101
1111111001101110
0110010100001111
0000010111100110
0110001011011011
0110010100000000
1010111110110010
0011100110001100
0100010110101000
0001010000110110
1101100011001110
1011101010111011
0010001110001100
1001001001011011
0101111101101011
0000111000001111
1011111001000100
1100001001111010
1010100110101100
0111011101101101
1001100101100011
0110101011011101
0110110101001010
0111000100101100
1010110000010010
0111011110110010
1100001011100101
0010001010000000
1100100101000010
1001000000010000
1010110000001100
1101111000110110
1110010000100100
0100000001000100
0110101111001000
1000101110010111
1111110010111110
1000010000000000
1100010110100001
0110010111000000
1101110110100011
0000100110111011
1111010001000100
0010011100011100
0101001101111011
1000101110001000
1110111101011100
0010010000001010
0111001000010110
1000010101100101
0011111100010110
1000010000101110
0101110101011100
0000101111111100
1010010001001000
0101111110000011
0101110011011011
1011000000100000
1110110111101101
1001100000101100
0100000010010111
1001110111101100
1011101010111001
1100010011010000
0100000000010011
1011010110101001
0111010010100000
0101110000011010
1110000101110110
0010011010001001
1100000101101010
1100110100011100
0101111001000011
0011010111001001
1011100011111101
0011001111111010
1101100000010101
1011011010011101
1111000100100101
1110111111110010
0000100111010111
0000111010010000
0111100111010110
0000101110011010
1111001011111111
0010000011100100
0100011101110000
1010001001001010
1111010101001110
1011001110100010
1000011110000111
0000011111110011
1001000001110101
1110111100110000
0100010010000101
1101001000110111
1000010101011001
1111100010011100
0001101010010000
0110100010111110
1100010001001010
0111100110110001
1111011010000011
1111111110100101
1110101111010001
0010100000010010
0011000011101100
0110100110010101
1100001011010111
1010100001111101
0101100010000101
1100111111111111
0111100110000011
0001111011001010
0110111111000110
0100101010100100
0000111110101010
1101111101000101
0011001111011100
1011010100011110
0011001011011001
1000010010101110
0010000010010010
0110000000011011
0111111101101100
1011101100001101
1100111110110101
1001011100100011
0001110100101011
0000000010001000
0000010011111000
0100110111011000
1110101100110111
0110100001101010
0100000000001001
1001111111100000
1110001101010110
0100110011001010
1111010000011010
1111111100001010
1111110000110001
1110000000000001
1010111100110101
0110001111100111
1010001001010000
1110111100110110
1111010010010011
0000110000000111
0000001101100110
0110000101000011
0111100010001101
1100000011100111
0111111101110110
1101010101001110
1100000101010010
0110001100111101
1000100000111100
0100001011011101
1011011111011101
1110001111101011
0101110101100101
0001101111101101
0101000011010010
1011111001100001
0111110011101001
1101100000101010
0100010010000101
1011110100101101
0110110110110000
0110100101110101
1000000001001110
0010011000101010
1001101100001001
0100001110101001
1011101001101100
1001111010100111
1110100010111011
0111001011110110
0001101110101100
1111110001011110
1001000001110000
1010011101101100
0001000100000001
1000001001101101
0010100001111000
0101100110000001
1001111101000111
0011110111000011
1101000010011000
1001111001010110
0110000100001000
0111001000100110
1011101101100110
1110100101011011
0000000000011100
1110001100001011
0111111000101111
0011110111100000
1111110010100111
1000100010101101
0111100011100111
0001010111101101
1001101100100001
0000010111100100
0001100001111110
0010101110000010
1000010011010110
0000101111110101
1101001100101001
1110110010101000
0001010111010100
1101011010001100
1111011011100110
1010110010001111
0011111110100110
0111000100011001
1100101101111110
1100101110010111
1001001110111110
1111011011011010
1000101101100000
1011010111011011
1011110011010101
1110010111100000
0011111111000001
1010010101010101
1001101010111100
0101011100100000
1100001001000101
1100110011000100
0001011111100110
0101011111001001
0110001110010101
1000000101010100
0110000110110011
1101100110100001
0010001111001111
0101111101111110
1001100101010101
0000111111111101
0010110000110100
1001010100111010
0011100010000110
1000000011001110
0011011110001100
1110110011101100
1110101111110111
0101001110001000
1100110001110110
0110001001101001
0011010010010010
0010111100100001
1010110011110000
0000110000101111
1010100100011011
0111010101111010
0000010001101111
0011101100000010
1111010100001101
0000110001001111
1100000110110100
0001110110111101
0101100100011000
1001110110100010
1001010000000100
0001110101001101
1011010010110110
0110001011101010
1011110000101000
0000011011001011
0010111010011000
0011100000110000
1011000101001101
1101110010010010
0110001100100101
1100001101011001
1101011111001000
1001011001000001
1001111010111010
1101101000011101
1110101110010010
0101011001011011
0010000010000101
1000011011011101
0011110010011100
1101000110000001
1001101100010000
0010011001011001
1101000111110011
0011110110001101
1001100111101111
1000011010110111
1110111011111001
1111111011101000
0001001001111011
0001001010000011
0111010011101100
0110001011011000
0010011010011000
1011111110100100
1100110101101000
1100001011110111
0110000000101000
1111010011100011
1110101100110110
1001011011111001
1001001101011110
0000000010100100
1011011100000100
0100111100101000
0011001111110011
1110110110000011
0101101101101011
0010111111110110
0111111100101111
1011010011011110
1001000111010110
1001011001001101
1011111100010001
1010001100101000
0110101110011111
1100001011001101
1001111111001111
1010111001110110
0001110000010011
1100111011100111
0010110101001100
0010111101000100
0010000101001001
1110001110111011
1011111001000000
0001110001101001
0010011000000101
0001001010000010
0011100111010011
1110111101011110
0100110111101010
1011010000111101
1100101000011010
0101100110011110
0100110100010100
1000001111011011
1101010011001101
0011010100010100
0100111010110111
0101011101100001
0010010000000101
1000011111010011
1011100001000010
0000011000000100
0111110100000101
0000101000010011
1110101000110111
1110101100100111
0000100100000010
0000110111011000
1110111010001010
1110000101110111
1111001010001000
0000011101010010
1010010101000111
0011110011010100
0111100011110111
1000100011111100
1111011100001001
0001101010110011
1011101000101000
0101011001100010
1100001011010011
0101011111010110
0010011011010101
0111001110111001
1010001110000101
1011001110110011
0110110000111000
1111000011111000
1010100011100011
1100100010110010
0010101110101101
0001010010010010
1000000110101110
0111100101110010
0000001001101101
1000000011010110
0100010011001100
1000110101001110
0000100100001001
0010000110100000
1000011100111000
0000110001110001
1010010000000101
1100000000111010
0011000010001000
0100110001011010
1010000010111111
1011001001001100
1110001010000111
0111101101001101
1010011011110001
0010100111001000
1110100001011001
1001100110100101
0110110100100110
1100100101011011
0010001011011001
1110011011000001
0000101111110110
1001010010001001
1101011000111111
0011011001111110
1011110011000001
1100011010111100
1000100101101100
0110101111100010
1010011111110000
0110001001100101
1100000011110011
1010110010001010
1000010100110011
0101001101101100
1101111111101101
1010110000111011
1100100000011101
0110000110010101
0111111001111101
0011011011100110
0011101010001011
0011000101110101
1001011010010011
1011110101100000
1110110001001111
0001110111010000
1001110101010100
0000000110110101
0101010110010101
