1101011100011111
1100010000100101
1110011101001011
1101010001010110
0100000111000111
0011010110101101
1100111010000010
1010010011011100
0011011010110000
0101001010010100
1101010110001000
1010110010011000
1110010010000000
0101010010110001
1010111101101001
0110011001110011
0011110010000101
1011011001001000
1011010010011110
0111111110100000
1001100100110000
0011001011011100
1001101100101101
0101010000101000
0011010010110001
1011110000011100
0100111101010001
1110000011100111
1100101010101101
0111000111100011
0011101001000111
1100000001101001
0111010101100110
0001010101010010
0011101111111001
0110111110010101
0101101111100011
0000111111000111
0111011001101100
1011100100000100
0010001011100110
0110001000000000
1000011001111010
0010000111100000
0010111101100011
1111110110101001
0010011111111111
0010110001001000
0010001100000101
0111001111011100
0010110110110001
0100111011000010
1101000011010011
1010001100111000
1000001000101110
1110100011011010
0010000110110010
1010010100010110
1100000010000110
1100010110111100
1010100010110100
1010100010100101
0001010001010111
0100111100100000
1000100000000000
1110001001101100
1011000101111110
0100000001111111
1110101110001010
0000111011000110
1010100110011010
1000011111101110
0011011111001001
0111011000000101
1000110001100001
1010001100010100
0011010100110101
0001001001100100
1101101000110010
0010011000011010
0011000100001011
0111001101010110
1001111011000100
1001100100000001
1011111000011010
0100010000111001
0100101000001010
0110001001000010
1101001000110001
1111011011101111
1011010001101000
1011011000001101
1000101111100010
1111100011000001
0010100111111000
0010011111101001
1011011101111001
0100110110111001
1001000000010010
1111110111110100
1101110111011010
1110010010001111
1011000000111100
0001011010100001
0011100011100001
0010111000101011
1010111111100001
0000010000010100
1000101010011110
1110110101001110
1011101111010001
0010001110000001
0110111001111001
1100001110101110
1000011011001111
0011011000001100
0010100011111110
0100100101011100
1111111110110010
0010111101100101
0011011000000101
0011010101111111
0101000111010000
1110001110000001
0101000110110010
0111011010001111
1100101100000111
1101110010110110
0000001000010001
0101011111100011
0111111000110001
0100010011001100
0010111101011000
1000101010011000
1000101110001100
1011101100100100
0100000111000010
0111000110100100
0110110000001010
1001010110000111
0001011110101010
0001110110000011
1101101100101111
1000110001110100
0101100111011011
0001100100010000
1100110001111000
0100001111011101
1101010100111100
1001101000010010
1100100000110100
1001010110010010
1011101000110101
0101100011110010
1000110101010000
0000010101010011
1100010110000010
1101110001000100
0111110101000011
1100011101110101
1011111100110000
1100101111110010
1000001101001010
1100001111010110
0011110011100011
1010100100110110
1110100100001101
0101101011011110
0000111011000111
0101010110111001
1100010010110000
0100100100001111
1000111010110010
0100100001000001
0111010011011010
0010001100000101
1111010010101001
1001100111110011
0111011010101111
1000101100011011
0011000110101000
1000110100100100
0101110110000100
0010000110001110
1100001110001101
1011111101011000
1010010110101110
0010010010100100
1100100100010000
1010110000101101
1110001010000100
0100110110000100
0100010001000110
0101011101000110
1111001100111010
0100101111011011
0111000000111111
0111111111101111
0110001110000100
0011101101100111
1111100101001100
1000011111011000
1100111101101001
0100010101010110
1000110111100111
0100110011000011
0101101001011010
0000101110001111
0001000101111100
0111011011111000
0101101010001000
0101001100000100
1010001011100010
0111100111111100
1001010010001010
0001000111100000
1111100111000001
1111101110011001
1100001101111111
0000001111001110
1000000110111000
1000001001010000
1110110011001000
1000101010010011
0111010101001100
0101010101000011
0101000000100110
0111110011101100
0111111011011100
0000011001001000
0000011110000010
1000100110010001
0101101100111101
1000010000100000
0111001011100010
0001110101000010
0110110100000101
1101010111000110
1110101111011110
0001101011000010
0000101010000111
1110001111001100
1110000010011110
1100011101001101
0000101010111011
0011100011000111
0011010101011010
1011001110100111
0111001100111000
1010110101001111
1111000110010101
1010111011000011
1100001011010100
1111001111001111
0011101101010001
1111101011011111
0010001110000010
1100110011010001
1010101001101110
0111100101111010
0100110010001001
1101110111001011
0011110001110010
1100000000010001
1000010100100101
0111110110101110
1111110000011110
0001101000110110
1111111111001011
1010001111111011
0001100110010100
0110010101001010
1010000001001011
0101000110010101
0101100101101101
0111100011001101
1000011000010000
0111011000111100
1010000110110101
0011110001000111
1101001000000101
1000001101111110
1000111001110110
1001101011001110
0100111011001111
1100100000011010
0000100111001100
1101100011100011
1111001111100010
1010110101110100
1011011101100011
0111101100111100
0111011001101100
1011100111100111
0111111011110101
0100010011010001
1001000111101010
0110001110011010
1100010100011101
1001010101110000
0010100001101101
0010101100000010
1100000001010001
1111111101000111
1011110111011000
0011100000110100
0111010011010100
1000101110101100
1001111101000111
0000001010010010
0101011111101000
1010001011010000
1110101110111000
1000111110110101
1111001101000010
0011000101110001
0001011010010011
1001010111110111
0011001111100100
1100001011100001
0110001001101110
1101001100010111
0101101100001111
1100010110010101
1111100001100011
1010010001110111
1111101110101000
0100111111100010
0010100010010000
0100010011010001
0001011001101010
0101010001111000
1110101110111001
1110001010101101
0010111100101101
1000001110101110
1101101000110000
1000101111110011
1000101110110100
0010101111101100
1110111111000101
0000111100100011
0100110010010101
0101011111101001
0101001011101000
0110110111001101
0001010100000111
1010101011010111
0111011000101011
0001000010010001
0011110001111010
1110011110100000
1000100001111000
1100110011111110
0110111100110011
0001010111100100
0010110111011111
0110100010110010
1001111001010110
1011011100110011
1000110100111100
0110111001010010
0111110010010011
1000001000000111
0111110101000110
1000010110100111
0000101111111101
1111010000011001
0000010010010001
1110000001101110
0010110111000011
0000101100000100
0000011101100001
0011111011101110
0111011111100100
0101010110111101
1001111000110000
0111001100111001
1000100011000011
0010110100111111
1001100110001001
1100001011000101
0010010110000000
0101101111110011
1000001111010111
0111100000000001
0011001011110111
1001011000000100
0001010010010010
1010000001100110
0011101011101110
0110101100101001
1100001110100000
1100101100100100
0001100000011001
1111110011000101
1111000110110001
0001000011001111
1000110111100011
1010100100100001
1111110110010001
0111100011100000
1000100000011100
1011001100001100
1101011011111000
0101011000010110
0110011110110011
0001001011110000
1011010100110010
0010100100000101
1100010101010000
1000111111111011
0010011111010111
0100110011011100
0100011110110010
0001100010101110
0000100100011001
1011100001010111
1111101010000101
1000011111101010
1010000111001000
0011101010101110
0011111011011010
0000001000001000
0111100111011011
0111111000001111
1000011100000010
0001101000010101
1111011000000100
0011000110111100
0111101110110101
0000001001010111
0111110100011000
0011101111010011
0110010100010000
0100100000010100
1001000011010000
1101000000111010
1101101110011001
1011000110100111
1000010011100110
1010101110110110
1100101011011101
1111001001010001
0000100111111110
1000100010001011
1010001010011100
0011101101101001
0000000111111101
1011001000111101
0110111110011000
0011001010101100
1011101010101100
1110101011011000
1000101110100101
1000000111111110
0110101110110111
0101000110000000
0100011101101100
0001001111100101
1000110011011010
1001011000011001
0000010011000111
0101100011001100
0110111000000000
1111101110110001
0011100101011010
0000000001001000
0111011010000100
0000111000110101
0000110001111111
1010000010010101
1101101100111001
1110100111100001
0001111101111011
1110111000100011
1111001011100011
0000011000000111
1110100100010001
0110100110111111
0010011001010001
1010001010110010
0110100110110100
0100100101110100
1001101101110000
0100111001010111
1000000110001101
1000000111100101
1001100011100100
1001100011010000
1110110101001111
0110001010100001
1001101111010110
0110001011101101
0110010111111110
1011110111101011
0011101101010001
0011001100000100
0101010000100101
1000111100110110
1011100100101000
0110011001010111
0011011010111111
1111011111000101
0000011110001000
0101010001101011
1110110111110111
1010000000100001
1010011101001110
0011011100001001
0010100000100000
