1100000011101011
1101111011111000
0010111001011111
0011100100101011
1100000110101100
1011011010011110
1110011101101110
0101011000101011
0001110111000101
0110110001101011
1101110001010110
1100111100110101
0101010001100101
1111101000000001
1101010101101000
1100101110011110
0011010111101000
1010111010000100
0011100101010110
0010111110000100
1011011000000110
0101001011000010
1000111011111000
0010000000000101
0110111010110111
0000111011110010
1011010101001100
1101011010000110
1011001000011010
0001010101011001
1100010000011100
1010001100111011
0110000110000001
0110101000010010
1001101111101100
0011110100000110
1011100111111110
1100101000101111
1001110110111110
0000000001111001
1000101011111101
0100100011100111
0000111010000110
0100000000010101
0010111101010100
1000100011101001
0011111000101101
1001100011000111
1011110100010111
1100111011111101
0001110101010110
0110100010010000
0101000111111110
1001101000010010
1101010000001110
1110100111000000
0110010001110010
0010010010110010
1101001001100001
0110111101001001
0111110100100011
1010010011100111
0000010110010101
1100101001011110
0100100100100001
1010111010000011
1101100010011011
0000111100110111
0000001101011100
1000101010101100
1001011110010001
1100010000010001
1101110100001110
1000101100100001
1001101000111011
1100011000100010
0010111110110011
1011100100110111
1000011011110110
0100110101111000
0011011111110110
1001000101101100
0110011111011011
0110011000011111
0011010110111101
0001001011101001
0000000000110101
0010101001110000
1000111011111111
0001010100010000
1001110001110110
0111110010110110
0100110001001111
0101111010001101
0111000100000010
1011101100100101
0101101001001000
1100011101110101
1100111011010111
0110001000000011
1101000110100110
1100010100111011
0110100100101110
0101010100111000
1011001010100011
1011111000100111
1100101100010011
0000101110011001
1100000001101011
1000010100000000
1010111001010010
0100000101110011
0111100110011101
1110111011100010
0011010111100111
0000011011111100
0101100101000100
0111111011110111
1011011001010101
1001000101010110
1110001001010001
1110001000011000
0111100000010111
0111011101001011
1111110111000110
1000110001100111
1100111001111011
1010001001000000
0100110101110011
0010111100100010
1111001010010110
1101110001100011
0011111011111111
1000011011011011
0100100000110000
1101111010010010
1111011110000011
0100101111101011
1000111010101000
1110110011000000
0101111011110100
1100100101110001
1010001101010100
1011100101100001
0011011010010011
1111110101111111
1001011101001110
0000101001101100
1000001010101010
0111001100111001
1111110011101000
1010010101010100
0111110110010110
1110010001101111
0010000110000001
1111001110001011
0110010101110101
0100000011111101
1011000010011100
1000100111111111
1010001100111100
1100101110011100
1001110110011101
0001111010001100
1011100110111001
0001111000101001
1011000011100110
1111001100010001
0101000010001110
1100000111010010
0011111001111100
1010010101101111
1100001101001000
0110101000000101
1110101001010100
0100011010101111
1110100110000010
0011000010001011
1110011001110100
1110100110101011
1010100101111000
1111110001000111
0111100010110110
1110111100010111
0010110001011010
0100000010000111
1110011100100100
1111101110100011
1101010001100110
1101100101100010
1010010101001011
1001111000000110
1101100000011010
0111101001010100
1010010001110110
0000011001100101
0110101100111101
1111100110010111
1010000001000001
1011100010010010
1011000001111110
1100001101011111
0010000000111011
1110011111001011
0011100001111101
1101101001101100
1001000001011011
1111000010011111
1001101111010011
1101101010110100
0100100111110100
1010111101100100
0110011111001110
0101011001011000
1100101110011001
0001110111011111
0001100001001100
0010001100010110
1111011101111011
1110100111100000
0001101010110000
1001000110110110
0100101110100100
1011101010001011
1110011000111011
0001000000110000
0001010010110010
1010011011000100
0011010110100101
1001011011110100
1110100000001000
1011110111001000
1100001000100011
0010110101001010
1111010110100110
0111000000011000
0100101100001101
1110000001011001
0111011010001111
1111101010010001
0110010010100100
1101100000101101
0110101000011011
1101011001100110
0111111100010011
0000001110000010
1011000111100000
0100001001000000
1101010000000100
1110010000000010
0100001101000110
0111110011101010
1011000110011000
0100011111101011
0101010101111111
1110000100010111
1101101101000111
0111100011110100
1010110011000001
1111001010000111
1100110010010001
0011111111011111
1011111011100110
1001010001101001
0101101011011011
0001000110100111
0011110100111001
1011111110001100
1110101110111001
0111011101100011
1010111101111110
0111101001000110
0101110010101110
1101010000001001
1000000000010011
1000100100000011
1000101001001011
0110010000111110
1110010101001110
0101000011101110
1010010100010011
0000000010011001
1110010101101010
0001101100001001
0001100100110101
0111000001010010
0101001110110000
0110110010011001
1000000010000110
0101101001111011
0110000101000101
1111011011010010
1000110111001110
1011011000101000
1101000001000110
0101101110000010
0111101111111001
1100110110011111
0111101000111001
1011010100111101
0011100110111111
1011110000110001
1101100101011101
1110011000101011
0101101010100000
0111100100001010
0000001111110011
0110101000010000
0100010110110100
1111110011001111
1011100100110111
1010111111011100
0100101111000010
1001000001000011
1011001000101000
0111000000000111
0100110011110101
0100110011010100
0100010000100101
1110110011100110
1001100110011000
1100111011001110
1000000110100100
1011001000001110
0001100111110001
1111111011000100
0010100111011111
0111111100100101
1100010010011001
1110001011000110
0010100010100110
1111100111111011
0100001101000110
1000000000111001
0010111101110101
0001000001110000
0011110111100011
1011110111001100
0110010110110100
1110001101010000
0001100111001001
0110111100011100
0001000010011000
0111100001011000
1111000111001101
1100010001001010
1000011000011001
1000010011100110
0100010101100011
1010000100111111
0100110100100100
1010000011011011
1010010010001000
1100100010001111
1001111001101011
1101011101111010
1110010010110101
0101000111110010
0110100110100010
0111101011111000
0111000110101001
1010010101000100
0100101001010110
0011001000100010
1011100101001111
1100000101111101
0011110011100110
0100111100101110
0001110010100011
0101001110011110
1000110001111000
0011110001000111
0001000101000001
1100110001100100
0000010111110010
1111111001110000
0000000110100001
0101111101110001
0001110001110110
1100011110010101
0101110100010010
1101101001000110
0100110111111100
1011111000011011
1001011001111100
1001101000000101
0010100101101010
0010100001101101
1101101100101101
0010111011010001
1110111011111010
0000111101010110
1001010010110110
1000101011101011
0001100000110011
0111100000110100
0001010011101101
0101000000001101
0111000010010010
0100001111000101
1010011011011011
1010110100000001
1011100000011010
1011100101010010
1101000101111011
1001111010001100
0001101011000010
0010101011110001
0100101001111111
1110000100010000
1011111111001001
1001100000000000
0111001110110000
0001001001010111
0001111001011111
0011011001010111
1111111001111111
1101001000100010
1110110000110110
1001011101100100
0101100110010011
1110011001110111
1100100011111101
1110011101100010
1011010010111100
1100000100001111
0001011011101110
0001011100100001
1000001100111000
0100110111110010
1011100010101110
1001001001011000
1101000100110010
1000011001110101
0010010000011001
0110000001001001
1101101000000100
1011111011000110
0110000110111000
0000000010001011
1110110111001111
0111111011001101
1011100010100000
1111101110011111
0000010001010111
0101111001000011
0101001110111000
0011010110110010
0100010010111110
1101011101110101
1111111111110010
0010111110110100
0100111110101011
0011000011011001
0100111000100010
0011101011110001
1011110111011001
1000010101111001
0001100100110000
0000111011001111
1011111100000100
1100100100100010
1010010111110010
1110011011111100
1001000110111001
1100001000000011
0000101000101100
0110001000101000
0010100010110001
0100111110110010
1011100111000011
0011011011100010
1110110111000000
1001101001001011
1011110010111111
0001000001001101
0000001000000011
0101010011000011
0110011110111000
1111000111110001
1011101100001010
1110111001000010
1100011111000011
1101001000100010
0100111111001001
1101110100101111
0000100101000110
1011001100101101
0110100111011011
1111011010000110
1001100001111011
0101101101100010
1110110011110011
1111100111000000
0101010001000011
0010101110011100
1100110110011110
0111011110110010
1001110111100101
1111010000001010
1101011010111100
0001100001101100
1101010100011000
1011011000011111
0110101100110011
0111011010010100
1010100010110001
0011100101010101
1100111000100111
1101101101101100
1101110000010110
