1011001110110011
1110011000010001
0010011000110101
1100110011001111
1111111100111101
1100000001100001
1110101110011011
1011001000010101
0001011101110101
1000110101101100
1111110100110000
1111100110110101
0110010010110100
1110100001111011
0000010011000100
1011100100110000
0001010001111000
1000100010010000
0100111110100000
0010110001001111
1110011100101010
0010111010011001
1000011101010010
1101001110011001
0100100101001110
1010011000010011
0111000101111010
0110011101101111
0010001100010101
0110110110001001
0101010001110101
0001101100100010
1111110111011001
0111011111000010
0011001001101001
1110000111110101
0100100010001000
0011011010010110
0011111111100100
1000001110101110
1001100111101001
0011011100001101
1101101010010011
1110111001011110
0101011000101010
1001101101001000
1101000111011011
0111001110111100
1110100011000000
1000011010001010
1001001111010000
1101101100100101
0000001001011111
0100101110111110
1001001111111111
0111110111000100
1000101011011101
1011110000100000
1100001001111001
0010110000011000
0111100011111000
0001100110000010
1101010111101110
0011101000011000
0000001111001011
0011101011000110
1000001110000011
1001100110010101
0110111101011110
1100111000101100
1000101011100101
0100110001001000
0101101000011111
1010110011011010
0110000110100111
1110001100011001
0001101101110011
0000100011010010
1011000000110001
0001101010000001
1100010101100110
0111111001011010
0110101111000011
1001000101101010
1010011110010011
1111011011011001
0010000000000111
0000100111000010
0111111100110101
1100000001001010
1011011101000110
0010101110001010
0111111101000101
0100000011001100
1101101001001101
0000001100000101
1010010101111110
1101001110011100
0101101110110000
1000011110111101
1000100010000011
1110011000010000
0010110110000110
1000101110011110
0101100101011111
1100100111010001
1011101111100000
0010001110010101
0001001000111010
0011001111101010
0111011001110100
1111111100001011
1011010101101110
0011010000011011
1011010010011000
0010110000100100
1100010110100100
0000100100000010
0011111101011101
1001110010100110
1011000000000110
1111011011001011
0010110000100000
0011101001010001
1110100000100100
1011101001111010
1010001001001011
0001111011001100
0011000011111110
0001000100000000
1001001110101000
0110010100111111
1010100111111011
0101101010110100
0010001001001111
1011110100010000
0110000010001101
0001011100110111
1101000010100010
1101111000000000
0111001110111011
0001110101100111
1100000100010011
0100000001101111
1110111110110010
1100101100101110
0100010110100101
1001011011001000
1011110010101101
0010010001011111
1101100110001111
1010010010110011
1101010000010100
0010100110111110
1001110001110000
0111100101110000
1101101000001111
0110001010101001
1100101000100110
0110000101010111
0101110011111100
1111100111111110
0100010000000111
1101110100010010
1000001110010101
1100100001101101
0000010100101000
1001100100110100
1001010110100110
0001101111010100
0101110101000101
0111111011100100
1100111111100111
1110001011111111
0111110000110111
1011001100001111
0101011111101010
0010011011000101
0010111110001000
0100010000100011
0110001000101111
1100110001000101
0101100110100000
1110100000001011
1110100110111100
0110100001011110
1011111111110001
1010111011011111
0000001101011001
1011101110111111
0110001111111101
1101001001000011
0111001011110110
0011101001000101
0000001111111001
1011110100100101
1101010100110000
0111100000001011
0101100011000110
0101101111001101
0100111011000110
1010101000010010
1110010010101001
1101100100100010
0111111111111110
1101011010110101
1111001101010100
1001110010101101
0111010010010000
1100000100001111
1110011011001000
1110111111111000
1111101011110000
0111100001010111
1011110111000100
0010111111000111
1011011000001110
1010110001010000
1000011110111100
0100000100100010
1010000011100000
0010011000001111
1110110000000101
0101011001001110
0010100000001110
1110100011010011
0011111011001100
0011011101001010
1111001000110011
0110110001101110
1011110111101110
1010111100111010
0101011010101110
0111001011000000
0110110110011110
0001000101100100
0111000110111001
1111101111000110
0110100110101100
1011101111101010
1010101110010110
0001101010101111
1000111000010110
1011010011000101
1010111000000110
1010010011111010
1100110001000011
0011110111001110
0100001110111000
0011101100001110
1001011000011011
1111000011111110
1110001010011110
0111110000110010
0010010100010111
1001010111100010
1001010110110000
0011111001111110
0011111100010111
0000101110001011
0010000101000010
0000001010000000
1011110100111100
1111101010101011
0111011011111111
1101011010011001
0001111011011100
1010111110101000
1101100000101111
0000100000001110
0011110100111110
1110001010001011
0010000011110000
1110001001011010
0001010101010010
1110100110001011
1111011111101110
0110101101100010
1110101101011011
1100101100010111
0001111011100011
0010011000101110
1101111101100001
1000101110110111
1001100001010010
0010100110110111
1110110110010001
0111000100000000
0110000101101000
0011001000110011
0111100100101110
0011101101011111
0001100011100011
0101100100010110
1011100000110101
0001100010000100
1100001010111000
0000011100110111
1011100000100000
0000011011100010
1010101111101010
0110001111010101
1000111101101000
0111111011110001
0000111111000101
0000100000010100
1010001111010001
1010001001011111
1111101011010011
1010010101000100
1111100001000010
0111011111100000
1010111001110000
0101010110011111
0000101111010011
0010110011100000
0011111001001111
0011110100010001
0101011111011010
1101010000011110
0010111010111110
0101011000001011
0000010111100110
1001001001101000
1011011010100011
1000000101011001
0010111110110101
0101011010101000
1111010101111110
0000011100000011
1100011010001011
0011111010001111
1111100110000100
1010010000101100
0100010000111011
0001111100000011
0000110010010101
0100011101001011
0000010110010000
0110111010011101
1101010010001001
0110010111000100
1110110110101111
1111011101011101
1010001001001010
0110000110011100
1010110110101110
0100100001011100
1001011110001000
1000111001110000
0111000011101111
1100011000110100
1100011101000101
0110110100010110
1111001011111010
0001000000001100
1001111101101111
1011011000101000
0011101100100101
1001111110100101
0000000101001111
1110010111000100
1001001100100100
1110001000100000
1111101001011010
1101001000011110
0101110100001101
1101011111100101
1100111100110001
0100111100000011
1111000000110110
0010111010111011
0000111100111101
0100101111001101
0111000010010101
1110111000100000
0111011110011100
1001010111010110
0010001000000100
0011100001000000
1100000111111111
1000001011001000
0100001111101100
1111011110101110
1110011001110011
0000001000100100
1110010101010000
0101001011011101
1101011111010101
0111010101011011
0110100110100001
1110110000110011
1101111101000001
1110110010111101
1010110000001001
0000001111101001
0010110001010101
0011100100110011
1010111001101010
1100010001111100
1001101010001100
0000001110000010
1001111101001000
1001011001101101
1000010011000010
0010011111110111
1110100111100101
1010011000111111
0010001110011000
1110001100001100
1110001110101010
0001011100100111
1011101000000101
1100110111100100
1010100110000111
1100000111000001
1111011101101011
1010100011110100
0100111110000000
1110100010011111
1111000111110110
1000010100011010
1111001010101110
0010111011111111
0011000010111101
0110010111010110
1101011110001110
1101110100111000
1111100000111011
0011111001100010
0110101101000110
1111010111111101
0101101000110101
0010011100001000
0111010100111001
1101000000111100
0010110111100010
1001001000001110
0111001111010000
1001110001010001
0110001001011100
0001111010011010
0000001001101111
0100011011110101
1011110010001011
1000001101010110
0111111001000010
1110111011011000
0000101110110001
0000111011000111
1010010101110000
1101010111111110
1001011000100110
1100010010110000
0011000100100100
0111100100100000
0100011111101101
0011100110101111
1001001011100001
0100011010001000
1001001100101101
0000000101101011
0010001101001111
1001101100001100
1110111100100101
0101011100000111
0110101111001111
0110111010110011
1001000001101110
0110010000011000
1101100001011001
0111000011100101
1111010000000110
1001011111000100
0010101111000110
0000000001111101
0100011001011010
1111101000000110
1001000101010111
1110011000000101
1001101011111110
1010111101110001
0011011100110001
0010010011010110
1001100101100001
1001000100101010
1000001101010000
0011001011011000
1100001011111101
0111111111101100
1000101100111000
0010010110000010
0001111111011010
0111111101101101
0010001001111100
1011001001011011
0100001011011000
1010101001100000
0000001011111110
1001110100111000
1110011001010110
0111100111000001
0111101111100001
1000101111100000
1110111010101011
1011100111001001
0010100000100101
0011001110000101
1111001111101111
0001011101011000
1111111101011101
