1010010010000011
1000001001010100
0010011010011011
0111011011000000
0111110000100110
1001010000110000
1010000000010010
1010010011010101
0000000010110110
0000000101100100
1011101001110001
0101100110111111
1000011110111101
1001101100111100
1011011000010001
0010110011010111
0111111011011001
1000110001101110
0110011101010111
1110000100101110
1000101000001101
0110110010010110
0100110011011000
0010011000001010
0010101000011111
1011011111010110
1111100110001010
1100100010100101
1001100011000010
0001111110100111
1010000111100000
1011101001000110
0010111100101011
0011100110100110
1000000000100101
0101101100010001
0011110111101101
0100100110011111
1101001010001011
1101110101000110
0110010110100100
1000110101000010
0010011001101001
1110010000100100
0110110011000101
1100100100111010
0101001010100001
0000100111111100
1001110111111001
1010100111000110
0110010001001011
0110100110010000
1100100100010010
1100110001010101
1001011100001010
1101010001100000
1100010111100100
1100001000011110
0011111111111010
0100001110001111
1100101101101010
0001100011001100
1100100100111010
0010110101101010
1001100001010100
0001100110101010
0101011000101010
0011101100011110
0101011011001100
0100100110011000
1010001011011000
1000111010011011
0111111001011001
1001101010110011
1110011101110000
1100010110011100
0000110011101111
0010100000000000
0111011111010001
0111101000010010
0001011100000001
0100110100011011
0110100110110000
0010001100011101
0000010001000000
1000111110110110
1110011110000000
1110010111010110
1001001110110111
0111110010011011
0110010000011010
0100000100000100
1100101000111110
0001000100100110
1110101111000110
1000110100101110
1110101100011000
0011000001001000
1010101110101110
1101110100001100
0100100010000101
1100001001101100
1011000111011111
1010101000011000
0000101101100110
0010110100000100
0000000111000101
1100010001010111
1010100001111101
1100010010100101
0100010101100011
1110110101111111
1000100101101000
1000101000110111
0001111110101001
0010111101000001
1111110111111111
0011001000110011
0101011100110101
0101000101101110
1100000000110001
1001111011001100
0010101001010100
0011111010100100
0100000111011001
1100111011111110
1111011010100000
1100101010110011
1100000010111110
0000101110011111
1000100100111001
1000000011101011
1001001110000011
1111110000000111
0001010000001100
1101001001111100
1101000000111001
1100110011000100
1100000101100001
1111000110000110
0010100110100101
0110000011101110
1101001111111111
0111010011110011
1110111011110101
0110110110110000
1001010100001010
1111010000010000
1001100011000011
1010011111110100
1000000101010110
1010010101111110
1001100111100101
0110111111000110
0101100001101011
0100111011001100
0101001110110010
1111001101011001
0000000011110010
0100110000000100
0011100011001110
0100100101100010
0001001100000101
1111010011010100
1110100011110100
1000101101000000
0100011110010010
0110101101100011
1111010010100010
0100010000110011
0111100100110000
0010100110001111
1100010011110100
1110011101110110
1101000010110001
1100111101111100
0110001010000001
1010101110010000
1100000001111101
1110100101010101
1011100011001110
0111100100101110
0000001101111010
1111001000010000
1101010100000110
1000000101110110
0100101111110100
1001100110110101
0100110111101001
0001110000010110
1111111001000111
0011111010000111
1111001100010000
0100011010111000
1010011001011100
1111001111110000
1101000010000110
0110000111001000
1010011010001110
1100010110011100
1111111100010110
0110011000100011
0010110101111000
0111011001010011
0101101110010011
1110101110100010
1010100010111000
1010011000110011
1010000111100001
0001100101100011
0000110111110110
0000011001111110
0110000101101001
1000010001111111
1011100010001011
0111100100011101
1001111000101100
1101011011010101
1101100010110100
1001000110000010
1001110101110101
1010001000100111
0110011011010011
0101010101110111
0101000100101001
1010101111000101
1101111001001010
0101001001000101
0100110000011001
1110110010100111
1101111000001111
0011111101100111
1010100110001000
1000111110101100
1010110010001011
1101110010001010
0101010000110010
0000000000100100
1010101001010110
0011100111010110
1011000010010001
0101011100010001
0100001000011001
1011101101100010
1111100101111010
1101110000010111
0010011101010001
1001100101001001
0101010110010110
0010000111101010
1001010110110000
0011001111011110
1011000010111000
1100010011000111
0110100011111101
0101100001101111
0100011011000001
1010001101111011
1110010000001101
1100010010011011
0110110101000101
0110100011011100
1000010010110100
1101110100001111
1011100111011001
0110111001000000
0001101001000101
0001010000111010
0001001010000010
0011111010000110
1101101000111001
1011000110000010
1111110001111001
0001000010000011
0111011011010101
1101010101110110
1001010010011000
0010101100111000
1010001011011001
1011110000010100
1110011100001011
1100001110110101
1110001100100010
1000101111110001
0000011101001101
1100111010101101
1111110011011000
0101110001111100
1010011110111100
1100101000100100
1101110000100000
1100001000111010
0100000011101110
0101000100011000
0001111111101110
1010101011111101
1100101110010100
0110101101001010
0111001110001010
0110010111001111
0111101011000110
0001011100010011
0001110111111101
0000000001000001
0010111010001101
1110100110110001
0001111101010001
1100010011111011
0111101010101100
1110011001100101
1010111100111010
0110000000111111
1010001101101110
0110101111010110
0110100110011100
1110011001101101
0101101010000101
1000101000000001
0011010010111111
0001000111000110
0010011101000010
0001110011001111
0110111100100101
0110001110111011
1111100011110111
1010100001101000
1101110110110000
0011111100010001
0111011110000111
0011100101111101
1110001010110101
0010010110110101
0100100011000000
0100011111001011
0001010100001011
0100101010101100
0111101100110100
0000001000111100
1010011001000111
1111001101011111
1001011010000001
0011100011010111
1100110110010101
1000010110110000
1101101110011000
1100110011011101
1001100010110001
0110001011010101
1101010011111110
1100010101001111
0110111000001000
1010001001100101
0111100100010111
0010010010010100
0000011000110011
0011010011010010
1010111000000001
1110100010011111
1000100111010000
1000010011000010
0111110100100010
1101100101001111
1101110111100110
0001110001100000
0110011110101101
0101001111101011
0000111011101000
1101110110100000
1000010101101110
1001001100001000
0011100111010000
1101101111000001
1100111010001111
1011011000010000
1010100001001001
1101111100000111
0100110000011101
0111011011100100
0111101011101010
1001111101011101
1010000000010100
0000111110011111
1101101011010011
0100111010010001
1011100010000110
1001011110100000
0111100111101100
0100101011000010
0111001101100000
0001100101001010
0011000110111001
0010001101001101
1101010001001110
1101010111010101
1001111001101110
0010001101100101
0100100011000011
0100001111100001
1110001001111110
1101000011011111
0111111100000111
1001000010011100
0111110010001011
0011000101010010
1000000111100001
1100101111101000
0001011101110110
0011011001000100
0010100101010111
1100011000100101
1001000001000000
1110111011100010
0111010111100010
1010100100011110
1001100011100110
1110000110110111
1001100010101110
0010100101101010
0001110010011100
0000111010101101
1000000100101100
1001000100101111
1110010101111111
1001010011000010
1111110101001110
1000000110111010
1101000000011100
0111100101010101
0001101100000110
0011011001011110
1010010110000010
1011101010110101
1111011001110011
1110111000001001
0011110000110110
0001101110000000
1100110100000110
1101111010101101
1000111001010011
1111010001001110
0001100101001011
1101001000110101
1001011001110101
1011000110101010
0101001101101110
1111000110101101
1100111000001000
1010101000011001
0000001110000001
0001101101011110
1011010101010111
1000000010001000
0101111011001011
0010011000001010
0010111110100000
1110111110011010
1110001100110111
0111110011100111
0001101001010101
1011000100110110
0100010100010010
0000110010100011
0111000111100010
1100000111110011
0111000011000111
0111001110100110
0011100011001011
0100111001111010
1000101001111010
0011100101100111
0011010100000111
0010110000100100
1011001100110011
0101011010011011
0010101111010010
0000100001010110
1000110000100000
1111111101000010
1001001110010101
1010110001001011
0000010000100010
1010010011010101
1111110010011001
1011011111110101
1111101001111111
1110101000101100
1101110000110000
1100000101110110
1011110011101111
0000101111100001
0010011001111011
1101001000111101
1111011001000100
0111001111001010
1010111101110111
1111100100110000
1010111000110010
0111100110000101
1110011000100001
1111010101100000
1000001100110000
1000100011011100
1001111101000000
0000011101010000
1011111100001000
1001000100101000
0111101011000100
1111010110111110
0011110101001101
1000010010111111
0011011001110101
