1010110011110110
1010110011011011
1110011110011001
0001000100100001
0011111010100001
0111010111010001
0100010110101100
1000001000010000
0000100101101010
0011101010101111
0100011111101111
1010110100110101
0001101101010011
0100010100010110
0111111101001110
1100101110100001
1010110010111010
1100010101101101
0010111100001001
0101010101000110
1111100111101001
0001100110111001
1110001100101001
1101010010000000
1010001100101100
0011100010001000
1010001101101101
1000000100001100
1001000100101100
0100000011000101
1001000111011011
0101100110010101
0001100111111000
1011001110010000
0111101100100011
0110100100001110
1010110010110101
0110010100000111
1011101011011010
1011000011110100
0100100000101100
1000111111101001
0011111001011001
1100010100110000
0100010010110111
0011111010010001
1110111110011001
0111001110101001
0111110110100010
1011001111110001
1100000001110101
1001101100000011
0010001010010011
0010111010000101
1010011111000011
0110111010100101
1111110011011111
1101011110011110
0100011111110001
0001011001010100
1101111001001000
0001110111101010
0001010110101101
0100000010010101
0010110100000011
1001101101010101
1100011111101001
1100000011100001
1100101010000011
1101010010011001
1001001000100010
0001010010101000
1100010010101111
0011101001001100
1100110001011110
0110111111101001
0011110000100011
1011001111010100
0110110111001001
1111110000110011
1011111101000011
0101001010100011
0000101101101110
1000010000100010
0001100000111000
1001010110100011
0110000000101010
1101001001100001
0001011001000000
0000010001111100
1101100111110100
0101011001001001
1111010001001110
0000001110100011
1111011000111110
1001011101000111
1011010101010110
1011000100000000
0011101010010110
0100101111000011
0000010111110110
0101011110000101
0010101111101000
0010000110111100
0101011011001101
0100000011011110
0011110111100000
0111100000001000
1110110011111010
1010011011000101
1100001010001101
0010100010011011
1001111101101000
1010001101111001
1100100111111001
0001011101010100
1011001011000111
1110010111111110
0001100000000111
0000110010001110
1100110001101101
0001001010101110
1001101010010000
0001011100110010
1010111000001110
1000010110000111
1100111110011001
1000010101010101
0001110100011011
0110101110010010
1110001111010100
0111001011101010
1100011000110100
0000010011001111
0001010010111001
0111100100010011
1000100111001010
1001100101111000
0001100100011000
1111110100010111
0010011011011110
0110101111110000
0110001100000100
0101001011101101
1111001101001111
1010010110001011
0000101011111100
1100101110010110
1110010101001110
0101100001101111
1111010100110011
1101100000111111
1110110011001110
1011000100100010
0101110100111011
0010001111000100
0110100011101001
1000110000111101
1010001010011001
0111100110110010
0110011010010101
0101111000001110
0101101001011111
1110110001110011
0110101111001111
1101110001001000
0001110111100100
1001010100111101
1011110100111100
1011111111010110
1000010000110001
0011010000011001
0110000000100100
1001101100010000
1011100111001111
1010011110011010
1101101100100111
0010001000101010
0001110011100011
0011100000101110
0000100110000101
0111100101001010
1011001100010101
1110010110001001
0111101111001101
1001001000001111
0110010010000001
0110111111011011
0101010100011111
1010011010100111
0100100110011101
0010010101000011
1101010110010100
0001000010011100
1100010000100000
0011100111000000
1011101010101111
0000100110110010
0001010001000010
1010100010101101
1010110000010110
0101010011011001
0100100101100100
0001110011111111
0010100011101111
0110100110110011
0011110010111110
0111100010000101
0001101000100011
1010110111001110
1010101101011001
1110101010001100
0111100011010111
0111011110111000
1110000010110011
0001010110110110
1101001001010011
1000000111100101
1110111110010101
1001001101000110
1101101001011110
1000110110001110
0010000100001110
1101110000011010
1100011000101101
0000111100100101
1011111001100111
1101101011100010
1101110001110110
1100101000111101
0001111001000000
0100100011101010
1001110101010110
1010000111011111
0010001100000010
1011100110101110
0101011000011001
0111001010111011
1001111010100010
1000101000001100
1010011010001010
0101000011111010
1110000111001100
0101010000101010
1111011100010100
1011111111111101
0111011100000010
1100010110010001
1100100110010010
0100100111001001
1001011001111001
1010100100010011
0111100011111111
1111001010110001
0111110101000000
0010101001001000
1100111011000001
0111011100011100
0100010110110011
1110101000011011
0111100010011010
0110110001010110
0011100101100110
1011010011011101
0000110011100111
1011001101101011
0100000011111110
1100100101010111
0100110010110011
0110110010111001
0110000011110010
1111010001111101
0001111001010001
1110111100000101
1000111010110011
0110010101001111
0001101110111000
0111111000011010
1001001011100011
1000101101001000
1011001010101111
0001000100001001
0100000011101101
0011000000010000
1101101001111111
1100110001101000
0001001001011110
1111010001111010
1011011000000011
0010011111111100
0000110100111010
1101000110001011
1001000001011011
0101101100010111
0101100101100001
1011010011010110
0010100100000001
1000110100110101
0010000011110110
1100110101101100
1101111011111111
1101111001100100
0110010110011000
0101111011010100
1100101011101111
0110111101111101
1001000010010110
1101010111111000
0101100111011010
0110011010101011
1101111001100100
1100111100000100
1110100110110001
0001001111001110
0001011001011100
1000011010011111
1101100110111011
1110000011010100
1010100000010001
1111100111110001
1000111100100000
1100111111000110
1111111000000111
0100011000010111
1111011000000001
1100010111010101
0100110001000111
0010001111111111
0011110000001101
1110111001100101
1110011110100100
1100001011101011
0010101011000101
1000100000100111
1101110110011011
1011000110101100
1011000111110101
0010101101011110
1001100010011101
0100001011110110
1011011110100110
1111011000111110
1100100000110010
1001010000110011
1100110101101101
1101010001111001
0000100000101011
1101110101110101
1011001010011000
1101011110111101
0000011110101110
0101001010111111
0001000111010111
0111100110011011
1111100001110110
1110100100110100
0010010011000111
1100000000110000
0110011010111000
0111100000011110
0000000010111000
0101111000001001
1011011110011111
0110001101010100
0010100100111101
1000101000000001
1001011010101011
1101011100111000
0000110100110111
0101010000100101
1101100110111101
0011110101111001
1111111001001001
0010010000110100
0011111101101101
1000110001110110
0110100010000100
0011100011011011
1110011000111100
1000101010101000
1110001010111010
0110101111110111
1001110111001010
0001101110011100
1010000011000001
0011111010110101
1010011110010010
1110111010000001
1101101011001010
0111111010101011
1110111000000111
0110101010000010
1010000111111100
0001110010011001
1110101011001011
1001111000000000
1100111011011101
0001000110110000
0100011010010000
0100000011010001
1010110111110101
1000010101000001
0101000101111111
0101100001011010
1010100001110000
1000001111111110
1000010100101011
1110011011011010
0111000011110100
1010011101101111
1000000001000100
1010010001000000
1111110010110111
0101001110101011
0000001010001011
1111001101111011
1100101100000100
0000010100001101
1111010011010010
1001101001110111
0000011011100111
0100110110001110
0110110110011011
1111111110010001
0110000111100010
1001000100010110
1111100101100110
1000011010010010
1100010001110011
1101000011100100
1011101110000010
1011100010100011
0010100001110111
0100101001111110
0101000101110111
0101110100001011
1011000010110000
0001010111010010
1100111001110100
1100100001011111
1110101000001010
1001010001000111
0001011000000101
1100100010111110
1000011111110011
1001001101010010
1110110010001111
0100001001110101
0111100101011101
1000100111111100
1110110101100111
1001001001110101
0111101010101000
0110010100110111
0011111001001100
1000111111110111
0100010011101101
1001000011110000
1011000111011011
1010001101011110
0101101010000010
0010001110010111
1001111011010011
0001100101011101
0111010001100100
1110110001010101
1111101100001101
1000100000110111
1011011101000000
1101001011011010
0001111101011100
0101100010111111
1011011110001001
0001010001010010
1010001011101111
1011010111001010
0011111000011010
1110100001101100
0000110010101010
0011110101001001
0011100111010000
1010101100001101
1000111001000000
0000000010111011
1111110110111111
1010111100010111
0101000100011011
0000111011001110
1101011110001110
0111101111011010
0100011101110110
1001000011100000
0011010000000110
1111011111110010
0110010101001000
0011101100110111
0111000101101000
1011110001001111
0100110111001001
1001011110011010
0010000001011101
0011011000110100
0010110001111001
0000111011001010
1110100111011000
1100001000011000
1011100101010000
1010000110011111
1011110101001101
0011101001010100
0011011011000100
