1101000010010010
1100101010010110
1111000100100001
0101000101110100
1111000100100101
0000101001110001
1111001101100101
0000101011011000
1111000010101011
0110101101111101
1100000110100010
0011101011101001
0001011000111010
1110101101001101
0000111111101000
1100111010010010
0110100110010010
1110010000010101
0100011011101011
1110100111000110
0110110001010010
0001110001011110
1100111011110110
0110010010110011
1001010001111101
0101011110010101
0111110101010111
1100000111110101
1101000001101100
1000001011001001
1110111111011110
0101110001110000
0111110100110011
0010011010110110
0001000101011100
1111110101001010
0110001111110100
1111011110101001
1000010101110110
1101001101111001
1010110000111101
0101001110111010
1100011100101001
1110010001111010
0001010110000001
1100001101000001
1111101000010111
0101110100110101
0100111000110000
1011010001111000
0110011100000101
1000001001111000
1101000100000001
0001100000010011
0011001001000010
0101111001111101
1101000001001001
1101000000100001
0100001010011100
1001100000110010
1111011111011010
1011000011110101
1000001010101101
1100110110110110
1110010101001010
1000001101001000
1001010101111111
0000110111110100
1100010010111010
0011110001000010
0000110101110111
1101101111100110
0101110000110011
0011000111010110
1111111110000101
0011111011010011
1010001000001111
1000000111001001
1001111111001000
1110100001100000
0011011001111000
1011010000100110
0110010111010110
1111100101110101
1100011011100010
0111110100110110
0000011111100101
0011010110010111
0001000011101000
1110001010000101
1010101001000110
0000110000101100
1101110001111011
1100101001110011
1010000100110111
0001001000000011
0101000110001001
0101111110111011
0100101100101110
0101100101100001
1011110110011001
0000111101100000
0001111100000001
0000110100110110
0110000001110100
1010111111110011
0111011110000101
1010000111011100
0101010100100101
1111101110001110
0001010110011011
0010011001010100
0010011110010001
1100111001010010
1110010101110101
1101000101101101
0101101011011110
0010110010100111
0111001100111010
1110100000010110
1111001001110001
1010001010111010
0100100110000101
0100011110010001
0111010100110111
1111111101010000
1010111110001111
0001001000111100
1001011001001100
1011001001011110
0011011000101110
1101011111101010
1001100110010101
1100111010010000
0111011011011010
1111001101110001
1001111010011100
1011010111100100
0000100101011100
0111011011010010
0011011100110010
1010110011010010
0001100111100000
1101110111100000
0101010101101111
1000100101001100
0000010010010111
1001011101001010
0101011100111010
1110100010011110
0000110010110011
1011100001011101
1111101100011111
0000110101010001
1110111101000001
0110010101100000
0001000111001100
0110011110100100
1111100011000001
1101100110101011
0100010010101011
0110010100110110
1000000010010000
0101011011001110
1010001100001101
1011001101000000
0001010011101111
0000110000101001
1111100100110101
1110101100001110
0110010111110111
1001110101000110
0100011110000111
1000110110101000
1011001001001001
0010100001101101
0000000101010010
0010001011111010
1101101111111100
0011000001100001
0001011010011000
1000011010000110
1011010000001100
1001000101111101
1111011101100000
1110111000100100
0010100001001101
1111011110001111
1011110100101010
1101001000001101
1001001001110011
1101110001111101
1100111100101011
0001110100100110
1100001000111000
0011100011100010
0110101000101010
1011001011110001
1001000010111111
0100101110010110
0010000110111011
0110001011101000
1101011010001101
1000110001110000
1101001001001010
0000111000100000
0111000000111010
0101011100100000
1101111001111101
1100111100111100
0111101110010101
1100100000011110
1110010111010111
1110011000011010
1001010001010101
1010010100111010
1010000101110000
1001111011100000
0111000011011000
1011101101000100
1000011100110111
1111001111111001
0000100010010011
0110111010111011
0110011001011010
0000010110100101
0000110011000000
0100010111110101
1001010001011101
1011110001001100
0001010010101010
1001101001101011
0101010001000001
0001110111101010
0100000010100110
1101010111000111
1101100100111000
0111000111010000
1110100101101001
0111101101001111
1100111101110010
0100100110101100
1011010000010000
1000100110011100
1011010000100111
0100000101100000
0111000000110111
0010000001010101
0101111111100100
1000000011111000
1000001100011001
1100010100010001
0001010101000111
0110111001101001
1111010101010011
1101100001010111
0011000101111011
0100111111000000
1001100100100011
0011011101001110
0100000010000101
0110110111111111
0110011111000000
0010111001110001
1111111111000000
1011011110101001
0110111100101001
1101101111110000
0000000110011111
0100111011100011
0010010000111010
1010010000101111
1100001100110111
0010010001010011
0100111100100011
0001110101100100
1101100010111100
1000100000100111
0010100110010010
1110100101011100
1001011111010100
1001011000001000
0000010100010110
1111010100110011
1010111010110000
1100000101110000
0011001010100111
0000100011001100
1100100110010001
1101000000010110
0101011011101110
1110011010100011
0110100001101100
1011100100010000
0100110001010111
1010000100001100
1010110100011100
1110010000000101
0010110100011010
0101100011011001
0011010111100100
0111011100010110
1010101000100100
0101111000011101
0101001001011100
0110101001101001
1001011011100110
0101011000100111
1011000110111011
1100001001100011
1011101110111001
1101110010101101
0110011000111010
1101100101010100
1001011001110110
0101100100010000
0000100010111100
1000101001011101
1010101110001101
0001000111111100
1100100010001111
1001101101101000
1001101100111001
0101011111001111
1111111000110110
1110001000010011
0010000000110011
1010001100010110
1101010100100010
0000110001001001
1110100101001110
0001111111011010
1100010011000101
1011011110001111
1011111010110100
0011011101111001
1111011000101111
0100000001110100
0000101101100001
1010110100110000
1000011001111001
0100011101111101
0001000100101000
0101010011000001
0001100100101011
0110111010110100
1110001100011100
0110101110111001
0111001000011000
1001000000111010
0010001001011110
1110001011101010
0110110101111011
1110100011111111
1010000000010101
0111010011010111
0000111110110100
0010101101111011
1011101100111111
0000111101001001
1101010000100100
0100111110010110
1111101001111111
0100001000101110
0001001101010000
0101011001011100
1101011100000110
0001011100011001
0001000100110010
0110001000111111
1110010010001000
1110101011110101
0101111001001010
1010001110100010
0100110111010010
0011000100101010
1111100101010110
1110111010110101
1111100011001001
0000110010101011
0110101110011110
0001011101001101
0010111000110011
1010010110000100
0111000100100010
1110111010011100
1100011001100110
1100111011101000
1001100000000000
1110001000011111
0100011101111011
1011010000110010
1010000100101001
0100010111110111
0101011111111011
1111110010011010
1011100000010100
1101101000001010
1000100001000100
1001110101010100
0111001111001111
1000001010011000
0001101010101111
1101010001111111
0011101111010010
1111001001101110
1011110100010011
0011110001011001
1011001010101011
1111111000111001
1011100111011010
0101001001011111
1011110010001000
1101011110001100
1010111110001011
0011101011000100
1111101100110001
1001000101111111
1000001000001110
0011101001000101
1010010101001001
0110100111011111
0100001101111100
0110001010101111
0011011011110010
0001111010000110
1111000101110110
0001001010100111
0100100100010101
1011000001011101
0101111100100110
1111011101110011
1000100111110010
0101001011010010
1110111000111110
0001001001010110
0110011001001111
0100010010100000
1001010010010000
0110000101101110
1001011001011101
1001110010101111
1011101011111111
1100010101010101
1110100001110010
1110100010010001
0111001100010100
0000010011001101
1010100011101111
0010110011111001
1110110001011010
1000100111111000
1100100111010011
0000001111001101
0100011000000100
0111101001010100
1110101100111100
0110111100001100
0001001111100100
0000100001000100
1101110100110011
0000011110110100
1101101100101000
1111001111000000
0011111001000001
0011011001100100
0010100111101011
0010101111111111
1101000011110010
1101001010001101
1000111011000100
1100110101100011
1001011011100101
1000001100100000
0001110010001110
1101101010100000
1001100100001010
1000100010010011
0000101101110111
0111000001011100
1111101000011110
0110111000010111
0001011100001101
1111011111011001
0000101111110010
1110110001111010
1000100100010101
0000100110111011
1000110000111010
1010110110101010
1000110011000001
1000110001001100
0101011111100011
1100101110011100
0000000011010101
0011011000110111
1011100101011100
1001100110100101
0011000000110101
1010001000000000
1011010100011110
0101010111001101
1011010000011000
0000101011101100
1010100010001100
1010110001100011
1010001110010101
0111101001001111
0001101001001000
0100000101010000
0010000100000010
