1100100010001101
1110101001100110
0101100010011000
0000011101111011
1010010101011001
1001110101111110
0100111100010000
1011001000011000
1001010001110010
0100111010100011
1101011111011001
0111011100100100
0000101101011111
1001100001110001
0100110100010010
1001111111000001
1100111100001000
1011111010010010
0110110011001110
0110011110100011
0110010100010101
0110100100000010
0001000100100101
1001010000000100
0010010011011100
0101111101110001
0011110000111000
1100001100111111
1000100111010011
1100101101111111
1000000000011000
0001100111100000
1010000001011001
1100011110100100
0011101101100001
1000011011000101
0111001001110100
1101001101001000
1010111000101011
1101110011110110
1001111101011010
1010000111001110
0101000110110001
0110000001111010
0111110100010011
0000010111111111
0111001011110110
1111101011000000
1010100011000011
0101110011011010
1100000000100101
1011111001100100
0000111101100101
0010111111011001
1101000110000101
1111110000000001
1100010010110010
1101101101100110
0011111111010010
0101001101111011
0001111101010101
1010100000101010
1000100000110000
0011010001000111
1110011001011010
1110111010100110
0100000110110100
1001110001001000
1010100000101101
1101011101011001
0101010100110001
1111000110100001
0011000111110100
1011111011011101
0010010101010001
1010001111011001
1010001011010110
1100100000000010
1011000000111000
1000010111010001
0111010010111100
0101100001101000
0010111101010110
0110101001111011
1011011001111100
1011000010101111
0010010010101001
1010101000011101
1011011011011110
0110100101101110
0010000101000010
1101101001111011
1010100011001101
1010100011010010
0010010001010100
1100110110010001
0001001111101101
1111001001000101
0110011111011001
0101000000110000
1001000100100110
1100111101001100
0101100011010010
1011101000110010
1101100010100011
1000000111110010
1111100100110100
0110111000100101
1011110100101111
1111001110010101
1110100011100000
1111001011010000
0101110101101001
0111111000111010
1100111011011100
0010111001010110
0000011000100011
1000101000001001
1001100111100111
0100100011101101
1001100011000010
1001001000000010
1100010011101100
0011001000101111
1100010010011111
0111110110000000
1110010110100010
1101011000010000
0011001110001010
1000100000011100
0110101011000001
0000000000011001
1100000111010101
1111101010001101
0101100010111000
0010011001001000
0100011000011001
0010110101001011
0001001010011100
0111101010100001
1111001000111101
1011111001010110
1000111100010100
1010001011110110
0111000100001011
1000011000010110
0101100011000101
1011001010110110
1111110010000011
1011100101001110
0011101101000111
1001110110110110
1011101101100000
0110001000101010
0100001001010101
1001011110011111
1000100011000010
0010100111000010
0110001001101011
1001100110101010
0111100001110111
1001111011000000
1000101000011100
0110011001011010
0001000001111100
0001010101110000
1010100101000100
0010111101010001
1111000110110000
1101001110001100
1100101001010000
1001001000100110
1000011111100011
1100110111011101
0011101010010010
1001110010100010
1100110000111111
0100100000010100
1000011110001010
0001100010101101
0100100101000101
0000110110110010
1101101100011101
0100101011111111
1011010100011101
0001000100000101
1011111110111001
1111001010110010
1000110010110010
1011100001010000
0001000010110101
0100110011110101
0101000001011101
0110011110111101
1011010001000110
1100010010110110
0000101111100001
1100011101000001
0100100000001100
0100101011110010
0101111100001101
1110001010011100
1100000100100011
0100100001110100
0100010001111011
0110101110101111
1011010101101111
0100101100001110
0110111100100011
0001010011000110
1010000000111011
1110010111010000
1010111001001110
1101001101101101
0110001100001100
0000100100111111
1101100000000100
0101000111010010
0001011001000111
0101010100101111
1000101101011000
0101101100001001
1111001111001011
1001011110000100
1000000001110001
0011000100010111
1001010001011000
0010110000101010
1100100011011001
1110101011110010
0001111101011111
0110000101111100
1111001110101100
1000100100110111
0010010001111011
1111010110010110
1100101000101101
1011011000100010
1111011001000111
1100000001000110
1011100100011100
1101001011011011
1100110000000111
0000111101101001
1000001000011110
0111000111010001
1000101101011000
0000001110111110
0010111100101101
1111101100101110
0111101010101010
1010011111101100
1011001000110101
0010000101001000
1010010001111100
1011000110110111
0000010111010000
0011100110001100
1111110010011001
0001110101010000
1010110011110110
1100100011100001
0000000111001111
1101110010100000
1110011000001110
1100010101011001
1100110001011110
0001010010100111
0100100110110110
0110110000111000
1001110010010000
0010000001110100
1011100000100011
0110101000111010
1010101110111101
0100000011001101
1110010001111110
1001100100110100
1011100000011011
0000110001100110
1111101101101001
1111101000101100
0100110011011001
1101110010000001
1000011111100011
0010001001110100
0101011111111001
0100101000001010
1001010010100011
1110101111010010
0110001111000111
1010111000101111
0101100110001101
1011101101110010
1000010000011001
0001000000001110
1110001010000010
0101011011110010
0001001100001110
1000010110000111
0100010001000110
1101110010001010
1010100101000101
1100001100100110
0010000110110011
1000000000100001
1011000011110001
0011010001111110
1001010110001001
1010010110010001
1101100110111011
1111110010000111
0001000110001110
1101011110110101
0011100101001100
1010010000011110
1111100101100010
1111110000011100
1000010001010111
0101000111100100
1000011000000011
1000101110100100
1011111111101001
1011111011110101
0000010100001011
0111001011000110
0011010100010010
0010110001110101
0001011101000110
0101100000001001
1010101110110010
1110111101111100
1000100000000100
1001110111101111
0111101100001110
1000010100110101
1111111111100001
1001000000101001
1001010010010000
1011100100100111
1001101000101000
0101011011001001
0011011111010001
1100110001100100
1010100000101000
1100111011011011
0000101101111000
1101100001100001
1000010010010010
1001111110001000
0001111101010111
1111111111001011
0100011000101100
0010111111001000
0100010101010110
0001001001110101
1010101111101001
1101100111000101
0101011011010100
1100000010000110
1011010011001011
0011011100011100
0101011110010011
1111000111011001
0101110111100010
1100110000010000
1100001110111100
1101010110011001
1100011110011111
0110011110101110
0011011001101111
1010011110000101
1000111010010011
0100011001100000
1000000010001001
1100111101011000
1010001111000111
1110111000111010
1010110001011101
0010101010000000
0001101001100111
0100011001101010
1000010100111010
1011011110101001
1000001010110010
1111100111000011
1101101011111011
1001110010010010
0110000111111110
0111000101111110
0011000100111110
1101011001001100
0110011011010100
1000101001111101
0110010001011111
0110100010000001
0011101101001101
0000000000010101
1101001010110011
0011101010101001
0110001100110111
0101111110111101
1110001000001110
0110010100101100
0100011001011110
0110000110111110
1101011001110111
0100110100101010
1100001011001110
1010000000000101
0110010111101000
0001111000110000
0111011101000111
0101101100111100
0101001101001011
0000001100100000
1011001011010111
0111001000110111
0011110000011010
0001100000010001
1010101001110101
1101001010100000
1101101111001100
1101011000100110
1111010110011101
1111101011101100
0110111110001100
1111000101110110
0100111000100101
1000000100111111
1010010011101000
0111111110110000
1011010111001110
1111100001001101
0011010100111001
1010001100011110
1001110101101001
1001100100110000
0011101110010111
0011010000110010
0011010101110001
1000010010111101
0001110011000010
1101010001101001
1110110000000100
1100110100110011
1110111111111101
0001001110110001
0111011000010011
0011010101111110
0010001111000010
1000010111100111
1001100101101110
0011100011000100
1110011001000010
0101010101011101
1011010101000011
1111001011001100
0000001011100010
1001101101001001
1010000000110001
0010000011000000
0111001010010101
0001010110011000
1010111100011110
1110010011010111
1100101010011011
1011000011111000
0011001101001010
1111101010100000
1000010010111011
0011011111011101
0100011101100011
1001110100101001
1011001000011001
1010101100110001
0010010111011010
0000001100010100
0101100010110011
0111110111111101
0111111000001110
1110001100110010
1010100011010011
0110110111000000
1101000101011101
1100010001111011
0100101101001010
0001000011110011
1101101001000001
1001000010101000
0011110101011100
1101010010101101
1001101101101101
1110101101001011
1001111010000100
0010110101000010
1010011000011010
0001101010011100
1011000010111000
1101100010101011
0110111101010001
1110110011101101
1101101111101101
1100100100101100
0111101100000111
1011000001011110
1111110000010001
1111010010010000
1011010111001000
0000011100111111
1011101011101010
