0100110001001000
0010101101111110
0100000011101001
1001100100111001
1100100001100000
1000110111111101
1101001001000001
1011000100101000
1100111010010011
1110101001010101
1000100010111111
1010110010100011
1100101001010001
1011101011101011
1110100101101111
1011011100010100
1101000000110011
1110001111111110
0111100111100011
0100011111000001
1010101011000001
1010001110011110
0010101001101010
0000101001010001
1001001111000111
0110110100111101
0001011000011010
0010101101000110
0111110011001001
0000101001001110
0011001001111011
0110010001100110
0011000111011000
1110011101100001
1101100010001101
0111011010011000
1110101110100010
0101000101110010
1110100010000110
0111001101010101
1011111100111110
0100001101011110
1111000000000011
1000000100101000
0000111111011100
0000010101001001
1100101010100100
0001001101110110
1000000110110101
1100110010010000
0101111100110010
1111100011011110
0100100111111100
0110100001001111
1010110100110111
0101010111001111
1100010111111010
0001101011010011
0100001001000100
1101111010000100
1011100010111011
0111110000111111
1000111101110111
0001110100010110
0000000000001100
1100000101101001
0010010111000010
0000001100100011
1101111111111110
1000010110111001
1110100100110100
1101101100101110
0000110001100101
1111101111010110
0100001101000110
0111000010100000
0000001100001010
0101001011001001
1010100101110001
0111001110010001
1111001011001000
0100111001101100
0111011011000110
1100100100110000
1111011001010010
1010100011110000
0011000001001101
1000010100011000
1100000011111110
1101000010000000
0001110001101000
0011101100111000
0111110111000010
1000011001110011
1000110100011100
1001010101011101
0100110001111111
1111111100010110
1100100001000111
0111101101110110
1110011001001101
1110010100100100
1011100111101000
1111011100001001
0110101011000010
0101111110110010
1000000101010001
1010100101010111
1000001001000110
0000101001011011
1001010100100011
1011100101010101
1000101000110000
0101110010001101
0010100001001100
0010010010110010
0110001000011000
0111000100001101
1001101110011101
0100100010110110
0001111101011111
0101111110001000
1000100010101001
0100110000101001
1111101110011111
1110001111001110
0001010011111111
1011101100011111
1111010000111110
1100101110110100
0011000110111111
1001011100100011
1011110011100110
0011000111110011
0100100001110101
0100010010110101
1000001010000101
0000010001101001
1001110111000110
1001001111111011
1100110011111100
0001101101100000
0001110010110111
0101010001011101
1110100001000100
0000100100101110
1001010001011100
0100000111101010
1000111000110001
0100111011011101
1000001100010001
0100111111000100
0000011011101101
1111101001111001
1111111110000100
0011011110110101
0000110111000000
0001001111100010
0011111101000111
0101101110101100
1101001010001011
0010011011100101
1101110100100010
0110010000001111
0100100011111100
0010001010000001
0100111101100111
1100100100010110
1010100010010111
1101001101100100
0110110001111100
0110011001100111
0110001110010110
1110111000101011
1111000010101010
0000000110101000
1110110010110000
0101011010001001
0010110110100011
0101100101001000
1010001101000010
0011011110110100
1010011110100110
1011110001010110
0110101010001001
0100110101000001
1010110100001001
0111110101011100
0000000110100111
0110100011010111
1011100010110001
0101011001101011
0110101101000000
0111101001010101
0101110000010100
1111000000011111
0011111101001110
0001111111110100
0000010001000100
0000000000011111
1011100000000100
1010110001101010
1110110101101101
1010100000110110
1010111000010010
0011111010010111
0110001000001111
0000011100101101
1011000111100101
1101100111010000
1000001111001100
1101010101011110
1101110000110111
1100111001000100
0001100101001111
0101110000101100
1100011001111100
1010001011010010
1010000100010001
1001000000111111
0100010111001001
1000111100001100
0111010111000100
0000000110000111
1101101010101111
1000011000100001
0111101101001001
1111011001100100
1100010010111011
0110101000011110
0000010111111110
1100111111000000
1101000101110111
1001000001000110
1001001010100010
0011100111010011
1010101111010110
1111011001000100
0010111010000010
1110011010101110
0001110000001101
1011001101101111
0011011111100010
1011110010001110
0100101010100110
1111010110101110
1111010001010010
1110001001001000
0101001100010111
0111110000110001
1100010000011110
0100001111001110
1011110101000101
1010111111111011
1100100100000101
1011011100001110
1100111100110101
0011101111110101
0010000011000011
1101010110010000
1100110101011110
1000101001000001
0111001110101000
0001000001000011
1110000010001001
0110000010111110
1001001110100010
0001011000000111
1010011011111100
1101011001010110
1111110110001001
1111011110011100
0101111100000111
1111100101111111
0111010011011101
1011111011100101
0000100010111000
0001111100111011
0000010110101101
1010000001100011
0011001100111000
0111011110111011
0000000111001001
0001101111111100
0011100101011010
1010110001100111
1101110000111100
1110001001001101
1101001001001100
1001001011000101
0000010001100000
0011011011010010
0100111001001011
0011011011010110
0111110100010011
1101011010001100
0001101011011011
1110001100100101
0100010100000000
1100010000100111
0111011010101110
1000011011100011
0110111101001111
1111010010101000
0100101110110110
1011101111011100
0011100111011111
1101011010001100
1110000100010101
1110100001010110
1111110111011010
1111101110011001
0011101010001010
0010101010010011
1001000110110010
1010111101001110
1001001111101100
1100011101000010
0111010001011010
1110110010000100
0010101000101011
1011010001000101
1100011110001101
1001000001100010
0101010001111001
1010000011110001
1000111010001000
1011111100110101
1000010000111101
0011101111101111
1110010110111011
1000000010010001
1101101100101101
0010101010001000
1111000011000010
0010101101011101
0111010111111011
1100001110000001
1011001010001011
1011100011001010
0100011101000010
0000011001101001
1011010110111011
0001111110111010
1111101001110110
0111110011101011
0111101010011101
0101010101010010
1011100011100110
0010101001011110
0100000010101001
1000101011110111
0101010010101111
1010001000000101
1111110101001100
0110101111010101
1101100011100000
0101101010000010
1111100010101011
0101101110000101
0011101110000100
0001001010111011
1001101011100010
1011110100100010
0001000001011111
0110001101011010
0100010111000000
0010111011010100
0010010000001000
0100100101000110
1001001011100100
0100101110100001
0111001111101010
1011000111110101
1101101110111010
0110110100000001
1011110011000001
1011001100011100
1100011111011001
1000000111111001
1111001110110010
0101111010101110
0010100011001110
0111110100100110
1111100111001001
1011100000010001
1100111011000001
1101111100111011
1111100001100001
0010010100111110
0001100001010000
0110010110101100
0001110010111000
0111001010001011
1001000001011100
0110110101010110
1000101111000000
0111001110011001
0011001010101000
1101001101110110
1110000100001100
0000010110111110
1010000110000101
1100011001101010
1101010100000011
0011001011111001
0101000111110000
0111001101110001
0101101111010001
1100001111111011
1101101111110011
0000011000101100
0110101111110100
0100111111000110
1011101010001111
0111001011000111
1000100001101000
1010110101111111
1110100001011101
0010111011000110
0011110100011010
0101000111101000
1011010000010100
0001011100010110
0101000000100111
1011001100000111
1001111111101011
1000000100010000
0001011011101111
0011101101000110
1011101011110011
0101100011101000
1111100010001011
1110101010100011
0011001001101111
1110101000111110
1101010101010100
1100111111110011
1011011110101010
0001000010000101
1101011111110001
1111101001001011
0000101010110011
1100100010010000
1000110010101100
0110010000010011
0010100111011010
0000000110010001
1010010001000010
0001000011010011
0111110001010011
0101011000000011
0100010101010111
0011011101101111
1010111111000110
0110011001110111
0010000000000011
0001110011100111
1001001101000100
1110001001100011
1110001110101010
1011011000100101
1110001011001011
0000111011000000
1100011111111000
0001101100010101
0001010110111111
0010010110101100
0100010111001010
0000110100001000
1100101111010001
0001000010000011
0011110110100011
0010011010011000
1110011011111101
0110001011010110
1001110100010100
0111101101001011
1000011111010101
0101100101010011
0110100100011101
0000110101011100
1011100100101110
1101101111000011
0101101011001010
0110001101101011
1010110111101101
0111110100100010
1000010001100100
1110110101100110
1000100110111100
1000111011001110
1110011000000001
0110100001100000
0001100011001011
1001110111001111
0101000011111100
1110110010100110
0000011001011000
0111000101011100
0001010100111011
0000010011000111
1010010011100110
1000110111011001
1010000100010100
1000000110000111
0000110110001111
1010101110001100
0100001101101011
1100010111010101
1101010101001001
