1110110101011001
1101101000100111
1011111011000111
0100001011001000
0011111010000011
0010111101010100
0010100001111110
0000100110011110
0001100010111111
0001100111001011
0010101111001001
1110110000001010
0100001010010000
0101110010101100
1101011111101000
1001011100011011
0011110000001111
0111011110001011
1011101011011110
0000001100000000
1001111000110101
0101100110101010
1111100111001110
0111110011010110
1001101110001100
1111101101011110
1110000010101111
0001010000000000
0000110101001111
1011101110011001
1101110101100011
1001011000001001
1100001001001001
1110111000111111
0011001101101001
0011101100010111
1110111101001110
0101011101001010
0111111010001110
0101010001111010
0110011110111111
0001100000011101
1101011100000111
0001001110011010
1100011010110011
0100111111011001
1011011111101100
1100100000010001
0000010000110000
1000000110011011
0100001011101000
0111011011100011
0111111101010010
0111010111100001
1110101111101000
0111010010100010
1100110111100011
1110001110101000
1000001011111001
0011010010110011
0101011010001000
0011000011010101
0000101000111011
0111110001010101
1110001100010010
1000111110111101
0010000011111000
0100010111101111
0011110110110011
0011011101011000
0111101010001101
1010100000100000
0100000011001000
0011001010101000
0101000111100101
1110000011010001
0100001010111010
1010101001001001
1101111110110011
0100010101101000
1111000010100110
0110000101011110
1100010010010111
1010010111110001
0010001000001101
0000011110000001
0010110010011000
0101110001110010
0110000100000000
1000100010010011
0011111010000000
0010100010101011
0110100011101000
0101000110010100
1011101110111010
0011010000101101
1101011111010110
1100101001001011
0110000010001111
0100101110010000
1100011101001010
1000110100000101
0011110111011111
1011110010000010
0101001000111000
0100110111011010
0011111000001010
1110110100100100
1110011001000010
1011000101001001
1100001001000100
1010011100001110
1010011001010001
1011101000111001
0011001110110000
1011000101010110
0101101001100101
0011111000111000
1000111000011111
1000010010110001
1111011000100001
0101010000111101
0000010111011010
1101111100011101
1011111001000000
0101110001111011
0100000110011001
0001100011110000
0000110110111101
1101010001110011
0111110000000111
1100100110001100
1110011100011011
1010011111100101
0101100010001000
0110011010100011
0100111110001100
1010101101100111
1111011000111101
0101010000000001
1100000110011111
0001000001000110
1000101101011010
1000101100111110
0100001011000111
1000000010010011
0101010001010000
0000011110110101
1110100001111101
0010100101100010
1011111100100110
0001011001010001
1010100011011001
0010111101010010
1111000011010111
0110010110101011
1001100111101001
0010001100000010
0000100001001001
0011000000110000
0001000000100001
1001000000011000
0111011011000010
1100110110001011
1001110111110011
1000000001110100
1111110110110100
1100110000010000
1001000100101110
1001101100101011
1110001111010101
0110010000000100
0101101010100010
1101001000000111
1110110110110010
1001110011100111
0000110111011000
1101111000100000
0101111000000101
0101111100110000
1100110001011100
0101000110110001
1001000000101001
0101011101000001
0110000000001111
1100100000110000
1010010100110101
1101110000011011
1101000101110101
1100011011011011
0011010011000010
1100111000110011
1001011101000001
0111010000001110
0010101010110111
0110000100101001
0101001111111000
0111101011001101
0011100101001101
0101011101100111
1100010010111010
0001100010010111
0010011110011100
0001100001101100
1111101101010101
0000111000111110
0001001010101101
1000110000100110
1100110010011011
0111010100110110
1010001100001010
0110110000101001
0000000001001100
0000100110001100
1101011111011111
0100100010001111
1001010011001111
0010011010011100
1010111011110001
0111101010010010
0111011011001100
1000010110100010
1011101100110101
1110000000110000
0010111011110001
1011011111011101
1010110010011101
0010000000001010
0110001110110101
1010011100000001
1000010010100111
0100001110100000
0100010111011011
1101001111010110
0101010010100011
0101010010110111
1101111100111111
0010011110001101
0010110010000001
1010111101010100
1000101000000111
0000110100101000
0101110000101011
0000010010010100
1110111010000001
0111010101101001
0000010000100100
1100111111111101
0001111011111010
0011110101100111
1001100110101111
1011011010001111
1110101111110100
1110000110010000
0100101100011100
0110101001011001
0000100100000111
0000101010101010
1011001000000011
1000001110000001
0110101000110000
1011101110100110
0001010000111000
0001010010011110
0000111110100000
1110100101100001
0110100001001100
0000010000110010
0100010001011000
1101110101001111
0011000111011110
0110100011101000
1001110000011001
1010110101011000
0011001011111101
1000000101110110
1101111010110001
1101110011111111
0111000000010110
0100011101100111
1101011101100111
1111011001101000
0110000100110010
0011110110101011
0111011011110111
1011101000111011
0010000000000001
1011000010000110
1000000000101011
1011110100010100
1011010101010000
1001011100011011
0001110100000100
0100000010110010
1010111001110110
0011110110011111
0011011101111000
0100010010010101
1001111010111010
1011010110101011
1000011101101001
0011001011110000
1110100110011101
1101111111110001
0000010011001111
1111000001000101
1010110011001110
0111011110000101
1001011011011101
0001010100000001
0100110111001100
1110100110110100
0001011100110111
0011100000000010
1111100000100111
0011001000011000
1011111000111111
1110000010111001
0000111010011100
0101011110010110
0101001010100111
0110111011000100
0100000000100010
1100011100100101
0110100001000100
1111010110010010
1010011001010000
0001100001011100
1101111010111011
1101010101000100
0001000000001101
0011110000011000
1110101011101000
0100010110100100
0010110000101001
0011010110000110
0000010010111001
1101111010111111
1010011101010000
1111110001001001
1100011000010011
1001011011100000
1000111110000001
1001110000111000
0010100000110001
1100011000110110
0001111001110111
0101011010000100
1011010110010101
0100000001110011
1101110011111001
1100111011011101
1000111010100100
0011001110010111
0100101001101010
1011011111101100
1010010100011010
0100111000100110
1110011111010011
1111111111000001
0101010101001010
0111100000110101
0110010101111011
0100100001001111
1001001101100110
0010000111010011
0010101011111110
0001111100101100
0001011100110011
1010110110001110
0000111010000111
1001110111010100
0000000000111110
0101100000010100
0101011010001100
0010111010100001
0010001010000000
1111111001111100
1000111100011100
0100000011100110
0110010100001111
0011101011111110
1010111110101011
1110011110100100
0101111011001000
0000010100100111
0101100110110110
0001111000000110
0000001100000001
0100101110100011
1101011011100101
0100001001010010
0001010110110001
0111000011101110
1011010111011000
1000101010000101
1010010101010110
1100000101000111
0111111000100001
0101100101011110
0101000110101101
0101101011010100
0110010111000000
1000010111011000
0101000100100111
0101000010000110
1010111010010111
0110100100000011
1000111100101111
0011111110111001
1000101011101001
1010100001101011
1110100101000000
1000111111100011
0010001000110011
1111011110010010
1110011101000101
1010101011010011
0001111011111011
1111010010110011
0110001011001011
1001110000010001
1101000011001001
1101101111000011
1000110000011111
1001110110110110
0101011000000010
1011010100001111
0001111101001101
0101101100000100
0011001001001011
0011110110110001
1001001101001110
1101010110100011
1100110100101101
1001101000010111
1000010000100101
0010101100001110
0100011010100100
0100100111110110
0110001111110000
0010011010001000
1111110110111000
0010000011101011
0111111011110011
1000010101010101
1011101000100110
1010111001010110
0100010101010010
1000010010000111
0011101100101000
1001100110110011
1001001001111100
0001100100001110
1001010001100101
1011100000011110
0110000000010100
0010000110110011
1001001010100111
0000001110000100
0100111010001111
0001011111000111
1011110001100011
1101101111010110
0011111001011111
0000101110101010
0010101110010111
1011110011000110
0010110110110011
0000111010001000
0101010111111101
0110010100111001
1110110101101001
1001100001111000
0011110100110100
0110110101111101
1000000001100010
0011001001111010
0101000011110101
1100101001111111
1110001010100010
1000110010100101
0001110101100001
1010000100011000
1101011010111111
0001001010111001
0011110010010001
0010110010000101
1001111000010110
0100010000000001
0111011011001000
1001110111100110
0010000010100100
1000001011101001
1001010101100011
0001110000111110
0110000111110101
0001100010001000
1011001100110000
0010100000100010
0001100010100100
0100111111111000
0111011001000100
1010111110001110
0100010010000000
0110110111110000
0011010110011001
1001101111100100
0001101100000000
1100000111101100
1111011101001101
