0000001001001010
0010011110111101
1110111011100110
1000100100101001
0100010111100110
0100000000000111
0101011010111100
0100110010111010
1110011010010111
1000011001011000
1010100110011111
0110011100101101
1110100111011000
1111111011101100
1000111001000100
1010100110001100
1011101110001010
1000001111010011
1000110010011011
1110110011100101
1110001001010111
1110001110100101
0001111110010000
1101111001010000
1000111111000111
0011001001011100
0110011001110010
0110000000100000
1110111110011010
1111010010100111
0000001011001000
1101111001000001
0101101100000010
0001010111101110
1100110001011100
1100000110111011
1111110011011011
1110100001001110
0111110000001111
0010000011001010
0000111101100100
0100011100000011
0110111100000001
0110100011110110
1010011001111010
0111010100110111
0011110100001101
0110000000011000
1010101110010111
0011011010011010
0100001111110110
1011010101011111
0000101010100000
0010100001001111
1110000111110001
1110101100000111
1100110101001000
1001001101101000
1111110000100000
0110001100110110
0000010011110111
1001110111000100
1011100001101100
1010000010001000
1110110100000010
0000010001010110
1100100010101000
0100001010111001
1111001110101000
1001110001000100
0100000000110101
0010001010011011
1010110011101000
1010000111110011
0111100110110010
1011111101010000
0011000001101110
1111001011011001
0110100000110001
0001000101010100
1010110101101110
0100001110010001
0010000111100110
0000010101100011
1100001100010001
0110011100100010
1001100010111001
1000110011010111
0110111011001101
1101000010111010
0000111101000001
0110000100101101
1011000001011001
1101001110010010
1010111111000100
0111011111011101
0100100001001110
1001100000100010
1001111001100011
1110100111000011
0100101100100100
0010100000111110
1001001111001001
1100100001100101
0110010111001011
0001001100011100
1000100010001001
0000000001001111
0010000011111101
0110010111011101
1101101010101000
0001001010111010
1000010101111011
0000001000100110
0000000001011100
1011101100100101
0010101010011000
1110100010011010
1011010110011001
0110100100010111
1000111000011000
0010110111010011
0111010110000001
1000010011100011
1100010001111111
0110000111111101
1100000001101100
0100111000010100
1110100110000001
1000000001001011
1000111110011111
0000000001100101
1000100101101011
1101111011101001
0111110100101101
0011110001001110
1101110101100111
0110001001011110
0100011110100010
1100010101010100
1000001011101001
0000010001100011
0010100010001001
0011010111100011
0110101011111100
0100011110111011
1110010111011100
0011001000100001
0000000011110001
0100100011011111
1111101100000110
0010000011100101
1001110000000110
0111100110001010
0000001111101000
1011000101110110
1010110010101001
1000010011101011
1000010010010001
1101001001100001
1110101001000001
0100111111001011
0011010010000001
1001010010011110
0001010100001100
1101100000100101
1010011011001111
0011111100000000
0001110110000001
1111011011111000
1001101101111001
1000000010101101
0010000101011111
1001010010011101
1011010010001110
1000110011010110
1000011110110110
0010001001101110
1110100010000101
1010111001001101
0001011001100101
0101110001110111
0111011101100100
1010101010010000
0010011110001011
0000000010111101
1101111100110000
0100101100000110
1111010011111011
1101100111001100
1010000010000110
1001011110110001
0101000001111111
1100000111001011
0111111110110100
0101010000111011
0010110101011010
0001011001111110
1001111010010110
1110100110011111
0100111000101011
0101001001000101
1110110110000000
1110101110110011
1110010000110011
1000111110110101
1011001010111111
0000010011010001
0000000111011011
1000000110100101
1111001000110110
1011010101011100
0110110011011011
0100010011001011
0111100101110111
0110000110001110
0010110101101110
1010101001011101
1110010011010110
1000110010100110
0010000010101100
0111100000101111
1011101001010011
1110110100001000
1000000101000011
0011001100010000
1011100100001101
1111100101011010
0001010001100010
1110111101101110
1011000000110001
0111010100010001
1000100001001100
0110110010001100
0011010111101101
1010000010101100
1001100100011111
0010110010001001
1110111101110101
0011000100010111
0010100101001111
1000000101000110
0110000011110111
0100010000110000
0001001101110000
0110101100010100
0010100010111110
0100111110110110
1000110000100111
1101001101101100
1010011110001110
0101011001100011
1000110110100001
1011001010011111
1010111011101110
1111010111111101
1100100010001001
1111000111100000
1110001110011010
0100111000010011
0011001001101101
0000101001110110
1111011010101100
0101001010011001
1110100011001111
0001101101100100
1000101011100110
1001010010000111
1111001100000000
1101010011101111
0111011011011101
1111010101000001
0011011100100001
1110001111110001
0100111110000100
1100011110110010
0010011001001111
0100110101011111
1100000110110010
1101100010110111
0110110100101111
0010100011001101
0000100010111100
1110111100000010
0000110010111010
1010011001111110
1101110011110100
0111010011110111
1110111100100101
1111110100101001
0111100000011111
0011001111001110
0010010111001001
0101110110010110
1101011100000010
0010111101100001
1000100000111110
1100010111111110
0011110111110001
0010000010100000
1101100111000100
0011000010000110
1101101110010010
0000101111110010
0001111100111100
1101000100011101
1111000000101111
1100101111110001
1001100001111110
1100101010001101
1111100000010101
0101110011000110
0000010011100000
0011000001100011
0101001110010101
0100111010011001
1111100011001111
1100010011011110
1011110010111001
0011111000001111
1001100100101110
0100110001000100
1001011000111010
0110101000010001
1000011010001000
1010010010100011
0011001110110101
0110001000011110
0111101010010000
0111101111101100
1111101110000000
0001011100101110
0011111001101000
1001000101000110
1111101010100000
0101110101010000
1101001101100101
1011010000110001
0100110111101001
1100111001101101
0000100011110011
1011000011001010
1001100111001010
0000100010111011
1100100001110111
0011001101111011
0010000111010101
1111100000000001
0011111001100111
1110110001011101
1001000110010100
1000010110010111
1110101001010110
0010111110000100
0000001011111010
0100001100010000
1100011010111110
0010000101000100
0101111111010010
0011001000001000
1110111001001111
1101111010111110
0100000101011011
1001001001100110
1100000010010110
1011011110001010
0001111011000111
0110100100110111
1101001000101100
1110100110000111
0110011110001011
1111011001000010
0011110000011110
0011010100101110
1001101000101011
1101011000110110
0100110001101000
1011100111100101
0111110011110011
0110101010100111
0010001101110100
0010100101111000
0001111011100111
0101111111001101
0001001010111001
0001000011100001
0010111100011010
1010100010111101
1100111100110011
1111101010111110
1101001110101100
1001010011100100
0111010001100011
1111011110101111
0100010010010101
0001100010000011
1110000010001111
1101110010110001
0110011101110000
0011100110010111
0101110011101101
1000010000001010
1000010110100111
0010010000100101
0000110010100110
1000010111011100
0111111011000011
1100000111010100
1010011110010000
1000010010010010
1111010011001011
1001011100000011
1010101011001110
1011101101110011
0111011011101111
0110001111011011
1011011101001111
0111010101010011
1101101001010100
0100000010001011
0110111101111100
0110101001001110
0101110011101001
1000010000000011
0100010010110110
0001111110100101
1111110101101011
0011101000010110
0011010011010000
1111010000110000
1111100110110101
0011110001101001
0101001111111101
0010011010010111
1010010011110110
1000100001100100
1100001000111100
1100011100110110
0100011001000011
0010111011011100
0000010011101110
1110000101001101
0001101111000110
0101100100100001
0001110111000011
0110001100010101
1110111000100101
1000001100011000
0100111011111001
0011111001010010
0111110101001100
1010011011011011
0111110100011111
0000111100110100
1001011001011010
1000010100011011
1101111010101001
0101100101001111
1111011000001110
0010110001001001
0000000100000011
0100001100000111
0001010000101101
0011101010110100
1000110100110010
1101110111000100
0011001101101111
0010110010011001
1010100101101110
0001001100100100
0101010000010000
1101000101111101
0000010011011101
1101010000100100
1001111101000110
0000101001100001
1100110101010111
1101010000111110
1111100101110011
1001000100011000
0110000110110011
0010101111011101
1000010110101000
0001111100011011
1111011010111001
1001101110111101
1101101100001000
0001111100101000
0010011011101101
1010101010101101
0000011101011111
1110010001001001
0011000100111011
1111111111000101
1110010010100010
0011101111010010
1111000011001010
1000111110100010
1011111101101011
1100011110001110
0010011110001000
0101101111010101
1010110010110100
1010101111001011
0011011100011000
1000000111010101
0101011100000111
1110011111011001
0110001110011000
1011100001001001
1111001001100010
