1010000100001100
1011010110010101
0001001100101101
1100011011101010
0011001110100011
1110011100001010
1010011101001110
0001100100001000
0010010001010111
0001101001001111
1111100010111100
0111111111110001
1100100011011001
0001110111010101
1001110011001100
0100001011100001
1111001101000001
0100010100010001
1010110101001111
1100000110110101
0000100111101111
1001010010101100
1111000111001000
1010110100111100
0111011011011001
1010000001110010
1111101010110001
0010101010001011
0001110110101100
1000100101011111
0100011010000101
1100110001011110
0101111011111111
0011011111110001
0010100100110010
0011000001001001
0011000101011000
1001001000100111
1010011001100111
0110101011100110
1010010001001110
1011111100010000
1001111111110010
0110110110001100
0111111101101000
0000010110010000
1010010100101100
1110010100001100
1110000111001010
0000110001111111
1101000100001110
0101001110111100
1101111110101001
1010111011011010
0011001111011110
1111000001000110
0010101001101101
1100001101111101
1000111010111111
0001011011000001
1000001100000011
1110100001001011
1111111100011011
1110000001001000
0110111111001101
1101011111100010
1001101001110010
0100111111100010
1010110011000110
1001111010001111
0101010011111001
0001001100110100
0110011110001110
0111110110000000
0011101010000100
0011000101100001
0001001011110101
0011111000101110
1000111111111011
1101000100111011
1110001100001010
0001110000110101
0000000101100010
1011100001110101
1101011000001111
0011001010001111
0011100011100011
0010110011010111
0101001010010001
0100110111000001
1010010110111111
0011010000111110
0001011111110110
0101111000000001
0101100011001001
1101001110010001
0100110000001001
0100111110101111
1101000100011110
1111011110001010
1101100111111101
1000001001000110
0001000101110101
1110101110000110
1100100010110000
0001000011100100
0100011100011011
0101001010001101
1100111001111010
1000010101100111
1011010000110000
1110101001100010
1111010001010011
0101101001000110
0000010011100000
0100000100100011
1000101000101001
1011110100001101
0001111001000111
0000001100110110
1000000011110111
0110001001111111
0101011010011100
0100011011110010
1110001011000110
0001111010011110
0100000001011100
0100111001100110
1001100111111110
1110010011110000
0100010011110111
1011110110111111
0000001101110001
0110101111101101
1011111100111110
1000010000001011
0011110101100111
1101011000111100
0110010110000101
0110101000101110
1010000110010001
0111111001101000
0101010110010001
1010100100110010
1101011010011101
1100001110100111
1111001011010111
1110000110000101
1101101001100000
0000010110100100
0110001010010000
0011101111011101
1110011000000111
0101110100000110
0100001110100010
0110001100010000
1111101010010100
1010000001011001
1101011000001100
1010111101001111
1110110000011001
1011010100101001
1001101101110000
1111010110111011
0000011000101010
1110110010000100
0010101110100000
1011000000100011
1101101111111010
0000010001010111
0001000110100001
0011000110101110
0111101011101011
0111010101111111
1000111011000001
0001000000100110
0010111111001000
1101100001111111
1111100001010010
1100000110001110
0111000101001110
1001011001110001
0110111100111100
1101001011001001
1010001000011100
0011100100010110
0001010101101010
0001101101110011
0111100010011011
1100001110111101
1111000011110001
1110000100010111
1011010110100111
1110001100010101
0010010000111011
1100000010000000
1000011110111000
1010000011100010
1111111000111110
0101010001010100
1000011011001010
0111011101101100
1000011110100000
0110000111101000
0111001101110100
0111101101111000
1001011011011000
1101010110001001
1000101101001101
0010010100001011
0110010110111001
1100110001110000
0011010100101111
0010100000110011
1101101110011000
0110011100011101
0110110100101000
0010101010110111
1111111110010001
0101100110111100
1101100001110100
0100101011110000
0010101011111010
0100101011110100
1110001001100000
0110011011000010
0101011101011110
0100011001000101
1100110111011110
0001001110110000
1011101110000101
1101000001000111
0011001000000101
1110110110010100
1010101010010111
1011011000010010
0110111101011011
1001100000000010
0000111101110011
0010111000101100
1010011001111100
1001010100000100
1010001101111110
0000001101001001
0001011011110001
0110011110010111
0101101111011100
0000010000001110
0111001110110100
0100101100010101
0001100100100000
1001111001101011
1011001101101000
0001101001101111
1100101100110011
1100001001011000
1111011011111110
0100100011000111
1010011101100010
1001100110111001
1110100110101010
1001001010001001
0011101100010111
1011010000110100
0011100010011111
1011110111100011
0000100000010010
1111010000001001
0101011011001000
0101010000100001
0111110111011111
0110110001110101
0001100001000001
1100011000110011
0111000000101001
1111111101000110
1011010011000000
0010111110101000
0100010101010000
0111000100010101
0101001110101011
1011001000110011
0001000101111101
0111010101001101
0001010011111111
1011110000011100
0101010111000001
0101011011110101
1101010011111000
0111011011011001
0000010000011111
0010000101001111
1000111100001111
0010110101010000
1100000001101110
0001110111101111
0001000011001010
0001101010000001
1101000100010000
1111011001101101
1100011001001000
0100011110000010
1011010010011000
1001110100110101
1010010101011111
0101001000100111
0010011111000111
0000010111000000
1001001001100001
1000000101100010
1110100011001111
0111100110100001
0000111000010110
0001100111000010
0110111111101011
1011110001010010
1010001010000011
0001001111010010
0001010001100111
0100100000111101
0011110111011111
0101100101101000
1111101100011001
0101111111110001
0001010011010001
0011100100010110
1101011111010111
0101000100100101
0100100110010100
0001100111010011
1100001011110010
0001011000000100
0011010000111010
0101001101011001
1100100001000100
1011110100101001
1100101001011101
0110111101110101
1110010000000010
0111011110101001
0010100001100010
1011001000011000
0111100010110100
1010010010111100
0111010100110001
1101010001011100
0010101110101011
1101000100010111
0100100101100111
0001111101001000
0101101111101101
0100011000010001
0010011101010000
1000000001000111
0000111100001001
0101111100100110
0010111111101100
0110000100110010
1111001110001001
0000011001001011
1100000110011011
0000001101100101
0001100101001000
1111000101000010
0110100000000010
1101001001101011
0001000111111001
1101000010000110
0100101101110110
0101000010100001
1000011001111010
0111011111101010
0010011100101011
1101111101001110
1110011101110010
1000101010000010
1110011010101101
0000111101101011
0011101111100101
0100100011110001
1000110000000101
1100111110101110
1000001111010111
0010111010100100
1010000101010110
1111100111100111
1101111011011011
0111001111010000
1010011001110000
0000101001001011
0011011100101001
1101110100001011
1001001110010010
1010101000110000
1100101100001001
0010101001100101
1000010111111011
1110011001011101
1001001000011011
1100011101010010
1010010010111011
0101100011001010
1000001001010101
0000101011011100
0000010100000011
0011111000000111
0111101100001111
0011111110111011
1100000001010010
1000001010111001
1100101111000000
1000000100101011
1100000010100100
0111111101010100
0100011100010100
1101100110101001
1111010000101010
1011100000110101
0000100000010110
1111000110110010
0110011100000111
1111111100001000
0110101010111010
0000110011010001
0000101111110111
1001010001101011
1111101100110001
1010011010110101
0011000101011100
0001000111010110
1111011110001001
1111101111011000
0111100000110110
1010001100111000
1011101110101101
1111010101100100
1111001000010000
0110000001001110
0001110001001110
0110010100101010
1010000001101101
1011001101101010
1010100111000110
1100110000100001
1101100011000111
1011001110111100
0111001111100010
1010100110110101
0000000010010010
0000100111110111
1110010101000000
0001100001000001
0010011110101100
1101000111100001
1100110100110011
0101011101100000
0110100111111011
0110110111111011
0110000110101011
0000001010100100
0001100111011110
1000001100110100
0000110000110110
0010111010111001
1111101111100001
1010001010001001
1000010001110001
0110011001001000
0101010000111010
1111000001011111
1101110111110110
1100101101011001
0000010001100101
1011101111011111
1011001111101111
0110100101101101
1001001010110111
0010110000001000
1000000111110001
0111111001111011
0100000110100010
1000100101011000
1100010101010111
0000100011100101
0110111001111111
1001111000111011
0010111000111111
0110000100000110
0101110100000010
0000101000000001
1000000100010101
0011101000110001
1101110011010010
1111010100110011
1010101010100001
1000110010010010
0010111001101010
0011001110100001
0111100101100011
0000010000011100
0001000001011111
0100011101100001
1100010011100100
1101001010100010
1110100100011111
0001001100000101
1010111100110011
0100001011000111
1001100110110101
1100101111011101
0001011001010111
