0010011010000101
0010101001001010
0000101101011000
1000001000001101
1011111011100101
0100001110000111
0110000110000000
1010111000110101
0011101001101100
1101001111110100
0110101110000110
0111100101111010
1001001101011100
0101011000110000
1000010110011001
0010011101011000
0011111100000000
1101000000001101
0110011111101000
1011110100001111
0111111010101100
0110111010100011
0010000010100010
1000110110010001
0111001000110111
0111110001001100
1100111000001110
0100101110011100
0110111011110101
1000111011111000
1011010111001110
0110110111101001
0100001001010011
1111111010100110
0001000010011111
1111000100101000
1101100010011000
1101111101001011
0100100001111111
0011010011010110
0010000100010111
0010010110100110
1001001110001010
1011011110101010
0101110010101001
0001101001000001
0000011111000000
0110100001111100
1011000110110111
0110011011101101
0111101101011111
1101101010010101
0001010010001011
1100111111110011
1101001010100000
0100011000110111
0111110001110100
1001100111111011
0011100110100001
1101110111000011
1101110111110000
0001000110100101
1111001101001100
1001110001101000
0000111101110100
1010100100010011
0101011000010011
1111111110100110
1100100101110111
0011100101011110
0101000010011000
0110110111110101
0111001110111101
1101100101110100
1000000001101000
1000011111001011
0101010101010100
0100110001000110
1101101110011010
1001110100011100
0011110000000010
1001111011001011
0001111011100101
0000011110010100
1010111011100110
0101000000110110
0110001000001001
1000010111001111
1110111001000000
0100111111001000
0010000010001101
1001011000010101
1011100011111000
1011000000111111
1101110010100011
1100010100101001
1110101111010001
0110101000000010
0010101111011110
1110001101100101
1110110101111000
0101110011001011
0010001011100001
1000111110110101
0100000101000110
0001110011000101
1101011011011001
0100101000110010
1101101010000111
0010001101111100
0011000101101101
0010000010000000
1001100110000101
0100010000010100
0100001110000000
1011000110000101
0000010101111000
0110001010001100
1110101110101011
0011110110001111
0111000000001110
1111101111000001
0011000000100010
0100110000011001
0011000110110000
0101100101100010
1110010001001111
0011001000011100
0011111000001101
0101001011010100
0000111001100011
0001111010111010
0010000001010000
1100111001010101
0111010101001011
0011101000100101
0000100110011010
0000111000001001
1001000110100001
1011010001111111
0111000000010010
0111000001000111
1110001101011111
0010101001101110
0001011100011000
1011100010000001
0011000111000110
0100011100000110
1100010011000101
1011101101001100
1100000110000101
0110100001001110
1001000001110001
1101101001010011
0100100001010011
0101001101110100
0100000010100010
1110011100111101
1011110101111001
0000000100011101
1100101000010000
0101011111010010
0010110011110100
1011011000111011
0010001001001000
0110110101010001
1001110101001100
1100100110000000
1100101001100100
1100100011011000
1101100001110010
0011010010101111
0000001110011101
1111111111000001
1000100010100100
1001111110000111
1110011011011110
1001001111010011
1010011110100010
0001111101101001
1111100011110110
0000110101000101
0011110100001110
1100001110101001
1010100001011101
1000010100100100
1000000110111111
0000010101100111
1101011100101111
0111101101111100
0011010010100011
1100001000101100
0110100110010010
0001000011110111
0000000101100100
1010100010101001
0100110100011100
1101100110101010
1001101101010001
1101000110111100
1010001000110111
1110101110001110
0111100101101010
0101110010000011
0011100110110110
1000010100110000
1001011111010100
0000011110011110
1011100111111011
0001110010110101
0111110000001101
1001101011110000
0011010010110110
1010000111110010
0011110111001011
0000000011010101
1010110010000011
1111110001010000
1100100011110100
0111000101011001
1111100110011001
1111101101011101
0001000100100110
0001101010100011
0010011111111010
1011000010110010
0000101001011101
1001111010100011
0101010101011010
1100011110011010
0011000100011100
0001101011101010
1000110100001110
1011110001101010
0101000110011111
0000011100000010
0110000011100101
1101100100000000
1100001011011010
1011001110000000
1001100100100001
1111001010011000
0001011110000101
1001000111110100
0010011111010100
1011010101011011
1010000110010110
1111110111111101
1001011001100101
0111111011110101
0001111111101100
0010101010010101
0011011100111010
1001110000111111
1111100010001010
1111010000101101
0001000111101100
1011011110110101
0000110101110101
1101001111011100
1010101101101100
0010001000110011
1101010010101110
0010011010100110
0001100101010111
1011101101000100
1010100100000010
0011001010011000
0000001000110100
1100111110100011
0101000011000111
0101011101110111
1110100000101001
1001010101010001
1001001010001100
0010001001000011
1111111101000010
0101010111000001
0101000011000010
1011011010110111
0100010100110000
1011100101000001
0011110000101011
0100000011010011
1001001101111011
0100101101010010
1001110011011100
0001011011110100
0000010011010000
1000001110111001
1000100000011100
1100001010101100
0111010100100010
0011010101101110
0011100100100000
0001000101001000
0111010010101001
0110001001111100
1101110010001001
1010001010100101
0001101000000001
1011101100101110
1110001001100111
0100000111000101
0110111001111001
1100101001100110
0001000100011110
1111001111011000
1111001101100000
0110100000010110
0100101011100011
1101110101000100
0001000011010000
1101101111000000
1001101010001101
0001100100011110
0111011100100101
1001100011000010
1110100111001101
1010011000100100
0001110010001110
1110001001011011
1100100111101101
0000101100111001
0011000000001100
0101000010101000
0101010011001101
1110110011010000
1010111000110011
0010110010110000
1100001010010001
0010000100101110
0100101100101110
1100100110101010
1000100011110110
1010000000101000
1001001001010000
1110001100011101
1110100001111001
1110100000000110
0111010100100100
1010011010000001
0110100001110101
0111111111001101
0001101000100010
0100111000111111
0000000011101001
1011000011010000
1111110100111101
1110000101111111
0101111010101000
1111001000011010
1011100011100010
1100000110100111
1001010011111100
0011100000010111
1101111101110000
1110110101011100
0110101000100111
1010110100001101
1110100101001111
1001100010111001
1000010000100011
0110001111100010
0110000111111000
0111111000000101
1111110000010111
1011100001000010
0100100010111010
1011010010000111
1100101001000001
1000000111100111
0100000100110101
1100101101101010
0000100010000101
0011000011111011
0101111001001101
1111010001001010
0011101001010110
0110011010111101
1010010011110100
0100010000111011
1100100111110111
0111101111101111
1101000010110011
0110111100010011
1001111111110010
1110100010110111
1100111100000011
0000010011001100
1111000010011100
0111111000001010
0100110110101010
1010110110000000
1011001101111000
1110111101110001
0001110001001110
0110101001000001
0110111100111111
0001011011010101
1110101010010000
0010110011001010
1011010100111111
0101000110110000
1100100100010110
0011100110000110
1000000000000001
1101011110011001
0010100000011101
1111010100100010
1010101100100000
1000100011001010
1111010010011000
0110101011001010
0111001010001011
1001100110100100
0111001100001010
1011101001110110
0111101111000001
1110111010111000
0110001010110010
0010010100011101
1110110001011000
0010101101110111
0111011110111001
0010010101110011
1001011111111111
1011101101101001
0110100000101110
0111100111111011
0001000100100010
0101001110000101
1001011110010101
0101100110111001
0001000101111000
0000101001111101
0011101111001110
0111111011100100
1001100101000010
0011001101001110
1001111001011101
0100111010110111
1100010010011111
0101111100001110
1000111100000100
1001000001111011
0111110001001000
1001110111110100
0000001010110011
1011011100010100
0101010111111011
0010001111110000
0111101110000000
1010011111101001
0010100001101011
0111010100110010
1110101000011001
1111010010101001
1000101011100101
0100101001010100
0000000111111100
1011010011100101
0001000111111101
1111011101000110
1111110000011010
1001010110110111
1001011000011110
1111110011100101
0011101100100000
1101010100001100
0111100001000001
0110110001011001
1011010111011100
1000010111100001
0010001000110111
0101110100110101
1010100111101110
1101110111011111
1110100111111111
1000010000110000
1001010101000111
0011100011010000
1001101101101110
0111010111101001
0110000001001100
0111111110010100
0011001011110011
1101110110111010
0111100100011010
0101001001101011
0011011110111011
0111100001111001
0001000000111111
0111101100000110
1110111110001001
0011110110111100
0110010010100111
1000110100101100
0011100010011111
0010101100010001
0010110111111101
1110011010000011
1111110110110100
0110001111100100
1110000100101101
1011111010101010
1011000011110010
1111110000111010
1110100111110010
1001001100111110
1001011001001110
