0110110000000001
0010111100011011
1010110111100010
1001101011011101
1111111010110001
1111110100010011
0111111011100100
0001010000101110
0010100000101001
0001101000100110
1101111000100110
1010010011110001
1100111001100001
0000100011100000
0111000010001101
1011100101110111
0100011111101010
1111101010011110
1111001000111100
1111110011100010
1010101111111011
1111001010100001
1000100001010001
0010001101001010
1111100001110110
1101011010111110
0101100101000000
0101011010010010
0101010010100101
1100111000001001
0101011000111111
0111111001010000
1001100111110011
0111100011111111
0001101000010010
0000110101011110
1000000101100111
0010101110101110
0111010011011001
1000100101001110
1011011000100001
1101010010001101
1010111111101001
0110111001101111
1011001101111010
1101110100011101
1011001010110100
1100101101100010
1001011111110010
1110001001110011
1111000100001011
1001010011101011
0110111011101100
1110000101000100
0110000110001001
0001111001100001
1011100111110100
0100100000000100
1111010101100000
0100011011010100
0111101101110101
1110111110001010
1011101000000100
0100110000111101
1000011111000000
1111011000000001
0001011100001001
1000010100101101
0111110100000010
0000000010110011
1111001100110110
1000111111101100
1100001001100001
1011000011110100
1100110111001100
0001000110111011
0111101011101111
1000000110111010
0000010001111111
0010010000110111
1100100010110110
0000010001101111
1010000000110100
1110111011010110
1101010101100111
0010110011111010
1010101111010111
0101111001100010
0101001100100101
1010101110010001
0110111101010011
1110111011010100
1000101111101110
1011110011101101
1100101010011010
0111001100010111
1010011001101001
0010000010000001
1100001110111111
0011011101101010
1101110010101011
0010110100100110
1110010010101100
1110011110110000
0110011001111011
1011100001100100
1101011110110110
0101111110011111
0010011000111111
1001101010010000
1011001101110010
1000110001100000
0110110000001000
0110101011001001
0100111101001100
0101100110000111
0100111111111101
1100100001100001
1101100001101110
0110010111011101
1000110001001011
1010001111100111
1001001100001001
0010100000010001
1101011011110101
0111011110011101
1001000110111111
1000100001001101
0010010101000111
1010010100111010
1111110011000010
0001001000111101
0111001000111000
0001110011000001
1100001100111001
0001101111101111
0010010000001110
1100010111000011
0110100011000110
1001000010101010
0100101101010001
1001000111001000
1100110101011111
1011100001100111
0111111101000010
1110111010010111
0110111010011011
0101001001110111
1010001011111101
1000111010001011
1010001100100101
0100010100011001
0101110100001000
1011111010110100
0101010010101001
0000000011000010
0001100010000100
0011001010110100
1110001110101101
1011011010100100
1000010100111100
1010100111010111
0101110111100101
1111101000111011
1110000011010101
1101111101100011
0100001011010111
0000101110110000
1110100000111000
0100100111010010
1010101000111101
1010010110110010
1100101110011001
0011100010011010
1100001000101000
1000011100100001
0110000011101100
1101101111100010
1000001101000000
1111110011111110
0010111101010110
1110011110111111
0001000100100110
0100001010110111
1100101111100110
0011110011001110
1011000000010000
0111111101011001
1010101000000101
1011001101110010
0101011100111001
1010010010000001
1010011101001111
0011001000101101
1000101111110001
0110111000100010
1010001001100111
1111100010110101
1001100101001001
1100000000100001
0001011101100101
0010010010000001
0001110000001111
0010101111001010
0000100101010111
1001110101000111
1111100000111000
1001001110100000
1110110111010111
1110010010101010
0010001010011111
0101010101011110
1111010111000010
1010101110011010
1001011110110100
0000010101011101
0010011101100111
0100111011011000
0010011010000110
1001001011101001
0000100110000010
0011011100010000
1111000011111011
1001111010011011
0010010110010001
0110000100110001
1001100000100110
1100111101101011
1000001000111111
1110111111010101
1100010001011110
0011110110100010
1101111000100100
1110010111111011
1010011101101100
0110000100011100
0101111000111110
0010101010010100
0100101101001110
1000111110101010
1100111001001111
1111010101011111
1100010001011011
0010001011100100
1111001100001001
1000011000011001
0001111100101001
1001000001111101
0101100100101101
0101100111010011
1010010011100111
0100001100111111
1111011010010000
0010111010000111
0111100100000110
0000010111101011
1000101000000011
1110011000111001
1100001111010001
1100001001001000
0000101110010101
1100011100001110
0101100111011101
0000011101001110
0110000110110101
1001010100110010
1101110010110111
0000101001001110
0110011011001011
1011111001101100
0110001111010001
0010001101111111
0011000111010000
1111000111001101
0111001110110100
1000110010011000
0011110111110000
0000000111101011
1011111000110000
0011000100010000
1001100001011100
0010101110101111
0111010100010011
0010010000100100
1001110101110101
1111011000101100
0111110000010111
0011101100000101
1011101100110011
0000100110111011
1100010101100000
0001001001110010
1000001101100010
0100011100111111
0110110111110000
0100011111001011
1110001010010111
1000010101000010
0000010000111001
0110010000101000
0010111011011101
0010010110011000
1100010010010100
0000001000101110
0000001101000110
1110000101011110
1101011111011001
1010001010110010
1010011000101000
1111100011000001
1011111100010000
1101001001111010
1111001010010110
0101110111001111
0110011000001000
1100101111110110
1101010010111100
1100010100000000
0100110000101111
0110000110000110
1001011001001100
1110001011010111
0111100111101110
1110100011011100
1100101010000011
0000100100010101
0110111010110101
1000110100100101
0111000010111110
0011010000010100
0011001111111001
0110110100011010
0000110100110110
0001110010000011
1111110110110111
0000110001100110
0010100001100111
1010000110001011
0010111001111010
0111110111110100
0101010000010100
1001110001111011
1010111001110101
0011010110101001
0110010000010100
1110100100101110
1000111100100101
0111011010100100
1010110000101111
1111110010101011
0011010111010101
0001111000001000
1001111010000010
0011111110111011
1111001110100000
1011100001011110
0000100111011001
0010001000100111
0010110101101100
0000000000000110
1011110111000000
1001001110011100
0010000101101100
1110110010010001
0010100001011010
1000111001000011
1101011101111000
0110100101000000
0111011111100010
1110011010111101
0111111010001110
1110011001001111
0010111101010001
0111111110111101
0001011010110010
1100000011011011
1100010011110000
0001110101110000
1010111101000101
1110100000010011
0000100110000111
1101010000000001
0101010000101011
1010100001001011
1000101010101011
1100001000011111
1111001110010100
0111110001001100
0001100101111101
0100100100011111
0110111011100011
0110110011100111
1000011111011010
0101111111011101
1100011101000101
1110110011010101
0001011101101111
0000111101110101
0000111101110001
0101110001101001
1100111000100000
1101010011000000
0111111111100010
1001011100011010
0110100100111111
0000110101100111
0110001100001000
0101000010000100
1101111111010010
1110000010010100
0110011101101111
0101100110111001
1110111100000010
0101001001000001
1111111011001001
1011100101001111
0110001111100100
1011111000100010
0010100111100000
1001100000111110
0110000011000111
0010001100100100
1110010001100101
0100110001101101
1101000010101111
0000100100110001
0111100110101000
1110000001011011
0010111101101000
0011001011111001
0011001100001010
1001010101100000
0000010111110011
1110111110111010
1001011101010011
0101100111001101
0011110111000110
0010011111111000
1001001100110010
1011101111000100
0111110110010110
0101100000101110
0110101101001101
1110011011111010
0011111101101111
0111000111011010
1001101101011111
0101110001001001
1110011110000111
0100110110100011
1101111110011110
0001000010000111
1111001101110000
0101000110100101
1010110111101100
1111100000000010
0111110111100001
0110100010101010
1111100001101111
0000001111111110
0010110000011111
1010110110011100
0111011001101001
1010001111111010
1001111000000110
0110011000101111
0100110100000010
0100101100111101
1011010100110101
1111010110111101
1000001011101110
1001011101010010
0100001000010101
0010001110101001
1101110011010101
0010110110110010
0000100110011101
0010101010111001
1000010101101111
1101111110000000
1001111000100000
0000001101010000
0101111000001111
0111111110001010
0110101100000110
0111111000011001
0001000010011100
1100110111000001
0110010000011110
0110001100100011
0010110111011011
0111011100110101
0110110001101001
1001110110111110
1011001111011101
0110011001110111
0011011100110001
1011111011000010
0001011100001111
0001111000001011
1101101011011001
1011010011010010
1010111000011111
0011011000010100
1101011001100111
0001101100111001
0100001010011000
1101101101011001
1101011110011001
1111100111001010
1011010000001111
