0111101111100100
1000011110011010
1010011101101111
0001110111101010
1110010111011011
0110101100010010
0000111101111011
0100001111001010
0101011100111011
1010011111111100
0100101111111001
1111110101010001
0111110111000000
1111110111010000
0000000011111100
0100010110000010
1000010000001001
1101001111101000
0110010111000100
0110110001110011
1000111001110010
1000000100100010
1111111001000011
1110100101001111
1111101100110000
1011001101111001
1101000111111110
0010001001111110
1001001100101101
1000011110100011
0001011111101110
1010000100111010
1101101110101100
0111001010001001
1010000001111110
0011111101110010
0101011011011100
0010011100100111
0011110100101000
1010001100100101
0010001011101000
1111011101111111
1111000010010111
1111111001101110
0010011101001100
0101100100011011
0111100011000000
0101101000110000
0111001111111101
0000010111010101
0001100001110010
0010011001001001
0111000101000110
0000001110000111
0001101101011101
1011100011110110
0101100111110000
0010010011100001
0011110001010101
1110000100011011
0100111111011011
0000110111100011
0101010111001001
1010111100111100
0001001000111101
1101001000110101
1111001100100010
0101000101101100
1101101111010110
1000110000111010
0111101010100010
1011001000111101
1111101001110011
1000011001001011
1001011110110101
0000000010011101
1010101001000111
1100000001110101
1111110010110110
0100001010010011
1110001110010110
0111111011111111
0110111000100110
0110111011011010
1101001010100010
1000110100110000
0010011011000001
1101001010000000
1101111011011010
1011011101111101
1001011011010000
1100100110111010
0100000100100111
0001010001010111
1101001111110010
1101001000010111
0110000111001110
1110111001010001
0011001111110001
1110010110110110
0110001100111000
1001100000011100
0001010001010101
0000100100101100
0001111101010000
0010110100000000
0010101101111101
0011111000101110
0001010011000100
1101010011010010
0111100101010001
1101001101110010
0101101111001100
0001010100100010
1100101011110010
0110101011110111
0111100101001111
0011011111110101
0010100011110101
1100110010111001
0111110110011010
1010110001110001
0100001111010010
1101000110010110
1111110110000011
0010011000001011
0000001000101010
1001011101111001
1111110110110110
1100001101001011
1110101110010110
1011010011100000
1111000101100101
0000101011101101
0100100100111011
0001100000001001
0011011100101111
0110100011011001
0101100001000100
0111010100011101
1000111100000110
1011011100111110
0101101011011101
1000100001000100
1101110000011111
1110100110001100
0101010110000101
0001001001111111
1100000011010110
1110011011100111
0000110010110010
0010000000001001
0011011010111110
1100100101000001
0000010111100010
1000011110101110
1111000100010110
1111000001100001
1000110010010011
1110001011001001
0100001101100111
0001100011101110
0000010110011001
0111101011001110
0011100000101111
1000010001110000
0100000011011110
1100011101110000
1111101000110010
1101011101000000
0101101001111100
1111010100000100
0000001001101011
0011101111001011
0010000001100111
1101001110010001
0100001101010101
0111101111110101
1010000101101010
1001111011000010
0000001001011011
1000010101110001
1101010110111001
1101011001100001
1110011101111110
1100010101010111
0110110100011110
1100110110101000
1010010011001001
1000010000010101
1010010100011100
1001000100111010
1111011011001100
1010011010100100
0010110111000010
0001000111100111
0101100100100110
0000010001010011
0001000010010001
1111110110100001
0011110111011110
0001111000011110
0011110001100110
1011100010101101
1111111000111000
1110001011110101
1001001010100001
0011111011100010
1100000011111000
0100101110011110
0100111000000101
0011101100111111
1011011010000111
0111010110101111
0001111110110100
0111001000000111
0010000011000010
1100111101110100
1111110101111011
1101111110110010
0101110010111101
1011111001010101
0011110011011101
1001001110000111
0010001101001101
1101100111101110
0000001101100101
0110111100100111
0001111001110101
1111001010011011
1000001101000001
1000001111000110
1000101110110000
1011001011001100
0101111100010100
1011010110110101
0000101110111110
0001111100100100
1101110010011011
1010011110100110
1010000001001110
0010110100111000
1011111000100010
1110111101100001
0111000111100000
1101010010011101
1000100111101101
1111101000001010
1000001010011000
0001101000111001
0101111110110110
0100101110010011
1110101010101101
1110001000011011
1101101100111010
1000001101001010
1100110111100001
1111110101000100
1001010100000001
0111000111101101
1111111100001101
0111111001001110
0111001100111001
0110101010010110
0010100000100010
0101000011010000
0001001011001010
0111100000010001
1101100010110000
1100111110000111
0111100010100111
0011011011011111
0111100111010111
1111001010001000
0100001101011000
1100000010101001
1010100011100111
1001010011101110
0010110101111001
0010100101111011
1000000101001101
1001110010001101
0010100010101011
0100010100011101
0111011011100001
0110110101100010
0111011000100101
1111011100011101
0001110111001110
0100100011010000
1010010010001011
1111101111110101
1000011111011111
0101010011110100
0110100011001001
1110001011011100
1111111011111001
1111100001000101
1011111000100000
0100000000011000
0101010101101101
1101010010100100
0110010110100111
0110000000101011
0011000011101011
0101001110010011
1100010001101100
1000011000000111
0001101011101110
0111110011011001
0001111011100101
1111011101011001
0001001001011011
1100000100110111
1010010000010101
0001001100111101
1001010111101111
0011110101001110
0000001010001101
0110010101010001
0001100101111110
1111011010001101
0110010010010110
1000101110110100
0011110111101111
1110110010011101
0100101011110001
1001000110010001
0011101000001100
0000110111111110
1000101011011011
1001010010100110
1101000011101110
0111111100010011
0110100100111010
1110000010001000
1101101100010001
0111101010010100
0001100101100010
1011001010010000
1101100010010111
1100000011001001
1000010010111110
1100010001100000
0010100101100100
0000001101011011
1000111010101001
0110100101010111
0101101101110001
0101001001001000
0111111001001100
1010110110011111
1001001000011111
1001111011001100
0011111010110000
1001010101100100
0000110000100011
0010100011000001
1001001001010000
0110111011000111
1100000100100110
1111100101001100
0011100000111111
0011000001000101
1101000111100110
1000100110010011
0000110110110011
0011001011110010
1100000001110101
1110011011001111
1111001100000011
0001100000010011
0100010111000100
1000101001101011
0110010101111100
0010101111110000
0001110101101011
0101011101000011
0111000011010010
0100011100100010
0111011001100001
0001100001001011
0011010100010001
0010010010011111
1111111100001111
1110110101100111
1000010001011010
0000100101111100
0100110101001000
1111000011100011
1100110101111000
1011000101110011
1001010100011000
0011010010001101
1111110000010011
0101100100011001
1000010000001101
1010111101100011
1100001110110111
1010111000111100
1110001000110000
0100100110010000
1000000000110111
1100001010010100
0001111110101101
0100011110010001
1010100100001001
1001001011001001
0001001100101011
1110100010000010
1011010000101011
0111011011111001
1101101110111000
1110000110000010
1110111100010101
1000111000000101
0011001001010110
0011010100000011
0011111110000000
0111101001000011
1101000011101100
0000001100111010
1101100001001111
1110000111111000
0101110101110000
1100111001011111
1111111101111111
0010010101111000
1010000001010001
0110010101011010
0001010101011100
1101000011110101
1000010101011111
0011100111000111
1100101101001101
0000001101000111
1111011010100110
1010000000111011
1101001010111011
0000101010010110
1011111110001111
1010001111011000
0000100100011110
1101110100110001
1001000101011111
1001000001101001
0100011011000010
1110011101010001
0111000011000001
0001000111101110
1010101000001011
0101100000000101
0110101111000111
0101010100110001
1001011011100011
0111101101001110
0010011111011000
1000111000110011
1000001010101010
1001100110001000
1111001100111010
0101100100011100
0101101010110111
0111111010010101
1101000001011100
1010011000010001
1111101100011010
0111110000010100
0010011001000011
0100010011110110
0001111110011110
1010011000110111
0110001100001110
0010010011001110
1100001110111111
0110000100101001
0101100010100011
0001110111100011
1111100001101011
1110101110110010
0101100011110010
0101000010100110
0111010000011010
1111110101111010
0111100100011111
1100101101110001
1000101101111001
0001110110110010
0110011110010010
0101111110001011
1111001000011110
0001010011101000
1010001011111110
1111101111110101
1000100110110001
1100110000011111
1111011101010000
1110010001100011
1011101010001100
1001010101110101
0011010001100100
1100110010100000
1100011110010101
1111111000011100
0110111001011111
0100100001000000
0100110101001010
1001010001101110
1100000111010111
0110101101010000
0101100011111010
