1111101110101101
1001001110010001
0011111000100000
1110010011001000
0000111111011001
0101100110100101
0001000110111100
0011110000001011
1110110111100100
0000001001101100
0111010100100000
0101111111000000
0011100101000110
1011101000010110
0100001001011111
0001111010011011
1001100100111001
0011100111100111
0001001010000010
0010010101110000
1101001001110110
1100111011110110
0110001011111111
0101110000000111
0101001110000101
1110100010001001
1110000100011001
0111100101010000
1100110000000011
0000010011001001
1100010000000100
0111110010101100
1010101110111010
1110100011111000
0000011111111001
0011111100101101
1010010010010011
0111001111010010
0100010111001111
1100010101001000
1000011111100001
0100011111111000
0101111110010100
0010011111001100
0001110001011101
0011001101101101
1101010010000000
1100000000111110
0001100011101001
1011111010011000
0101000101101010
1110001011100011
1110001110011001
1010110000011001
0011011110101101
0011001001011100
0010111111101100
1001100100111001
1000011011010111
1110110010110010
1111011110110100
1100000100000110
1000100011011100
1111111001111101
0100010011001100
0000100100001011
1010100011001001
0101101110110010
0111000110011011
0111101010011011
0111100001010101
1111010010011010
1000000101111011
0001101001100111
0011100000011001
1110011010100010
1100100001110000
0001000001000111
0111011011001101
1000000101100010
0011011110011111
0011111100011101
1100100111011100
0110001101101011
0000000011111000
0100011110111111
1101000101000100
1111000100101001
0111100111101111
0100010100010101
1110101001000111
0100100001010000
1100010110110110
0011000111111000
1100001001000000
0101000001111100
1110010000011100
1100001011000110
0011010110001000
0001011100110000
1101000010011001
1010100110100011
0000110100010111
1001111101010010
1000110001000110
0100101000001001
0010000101101010
0101010001001001
1101100100000011
1001000101110100
0011011010011010
0101010111011101
0111100111011110
1101100101011011
1101001010110000
1110111100111010
1000000110010000
1011100100010000
1110101110010100
1111000011111001
1100100101111001
1100101010111000
1010010010110000
0011100100110111
0001000111110110
1100110000001010
0001010111111100
1111101000000101
1011101110000001
0001101001010000
0111100101111100
1101001101010001
1000100111110000
0011011111101100
0111001111100010
1111100000011011
1010011101000110
1011010011110111
0000101010000101
1110100100101101
0100010111000110
0001111000010010
0001000001010110
0110110100100001
1100101110100110
0110000010101110
1011111110010000
1101101000111001
0000101000101011
0000101001001100
1111110101110001
1001110000111110
1001001111011011
1101011011000001
0010100000111010
0101101101011101
0011111100001010
0111101100011010
1111011100110101
0101010000111011
1100010111000010
1011110111010000
0111101111101110
0011101010101000
0101000111011010
1011100111101100
0111000001001001
0011100000010101
0010011101110110
1111011010101010
0101011100011101
1011100110101001
0001001010101100
1111110111100111
1011110100111111
0100101011100110
0110010111011010
1111010011110001
1100101000110111
0010000100010010
0001101101101011
1001011111100011
0110000111011101
1001111011001110
1101100011111100
0111000110100011
0110111111111011
1101111000010010
0110010000000111
0001100011111011
0101100100101110
0111011101100100
1111111000111011
0110010111011110
0110000010100111
0000101001111000
1010101010011000
0010011010011001
0010000011101111
0111011110000101
0110100011110000
0011000110000101
1100000001101001
0100010101110100
1110100111110100
1110001111101111
1100000000000100
0000110110011000
1010101101010011
0001010001001011
1011100001010001
1000010111101011
1111001100100110
1100011001101010
0011010001100100
1001110011000100
0001010110101110
0110110011100000
0110101010001101
0011101011011110
1010010000100111
1110000100110001
0011001010010101
0001110100000010
1110111001101001
1100111011011010
0011101101100101
0001100101100111
0001001100110101
1000000110110101
1010100101100001
0111100101010000
1001110111111100
0000001100011000
1101100011110010
1100011000011101
0100111011011101
0100111001100011
0000000011010111
1000011011011001
1000110010110001
1101010011100110
0100111101101001
0011010101011111
0010111101010010
1011000100100001
1010111110101111
1001110011010101
1110010110001111
1011010010110100
0011010111010011
0010010011111110
1000110011100111
0101100111001010
1001010101000111
0011010001110100
1010100111111000
0100011101100000
1111100101010001
1111100010011011
1110011101010010
0000110111111101
0000001100010011
0100100011011011
1111100001111110
1001001110010100
0110100100101101
0001000010000000
1000101111011011
0010101001101101
0000010100011101
1010000000001001
1010001000111110
1001000010010001
0110100011010111
0000011011011001
0011001101111010
0101101011111101
1010110011100000
0100011001000011
0111101010000111
1110111100101110
0100010010010110
0001101111011011
0110001100011100
1010010000000111
1111001110110000
1100110001100111
0000110001111001
1000110000111101
1011001111010101
1100100111001001
0111110011111010
0000011001011100
0010001001000011
1011111010011101
0110110001011000
0011110111100111
0001101000101000
1000111000011110
1001101101001110
0010101101111001
1111001001101110
0100101111110010
0011000011000111
0010111011000101
1010000001111100
0011110110011110
0011100101011110
0100110101101100
0000001110100110
0110111100111000
0111111010000101
1110000100000000
1001110010101101
0101111001011100
1010011001001001
1010111001111011
1110111111001100
1111101111100011
1001100100000110
0010101111000011
0101111001111010
0110110000010010
1001111011101010
0110010010010101
1111110001101010
1011111010011110
0000101000101100
0101001010010111
1011001110001101
1010101100011110
0000000001000100
0000110111111011
0101011101010011
1010010000010011
1000001111111010
0111011010011101
1101111100010000
1101110000110001
1010110010111110
0011100000000111
0101101110101010
0001110101011001
1100110000000111
1110111001100101
0000100000101110
0000011011100100
0100101100100001
1110000011100101
0101011101010110
0000111011101000
1000101110110001
0111010001110100
0100011100010010
1010100101111100
1111010000101111
0101000011001010
1010001011011011
1111111110110000
1110110100111011
0011010110010100
0100110110010101
1111110000000100
1001111110110001
0111111000001101
0110111101111001
0110010011011000
1001111111010111
0011110001110011
0000010000101011
1110010000111010
0100001001100001
1000111110010111
1001101110101000
1111111000010000
1111101101111111
0100110011100001
0001110001111001
1010110001110101
1111110100100000
1101101011010010
0111101010001110
1001111011100110
1010000111111001
1001111011001001
1101111001001011
0111101011100011
0001111110000100
1111000100111010
1010011111001100
0101011000010100
1011111000101000
0001101111000011
0001010001000000
1111110010111001
0100011100001010
0100001011111111
1111110001000101
1010100000111000
1000000100111010
1111001001111010
1001010101001010
1000011110001101
0001100001100110
0110110011111000
0101000010111101
0100100110111111
0010001111000010
1111110111111111
1100010011000101
0110011011111010
1100011101010000
1100100101110110
1001001101010100
0101111111111010
0111110000100101
0001000110101010
0000111011110100
0010001011001100
1000110001110001
0100011100000011
1101000100000100
0101001101110100
1111100011001111
0011000111011010
1110011111110110
1100000010001100
1001010101101100
1001101100110111
1100111010010000
1111100000101101
1011001101010100
1000111010000101
0010111001011001
0111001111011000
0010100001011000
0011000001110010
0010001001110000
0101000001001010
1000011100010001
1011111110001000
0011100000110010
0111000110110011
0001101100100110
0001111100100001
1101111100000100
1011110000100011
0000000000101010
0011010110000011
0011110100001111
1000100100111001
0100100100100111
0011100110101010
0100101110011000
1010010110001100
1000011110011101
1101110101010010
1101001011010100
0100001001110110
1110101001100010
0000001001000001
0100101011001001
1001010111001011
1101000010000010
0010111001010010
1010000011111111
1011101010010010
0110110011001110
0011000111100101
0100001001101110
1011100001111100
1011110001101110
0110110111101000
1000001111110011
0100101001111111
0011100001110010
0101010101011000
0110100110110010
0011010001101011
1011100000111000
0100111010101010
0001101100100000
1001101001001011
0110101011101110
1101111100010010
1001100111010100
1011111001010101
1011001110000111
1001000110110100
1010011101010001
1101010000000111
0011011011111011
0001010011010101
1110001111111000
1110111110101110
0000110100001000
0010100001011011
1010111101000010
1011000110011111
0001101001010011
0011110010001001
0010001010001100
1011011001100011
0001011011010001
1001010101011100
1100110101101101
1111110011001001
0000011100010000
0110010101001001
0010101101111000
