0100010110110001
0011010000100111
1101101110111100
1100110110100101
0001000001010001
1000011011111111
1111100001001101
0101111111001000
1111010001001001
0011010011011101
0010110000000100
1011111001000011
0101010101010010
1111011111111001
0000001101111000
0110101000000100
0100111001000001
1111011010001011
1101100100110001
1011101111110000
1100110110000110
1111011001111110
0000110111010011
1101111000111110
1101101011100110
0100110110111010
0100101011000000
0001011010000011
0100100001110001
0011001101100101
1110001010111100
1111011111111110
1011101011101100
0011000010101110
0010000000110001
0011000001001011
0010111000110001
1010011110110000
0100111010110011
0100000100011100
0101011011111111
0110010110110011
0010001010011111
1110101100110011
1011100111101110
0101100000101011
1111100010011111
1001001111101011
0110110000010101
1101000101111100
0100010100000001
1000100100101100
1010101101111110
0110001111111001
1111111010100001
1101001010011100
1010101100111110
0000111000001000
1010110001100111
1000001111000000
0101011010110101
1010100101010100
1010001010100111
1110010010000101
1001001101101101
1010110000001100
0101111011011011
1001101011111100
0101000110100001
1101000110110110
1000101101100000
0110010000100011
0000111101100010
1110010011101110
1000001110110111
1100000100111001
1100101000101000
1000101000100010
1111010011001011
0011000100100000
1010110010000000
0110100011011100
0111110001000011
1101010010011110
1011000100010101
0100101110010111
1100010011111111
1011101101100100
1000100101111010
0100010011011011
0011100000111111
1000000010110101
1111100010110110
1001111111011010
1110100110100000
0000001011111001
0101100101000011
1001001001111011
0011001111111100
0010011001100110
0000100111101010
0100000110110000
1000100010010101
0111101001111110
1010000010000010
0110101001100110
0010011100110101
1011010001100111
1100010001011100
0010010000010001
0100010100000000
1111110001101111
1110001101001001
1101011101111110
0000001011101010
1010111010010010
0111111111010100
1110010101011001
0000000101011010
1001110110011011
1001010101101101
1011101001101110
0101010101100111
1001110100111111
1100111011001011
1001100001001100
1001001000001100
0010101010011011
0000110000010011
1010001111000110
0110111101001011
1111010100001011
0110001110100000
1001011010011101
0101111000010000
0011011111111010
0010010100001000
1011110111010000
1001010110110101
1001011000011011
0011101110100010
1110111110000010
1101010001111001
0101101101001101
0111100101001010
0010101010100001
1100010100101010
1001010001111101
1011111011010101
1111111010101100
1000100101011010
1001101001110110
0001000110101101
0000010110111100
1011011011010101
1111100110111011
0110000111110110
1101011001101110
0111000101001101
0011101010011101
0110101100101101
0000001111111001
0110000110010010
0000001000000000
0101011011100111
0110011111001100
0100101111100000
1111001000111011
0100010011010111
0011000000100001
1101000111110111
1101110000101000
1011011101110101
1111110011010100
1001000010010100
1111101100000111
0010110110111101
0001100110001000
0001101010000101
0001011000110001
1111000111110010
0110011111101100
1010000110100100
0011110010001011
1010100011010110
1010111011101010
0000010010110001
1000010101011100
1001000110010011
1000010111010100
1100000011100101
1000001101101111
0100101001101101
0101110100100111
0011111001100001
0010000100011000
0110100100111101
1110101100111110
1101000010100010
1001001100110000
0101110000010110
0110001010100011
0111011101101101
0000011001101011
1010110100110110
0101110111100010
1011110001001110
1000010000110111
0000001010011010
1100101110111001
0010000100111111
1111010100001101
0110110100000010
1001101000000110
1000000101110111
1111001000100100
1101000000010100
0101100001111001
0111111101111001
0011100001100101
0011100100011111
1111111011111001
1111010111010011
1100110110001001
1110110011000111
1010110110001111
1010101011111010
0111010101100101
1010000111001011
0111111101010111
0001000100011000
0010110110101111
1110110101001101
0001100111110001
0110110101000010
0001110000110111
1110111001010000
1100011110010000
1001011010010111
1011011000000110
1100110011000101
0001100001010001
1100100101100101
1001101110101101
0101111001110101
1111001011000000
0100010010010010
0111000101001010
0010001101111001
0101011100011110
0110001011011110
1010001110001011
1000100110001110
0000110111111111
1000111110101111
1010111000010101
1011111011111100
0010101010000100
0111111100111011
1010110000101110
1001110000111101
1000000001001111
0000000010111010
0111111001001010
0101100111100111
0001111010111110
0111110011110011
1100111001100000
0010000001110011
1001000101000100
1101100000100101
0000000010101000
0000101001100000
1101100101010011
1000101100010101
0001001001100111
1000001110001010
0110011101100001
0011010010011011
0100010101001001
1101001101011010
0111010000111110
0001111000100001
0110111110101010
1111010101000011
0001010111101001
1000011001001110
1001010010110000
1010111101001111
1000010111010111
0100000010110101
0010111111011000
0000101111111011
1101110101011100
0011001001011111
1011101100010100
0001011011100011
1001000110000101
0011110010111100
0011111101111111
1110110001000011
0010011001000100
1001100010000010
0111111011101011
1011110010000011
0000000101010001
0001110101101001
0011100001000001
1101110101110000
1111110001011001
1010111001100000
1001111111001001
1111000001110010
1111110100010000
0001011000001100
0011100111001111
1100111010110100
1100110000000010
1010011011000001
1111001101010101
1111010010001011
1011001000110010
1110100110111001
1011100010010010
0111010001000001
0010110101001100
0101001110110101
0100110011001010
0010010111000100
1010011101110000
1001011001000011
1101001011011101
0100101010001001
1000000011111010
0011101111111010
1101101111111001
0111111000000101
0101010101011101
0101001110111001
0010101011110011
0011101010110001
0100010111111010
0111100100011100
0101011111011110
0111001100100001
1100010101100110
0100111111111101
0110010101000111
0011010000010011
0101111010011000
0101001101101101
0010001011011001
0010010010000000
0010011101110000
1010100010100100
1101101001110000
1010001001110000
0010010110100111
1110111110001110
1101000011010000
0010000100110101
1101111100111111
0110000001101001
0011011000011100
1101010111000100
1100110110000011
1110101110101001
1110001110100101
0010111010101001
0011101010111000
1100111110110110
0110101011000000
1111111111001011
0001000000100000
1100110110001110
0110110100111111
1110011110011000
0010010001010110
0110111000001101
0010011011011000
1110101100011101
1101010001001000
1111110101111101
0000011111000010
0000010100001101
0000011101110000
0110110011011010
1101001111110110
1110011100111001
0000100000001011
1000010001100000
0111000000110000
1000010011010011
1101011011110001
0011010010001100
0000011111110110
0001010101101011
1101110010110000
0010010100001110
1100100110011001
1000000111100011
1000110111101010
1000010110111111
0111111000001000
1101011110001010
1110010110001111
0001010010101101
0100101001000111
1011110110100001
1110011010011111
0001010110101100
1010100000110111
1000001000000000
0111001101000010
1101011111011110
0011001110101110
1011110011010010
1111000101001100
1100011000101111
1011100111111001
1110010001100110
1010111011101011
1111001000001010
1111000101111101
0001110111001010
1101111111011100
0000000001011100
0011011111011100
0111010000101001
1111000001001111
0011011000001000
0001010101100001
1110010011100110
1110101010001100
1010001010010101
0111011101011100
1000110110111101
1001111110001100
0011011000001010
1111011011011001
0110010101110111
0100110001001000
0011110111001110
0100001101110011
0100110010011100
1010010111111010
1110010110001010
0111001001100110
1101100011000101
1001101110101001
0100000001101000
0110101010111111
1100001000111111
1100010001011110
1011001101010111
1101000110000001
1000010111011001
0100110000000110
1000001000011001
0101011001110010
1010100010000000
0000001010001010
1000000000100100
0010011111011101
1010001010010110
1001001100111001
0000110111101011
1000100001111111
0010011010101101
1000011000111111
0001011111101001
0011001001011001
0010001100010100
1101010110011110
1010000101000101
1001100000110100
1011101110110001
0101001000010101
1111000000110101
0000110011110010
0010011011111110
1111111100101000
0010000111010110
0101011011110111
1110010001110101
1000110010100001
0011110001111101
1101111101111011
0011100110111101
0100100001010110
1110111101011000
1001000001011101
0110101001110110
1001001110110111
1010000100100010
1111100010100010
0110000011110100
0100110110000001
1000111100001110
0000111100100110
0100000001010011
0100001100010110
1011110111110011
1001011111010100
0000101001000111
1111010010110000
1010001100011101
1010011010110110
0011000110001010
1011011111010010
1101100101111100
