0000101111100101
0100100111110011
1010001101101101
1101100111111001
0011100101100100
1110111001000111
0011110011101010
1001101101101010
1010011001111111
0101101111000000
1101001001100000
0111011101001110
1100100001100000
0001111001111110
1111001011001111
1000001001110011
1101111100111001
0011011111011010
0011000010000011
1111000001110100
0111111101101000
0101110111000101
1101100100000011
0100100100100011
1100100111000111
1011001011001100
1010011110000011
1101101110010100
0110101111010001
1110110011000111
1110111010000010
1101001101011001
1001110011101001
1000001010011111
1111101011011000
0110100010011010
0010101000011110
1111101110101001
0011100011000101
0001010110001111
1111010000001011
0011100101111000
1110010101001110
0110010011010110
0110000111101110
1001011011011101
0001011101000000
0111000001001010
1000101110101111
1011101010011111
0101101000100011
0100011100010101
0101100100110110
0001101010000000
1111000100010010
0111000101111000
0100101110011111
1110101110110010
1111001000000010
0000010010001001
1110100100010101
1111100000100001
0101000000111101
1010000000001100
0100100100100010
1001110110011010
0011101001110111
1101101011100101
0011010101010001
0000101101111101
1011010011110000
1010010010000110
0011110100010100
0111110001011111
0010101001100101
1111010101011100
1111101110111001
0111011101101100
0001101010100011
1111000110001111
1111101010011101
1011001011101110
1100010111100101
1110011111001001
0010101111011101
1111000010111011
1101110110111111
0101100011001110
0101111011100100
0000000010001010
0011100000001111
0101101100011110
0011110000111101
0100110110001010
0011110101111110
0110000101010001
1111100000101001
1110100010011001
1010011001011110
1100000101000000
1010001000100001
1101000111111111
0111010101101001
0101100111110100
0101111111010100
0100101010001000
1101000011100111
1010001001001100
1101100110001111
1011100110101011
1110000000100101
1111001001110111
1000011100111100
1001111101001001
0101010101101000
0101100110100110
0011000100011001
1111000100001011
0001110111010010
0110100111101011
1001101011001110
0001101111110010
0101100011010001
1110101100100010
0010011111100000
1000010001011010
0001001111011001
0101010101111000
1100000101001001
1100110111111001
0110001100000111
1110101101111110
1010000001010001
1011111000000000
0000110001011110
0111100001110001
1110100001110000
0100111110100011
0111011001100001
1101100011010100
1011010101101010
1111010100000101
0100001111000111
1110001000001101
0111100100001100
1100000010110111
0011010100010000
0100101101011001
0010001100001001
1100101011110000
0011100001100110
0111010110100100
0010100100101010
1100101000010000
1101010010011101
0110101101000001
0000000111101010
1100001010101011
1111010111110011
0101000110001110
1001101111010000
1000100111101011
0011111101001101
1011101101010010
1010100100001001
0011011001101100
0010011100111101
1000111000110110
1000101011111111
1010010101011100
0011000011101100
1101111111010101
0100011011010100
1000011101011010
1000011101000111
0011010000000001
0010110110100001
0000010101101100
1001011011011101
1110101110110100
1100001000010100
1000100100011000
0100011100001011
1101110000000001
1111111101101011
1001000010111001
0000011110100011
0000110100010100
1011100111011000
0001001101100010
1110011111110101
1110100011111010
1101111000011110
1010011001111111
0100101100010110
0101111110100101
0100100100100001
0111111001000010
1011101101010000
0111000010000001
0010111110010111
1100111101000111
0111000100011000
0000011011100001
1010001111111111
0111111101111101
0011100101000100
0111011100000000
0111001100010110
1111010110001110
0010110000001000
0111000101111111
1111111011010010
1011110010110000
0110111111011101
1111000010101000
1001111101010000
1100110111100111
1011110111101100
1110011010101000
1000011110001000
1010000111100011
1011101001101111
0001010010001111
0100011010100111
0110110110010010
0101101010100000
0011101100001101
0110111100001000
0011111000111001
0011001001101000
0111000111100111
1111100000100010
1010011011010001
1101001001111000
0001101001110110
1110000101111110
1001100010111110
0101110011100100
0001110001101000
0010000111100010
0101111101001100
0101010101101110
0101100111010100
0110011110001001
0011100111100000
0000010100111100
0100011000000001
0011011111011000
1101001001111101
0100000111101001
0100110000011001
0110100110000100
1000011001001011
0110100100101111
0110011000000100
0101100110100010
1111111011001101
1001101011101011
1100110110111110
1101111100100010
0001010110010110
1010110101110110
0001000111100100
1111111100000110
0011100100010100
1010100110001111
1110001001110000
0101010101100101
0010000000010100
1001010111011010
1010001101000010
1001101001100111
1100011111111101
1100110110001100
0010100010100010
1011110000000100
1110001100110111
0101000101011100
0001101111101000
0001000011011000
0100000010110010
0100101011101000
0101000101100001
0000100100110111
1111111010101010
0100100011001010
1000001110100100
1011000011110010
1111000000111001
1111110101111001
1000000101100111
0000100010110100
0101110111010110
0011111000100100
0000111111101010
0101100111001101
1011011111000001
1001000001001100
0011110000111001
0001000101101011
1101100000110010
1010101000011110
1010000001100111
0011101101101000
1000011111100101
1011100111011001
0000011110010000
1110010010000101
1000100011010110
0100100111000011
0000100111001010
1010000001001010
1101100100000010
1111110001111101
1100101111001001
0000100101011011
1110100010011110
0111000110000111
1010001111011100
0110011001011110
0000111011001100
1001000011000011
0110010001100100
0000001011010011
1111100010100001
0010010010100010
1101001111000101
0010111100101010
1011110010011010
0011111010110000
0000000101110111
0101001010010000
1011010110000101
0010101101100001
0111001000001000
0010110110010110
0100110110101111
1101101111101110
1001010000101011
0011011011011001
0111111110000001
1101101100111100
1111001100000001
1110100100001001
0110110110001001
0000010101011110
0111001000111000
1111001010001000
1001000111010110
1110100111101001
0001111110111111
0000011111011010
1111011001110000
0000110011001010
0111010010110010
1110010011011101
0101010000101100
0101110100100111
0011011110010011
1110010001110101
1001011111111100
1101001010011110
1101110010001001
1100101000001100
1111101101010010
1101001101010000
1010110010001010
0101010010101100
1010100000010100
1000001100110110
0111010000101110
1000101001010001
1010000110000010
1111101010010010
1100100011111111
0001011000111011
1011100100000001
1111011101111111
1101100000011111
1001110010111000
1101110000101110
0011011100011001
0110000101001010
1011010100101111
1010111000111010
0001010000011101
0011111001001010
0111111111000110
1010100011101100
0101101010000011
0100100101101111
1010000111000101
0010100110001010
0111110100100010
1111010110000010
1000010000100000
1100011111111010
1100111101110100
0000111001010101
1111111100101110
1111110011100111
0011001010111000
1001111010110110
0000110010011000
1011101101010100
1000101011010011
1100111001100000
1011110101110100
0101011010110101
0110010001000011
1000001111001111
0111011001110100
1101001000110000
0010100001101001
0111100111001000
1001001111010001
0100011001000101
0100000101110110
1011011111011011
0000010011001010
1100010011101001
1100011101110110
0100001010011110
1111100001010100
1100110000010001
0000000110100001
1011110111110110
1111111110000000
0000100010000010
0110000101100110
1100001010101101
1011101010011001
1001101011010111
0010101010110010
1100001010001010
1011010011101110
1010011101100011
1010100111001100
1110011010000111
0011110101000110
1011101001000010
0101100111010100
1100101010100110
0110001011011001
0111011110001100
1101011101101100
0000100100010101
0011010011110111
0110000001111111
0111000101010011
0101000110000011
0110000011100101
0111000110101111
1111110011100000
0010110110100111
1011110111001010
0101101111001100
0000011101011110
1001101001011000
0101100000000101
1100101100101100
0001110011010001
0101101010010110
0101011011111101
0101100100001100
1000011110100110
0000110110011110
0100011110011100
0101111010001111
1011010101011011
1000011110011001
1111000110110110
0010100001110101
0110010011001011
0110111001110101
1000011001010000
1000000000100100
1110001010000110
0010110101000101
1101111010111110
0100101000110110
1000000010110101
0000111100010100
1111101010011001
1001001100010111
0111001010110010
1001110111110000
1100000100110101
0101100001010010
0010100100110000
0100101110111100
1001101011101110
1100001100000100
1110111001110100
1011001010111101
0000011001011101
0001010011110111
1101000011101010
0101001101011000
0100111001110011
0011101111001110
0111100011010100
0000101111100100
1010110101110111
0110011001100110
1111000001110000
0111100100100100
1001101010000110
1001110110001011
0001101000011111
