0011100010110000
0000010000100000
1000010001000111
0011011011001111
1001101111000100
1100111100001101
1010110010000000
0111010101000010
1100100001010001
1011101101111001
1011101101000011
0010101110001110
0010100101110000
1000100011000011
1000010001101011
1110101000000100
0001010110000011
0010111010011100
1011011011100010
1010001110111110
1011111111110001
1011011010011111
1110111110001001
1101111010100011
0010010001000010
0010011010010100
1000101000100100
1111110101011101
1000100011001101
0110010110110111
0101101000101000
0001111001001110
0100101011101110
1101001010011001
0010010000111101
0100100101111011
1010111100001100
1101001000001000
1011011111110001
0001001001010010
1010001001001100
0000011001010111
1001011001110011
1011100010100110
0110010101010001
0001011101101101
0001100100111111
0000011110100001
0010010100001101
0101000110011110
1101001001011101
1011111001100110
0101111100000000
1001000111011001
0001111101110000
0110010010010011
0101011111000111
1111101110110010
1010111100011110
0101000110110111
1100110010010100
1010110101101001
0000110100000001
1101010001110101
0010010000111001
1111110010011100
0000100101101011
1000001010011001
1101101110110011
1011011100111110
0011101110001100
0110001101110110
1000010110111111
0110101110000101
1010011001101110
1100010110000011
0010001000010010
1101110000000100
0111010010101111
1110001111000010
0000011001000110
1110001000001101
0111000111111010
0010110111101010
0000101001111010
1000111010010110
1110010001000011
0111111000111001
0000100110011101
1001011000000101
0111001101010000
0011100010100010
1010010000001100
1000001101111110
1000101101011100
0100000011000101
0100000000111111
1110101111000000
1011000110010001
0110101110000011
0010010100000001
0010110000001101
0000011001011110
0101011100100110
0110001011001001
1000010111101111
1011011111101000
1010011010100001
0011111100010000
0101001110010101
1010011000011011
1101100010010000
0100100111011001
0101000111011110
1111111100100100
1100011111001000
1100000111110101
0111010010100010
1101010110001011
1000101011001111
1101111111001100
1101100110001001
1001011000110010
1011011110011100
0000010100101101
0111110001110100
1101000100100111
0101111001100010
0110101001011001
1010011011011101
0100001111111100
0110011011111110
0011100001001111
0000001100101010
0100000100000011
1100110011101111
1011010010010001
0011101010000011
0010011000001000
0110111000010101
1010100010001000
1100001111100010
1011110010011000
0100100101011111
1000101000111000
0111110100000100
0100111001011000
0001101011111100
0001000111001001
1000100100011111
1000100010110110
1101110110011110
0001011110001011
1010000100011000
0000011010110011
0011010110000001
1111101001100000
1111110000110111
0010101000010000
1000110100010011
0001001101010111
1111111111111111
1111001101000001
0100111101100111
0010000010001100
0011011011010010
0001100101101011
0100000001110111
1011011110011001
0100111111001001
0110110101001110
1010011001110001
0110010110110010
1111101101110010
1010110110011101
1110000010000010
1010010110001001
1010011010111110
0011110011001110
1111101011100100
1000100000100111
1001100000001111
0110101010111100
1000001101100100
0110100011100010
1000001010001000
0001010101000000
1000100000111101
1111100010010010
1110000011001101
0100001001111011
1001001011010000
0101001001111100
1000000111101101
0000011100010000
1000101010100101
0001100010110000
0100110110011111
0100010111010010
0000100001101100
1101110111110000
1000101010100111
1011110010100100
0001001110001001
1010100110101100
1111111100011111
1100011001000110
1110100101100010
1010010010011000
0100100110001011
0101110111101100
1000010011111111
1101010100011111
1000000111010011
0011100001101110
1010101101010100
1110101111000000
0101111011000000
1101000010111110
1000111101011111
1011100110100101
0100101110101011
1100001010010111
0001001001101111
0011100110001000
0010010011100000
1110000100001101
1101011110000010
1010010000101100
0011110100101111
1011111000110100
1111110001111011
1111100011000100
1011011111100101
1110101000011010
0000100011010111
1001011111001000
0101110111010010
1110001110101101
0000111011010010
0010101101110001
0101010100101101
1101110111001110
0011000100101101
1111101011010110
1011111011101101
1111001111110000
1010111101001011
0111101010011010
1100101111101111
0101110001111110
1011001101010001
1001110100000100
0110101110100011
0001100010001000
1010010110110001
1000000011000010
1000011110110001
0001011011101001
0101111010100011
0100011100100101
0111101101010010
1101110001001111
0000011000100111
1001000100110110
1110010111111001
1110001111011010
0001100011010100
0100111101000010
0100101000110001
0100011011000011
1111011110010010
1100000010110110
1001100110110100
1100101010010111
1110100110011100
1001100110000011
1011110011100100
1110101001011011
0001110001001101
1100110100111000
0101100111111100
0010010001001110
1000111110011001
1000100110101110
0100110111000100
0111001000100011
0011010110111100
1100110111100110
0000010110100010
0101000011100101
1011110001101010
1111110101000001
0010010001111110
1110100111111010
0001101110011110
1111010010011001
0101110110000111
0010111001101011
0111001010011010
0100011011100001
1101100010111111
1001001111011100
1100010101110101
0000000110110000
0011011010111001
0110110110000101
0001011011010100
0011000111100101
0110011110011100
1101011011110010
1000000000001110
1111010011100001
0010101100011000
0101000101011000
1110111100100010
1011100010101000
1010001111101110
1000101100101001
0111000011111010
0100011110001011
1101110001000100
0000111111001001
1000011101000010
1010110100001101
1101101000000101
0001110011011000
1100100001110010
0111001101101111
1110100111111101
1101101111111011
0010110100011100
0010111111100001
0110101011011110
1011001010001011
0101110011001110
1111010110100111
0001001001000011
0011010010011111
1011101010011001
1100110010000100
0101100000100100
0011011111101110
0100100110000101
0110100000010001
0000000110110001
0111010000011001
0111011010001001
1111001110111101
0000011000100110
1111100010000010
1000010101101010
0000000001010101
1100110011101110
0111110000000101
1101000011010000
0000000110110110
0000101010100011
1110000111111000
1110100000010110
1011101111111000
0100000010110000
0010000111011000
1010000000000001
0000001001100101
1001000100111000
0111000100100000
1011001001111001
0000000111111001
1101010000001101
0100110010110110
1011100001011000
1010111111111100
0011110101100101
1011100100110101
1110000001011111
1011110010000111
1110111100001100
0110011100000110
0001000011010101
0100101001011111
0100001110100000
0001100100101001
1011010101100111
0111101111000000
1101100101011011
0000011110110001
0110110010010011
0110110001001010
1111010110100011
0110001010011100
0000101011000111
0101100010001001
0101011110101011
0000011011011110
1110110011011101
1010010111011111
1000011011001101
1100010100001011
1101010001000111
0101101100011001
0000000110001011
0100100000111000
1110101110011111
1001101110110000
0111101111000000
1110000110100101
1001011010110110
1000100111101101
0101010000010010
1000011011010011
0110100011001101
0001011111111101
0001000010001110
0011010011000011
1100100010001110
1101011110001100
1010100000010010
0001100000101110
0101111110111010
1010101011010110
0001110011010111
0001111001000111
0110011011011001
0000001100011000
1000010010110011
0000111000010010
0111010101111110
0100111010110101
1011111100111011
1011010010010100
1111101011011001
1101111000010000
0101001111101100
1011111000001011
0001001100011001
0000001101101110
1000101111011001
0000100001000100
0101011111101110
1011100101110011
1000111000001011
0001111011011100
1110111111100011
0001100010010000
0110011110001111
1010101100011000
1111001110011100
0110011101000000
0111111101101011
1001001110100001
1110011011011011
0100001010011100
0111111100001101
0111111100101100
0011111001011011
1000000111011011
0100010000101100
0101100010000001
1011000010110110
0000101101000000
0000011001100010
0110010111110000
1100001000011010
1110001001000101
0101010111011111
1010111000001010
0101000100001011
1100101010110001
0011000001010011
1111111000111101
1010000111011100
1100110011010001
0011010110100110
0101100010110100
0110000101010100
1011001101110010
0000010111111111
1001010001001111
1101101111010001
1100000011000010
0110001100000000
0000010110010011
1111111000111110
1110000010010100
0100011011001011
1100001101110110
0011110110111001
0010100100000110
1010101110001000
0001011010000010
1000111100111010
1100000001011010
0110001100111101
1010100110100101
1111110111100001
0010010000101001
1001100111011000
1011011111110011
1111000000011111
1110001001101001
0100110101000000
1000100110001110
1100000101011001
0000110011100100
0000000000101110
1101011011010011
1100011010011100
0111001010101101
1001000100110100
1001011100001110
