0000010101000011
0010101000011011
1110011100111001
0100110000100001
0100100010111101
0001100101111100
0111000010100100
0010011101010100
0001001111001010
1001110110011101
0100001010100111
0011100000110010
1010110001100101
1010110110100001
0000010110010001
0101111010110011
1001010110001001
1010010100000011
0110100011100110
0100000010100001
0000110010111101
1100101000011000
1110110111111111
0110101000011100
1111010100001001
0010001000010100
1010011101110001
1111010000011101
1100000001110100
1000000010011111
0010100001010000
1111110111001110
1110101110011100
0001101110100100
1010100000000011
0101111010110101
0111011110100110
1110110010011000
0111000110101101
0110011100000011
0011001001000001
1001111110101100
0000110110011001
0001001001110101
1100011001000001
0010100010100011
0000110001101011
1010001100001110
1001101011001111
1100001001101111
1100000101001010
0111101010001101
1101000000001010
1101111110000001
1010001001111100
1011001010001101
0001001010110010
1011101010001101
0111101011011110
1001001100000010
1011000011001011
1011011111111011
0000101011000100
0011001011101100
0111101000001110
1000100010111001
1100000111101010
1110011010001110
1010100101111011
1101111100011110
1111111101001101
1001100011100000
1011010011010111
0101010111110010
1100001011001000
1100110111001110
0101100001110001
1001111010111010
1000011000101011
0101111110101001
1010011001000011
1110101110110101
0001010100011110
0110101000100110
0000101010001000
1000000111010000
0100101110111110
0100011001010110
1011000000000001
0101110101010110
0001011100110001
0110101100001010
0100000001111101
0100101111100001
1100011000110001
1011011001000100
1100101110000100
1001010111011101
0101110100101001
1100010111101010
1100011100011011
1101001110101101
0000000111011010
0110101101100001
1001101011011010
1001011001101001
0010100111111101
0011100111010100
1001110010110001
0100001101110000
1000101100000010
1111111010001100
0001011100110001
0000001011100011
1110000111100011
0110111001100011
0110000010011111
0011100010101111
1100010010110101
0101000001011100
0001011001101111
0101010100110110
0101111011011100
1001111001100101
1000001100100101
0011110001110101
0010001010000111
0010011010000111
1111000001001101
1001001101011010
0110010010010001
0110001111100001
0010001101011110
0001110001110100
1100011000000110
1000000010011101
1010100110010001
0110111000011111
0000011101111001
1010110000011101
1011011000000101
0010001100000110
1101001011110100
1111000110101011
1100101101101010
0001000111000001
1011111000111111
0000001110001111
1101110101110001
0100111001110001
0101010001000101
1010111101101010
0000011101101000
0011011010001111
0010001010111000
0110010110000111
1010011010001100
0010111001100111
1101001001110001
1100101111001110
0101100000000110
1010111011110000
1100001111110111
0101100011100101
0110110110111111
1100011001100101
1110110001010001
1000011000110001
0010111011001101
1100000001011000
1111010100110100
0001111011011110
0010111100000111
1000001100000011
0000010010011011
0011010100000001
0111010111010010
0000100010101011
0000011011011011
1010110011101010
1110101100100101
1111100101110001
1010000101100111
0111000101000110
0001110100101110
0011011011001001
0001001000111000
1110010011001000
1011001100111111
1011101011010011
0010011110010011
1010101010010110
1101001100010010
0000000011000001
0010010110001000
0000001000111000
1001111000011001
1000111101101010
0101101110111000
1011011000100111
1100100101000001
0100010010010011
1101001010101100
0111010000100000
1011010010101001
0000000011010111
0001100001010101
1101010111110001
1100101001111011
0110010101010100
0100011110100111
0010110011000010
0000000000111001
1101111010110101
0010101101011111
1001110000010100
0110011100011001
1000101000111000
1111011010001111
0111100011001010
1001111100000011
1101011010110111
0111100010010000
1100010110011101
1000011010100110
0011101001000101
0001101101011010
1101111111000111
1011110010000001
0000001110011001
0011001001111010
0100110110001100
1010001010011011
1010101100111001
1110101110000101
0001000100101100
0000011011100010
1100100110110000
0111101010101001
1111101101111110
0010010100000111
0111110011001100
1110100001101001
1110100110000111
1100111010011100
1111001101010111
1100110011110111
0100011001111010
0101111111100011
1110101110100011
0001110000100000
0010011011000100
1010010011111100
1111001111011101
1010110111011011
0000100000110111
0011110000010101
0011010111111010
1000101101010100
0000110011111111
0111011000101110
0000100110010101
0111111001010100
0000110101101001
1110110011100010
0111110111100001
1111100101000000
0100110010000110
0010110001100110
0110011010011100
1001111000011000
1100111100011010
0011000001111010
0001011110010010
1001001100100001
0111001001011001
1001101010000001
0000010110001111
1110110110110000
0111100010101000
1110011011111001
0111100111000100
0011110110011110
1000001100111011
0110100011011001
0101110011110100
0111010100001010
1011001011011001
0011110000101000
0001001111000000
0100110011011001
0100101000000011
0001101101101010
0101011001100000
1001110101101000
0101100100101010
1000101011111100
0000011011011110
1101110000100001
0111110111010011
1101110100101101
0011011001100100
1110010100011010
1001110010100101
1101010110010110
0010001011111111
0101100011110010
1001110100010011
0111001110010000
0111110110111010
1101010111011101
0001001110010011
1100110110101011
1000100101000010
0010111001011101
1000000101010100
1110110001011101
0001111111111010
0000101000101011
1111001111011100
0110001101000110
0011101110001100
1010100001101011
0011100000010100
0110110000100010
1110101000000001
1011101100110000
1110010111001110
0111010001111101
0110111110000100
0010000010000100
1001101111000100
0101010010101111
1000001001010000
0010000011110111
0010001111110001
0100011010011110
0100010001001101
1010001110111100
0101100001011001
0011010110010010
1101001010010011
1000101000011111
1100011110101001
0100111101011110
1011010110011110
1001111000101001
0011000011101011
0110011000101010
1011110000000010
1100001011000110
1100110011111001
0101001100011100
0101111001111011
0101100000001011
1011000011111110
0100100101000111
1110101000100111
1001101101010011
1000110011101100
0010111001000101
0010101110011100
1000001101001100
1111101001100010
0100011011011010
1100101001111110
0111110101110010
1000010001000111
1111010001101101
0000000111101110
1011001010011001
0000111001001000
1111011001011100
1101111010010011
0000011011011011
0101001111110110
1000100101110101
1110010111100100
0101110000000001
1011000000001001
0101100000000010
1100010001010010
1100011010010100
1110001101010100
1011111001111110
1110110111001101
0110000110000010
0000001111010011
0100101100110001
1010100010110101
1110111011001011
0011011000111111
1111111001110010
1000101110011101
1010101111110101
0000111000010001
0111110110101011
1000100000010100
1110011111100010
0101110011110100
0011001010001101
1000011100001100
1000100110100111
1010111101110011
1010111010000000
1010000101010011
1001000011010000
1001001001000000
0101111001011001
1010100010111010
1010000111111011
0011010011011111
1001000010011000
1100011011011111
1110000000100101
1111101001000010
1011110000110001
0111010011101101
0011000011100001
0010111110101100
1101110100010100
1110010101111010
0000001100000010
1100100101011001
1011110001011000
1011001010110010
0000100001010110
0001001100001111
1011111110001000
1101000101101001
0100111110111001
1001100001010001
1110010110111000
1100001011101111
1000110101100001
1011010010010001
1101000101011110
0010101111000000
1011100110100011
0001001011101000
1011101101100000
1010101011110101
1110101100011001
1110000110100101
0000101011111110
1011011101011000
1110011101011101
1001101101101010
1000100000111100
0110101010100111
1101111011111010
1101010100010000
0010011111111100
1001000010110010
0110001100001001
0100100010010010
0111000001100100
1101100001000110
0110000000010000
1011001001001001
0010111111110101
1010100011110010
0101001001100001
0011011000010001
0000011110010100
1111010000100100
1001001000000000
0010100100111110
0001011001100100
1111011010001111
1000110010000001
1010100101101010
0001110110011101
0010000111001100
0010011000001100
0101110110110001
1000110100011100
1111001110100100
1000001111100010
0111000100011100
1101010010111110
0100111111110110
1010010011111100
0111001100010101
0000101011111000
0011010110111010
0101111000110100
1111001110101110
1100111000100010
1000110001010000
1000000110011101
0110011111110101
1010001011111000
0011000001010010
1110001101001011
0110100011001001
1010110010100100
0100010001101101
1001111001000001
0101000011100101
0110000100001001
1110000000010100
0110011011111111
0001011001010010
1111100101011111
0101011000101001
0000110001001010
0000000101010000
0010010010000011
0000011111001100
1111010101101000
