0111110100100101
1100010101100011
1101111011111111
0010111110010101
1010001111011111
0001001101011100
0011011000101010
1001001010011000
0001000011010010
1110011000100010
1101001010011111
1000011111010010
0010011100010101
0001110000110100
0110010000100001
1100010101010110
1001001010101101
1010000100100011
0000111011100111
0001000101011010
0101110011010001
0101000101111110
0110111010010001
0010110111110100
0100101001110011
0101100000111101
0101101000111100
0110000111000101
0111010100010000
1000010001001110
0000000001011010
0101011000111110
1011110010011110
1001001011111000
1101111111010011
1100000111100001
1100100111101111
1111011101000110
1101111001001101
1101111010000110
1000001000000100
0101111101001010
1110000111001000
0100011111000000
1011011110111101
0010101101010101
0100001111000000
0110010100000101
0110111001111011
1101111011111101
0101101001001000
0001001100100011
1111011000001100
0101001010100110
0110011111110011
1011111110110011
1001010011100011
0110111110111111
1110001001011110
1111000100100111
0011111100001001
0101101100100001
0110010000001011
0010110011110001
1000111100110010
1101001111010010
0001100010100011
1001011111100011
1110000000101110
0000010001110110
1001101010111001
0100111101111000
1011000111010111
0011111110110110
1001100010110101
1011000100010000
0110011101110011
1010111101101111
0100001100100100
1101111001100111
1101110101111111
0010110110100000
1101011011001110
1010110100100110
0100011001000100
0101010101101001
1000011101100100
1100110011101000
0011111010010101
0100100101000101
0010110111100101
1110110010001010
1110001001000111
1101100010110110
0110101100001110
0011000110010111
0000111111001000
1110000000110010
1010010011010001
1110000110000010
1110101000001000
0101001011011101
1100010101111010
1100000101111001
0000111101000101
0010000100000001
0010101100011101
1101010101101001
0001111100101111
1110010100111111
0000010111001001
0011111010110111
1011011110100101
1100010110010001
1010001010001111
0010100001100101
0010101010011111
1010100101111010
1111100111101001
0011011001011101
1101011011000101
1100000010000001
1100101011101000
0011001111100010
0011001011011011
0100000010101010
0011010011110010
1111111010011110
0100010011110100
1100010000001101
0000001100101000
1011100110010110
1011001010000001
0110010011110100
1001100100110101
0011001000010001
0101000010000000
0000010110000010
0010110110110101
0100011110110110
0010010100100110
1100111101001111
1010110011101011
1100111110101111
1000111110000111
0010001011000000
0101011110001001
0110001100101111
0011010110001110
1011011011110110
0011101010001100
0010001000100000
1110101110011001
1110100110000110
0100100111100111
0100011010111111
1100000111100111
0010100011101111
1100011111011110
0010110110110011
1000101001010011
1101000110011101
1000110010110100
0110111001010001
0100000010100010
0100000000101100
1100010100000011
1000001110110100
1011001110000000
1010110011101111
0110111000001001
0000010110011001
0101101100100101
0110100000001110
1101011111011101
1001111001010111
1001111011101100
1010001100100110
0011101111001111
1101100111001000
0001011110110101
1111011111010111
1010011001111000
1110110000110101
0001000011101011
1011010011010001
1111010111001000
1000101101100101
0100000011010011
0111011000011111
1100001110101001
0010000011110101
1010110001001100
1000010011101010
1101101011110101
0100010011010100
0010111010110011
1011010110101011
1000000101011001
1110111011011101
0111001001101111
0100101010100100
1010011110100010
0011100101110100
0111111000101111
1011010011010101
1011011110001101
0100010010000010
0010000000111110
0010010100001001
1100111100000101
1100001111110010
1100011110010110
0011000100111101
0011100011100001
1001100110101101
1110110001000110
1011100100010011
1000111101101100
1111111111100101
1101001010110000
1110110110000010
1100101011011010
1110110101011010
0111111111010010
1010011010010101
0001101111111111
0101100011011110
0110001011101111
1000101011101010
0000100011001111
1100001000111110
1010001001100000
1011001001001010
1000110000101011
1111110101001001
0100010001000011
0100001011100011
0001101011001000
0011001010101110
0100111000100010
1000011000011000
1101111001000110
0011011101000010
0010110100110011
0110111001011001
0110111000100010
1101000010011000
1011000111010010
0000011001000100
1011001011110101
0111110000100111
0000111010001111
0111110111001110
0011110111001111
0011000110011010
0001100101100110
0000101110000011
1000111001111100
0111110100001011
1000000011001000
0101111110010111
0001001000101010
0010101001011001
0101011100011010
1100011010001110
1000001000110110
0011001000100101
0101111001010110
0000100110111001
1101001100101001
0010111010100111
0111100011001011
1011010110001100
1011100010101010
1101001101010101
1101101111010101
1011101101110101
1001011011100100
1110001100100111
0110011101000101
0100100100110010
1000010000111100
1111111001100001
0100010001110010
1100100110100001
0010110010010101
1100100001000011
0001001110110001
0011011000011110
1001100000110001
0101101111001101
1010101011110010
0111111010110111
0101110111011111
1101011001100010
1100100100011010
1101000010111100
0010101010000111
1110000110011010
1010110110001111
1001101100011001
0001110100010001
0010001110110001
0101110000111000
1101111010011011
1111001110011111
1100100111010100
0011110100100110
1110111011001011
1111011011010001
0011100111001100
1001011101010110
0100101110111101
1110000110100011
0000011111001011
1111001000010111
0010100101011111
1101010111011011
0110111000111111
1000111011100011
0010101011110110
0100010011000010
0111001011011101
0110010010100011
0111110011111001
0000101110001100
1000011100000010
0111110100011101
1100011100011000
1101101000010111
0110001010101110
0100101100010010
0101001001001001
1110101110111001
0110010101001000
1000101000111110
0000010110111101
1000000100001110
0101110110111001
0110000000010011
0011011011111010
1101010010100001
1001000011101011
1011111000000011
0000001100100110
0000001101000000
1010000101011010
0110111100001011
1101010111110000
0001000011000111
0111001100100011
1000001001111010
1001000100011011
0111100010111100
1100011110100010
1101110111010001
1101001111111111
0110101111100001
0000011000101101
0010011001000100
1000001001011111
1000011000010000
0000011010111110
0011101011111100
1111011110111100
0001001110111101
1000011001111001
1100000111000100
1111101001011001
0101101001111011
1110100011000111
1100011010101000
1000001010101100
1111101111010011
0111010011010000
0001110000100001
1100111111000010
0010001000100000
1010110100110111
0100011110001010
0001110111001101
1100000011100000
0000001100001110
1100111111110100
1100101111001010
0001010011001010
0111011010011000
0001111111000110
0100000100110110
0000111110100011
0101000010111110
0001101101101010
0111100110110101
0010100010110100
0100110111101011
0110010101001110
1101000011100000
1000110111100111
1100010011101100
1110111101101001
1111000010100010
1011100100101101
1010110010001000
1100101110010111
0101010101011000
1111110000001001
0001011110011101
0101110101110100
0010010001000011
0111111011100111
0000011100010101
1111111100000110
0000001101001010
0100110111100101
0100101011111110
0001010011010101
0011000001011010
1001000010011011
0000100000110100
0110110111011101
0110000001010100
0010000000100101
1011100110000111
0000111011111100
0100101100001000
0110111100010001
0001101100100111
0010111101100001
0101011010011011
0001001101111110
0001010110010111
0011001001001001
0101011101100110
1100101110101101
1101001000111001
1011111111011101
1111101010100101
0110100100110111
0111001010110101
0011001101100000
0111001100011001
0110110000101001
1001100110101010
0001001100101110
1000001000010000
0000100001010111
0010111011110010
0111010000111011
0110001011101011
1011111110010011
1010100001000001
1110111110001101
0110001001110101
0111010001010111
0101001000111100
1011010110100000
0000111000010011
0001001000110001
1110011000000001
0101110100001010
0100100110011000
0111001011111111
1111101101010010
1001000011100100
0011000011111111
1001101010000111
0001011011100111
1111101111001000
1010111011011000
1010100000000010
1110101110000011
0001011010100110
1001100110001100
0011100010001011
0110101101011101
0111010010101110
0101110101000100
0000100001111000
1111111001100001
0101011010100111
1011101000001110
0001110000111111
0000000011110011
1010100001010110
0000100000100110
0110011011110111
1101000110011010
0110001111010100
1000010100110000
0011100101001111
0010000101100101
0111011100110101
0011000000011101
1110110110000100
1111001101110100
0010101000011110
1010001110001110
1000110101011011
1000011111111101
1101110100110101
0100101011110110
1110000110100111
1101110001101001
1110010010001000
1001110001101100
1100011000010001
0001010011110011
0000111111000111
0111101111111010
1101010000110111
