1111001010100011
1101111101010110
0101111001011000
1000111010001010
0101011101011010
1010001010001000
1001101011101001
1101100000101100
1101101010010001
1111101111110111
1100110010001110
0100000001010011
0111011000010010
0011010100000111
0101001101001001
0101101000100011
0110111110100110
1001111110110110
0000011100010010
1110101011000100
1011100001010001
0000110110110100
0011100101111011
0110010101110110
1010000010010010
0101100100011111
0111101101010101
1001000001101010
0111010011101101
1111011010011001
1010000100000101
0101111000010010
1011000101100000
1111111101110100
0010011000100110
1111011011110011
1101011001100001
1111000000110110
0100001000011101
1100010000111011
0000111111110111
1010100111110101
0000010100010111
0100110100010011
1000100000110101
1010101000101001
0010111101011110
0001101000110010
0001111011011000
0011001100111101
0111010100001111
0010011011100101
1110010110101010
0000000000110100
1000111001001101
0110111111011011
0110111000010110
0101001011100101
1100000001011110
0001010000001111
1110101100110111
1111111010101011
0101110101111001
0101000010100110
1110101100011001
1110001000110111
1101011100000010
0110000101110111
0000001101111111
1101110000000101
1101001100011111
0100010000110101
0010001010110111
0101100000010100
1100011110001000
0011001110001101
0111010100100000
0001011111101000
1111111010011110
1111100011010101
0011100110110110
1101011001111101
1101001111111101
1001100111111110
1000010011010110
0101101101101101
0011001111001000
0100101010111111
1001010111000011
1001001101010010
1000111101010011
1101110001010110
1001011010001110
1111100011110011
1000100000101010
0111110010100101
1110101110001010
0011000100000110
0110000100001110
0001101101001011
1101111110011111
1000010011101100
1010010000001011
0000011010001110
0001111110011011
0010111011010011
1001110111000000
0111101100001110
0001110100000010
0010010101101011
0011110001011000
0101110000010011
0011000111101100
0111111111001000
1011010010011000
1110101010011010
1100011000110000
1101110100111100
0011111010110001
0111011011110100
0100111000000110
0101111000100100
0001111110000100
0110100001000000
1001101001101101
0100101100010111
1001110011000101
1011111000010001
0001111100110101
0111001011100000
0000101010000111
1110000000001100
0101001111111110
0110110110110010
0100000000111101
1010101010101111
1101110101001110
1000101011000110
1001111100010000
1110010110011001
0010010000110101
1101001111101100
0100100110010010
0011011001101101
0011101101110011
0110011000010101
1000110011110110
0110111010010000
0010001101100100
1100100001011010
1001111011000011
0110010001101110
0011110110010011
0001100011101000
0110110101111110
0000101110010011
1001111010000000
0011111100111001
0111110011111101
1101101101000011
0111111110010100
0000010001011101
0011110001001101
0000001001010010
0100010011110010
0100000001101010
1010110000101001
1111101101010011
0111101010110100
0110101100100001
1010100110010011
0100001111110010
0101110100101100
0100001111100111
1001000100001001
1111011101111000
0010000000011101
0101100111011011
1100100111010000
0111000110001111
1111100110100000
1100000100101011
0001101110101101
1111111010100001
0101010100000011
0001011001011011
0000011101001011
1110010000111100
1110110111011100
1111001110010011
1010100011101100
0011000100101000
0001011010000111
1011011110000010
1010100111010100
0110110011001000
0000111101011101
0110111100010011
1110111101001100
0010001110010101
0010100010000000
1100011110010100
1110111111111101
0111110110101011
0000011111000110
1000100001100001
0111000000100111
0000110101001000
1001101101111110
1101011000000111
1100101101101111
0010000111101100
0000001011100001
0111111011100110
0110101010110000
0011001111001111
0000011000101101
0111111001110110
0010000010010010
0000111111000100
1001111101011011
0001011000001010
0010000111011111
1111001000111100
0001010000001100
0101111001100110
1101000000111010
0010110111101011
0001111000100000
1101111001010001
0001100011010000
1011111011100011
1110001010011111
0000101101111110
0001100011101001
0110000110000100
0101001010101100
1010010101100011
1010110010001110
1100000001011010
0100011110010110
0011110010000000
0111011101001000
1000111101010001
0001101001111000
1100101011011011
0110010001001010
1010000000111011
1110011100100010
1010010111110100
1001010100100000
1011110000001010
0000011110010011
0100111111000001
1010000110011011
0110101111000010
1110111101011011
1001110000011101
0111000001101011
0011110010111001
0010110110100001
0101011101000000
1001011011100010
0110001010100010
1011100001010000
0001001110001011
1010011010101110
0000001001011100
0000100000000000
1000110101101010
1100110000101100
0011110111000010
0010011000110000
1011110010100100
0010011100011100
0110011100100111
1100110000110110
1010010100001010
1011110010110110
1001011110001110
0101011011111110
1111101101000011
1010000011101100
0001010101101010
1110010111000111
0110011001111010
1101111100000011
1110110111110111
1010011011010011
0011110110001100
0110111101000101
1010101000000010
1100001011110000
1011010010010110
1101000001010111
0011110100000100
0100111011111001
0100100011000111
1110111011101001
1110100100110100
0011000111111010
0000000001000110
1111101100011000
1110001101001011
1011101110010000
1010011000001010
1110110101011111
1100101010001110
0010000001111011
1110110110111000
0010111101100010
0100111010011010
0011101110111010
1011000010011000
1110010100101010
1011011101010111
0110000111110000
1001100001111011
1110001000100101
0111101011011101
0001001110000101
0100001111100011
1010101001000101
0100010010000010
1111100101110111
0010101011111100
0010000101110110
1101110000101101
1101111011111100
1001000110011111
0111100101110100
0101000100010011
1100000111101101
1001110101101100
1101101010011001
0110100000010110
1101011110100110
1111100101101001
0000000001100010
0101001111111111
1110101101011110
1100011101010001
0000110001100101
0011100001001000
1100011000010100
1110001100100000
1100101010011000
1111111001110010
1100010111001010
0110111010100100
1111101110010000
1000011001110110
1000101100101111
1110001100010111
0100100111100011
0111110000110110
1111000101011111
0110000110110000
0001011110010011
0011110000000000
1010111110001001
0111001010001111
1111011010110001
0001000000000110
1010101100000011
0111011100111101
0000101001100010
0010001011101101
0111110110011101
1010011100011010
1111011110010011
1000101101010011
0001111001110001
1010111110111000
0010100010010110
0011011000001011
1011101001010110
1111101000101011
1100101001011010
1110101001011011
0100100000000010
0111111010110000
0101000001110010
1110111111010100
1001011011011100
0100011000111001
0111110101110001
0101100011010000
1010110000010001
1110101001101011
1011000110001001
1100001101001111
1001100010011011
1111011011001010
0010011111100000
0010111111010000
1001101101001011
1101001100011101
0000101101000001
1001010000010011
0101101110010101
0100000111110001
0010100110010101
1110110100011111
1011110001100001
0100000100110010
1011001010011100
1111010000010010
1001000101001110
0010111111111100
1110001001101001
0100010111011000
1000000011000100
0101000111110000
0101100110000000
1010110100000001
0001010011011000
0110100010111010
0000101100101110
0101111010000100
1010110000111010
0100010101101011
1001011011001001
1011111011100110
1100111111010000
1000010110101011
1101101001000001
0110001001011110
0011111011100100
0000111100010100
0100010110001100
0111000110101010
0010111110100001
0001110101010111
1010110010111010
0111101001101110
1101111011111111
0110101111111011
1110000010110001
1110001110110110
0110000110100001
0000110011110000
0111101101100110
0100001011000111
0110111011110111
1100110001110100
1101101111001111
1001000101101100
1011001111011110
1100000010010101
1000000011100100
1000010110101001
1110001101010111
0010111001100010
1000110110111100
0100010100101010
1111100000110011
0010011100011101
1000001010010010
0100101110010011
1100000110101110
0001011001000000
1010011001101001
1001111000001101
0001101011100010
0101100010001101
0010110001001010
0101111000100011
1011011110010011
1011101101110010
0011000011010010
1011110011001100
1001011001110011
0110100011000000
1101110111100111
0111101010111100
1111000010110110
1011010100000000
1101010111100011
1110110011011101
0101110100011100
0000101000100110
1000101110100110
0100101101111011
0100001010001110
0110100111101010
1000011100101100
1010100110111111
1010011101110001
1111110110001000
0111101110111100
1111011110100101
1111010010010111
1101011111000010
0100111010010001
1001000100010100
1110101100011010
1000101010110111
1010011000100110
0111001011000010
0100110100011010
1100000111111100
0110100010001010
0010000110010111
1011100111101101
1010111101111010
0010110011111010
1110000100110001
0111011001110101
1001001101111001
1111000011111010
