1001101001110001
0110100110111000
0010001000001011
0100101100111010
1010011010111111
0110101011001101
0000001001100101
0101010101011110
0100110100001101
1001100000110101
1101110100101100
0111001001111000
1000110010001000
0010101001100101
1101100010101111
1010001000001001
0001000100001010
1110000111000100
0010010111000001
0000001001101100
1000111011111100
0000101010001111
1110111101111010
1000000001010100
1111101100110000
0000000100111110
0111011010001000
0000000101100001
1000001000111110
1011110001000111
0010000001000110
0001100101010101
1110011111011010
0111101011100100
0010100000110100
0100101101110111
1000111111000110
1101110101010001
1101110000000110
1000101001111010
1011001100000111
1001011101011001
1110011010100110
1101110100100010
1110000101100000
1011110000001001
0100011010010110
1001110100110011
1000110101000100
1100101001111101
0111100010010000
1100101110101100
0001110111101011
0101000110111000
0101111010110001
1000111011101110
1011101000100101
1011110100001011
0011101011000111
1010011000101001
0001000111110010
0011000000011110
1111001101001011
0010101100110111
0110111010011011
0000000110100011
0110011111100111
0000000000000101
1111110110000001
1101100010101100
0000010111000111
1101000001010010
1000010111101111
0000001110000100
1001000101010010
1100101110000111
1111101110100101
1001110010110100
0010011110100110
0111000011111110
1000101011100100
1101110011011001
0110010011000011
1110010011100011
1110100010011010
0111111111000001
0010010111000100
0101011000101000
0010011011100001
0000011001010100
0111100000000011
0110000111001100
1010101011100010
0101101110110111
1010110010001111
0101110100001010
0011000011010011
0001101010001011
0100110011001010
1001000011010010
0111101000110101
0100011101000100
1001100011001110
1001100000010100
0001110011101010
1001011101101011
0100100100101111
0001000110111110
0111000100101001
1000100010110111
0111110000011101
0010101010000111
1110010001110111
1001000111100001
1111111110100110
1111010010101100
1011111101011110
0100001000110101
0101011110111110
0010000111110001
0010101001000110
1011011101110011
1010000110111001
1101010110000000
1111011010101100
1111110011111101
1000000010101111
0100011001001000
0100000111010110
1011101100000011
1101101111011010
1001111000101100
1000111000101011
1110010011111101
1111101011000010
1100001110000110
0001110111001010
1010100111000011
1011010111001101
1101010100110010
1100101001101100
0111110111011110
0011101011110110
1010000011011010
0010100001101110
1000011000001000
1001010101000100
1110110011111110
1000000011000000
1011011100001001
1110101101010001
0111100101011101
1001111111001111
1101011010110111
0110000111101011
1111001000101100
0001000011101101
0010100001100010
0010000110100011
1010010000100000
0101011000110000
1100011100000101
1010010011011100
0110101100100011
1010011010100110
1001001110000100
1011000101110010
1100000001111000
0110110010011000
0110100011101001
0100110001110001
1010110000011110
0010100110110111
1111000000010111
0101001101101111
1110011100000010
0101011010100101
1001101111000001
1110101010011000
1101011101101100
1010000011100101
1000000000110010
0000111111011111
0101000001001101
0100001000010001
0110111100010010
1011011000100000
0000010010011000
1111011100000111
1101000110101100
0010100101011101
0000101000110011
0110001100011111
0001000011110110
1111100001001010
1000001100111011
0111100101101100
1100100100011111
0001101000001010
0011101111011111
1010010110011000
0110100010011011
0010001101100010
1110111011011011
0000001101110100
1000110001110000
0000100010101100
1000011000011010
0000111111110001
0110011001111101
1110110110100100
0101111010111110
0101100001101111
0001000110101000
1011110010011101
1110001001011011
1101001001001100
0110110111111111
1100111111001000
0100000010101101
0110111100111111
1111000110011110
1110101111110001
0010111100001000
1001111010011001
0010100111011100
1110111001100010
1010100010111001
0110011000011010
1100101010111111
1000110011001000
1001010010101100
0000101111000101
1101110100010110
0101011000110001
1101110001110000
1100111101010110
0010011100101011
0010110011000000
1101110100100110
0101100111001010
1001010000010101
1101111100001001
1101001101011101
1100110010100001
0010010101001100
1111111111010011
1110001110110100
0101011100100001
0110101011010111
1111001110111010
0000100000000010
1001101010101111
1010010010110001
1010001101010100
1101100111010010
1101001110100000
1100011000111101
0011110101110001
1110100100011100
1001111010011001
1100100011110111
0111011001000101
1111111100111010
1000001001111001
1011010010101011
0010110111111110
1000000110110011
0010000001000000
1001010011110111
0001001101110111
0010110011011011
1001101011110001
0100101100101011
1100100001001110
1000100001101000
0110111100100100
0100111110110100
0100011000101001
1011011000001000
0101011001010111
1110111111111100
1010101011110111
1000011101000001
1111111111001111
1001000100011000
0011001101111011
1111010011001010
0100110100011000
0011001000010111
0000010010110111
1001111000110111
0010001010101100
0001000110100011
1000010000101101
0110110111010101
1010111101111001
1110100111010001
1011010111110011
0101000100011011
1111011001010000
1101101110111000
1010000111101101
0001111110100000
0101010000100110
1100001110111001
1100111100001010
1100010111111011
0010010011101011
1111110011110111
0010011010001100
1111011101111110
1101110000001111
0011011001111011
1101101000110011
0100101000010001
1101111100111110
0110110111111001
0001111101011111
1000100101101101
0010101000001010
0011000010011010
0010000011011101
1100010101001110
1001011001101001
0010011010001110
1000010100100111
0011101000010001
1001101111000100
0011111101111001
0001000110010100
1101010000001010
1110000101001100
0011011000110011
0001111111101101
1001101011101101
0110110011100001
1100011000101110
0001000011100011
1111100100010011
0101011000100011
1111000011101111
1100000011101010
0001100111010000
0110111110101000
1101101010101011
1111000111100101
1101100111001110
1111011100101111
1011101101010101
0001111000101010
0100000010111011
1110000000110101
0111011111111101
0100100111000011
1000001111100100
1111110001110110
0001100001001100
0101100011010111
1100101100110110
0000110100111001
0001110001011110
1101101000110011
0100110011101110
0100011111000101
0110110101110110
0100111001110011
1110001001000000
0110111010000000
1000110001000111
0001110000110000
1100111011111110
0111101111111010
1100100001011110
0011001100001000
0100000110110011
1011100110010011
0011100101010001
0100110101101000
0011111010010011
0000001001011101
0110101010011111
1100111110110000
0100001111101100
0000010011000010
0101101111111111
1000010010010000
1100100110111011
1010100000100110
0110011101100101
0100111011001001
0000100010100110
0100100100010101
0001001100100101
0001000011001000
1000110011101100
1111000001001011
1001100000110010
0001011111010101
0101010111101111
1010111011000000
0001110000000011
1111100101001110
0000010001011011
1101001110011001
1101111100010010
1101110101111000
0111100110001001
0101100000110000
0111001101101100
0000010110111001
0100100010010010
0001011011101001
0011001011010001
1101111110110111
1000001101001000
0001111111111011
1110110111000110
1000000011100010
1011011111101000
1001001001011100
0001001010100010
0010100011001101
1100111111100001
1001111111101100
0100101010111000
1100011101010100
0000010000100100
0111010010010100
1100101111100011
1011111011010010
0100110001001011
1111110010101011
0001110101001111
0001100001110010
1101111100111110
1101101101001101
1011001111011001
0101100101001001
0000111001010000
1110001011001011
0100101100001101
1011110000110100
0000100110000010
1110111010000001
1100101001001110
0110010110101100
1100011011000101
1110000011000011
1001110100011011
0010111010001011
0001101101111100
1000001101101100
0010111010101001
0011110110010011
1101010001111011
0111010010100001
1111000011111010
1000100001010001
1000001010010110
1110111000000100
1111010000111111
0011010000000000
0010101010000101
0101010100000101
0000101011010001
0101011100100101
0000010111100111
1110110110001110
0111111000011101
1100000111111100
0011100101100010
1110100001000100
0000001001000000
0101011110000011
0001010010001100
1001101101101110
1111100010110001
0011100001111100
1001000100010100
0100111101011010
0010110100111011
0111000111001011
1101111010110010
1011110110101000
0001111110011101
1110110011011100
1110111011101111
1010110101111110
0001100000110011
0001000001010000
1011000011110010
1110001001110000
0110111110010011
1101001001011011
0011111110001001
0000011000001110
1010110001001001
0100100101101101
0001100110111101
1101001001010001
0011010101010011
0100011110111001
0001101110010111
1101000110000111
1000111110101000
1100100011111000
0011001000101000
1111100000011111
1111001011011100
1100100111011110
