0011101011101101
0101000100001111
1000111100011001
0110110010101110
0000001011100001
1001000010111110
0010010101111001
1110011101001111
0110100010001100
0101111010111111
0010010101111110
1010010000101001
0110111000000111
1101000001110101
0000000111000110
1101111101001010
1101001101110111
1001101000001100
0001001010010100
0111011011011100
0010111100110111
0111001001110001
0101111101010110
0011000111100111
0001110010101100
0011111110111000
1001100101101011
0011111111011010
0011001000011100
1110010110011011
0001110000000101
1100011011011111
0010001110001010
1010011011001111
1010110010011110
1110111011000010
0101000011110100
0000001001101000
1100001001010101
0001100110000100
0111110000101010
0101001101101100
1100000100000011
0100000100000100
0011111011101110
0010100111011010
0110100110001000
1011110100010000
1000100110010100
1110110000000011
0100010100000011
0010100101110001
0101100011000001
1010011111000100
0011011011111101
0110000101011010
1010010110101011
1110000001100011
1001011100001100
1001000100011000
1101011100001001
1100011110010011
1110101101110111
0100000000001000
1010100100100110
0101010010010101
0110110000111110
1100001000010101
1100111100101110
0000101110100011
1111110100001011
0011000010000110
0011010110000001
1101101001110101
0001010101001110
1100011010011101
0000100010110110
0000011011101000
0110011111011101
1001010000000110
0110101110010100
1000000101000010
1010101010000001
1000111001100000
1011011001110111
0010111110000010
0110001001100010
1111001111110010
1101000111000111
1000011010100110
0100010000101110
1010011010110001
0111001000001100
0011000011110101
1011001001010111
1001011011110011
1000000001110000
1101011111101101
0000001111000100
0000000000000000
0001001001100110
1001100101010011
1010100111011001
0111111011101110
0010100111011100
0011000110011100
0001000101101100
1100010011001101
1110110110110111
0100011000011011
1111100110000000
1100010001100101
1000010010111010
1001011011010100
0011101001001101
1011101110110011
0011000001000111
1001011101111000
1110110011100101
0000111100011100
1100010001110111
0111011001111101
1110001000011100
0010010010100001
0100001110111101
1100010001011001
1100110100101101
1011100001111010
0100111001110101
0001000110010111
1011101101001011
0000011011111110
0001010010111010
1001011001001100
1100000010011111
1111100010001010
1001010000100011
1010100001001011
1100001110001011
0111011011100011
0010001110010010
0111110000011100
0000111010101101
1101110010100010
0000110000011101
1101000001001011
1010101011001110
1101010111010011
0011100110011000
1011110110010010
0010001101000100
1000000101000111
0110001001011000
1111110100011111
1100001001100011
0011001100100100
1110001011001100
0000111100010000
1111001001001101
0000100100111100
1011100000010000
1110101010011010
1111100110011111
0010110110000000
1111110101100110
1010000001100010
1101101101001011
0011011101110111
1101111000101111
0000101110111000
0101011000011100
0100011000101011
0100001111100001
1111011001010111
1110101101001110
0111100011111101
1001101000110001
1001101000100111
0110100100111001
0100100010110011
1100110110001000
0101000110100110
0111000001110101
1110100100001000
1010000100100010
1101000100000101
0000001110100000
1011000000101110
1010101101100011
0101000010110011
0111111011000001
1101000100010001
1110101001111110
1110101101001110
0111001111001010
0010000001111100
0001100110010001
0111001000001110
0111000101001000
1111100001010101
0001000000101010
0001011110111100
0001011111111100
0011010110100111
0100111000000001
0100010100000011
1111100110100010
0101011001001000
1111111100011010
1010001101111011
1001011100011100
1001110110101010
0010100011011010
0110101000110101
0000101001011110
1101110000000011
0110101001110001
1000000110010011
0010001011010100
1010000010001110
0001001010010101
1010111010100010
1011010001100001
0101110111101000
0111001101001001
1011011001100001
1011011001011011
1111011101010001
1100001001111011
1100000001010011
0000000101010010
0111111001111100
1111101111000100
1111110110001101
0011111111010001
0000110111100111
1101101000000110
0111001101001101
0111101101000110
0001101010010011
1101111000100010
1100000000101001
1001110100111001
0110010011010110
0110111000011001
0110001011011111
0110011010010000
0100111110001110
0000001001111011
1011100110111100
0011011111010010
0010001011100111
0101010110111100
0101010110000011
1001010101101010
0100100111010101
1010111000101010
1101010000101101
0111101111001001
1000001011000010
1110011100110000
0110111000111110
0001001011001100
0011000001110101
1110111110100100
1000000110110001
0011010110101110
1110000000001000
1111000011100011
0000010001110011
1000010111111000
0101110101010000
1001110111001010
1001001010110000
0101010111111111
0101011000101001
1011010011110111
0110011101001110
1100111010010011
1110000010110010
0000101011101110
1111101100110000
0011000110101000
1001010001011000
0111010011011110
1111100100010001
0110001111110001
0001010100011100
1000101111100010
1110101101010010
1011011110011011
1100110000111100
1111011110101011
1010011111111000
1111001110001001
0101010101000110
1010001011010011
1111001001000010
0100000101101110
0010111101010101
1001110110110001
1000111101011100
0111110011101001
0011010001110010
1011100101001000
1110000101000101
1011110101010011
1000101100001111
1100010110101010
1010010010000101
0101111101111000
1100110010110011
0001011110001001
0000110011111101
1101011010000110
0100100001110101
0001110000101111
1001101100100111
1010100010011111
1011110001100111
0011111110011010
0101110010011000
1000111110111110
1010010010000011
1001000000001110
1001010110000001
0101000110011101
1100000000101010
0010111110000101
1110010001000111
1001000000011011
0010110001110100
1011000100111011
0111001100000011
0111101000100010
0001010001010111
1111000011001100
1100110110110110
1110100011111111
1000100100011100
0100111100110011
1100111011011010
1011011110111111
0010000011110000
1100110111110110
1101010011000111
0000011001100011
1101000100110101
0100101001100011
1001100000000101
0001100010101111
1001101101111001
0100100010111100
1100010001110110
1010001010011010
0010010101111001
1110100110010110
1111101001110111
0111101000011010
0100100001011111
0000111011101101
0001100101100000
0000101000100011
0011010111110000
1101011100110111
1000101011000010
1000110110110111
0010001101101100
0111010111110101
1100001101000101
1000111100100111
0110001000001100
1111101111111110
0111010011111001
0011101110000011
1111010010101010
1101010110001000
1101000100010110
1101000110010001
0011101111010011
0101110000100111
0111100100000010
0000110011110111
1001100110001101
1000110111110011
0101001001100110
1011110100101010
0111011110111011
0001000100110110
1111110010011100
0100010111011100
0000001011100100
0000000111010100
1010111110011101
1111000101111000
0101011110010000
0111001101110001
0001000110100010
1001000111011001
0110101111011010
0110011111001011
1010100001100100
0111010000101101
0101001100001110
1011111110101100
1110111111101000
0100110111110011
1111111011010010
0001111011110111
0110010001011011
0101110010111111
0000011011001011
0001001011101010
1111010011111101
0100010011010110
1111011001010010
1111101000100010
0001111011001110
1101000000001011
0101000100111011
0011101001001010
0001100011010011
0101110001100001
1100101101110011
1111111001101100
0101101100101101
0000011100011011
1001111011000010
0111011010100100
0000000011000010
1000111111101010
0101011000010101
0110111011011001
1001110111001001
1010111101001100
0110101100000011
0010100111111100
0011110001000110
1001101111101010
0110101111010110
1000111000010010
0100111101100101
1101101000111111
1110001000001010
1100010001011010
0000000010011000
0000011001100001
1100001111110010
0000010111001101
0111100010001011
0111010110001100
1000000011110011
1000110010100111
0111101001010000
1001100111001010
1000110100111101
0001000011000101
0110001000101010
0100111011101100
0100110000011101
0011110110011101
1100001010111000
1010100010011010
0011010001000110
1110110101010001
1101001000010101
0100001000011000
1101110011110110
0111111111010110
0111000001110111
0000010000001100
1011000100100011
1100101101000000
0111110111011100
0100110001000101
1000001010011111
0110000010001100
0011000000110011
1010111001011110
1001100000111101
0100010000111100
1001010010110000
0000111100010001
0101010101001111
1000110101110101
0010100000000100
1110010001010110
1100100111011101
0110100001001000
1000100001111111
0101010011110001
1101000100000111
0110011010101010
0100110101000111
0001000100100011
1010100000011100
0101011010001011
1110110101001110
1001110000010010
1010110100100011
0110011010110111
1100101010110011
1000000100110010
0010010110110000
0010100010000001
1010001001101011
0110101000101000
1110111011011101
1000110001110110
1000000110111111
1000011101101010
