1101000111111110
1101011000110101
1001010010101100
0111000110100111
1001010000101001
0100110111110001
1000100111110001
0011111001011001
1111011010010111
0110100111111110
1000111100001100
0001001001111110
1011001100110111
0010001001101110
0110001000111111
0101000111011101
1010101001110011
1000001010010010
0100111101111101
1001111011111111
0010100110110011
1001111110110011
1100101100100110
0001001100001010
0101101000101110
0000111110000100
1110000010111111
1000001111101101
1110000100101100
1000010011110010
1110101100101100
0010101110110010
0101000010001001
0100010101010110
1100100100010000
1111001000011010
0010101000111010
0111010010001111
1100110101101011
1001100001100110
0000001000000111
0001001110101100
1010110111110010
0110011101100101
1011001010011010
0000110000001101
1010111100001101
1011100011101110
1111100000111010
1111101000000101
1001101110011110
1000010001100000
1010100100111101
0010110100110101
1000011111000000
1000011001110110
0100101110001110
1100010010010001
1111001010111001
1000110000110001
1011010100010001
0010111101011011
1110011100011100
1011001111110001
0100101101111001
0010000111010010
0100111010001101
1011100010111111
1001111101001001
1111000111000010
0011011001001101
0100111101100101
1100110111001111
0011001110110101
0001110101110100
1011110011111010
0000111000000000
1001001101001110
0011110011110011
0011000001100000
1010010001101110
1100100001010110
0110000000000110
0000011100001100
1010011011000101
1010101110011111
0000011111010000
0001001101110011
0110010000101111
0011101000111101
0110010110000000
1111000100111111
0011010000111100
1010000000101100
1011111010000111
0011000011110100
1001100110011010
0110110101111011
0110000100100101
1010101101110100
0101100111101011
0010101010100010
1011110010111000
0100000001101000
1111011111101110
0101011110000110
0000001110110000
1010101010001010
0111110010111000
0010010110111000
1000010000101101
0110100100000001
1011110100100101
0010001101110001
0010000111011110
0110100011111100
1000111000011111
1101100001010100
0000011110001000
0110101010001110
0100000101010100
0011100011110101
1001101100001010
1010000001000110
0101111101010111
1110110001000011
0101000111001111
1101010011100011
1101110001101011
0010100101110110
1111010001111101
1010000111001110
0000001110010011
0001100000101010
1111111010010001
1100010011010110
1111010111010101
0101101011000110
0011100110110011
1101011100100010
0010010101100111
1111010110011100
1011100001010110
0000110010100100
1111011000010001
1001001011110111
1000010111011110
1001101111000110
1110101110010010
1001111000010110
0111111000000011
0100110011001011
1001010010110100
0110110010101001
0101010011010100
1100001111100110
1011101001111001
0101110110010100
0010010110001000
0111010001100000
1111010101000011
1001110010010010
0001100011101011
0110010100001010
1000001110011010
0101111111000101
1001100001100011
1110110011010001
0100010010101010
0110001100111000
0111100111100001
1110010111010110
1010000111110010
0010100100001101
1000110110101010
0000011100101000
1000111110000111
0010011011100000
1110011111000101
0100110110110101
0001010010010000
1111000111101001
1101000000011010
1101010001111011
0101001010101100
1110101001011110
1000100010011010
0011011110111110
0110010011011101
0011010001110111
1011101110110101
0100011010101001
1101110111000001
0100011010000100
0111101000110001
0010011010010000
0011110011100101
0110000001111110
0110100001001110
0100010011011110
1000100111110100
1011110111100001
1100100010000010
1111011011011101
0100000110011011
1001101111100111
1000100001100000
0110010011010001
1110110000111010
1001111100001101
0111110011000101
0011111000001000
0101010010000010
0000010001110110
1010111111100001
1100100111001100
1111010011110000
1000010100111011
1100100101001001
0101000000100011
0100011101111010
0111011001101010
1011101010111110
0100010111111001
0110001111101011
1000101110110011
1001100101010010
0011101000011010
0100100010001011
1110000001010100
1000001101010110
1111001001100010
0101101010010111
0000011011001000
1011000111011100
1100010000001000
0001001110101101
0010001111101101
0001100110000010
1011000111001111
0100111101001010
1011010100001000
0010001000000000
0010100001010011
1001111010110000
1111110111110000
0101010101011011
1100011001100000
1110100101111000
0111010000010011
1111110110011101
0110001010111100
0011100010100110
0111011000000000
0110101011001010
0000101011010110
0110011100101001
0010001101010100
0010010001001101
0110100000100101
0000011100010011
1011000001001110
0010111001111101
0100111111111100
1000011011011110
0101000100000001
0110100001001110
0111100010011011
0101010000010101
1010100011111001
0001100111010100
0110101111011000
0110011110111010
1101000000101011
1101000101100100
1101110110111111
0000110111101111
0011100010111111
0100111100100100
1010110101110111
0001101001001110
0001111110111010
1001000100010011
0100101010100101
1110011100110000
1011000110001000
0111010011100110
1110110000000100
1000100100111100
0011001100011111
0100111001011111
1000100110010111
0111110010010100
0001101010011101
0111111010011010
0100001000100010
0010000011000010
1001111010110111
0101001110001101
1111100100001110
1100101111011101
0110101000000101
1111100001101100
0000110111110001
0011000101110101
0111111011010010
1011111111011011
0010011000000011
1010100010000110
1110110111101000
0100011001111010
1010111101000011
1110111011011111
1011101110111110
1110100101010111
1001010010000011
0101000100111110
1110111110011000
1011111100010000
0010011110000101
0010011011011000
1101011010000110
0101110011010100
0010001011001101
0101000101011010
0110011011001111
0000010111000011
1011100111001110
0101100100101110
0111101100010111
0010010101010001
1001111110101010
0000110111100010
1111001010110011
1111011101011001
0010010110000000
1101100000111011
0101110100101100
0101001100010100
1111111011110011
1001100111110010
0011000001001100
1011101000101101
1110010100011000
1110011110100001
0111001110011001
0111110011111000
1011111001010110
1011111111011010
0011011001000001
0100101001000101
0011111001010001
1010011000100001
1110101101100000
1010001100000101
0100100100011001
0010010101101100
0001100000001110
1101000000111100
0001011011000001
1011000011100101
0111000010011101
1100000000000000
0011000100011101
0101101010000000
1101011010010110
0001000001001110
0011111100101000
0001111111011011
1111001100001101
0001110111011010
1011010011001001
1111111001110000
0111010111010001
1000111101111110
0010000111100101
0111000101011011
0001000111101110
1101111000101011
0101000101011011
1010110011001100
0110101111000100
1110111110001000
0001011001001110
1011100000100001
1001100000111010
1101100111101011
0010100010000110
0010000000000101
0001111110000110
1101111001010110
1110010001001010
1000011010010001
1011010101100101
1100001110110110
0001000011000001
0100100111111101
1111110010111101
0100001101100111
1101010101111110
0001010100000101
1000000111000001
1010011100000001
1100011110011111
0111110011101110
1011111011100000
1110100101010101
1000010111010001
0101101100010101
0110101011111000
1101000110101011
1110011100110010
1100101001100100
0001010000001100
1001111010101110
1100000000001001
1001010100001001
1010100111110000
0101101010010110
1000101110001011
0110010111101001
1000101010100011
0001011101010111
0100000000010011
0010001001110110
0000100011101000
1011000000110011
0011100010000110
1011010101111101
0111001110101110
1001010010110110
1110101101010110
0110001010000000
1000111010101100
0011101111000010
0000101111110010
0001111000111010
0011100001100111
0111110011000101
1110000011010110
1001000111100001
1100001101010110
0010101111111101
1101000001101001
1100100010000110
1000011110010001
0110111011010101
0000100011010011
1010101100000011
0001100001111100
1111001111010000
1001101010100011
1000010010111101
0111100101010000
0010010111010100
0110000101010010
0111101010000011
1111001100100001
1100011000101001
0011111110001100
1100110001110110
0010001100110011
1100001110100010
0010000011011101
1111000110000111
0001010100000101
1000001110101101
1110110111011001
0100000001101110
1011011000101000
0101011000000000
0010001100010110
0000010111110000
1001010001000100
1001011010011110
0001100111111101
1101001001011010
0001010101111111
1101011100100111
0000100011000111
0000111011000110
1101100001101001
0001000100101111
1101001010010000
0001111100111110
0011001000010000
1110110111011010
0100001010110100
1011110111111001
0110101101010100
0011110011101010
1011110100111100
0000000010011110
1000011011011111
0011000000111110
1001110111010111
0001101101011110
1110101000011010
0111010110110100
1000000101101100
1000000111000111
0001110101100011
0100011011011001
0111011011101110
0101010010111001
0100001101100101
0111101011001000
1010010100100100
0111101111001111
0001101101101111
0000011101100011
