0101001001101010
0011111101101111
0100100100100000
1101011111010001
0111001100100001
0100001001101000
1100100011000100
1000011111001001
0101100001011011
0000011111110100
0111011111010000
1000001000001000
1101000010010010
0001111011111011
1000111110011100
0101111101001001
0110110000110111
0001011000111100
1111000101100010
1111111100000110
1011011111100010
0111111000111001
1101110001001010
1110011101100101
1000110010100001
1001111111001110
0101001111001101
1001011000111111
1100011001110101
0001000111001100
0010001111101010
1101110000111101
1010101010110000
0010011111001101
0001010101010100
0111101000111011
1010100011100000
1001010000010111
1110100101010101
0110000010001101
1111011011000111
1110100011010001
0110010100111101
0001011000001111
1001011100100011
0011100010000000
0110101111000101
0001101101101000
0101111000011101
0011111110001011
0001001100000001
0011111100101011
0111101100011111
0100100111110100
0111000100110001
1111011011000000
1101010011010100
0101111001001110
1111101100001100
0101001010011001
1011101011001000
0010010000001111
0010110110101011
1010100111001010
1110101101110101
1001110001011100
0001100101110110
1001110101010111
1000110000000101
0101111110100100
1101000001110100
1101000010111111
0010100000100000
0101000110010000
0110100100000000
1010100001111010
0110011101001111
1100000101100001
0001000010011111
1101101110100010
0011010100001000
1000011101101101
1110111011101011
1100110000010110
0101110010001111
1100000010101100
0011011110101011
0001110100100011
0010110010111010
0001011010001001
0110000011111000
0010001111110100
1101000001011100
1010000000010111
1110110111101011
1000100010001010
1001011111001011
1011101111000000
1101011000110011
0110010001001100
1110110110110100
1111011000110001
1101011101011001
1100100110101011
1000111011101110
1100110100000100
1111001010010000
1100010010100000
1011000001100001
1110110110011000
0010001101001111
1111110011101000
1110000001101001
1001101110101101
1010000010101000
0001111001111010
0111110001100110
0101010101111101
0101110111101000
0000010110011110
0001111001011110
1010100001111011
1111111100110101
0111101111100010
0001101111111101
0110101111111100
0010111100011100
0111000011011011
1001111011100100
0101101000001101
1101111011001001
0000100000011000
1101101110100111
0110000101101101
0010110101100011
1111000101110011
1111001110111001
0000000110111011
0011010110110101
1101110110101101
0111000011010111
1101011100010000
0110010000110001
1111000110110001
0010100011110011
0010110111010011
0011110010001001
1010000011111100
0111000100010100
1010110000001010
0011111000000111
1110010010110100
0111101111101001
0111111010111010
1000110101000101
1010101001101111
1011111010100110
0100011000101100
1100001010001101
0111101111111111
1111001110110111
1101111001011110
0011111001111110
0011001011101011
0011010110011110
1001011000011101
1110001000101000
0100010011010100
1001111110110100
1111101111100101
0011001001000101
1101100010110100
1011001010110100
1011111101010001
1000000100111000
1010000101101101
0101100101100011
1101111111101111
0010001001000001
1101001111100000
1100000000011001
1100101100011001
1011100101101101
1100011011001001
1001111011000010
0000001110001111
1101000000110111
0000001110110010
1010011011111000
0111000011100001
1110111000110100
1000101111001000
0011000100100111
0101111001010110
1111000101100100
1010000111100001
0001001100010100
0000000010000000
1100100001101110
1100110010111110
1010111001000001
0011110110111111
0000100101001100
1011011010111100
1000111011111101
1001111110111010
1010010110101100
0100001000000001
1111010110110011
1101100100100111
1001110100110010
1001011111111101
0100001111110101
0010001100110110
0100100111101111
0111000100000111
0010001101001001
0011110110101100
0101011100010011
1000110011101011
0001000100001100
0111011101001011
1000100100001011
0100100100000111
1100111010011100
0011111100011001
1111000011000100
1000001111011011
0011011000101011
1000100100001111
0101101101111101
0110001001101010
1011110000111110
0001011101001000
0000000000011101
1011100011101011
1000011001111100
0100000111001001
1010101011010000
0000100001110111
1110110100100000
1111010000000100
0100110000101110
0001000111110100
1111101101011011
1001000110001001
0001000000100101
0100100011101011
1011101011001000
0010001001101011
0001100110111110
1100001101010101
0001000001000100
1011010100000101
0000110100101111
0110110010111011
1111110010010010
1001011000101001
1100100101100111
0010001000001111
0001101101111000
0101001110110011
1110110000001001
0101100101010010
0000010111011001
0101110110001110
1010010001000010
0110101111010000
1000111011011001
1111001111111100
0001110110010110
1111110110010100
0101001111010000
1001010000000111
0001000111101001
0101010001010001
0000001100100000
1101010011100010
1101101101011110
1000011001110011
0100101100000100
0101011000110011
0011110101011101
1010010110001000
0000110011010010
0000101100010101
0011010110100011
1000101101110111
1011011111011111
1110000100011000
1010111110100100
0111110111001001
1001111110011111
1100000010011000
0110101111101001
0100000000110010
0101001110101111
0111111011001010
1011111001111111
0000110011010010
0100110001111111
0111101110001010
1100111111101011
0000111011111100
0010100011101111
0110110111110010
1111111100111111
1010111111000000
1000000101010000
0100000111011110
0110111001100111
0111001010100111
0011011100101000
0111010011101101
1101101111110101
0101010001001100
1011100100111101
1001010110001010
0100111100000100
1000011111100110
0101001010011000
0000000101011011
1000111010011010
0101101011110000
1011100010100010
0011001000001000
1110011100110000
0010010000011111
1100100101001010
1000010111101101
0100000100111011
0100001001100101
1010111110101010
1001010111011001
0010010000110111
1100101000100011
0000010110001111
1000101100100111
0100001001111011
0011011000010000
0001011111000101
1011000101001100
1010010100111000
0111011101110001
0111110010001100
0011110111010001
0001110111011000
1101011011010001
0011100001010110
1010111111111000
0100100010101010
1110110010001000
0001001100100001
0011010011011010
1101001010111001
1010010001000100
0000011111101100
0000100100010100
0110100001110110
1010100110101100
0100011000110100
0111011111100100
1010110001010100
1001011011111010
1011000100100000
1111010100000000
1101100001111110
0010110010110111
1111000001000010
0001001111001110
0010000110110100
1100000100010101
1100011110010000
0001111001110111
1011100111001010
0100111001011101
1011111101101000
1001100101110111
0100100011110111
0010010001110111
1101001100000011
0011100010000011
1100100101111110
1001101111110010
1110111111011010
0100011010110011
1011101000001010
0100011001011000
1101010101010001
0010010000100100
1000010110001001
0110111101111010
1101001101101101
0011110101010110
1000011011001111
1010101011101010
1100001110101010
0001000110101001
0110000000110110
0011101011110000
0100010101000000
0111000010111110
1110010000001000
0000100000001111
1111000011000000
0101010101100011
1001110001001111
0001100010101001
1100100101111111
1000110010011111
0001101000110011
1111100111110011
0010110100000001
1110101001000110
1110100110100111
1001111111001100
0110111001111110
0111011000110001
1011100101011010
1010111110010100
1100111001011001
1111111011010011
1010100111011000
0101101111110001
1101110110100111
1001000000110010
0111100001100011
0110110110010011
1011111110000011
1100101001011100
0000010110111101
1010000110001000
1011011111111101
1101010010100001
0100100001001110
0010100001111111
0011101000000000
0110101010100111
0111101000001101
0111001000001101
1001010101110000
1101100000101100
0011001101100101
0101110001000101
0011110110000100
1111000010001110
1111101001101010
0110010010100001
1001100101000110
0010011101001101
1100110001101111
1111101011111111
1110111101010000
0011100110001001
0001111100101101
0100011011011011
0111110010100100
1100110010100110
1100001000111010
0010101010010111
1101001110000001
0101111110101001
0101000001100011
0100011011111011
1100100110101110
1010011001100000
1011001110111011
1001010110110001
1001000001001010
0011111111101110
0001110000100101
0100111111100111
1010001110100110
1110101010001100
0010000101111000
0011100000110000
0000000110000100
0011000101010101
1111110011000100
0011001001101000
0101010100011010
1111010010101010
0011000010110011
1001101010000010
0101011010000011
1010011010100001
1000011000111101
1010010011000011
0000110111011110
1000000001010001
1001010100000000
0100010111000011
0000111101000111
0000010111010100
0001000000110101
1100101110000000
0111111111111101
0000101101001011
1001111100110000
0010100001001101
0010001110110000
0110101100001001
1010000101100111
1010000001111101
0111000100000011
1110011100010110
1011100011011010
0001011110001111
1100001000011010
0110010000001100
1101010000001101
