0110010010101111
0000100001011111
1111000011101100
1110010111010110
1001000001111100
1111010110011001
0111111110001001
1001011100111111
0011100111011001
1110011101111011
1101000010110110
0101000001000110
0001010100100010
1100101010011011
1101111111110111
0000001011110011
1001011111110111
0011111000011110
1111101111000001
1111011110111011
1100001011101110
1101100010010000
0010000000010100
0111101110100001
1001110101101001
0000010000110100
1000110000001110
0110010010010001
1100100000100010
1111101110010100
0110101001110000
0101100000110010
1000001100011110
1100100001110101
0011110110011010
1010101101001111
0111001001011110
0010011010110100
0100011100110001
0111111010011100
1100100110011000
1001010101011010
1000001011001011
0000101000110011
0110101000011001
1001011000011101
0001101011110110
1100101111101000
0001000011010010
1000011000001000
1001010010101111
1000111100010100
1101101110010010
0000101110000110
1110110101101010
1011110100011001
1011111010110100
0101111100011101
0101000111101110
1111011110001100
0010001001101110
0011001000100110
0110100011111010
1111101111100111
1000010100110010
0010010011010101
1001000000110001
1001101100001001
0001001110111110
1010100010100111
0000111110111110
0000101100110010
1000010001010100
0110111111000010
0100010011110111
0101101111001000
0110100110100110
0001010101011100
1001011101011100
1101101001011000
0010001001001000
1100001100011010
0000011010101010
1011001111110010
1100111001100100
1101101101100100
0110001100011100
0100001101001000
1101000010101010
0011001110101010
0110110100111100
1101110010101110
1101110100111000
1011011011010000
1101111000101100
1010110111000101
0010010110110011
1011110001110010
0110000101010111
0101100110110001
0011100001001110
1110111011101001
0111111011100000
1101000001011000
0001100111000111
0100011000010011
0111001001111011
1100001110010111
1011001111101100
0101101111111110
0100101000100110
0110000111111100
0101110110000100
0000010110100000
0000110100111111
0110101010110011
1010100111110100
0110011111100001
0000001101101001
0101101101100100
1001110011101111
0010010010001101
1000010011011010
0011011010111011
0110001111100100
0011101000111110
0011110110101010
0001111110110101
0011101110010010
1100010011010100
0010010101000110
1101101101010011
1101000001011110
0100010001101011
0001011011001111
0011110111111001
0000001010101010
0110011010011110
1101011001110011
1100101111011011
0100001110000010
0010110101111110
1011101110001110
0100101011101110
1010000010110101
0011000001010010
1111011110000110
0011101001000011
1100001000111011
1111010010001010
1011101110001001
0000110011010011
1111100100001100
1011101001101011
1001001100101101
0010100100101001
1100010011001010
1011111101101101
1010110110110101
0001100011010101
1110110101110101
0100101001100001
0100000110000110
1011001101110110
1011101101010000
0010111100110101
1111100010001110
0111001111101100
1001111011111001
1001101000011110
0010110001110001
1100101001010111
0101100011110001
1100001000010010
0100011010111111
0010101001101010
0000110000011110
0100011000110110
0011011100010111
0010110101011001
0011110100011010
0010101010110000
0110111110101011
1110110110101001
1011100011011100
0000110101000000
1111101000100110
1011001010111110
0110000001110111
1100010001100101
1001111101111011
0100100001001011
1000000001010110
0110111111111110
1000000111010111
1001010101101111
1111001101011110
0110110101100010
0001101100110101
0110000001111101
0011100100010100
1101100101001100
0111100111010101
1010101010100010
0001111011100011
0000001110110010
1110001100001100
1011101110001110
0101110011101100
1111001010110110
1111100001001110
1011100010001000
1101111001100111
0100101010011001
1000001001110110
0001100101011011
1011101011100011
0110011000100110
0001001011110110
0101001110001010
1000010010000101
1110101000011111
0001110110110101
0110110010100011
1100111100000111
0100101110010010
1000111001011100
0001100110000101
1100100101110001
0101010000011111
1100101111111111
0110010101001000
1101110000110001
0011001111100110
1001011001110000
0000101001100011
1110011011010110
0000011010011011
0101001011000001
0101111011000001
0011110110101111
0110101010110001
0011010000101001
1011111000010011
0011101110010000
0001001101000111
1010011101110000
0000010110011111
0001001011010011
1101010010111001
0100011111101010
0101100100001111
0111010000000001
0100101100100100
1011001000111011
1110010011110101
1100000111001000
0011111011111111
1011110011101110
1111001110100110
0011100011101111
0011011010110101
1000110001101000
0000010010110111
0111101100001111
0001101011010001
0011010001110001
0010110011000001
0011101111001110
0100010100101110
0110011101000001
0101000110000110
0010001100100111
1001010111101111
1000101000100001
1011111111111000
0000110000010011
0110111010111110
1011011000011001
0000001111101001
1110100111010110
1011000001001010
1110000010110100
0001111001000111
1101111110001100
0010000101100100
0111101110001011
0011000001010011
1001001101001010
1101011011100000
1000110100100101
0100101011011011
1110010011011110
0110111001010011
0111010001010111
0100111100000001
1101010000010101
1100000110011011
1100101110001100
1100110111111101
1110111000000001
1110000010111010
1011111011101000
1110010101001111
0110101001001000
0010001000111001
1110000111110011
0000001011100000
0100100111101111
0000001111100111
0100110111100101
0100111100111001
1011010110010101
1000011001101000
1010010100110101
0101000110110111
0100110001110011
0000110100011001
1101110111000001
0000011000101100
1110011100111010
1001001001001101
1110001000111100
1001001010001010
1011110000001001
1000111110001011
1101100001000100
0100111100111100
0011100010100111
1001111101000001
1100101000100110
1000010110110110
0101110111010101
0101111011110110
1101000000011110
1100000101000110
0100001000001101
0101010111011010
1011110001001001
1001001011100100
0101110001000101
0101111110001101
1010111100101101
1010100011000100
1101111110011101
1100011010101111
0001010110111000
0000001011100111
0000100001010100
1000101011001011
1100101001001111
0011000010100011
1010101010100001
1011101101101011
1010010000011111
0101111110100110
1001110001100011
0111001110010100
0001110110011001
0010111011111011
1100001101100111
0110011101001000
0001010010000011
0001000111000001
1011110111000011
0001100100111000
0010010011111110
1010001110001001
0101110000010010
0010101001010001
0000111100010101
0100111110000010
1010000110100101
0110011110100011
0100100111100000
1100010001000000
1100100010101100
0100100100110100
1111100110010101
0000011000010010
0011000011000010
0011101001110101
0110111110001110
0000100110110011
0000000101111001
1101010110011101
0010001100111011
0101101111011011
0111110000011100
0010100111111111
1110011110100000
0000111100100101
0011110100110011
0110100101101000
1001100100101000
1001011001110111
1110011111110000
0000111110000110
0001010001001001
1000010010101100
1011111001111100
0000110100110100
0000010111110110
0000001110001000
1100011000100100
0000111011110001
0010011000111001
0011100000111000
1000100101111010
0001101001100000
0110111100101010
1110011010111110
0100011111011010
0000100011111101
0101010000111111
1100011001110000
0011100100101101
0100011010110111
0010001111010111
0111110111011001
1110101011100010
0001110011001010
1111100111110001
1110010000000001
1111101010101000
0111100001100001
1101101010101100
0011001101101001
0110011010010000
0011111011111001
0001011100010011
0000001110100100
1100100000001011
0000111001101000
0011111000110010
0011011101001011
1110100000000001
1011101000111001
0001101010111011
1111011011101110
1110111101101100
0011011101001100
0111110111101111
0110101010101101
0111100101101100
0110100101101010
0010000000101100
1110101100101001
1111101000110001
0001010001010011
0001011000110000
0101000000010011
1100111010101001
1101010011000011
0010110100100110
0101100110010100
0001111111000111
1000110000011010
1000101011101010
0001000001111110
0100100000010101
1001110110110111
1110100001000011
0100100100000010
1000001110000101
1011111000000110
0001010000010110
1111001100000100
0100000011001100
1001111000101000
0110101111001011
0001100001011011
0010000000101010
1011110100001110
1101011000100110
1111100100011011
0001110111001111
0100100100100110
1101000101101010
0010011101000110
1101000111001010
0010010000010111
1000100111011101
0101101101010110
0000110001010011
1111110011000110
0100110001100100
0100011010111110
0001010001000010
0001101110010101
1001100101010001
0000011100111010
0100010011011011
1001000011100010
0001110111000011
1100011100010011
0101100000101110
1011011010011110
0100100010010001
1010010100101011
0100011110000101
0111110101001101
1001001101001101
0010101010100000
0111011011111011
0000010101100111
0100101000011111
1010111011011010
1011111110110010
1110000101011010
1011110110111011
