0100011100000011
1111111010011100
1001101011111111
0110010011111110
1000000100011100
0001100111011010
1110110111001000
0111010001100011
1011111001111101
0101111100101001
0001101000100101
0101001111000000
0011010001100010
0001010000101010
0100100010100011
1100010111011000
0000110000111011
0010101000010110
1111011101010111
0001010010111011
0011110111101011
1010100110110001
0110011000110111
0111110000100100
0111110000101100
0010100001001011
0001111000010100
0100011110001011
1100000011101100
1100000011100111
1100100110001100
0110101101110011
1110011110001111
0000101110111010
0101110101001011
0111000100000001
0111100111101100
1000010111100101
1010110101000100
1001001001100101
1100111010000100
0100010010011001
1001100100010000
0010101111010010
0101110111011001
0001011001011000
0000101000100010
0101110010000011
0110111010010011
1100001010001000
0010110011110110
1000110110010100
0011111100011100
1010100001000011
1010101101000000
0000010010010111
0010010011101100
0111010001111111
1100101100001110
1101011011100101
1011100101100001
0011010101000101
1010011010000000
0111000011011011
0110011101111110
0001000011101000
0011101100100001
1110000001101101
1001100100001010
0001010001011100
0011110010111000
0101100010110011
1101100000100011
0111111000010011
1011011010110000
0011000000111010
1001100101000111
1110010011011111
0110101110110001
1011010011000111
0100001011110101
0100010011101011
0101001010011111
1111001011111111
1001001000100111
0010110100110011
1001000000010100
0010110011111010
1111011010101100
0000111111011001
0100001010111011
1001100010111101
1111110111001011
1011011100010010
1100010100110111
0011111110001001
0011011011101100
1101010001111010
0100101010111101
0101011010001100
0010011010101001
0011001000100100
0101010001111011
1100011110010000
1011001001011010
0111111111100111
0001110111010011
1100101101100100
0100001001101100
0001101110011011
0000111000010010
0111011001100101
1010110010010000
0000001111011100
1110101001011111
0010111000100001
1001110110011010
1001100110001111
1101110111111111
0111111100000001
1000111010001001
0011101000000000
1001011111001000
1000011010110110
1100111111101001
1111001111110100
0010100001001001
1110001101100000
1100000010101011
1110011111000101
0111100000010100
0011111000000110
0101001110000010
1011010000011011
1011100110000001
0011000100010011
1100000000001101
1100010111110101
1011010111000110
1001110101010110
0110011110101110
1001010100010101
0110000101000001
1100110101100001
1000011110101101
0110001011110010
1110001101110101
1100111000111101
0111011110100001
0010000111110000
0101111010001001
0010011110010100
0101111000011011
0111011010101000
1011011110111001
0010101110000010
0000011011101100
0000010101010001
0001100001110100
1000000011001001
1010110010010010
0101010110000110
1100000110001100
0010000010101011
0010000010110000
1011001001001110
1101100011000110
1110010010000000
1011110100001101
1010110101011111
0101100010110101
0111101110010001
0101010111101111
0000001001101000
0101001111110101
1111111110100111
0010011101001110
0111101000011110
0001101110000000
0101101000010000
0111010000010101
1011111100101101
0111100011111011
1011000110001001
1110010010011100
1001100101100010
1111101011100001
1101110010011011
1011001010111001
1000001110111101
0000001000110000
1100111010001011
1000100110001011
1101010011110001
1111001010011011
1111111001010100
1001111101101100
1110001001000110
0011110001010001
0101000001111010
1000001010011101
0100111101011001
0011101101111010
0111100010001001
1111011011101101
1000100010010101
1001111111010100
0111011110101001
1110101101100101
1011100001001111
0110010100100111
1010111100000010
0001100111101011
0100101110000111
1001011110010000
1110010110000000
1101010100101110
1100001001100100
0111010110001001
0111100100101000
0010111111000010
0010100001000110
0010001111001010
1100100110001000
1110001011001101
1011011001100001
0001010111001000
0011010001101000
0110101010111001
1001000110100000
0000110101001001
1110000111111000
0000101110100011
1010111010110000
1100101001010110
1011111110111011
1001000110100110
0001101001110010
1111100011101110
1100111101101111
1110110110000111
1010100010110010
1111101011001010
0000101101011000
1111001110101011
0001100110011000
1000111011000111
1111101010100111
1001100000010000
0010101011111101
1001111010110100
1111011010011101
0000101000001000
0000010111100000
0001000000111101
1001111101000011
0100011011101010
0010111000010011
0100000001111111
1111000110001000
0001111000001101
1101101000011011
0110011100101010
0101011110011010
1110011011111110
0000110111001010
1100010001001000
1001010110010010
0111101100101111
1101110100001010
1110101101001010
1001101110110011
0100010100001101
0110111000011110
0101101101011000
0110001110111011
0001000110100100
1011000111000010
1011000000000011
0000011111110101
0100110101111110
0110000011010110
0111001011001010
1010100000001010
0110001110100100
1100111100100100
0000110001010011
1101110000011000
0010100100111110
1100000111011011
1000011001110111
1001000001101010
0100011110111010
0001110101111100
0100110100000100
0101011110011001
0100010011101001
0010010010000001
0111011000101001
1101100110001100
1111100100100000
1000101101101010
1101101110011000
0000010001001010
0010000001000101
1110110010000111
1011111110001100
1101101101011001
1001101110000101
0100010000001011
1110101001000101
0010010111000111
1110110100101000
1000101110111000
1101110000001001
1100100011011000
0111101011010011
1001000001101010
0010011101001110
0111010011111011
1011111100101111
1100110101111001
0100100101001010
1011100010001111
1011000101101011
1100000101111010
1110110101011010
1011001010010101
1110110000111100
1010011101110011
0010101001101101
1100111000000111
1000000011000000
0111000011111100
0100111110111010
0100011001011101
0101010110010000
1001100100101101
0000111010111111
1100110110010111
0000000010010100
1001010110100001
0101100101000011
0000001011000100
1101101100010100
1111011101001000
0111101000010001
0111110111011111
0000110100101111
1011100011000011
0011100010000011
0000010000101100
1111000111011011
1100000100000101
0101100100001100
1111101001001010
0100110101100010
1011010000011011
1101010000110110
1111000000011111
1111001101111101
1111101110110100
0101001111011001
1110100001111110
0111000010011011
1001001011111011
1100010111100000
1111100111111111
1001100011011101
0111011110011000
1111001001111110
0011111001001101
0100011111101000
1101011100100011
0101001101000000
1010010111110111
1010011011111010
0001000001000100
1111000100111011
0011000010010000
1101101001111011
1010010111101100
0011011100110001
0000000010011111
1110100000011101
1000101011111100
0101111000010100
1011110110000111
1101101010110000
0101101101000110
1001010000011110
1010010011010000
0011010010101001
1010101100110000
1101010010000101
1010111011001001
0001111111000110
0101010110001000
1001000000101101
0001010111010111
1001000011100000
0000011001111010
1100001010101000
0111100101011001
1100110111000101
1010110100000111
1110011011111011
0010111010100010
0111010100101100
1111110000001000
0011111001100110
0000011111000001
0010100101010010
1111110111110111
0001001101001001
0000110101101101
1110001110111110
1001101011110101
1001111000100010
1100100100110110
0000000100111101
1010100111110111
0001001110011010
1011111110011010
1001110100100100
0111011111101111
0001001111111111
1001111010101110
1111101111100100
0001110001011100
1011000010011101
1011010100011111
0000111000111001
1001101010010100
0100000011100011
0110111011011110
1010100000010111
1011100000111011
0100010010000110
0001110110101000
0101100111000101
0001001100000000
1000101011101111
0010001010101110
1111000101011011
1100111101101001
0011000011100011
1110110001100011
0001101110100100
0000111010101000
0111101101100010
0001001101101101
1001001111110001
1110000101110010
1001000000011100
1111100100111100
0001100010100110
1111100110101100
0110010010011011
0101001110111110
0101110011101010
1101010101000111
1100110001000101
1110111100111001
0001000101001110
1110100001111101
1111000110110010
0110110010011111
0110011001000001
1001010011011001
0101100110100110
0000010001000011
0000110010101001
1011100111001111
1110100001010110
0101010111001110
1101111010110111
1011001101100111
1101000000100011
0101001100010110
0101101110100001
1111011101101010
1000011110100000
1001001011001000
0000001010010000
0100001001011111
1100100100101110
1110001010001111
1011001111001111
1100010001100100
0010011110000001
1100000011010100
0110001011100111
0000010001111110
1100101100000000
0001000000010000
0111101001100010
1010011010110110
0000111010010011
1110000101101110
1001000101000111
1011100111100011
0011010110111000
0111010010111100
1110011110110001
1000110011001101
1101001010111111
0111001011011001
1100000111011011
0001011001101101
0000101010000011
