0010110000110001
0100101000011101
1100010000100010
1111010011011000
0011001110100111
0100100011010100
1101111011001000
0011001000100000
0100101100110010
1000111110110101
0000011111111001
1010110110111110
1000110101010000
0010111100000100
0001010111000111
0010101011011100
0000000111010100
1000011010000111
0100110101001111
1100111000011010
0000010101000000
1100100111100100
1010001010100011
0100110001101000
0100110110001011
1000110001100110
1101101111001010
0001111010000010
1100101110110011
0001101001111010
1111001110111001
1011011100101111
1111110110111100
0110001001101011
0110000011111000
0110000110011101
0111000000000110
1001100001000101
0111000010011000
0011010011100001
0011011111111010
0010011111111010
1100010111011111
0000001001111011
0110100011100011
0110111001011101
0001101110100110
1000101111011110
0010110000000001
1010000101100111
1101001011000001
1001001101101011
0011010100011100
1001000110000101
1111101101000100
1011100001111110
1001001001000101
0010010100011101
0111100001110111
0110000011101110
0110110010011011
1000001100010011
0001000100100000
1010110010011100
0001101000011001
1001001101111110
0010000100110011
0101101111110111
0001000100100101
0101101101110000
0101011110100100
1101001011101111
0001101000011101
1110000101001111
0111000110000000
0110010010110011
0110011011111111
0000011010100110
1000010000010100
1010100110100110
1000110000000011
1110110111101010
0000110111101110
1001111010001110
1001111100001010
0000000111001100
1111110100101001
0001100111111100
0010100101000100
1111100001011111
1111011110111101
0110101101001101
0100011001000101
1101001100100001
0100001101000011
0101001110000011
1110100111001101
0100011101001100
1101001101111100
1111010001010101
0011001010010101
1111100001010101
1100010100111100
0010001011101000
0001010011110011
0101101001001110
0000001010111000
1111000111111110
0011101101110000
0110001010010110
0101111110011100
0000001001100111
0101011011110111
1000000010111011
1000000101001111
0110100011000010
1110100100001000
0110001000001111
0000010011001000
0001010011100001
1110110001010111
0011010100101001
1011100011000110
0010000111001110
0110010111011101
0001100110101110
1010111100110110
0001001001100010
1000110011010110
1010010001001000
1111011111111110
1100011011011000
1100001100010101
1100001001001000
1110111100000011
1000000000011111
0100000001010001
1111100110100001
1010110010000100
0100001101011000
1010010011101011
0001001111011000
0011011001000010
1011110010000101
0000011111000010
1110101101110010
1011100011100000
0100111111100110
0001110001010010
1110011111011110
1001101100001111
1110101110101101
1001011110001000
0000011000100111
0101101101001001
1001011101100001
1011001001011110
1001110001001010
1011101110101011
0011011011000001
0100110011000101
0110001100111000
0011100011001001
1011000011001111
1111011010100110
1010101101010111
0110110100100001
1010101011010010
1010001101011001
1101101111100000
0010110100000000
1010001100111000
0111011111111111
1110110001011100
1000011101101100
0111001101011100
0111111011000011
1101101100111001
0111111000001001
1110001111001000
1001100101101111
0010010001111010
1101011100010001
1111011001011001
1100100001101010
1111111000000101
1101010000110101
0111000111101110
0111101001011000
0101011111100011
1010000000111110
1101010001111000
1000110000110010
0101001010101110
0110001100111101
0110110010000010
1101010111001100
0000010111010001
0100110011010000
0010110111010000
0111001111001000
1100010011000010
1010101100111010
0001001010101101
1000111000100111
0000101000110000
1101000000001111
0111111100101011
1111000100110111
1001101011110111
1111011000010100
0000110001101000
1111011000001001
1001000000001100
1110001101110100
0010011110100010
0110110111110000
1111101110110100
1100001111010000
1010100011110101
1100111100101111
0011010000010001
0001110000101101
1101111001100000
0011000010110010
0110000010101011
1100101100101000
1101001010001000
0001101010011011
1010101111100000
1111100001011111
0100111110110011
0001010110100001
0011101111111000
1110100111100111
1111010000000001
0101011010010001
0110100111010000
1010111001010101
1010000001010111
0111010001101110
0100000011100100
0110001010010000
0101110010011100
1000010010111011
0100010011010011
0011001110001010
1011001011101011
0101111011010000
1100000111110111
0111001010011111
0110001010011000
1111000011000011
0011010001110010
0000001011101011
0101010101000101
0101010100101011
1100100100001110
1010101010100001
1010111100111000
1001111110101011
0100111000001100
0001110010111011
0011001100101101
1111000100111000
1101010111001000
1010001010000101
0000010001100001
1110010111111011
1001101001100000
1100011110011111
1001110111100100
1010001011100010
1101011100110110
1000011000001111
1111001111110011
1001110111111000
1100001111101011
0100100100100101
1100000000111100
1001000001110111
0011001111011011
0001110001101010
1000111100110101
1000101100111001
1110111111010100
0110011010101100
0000000110101111
1011110110111011
1101001010011101
1010000000010011
0000101010100110
0101011110110001
0001111111111010
0100011000001111
1001001001000101
1101010011111100
0111110001101100
0101111011001111
0000000001000110
0110100101101010
0100111011001001
1000000101010111
0100011110111111
1101111001001110
0011101011000010
1100101101101010
0011001101110010
0100010001011000
1000100100010011
1010010010010111
1011000110001001
1000100011110010
1100101101000010
0001100000101100
1001011111011100
1010101001100000
0011111110010011
0111110010111111
1101010011011101
1110001100101001
1111010111001100
1100110000110110
0000100000000111
1000111001110011
1001101110001011
1011001001101101
0011101011001100
0001100000000001
0100011100000011
0111011110011100
1000100111000001
1110101000100110
1101110011011101
1011000111110110
1110110101101011
1011000001011110
0101110000010000
1111100000110011
0100000110011110
0101010011010001
0010011001110100
0101000101010011
0001010110001000
1111110001111000
0100101000000001
1010101001100010
1101000011010101
0110101111011101
0100110100110011
1110101100100100
0100010001001101
1011100111111110
1110000010000111
1010100011011100
1010101111100001
1111010101110101
0110111100101101
1110001010001110
1000000011010110
1000000100001000
0110000110101010
0100001110010011
0111010011101000
1110001010011000
1110000010110101
0011000101011111
0001110111111011
0001001100011111
1111101101110111
0000111000110111
1011111011111011
1000000011110111
1110010111011000
0000111001110110
0101111011101000
0011101010011100
0000111100011111
1010111001011001
1110000000010000
1101101011010001
1000100111100000
1001001100110011
1010001001100100
1110001100101101
1010001101000001
1000010101001010
1010101011110011
0000000011101010
1111111101101110
0011010110101111
1010101101010011
0111000001111011
0110101011101111
1001001100100010
0100010001001011
1000100110110111
0001010101100101
1110101111011001
0010000110100100
0110101100110000
1101110111000010
1000010000110011
1010010011111000
1101100010001110
1010100000101110
0000010101100011
0001110100001010
1111011010101000
0000110001001101
1111100110101110
0101110000001001
1001010000001110
1000111110000110
1101110011100101
0010011100110110
1101101001101101
0111101000001100
1101101010110000
1110100011101101
0000110111011001
1001101111111011
0101010101101110
0011010010110101
0001011001010111
1111110100001101
1001001110101100
1111011100000011
1111010001101010
0110111000101000
0011101000000100
0010110100001101
1011111110010101
0011001110010110
0111100011001100
0101101110000000
0101011110101110
1000001000110001
0111101000100100
1111100010001111
1101010100101001
0110011011100110
0011101010010010
1010101100110010
0110110001010110
1000111101111101
0110110010111011
0111010000111101
0010011100101001
0000110100000100
1111001100100000
1111110010010010
1100110101101011
1001100110001010
1001011101011000
1010001111100011
0110110011110011
0101000001011001
1111010001011110
0111000011010110
1011001110100111
0001010111111101
0000011100101110
0011000110101000
1110010011101011
1001101111010010
1111010010000101
0111100001110000
1111110010011101
0001111111001011
1111111111010101
0101100100110000
1100101110101001
0001100101111001
1011000011000010
1101110001101010
0001110000100111
0101000011111001
0101011001110010
1001101001011010
0110000110101011
0111101010110111
0001001111010111
0010010111111001
1110010010100010
1111110001110111
1011110000100010
0110100000011100
1100001000000010
0101010111110010
1110010001110101
1001011101011010
1101111011111010
0010010101111001
0101111000111000
1000011011111000
1100011010110110
1111100110111101
0010100011101001
1010101110000001
0000110100000100
0101101010001111
1101101010111010
1001101010000010
1001001010001001
1010000100100100
1011001100011100
1001100011011000
1100011111010100
1001101101111111
1100110100001001
