0000011111010110
0011011000100001
1111100001110111
0101000011110101
0010000110111101
1010110000010100
1011011110001101
1011000110100000
0000010100010111
1110110000111001
1100101010000111
1001111110011001
1010011011100100
0010001011010001
0111111100011001
0101001110011000
0001100010111010
1000001111010000
1011101110001111
1110110111101100
1000110111010101
1001101001011001
0010100011100100
0010001000010011
0000010001011101
0110100011100110
1011011011100100
0000001111010011
1111011000001001
1110000100011110
1100100001110100
1100001111011101
0000101110010110
1100000011001100
0110010101001011
0111101111011000
0111110111010011
1111110100010101
0101010001111011
0011011100000011
0000001111110110
0010101100101110
0001011110011100
0111000100001101
1110111111111101
0010010001101100
1100101000010010
0101000111111111
0010111110100000
1010010100110000
1010101100000110
0101101011010011
0010111101101011
1110101011101011
0101010001001111
0110000100010111
0111101011010001
0010010101011100
1001110100111001
1101100101001000
0001000010010111
1110011010111111
1011110100001110
1110110111100001
1000110100101100
1001000010110000
0111111100000100
1110101011000011
0001010111010011
0100010111010101
0010100111101100
0100000111001101
0011101111110100
1110001000000001
0001100011101101
0011110001011101
1011101111011110
0101100000010100
0001001101001000
0101110000100111
0010000001110100
0001111110101000
0010000001101010
1010000000000010
1010010111110111
1001101000110011
1100000000110101
0001101100000001
1000010101111011
0001010000100101
1111000101010000
1011010110000100
1010010110000001
1100110001001010
1011011000111100
0001010101110011
1111100010000110
1111111001110101
0000011100000110
1100110000000110
0111001010110010
0111001100101100
0111101000001010
0001011011011111
0100000100000010
1101000001111111
1110000000101111
1000110001001101
0110111111010000
1101000101110001
1000000111100110
0101110100110010
1100101100011000
0010000001100110
1011111010001101
1011001011010111
0110000011111100
0101000010011010
1101101101010110
1000111010010111
0101010101111011
0000111000111001
1010010101000100
1010001000100011
1111000010111001
0000111001100011
1101010100100000
0110010010100010
1101001111111011
0110011010111100
1101110110111111
0101011010000110
0100100100011001
1101110010010111
0100110110000110
0011111101011000
1110110000110110
1011001101110110
0011000101110010
1010110110100001
0111010011110111
0110010100101111
1111111100110011
1001111010010111
1110111101001000
0001011111101111
0000100001101100
1110010011110111
0100001101101010
1011001100110101
1110100100010000
1100101101011110
1011110010110101
0110101110001101
0111110111110001
1110001010111101
0010110000000111
1001001001010111
1110011101000000
1011001111001110
1111110110101000
0010011001100101
0111110010100111
1110100100001011
1001010110001100
0001010011100101
1100100100010100
1110000000001010
1010010100110010
0001101010101001
1011100111111110
0110010111111110
0111010111001000
1101000100110011
0101111000001001
0111011010111100
1110010111011001
1101010001110000
1101000010010000
0010010011010110
1100010111101010
0011000101001001
1110000010111001
1110101000000100
0000101100000110
0001010010100110
1000111010101011
0110111110001011
0100000001011011
1010111101000100
1011110001010110
0000010100101010
1110010110011100
1100011100000001
0000101000000010
0000110100010111
1001100000110001
1111000001011100
1001100000100001
0001101111011110
1001011110000100
1001010001001110
1010001010101001
1100110110100011
0010111010010000
1010011000000011
0000110111111000
1111111111100011
0001110110010011
0001011001101111
0000101110110011
1110000011011010
1100110100101110
0110011100111111
1001011100101011
1001001101001010
0000000001000001
1010011011001011
1011010100011011
1101110000110110
1100001111011010
0111000111111100
1001001111000000
1010100100000101
1011000101111011
1011011100001010
0000101001000111
1011011110110100
0010110011000100
0010101111010011
0000010010100000
1100001011100100
0101110101100111
0100110010000101
1111111010001010
1111110111100001
1010011100110110
1100100011000111
1001011010011110
0110010100011010
0000000010101101
1101011101011010
0110110100101100
1001010111111011
1111110100001010
1011000010010010
1010001010001111
0101011010111111
0000000010011110
0100001001010011
1111000101011100
0101100101000101
0111110000110101
1100110001011000
0110100011001010
0111100100000000
0000111011010011
1010010100010010
1111000101010100
0010100000111110
0001101100101111
0111110011110010
0101111111101101
1100010011100010
0010101100010100
1011011101000000
1001101111101100
1001100111101010
1111110000000111
1010001100100010
0100110011111000
1011010111111011
0010001111110010
0011101010000010
1010010000100011
1011100101000111
1111010111111101
0110000000000111
1100001100101100
1001000110010100
1101011000000011
0100110110000010
1000011000110001
0110000001101100
1100010110001000
0000110010011100
1101100001100010
0001011011011111
0110100111010111
0000000010101110
1100011101101110
1111111111010100
1101100111010101
0011001101101000
1001011101001110
0100100111010000
1011101101001100
0011111110001111
0110101000000010
0101101111011001
0101000001011000
0110001010011110
1000110000011001
1001010010111010
0001110001111010
1111010100000010
1110000111110000
0000101110101101
0111100100110001
1010110111110000
0011111111100110
1101110100001001
1011000101100001
0011101000001000
0001110111100100
1000101100001010
1000011100110110
1001011000000101
1111001010011010
1111100101000011
1010111111101011
1000010111010011
0111111010000001
0110111001111101
1010100000010111
0000011111101100
1001101110010111
0001110010111010
0111011000110100
1010110101001100
1010111001000110
0000101011101010
0010100100011110
1001100101010100
1011001110011010
0010101101000000
0010100010111010
1011110011110000
0101010000001111
0000001000111111
0011101110010001
1101010001001001
0010100101110010
1011000001111101
1110000110001111
1100000001101000
1010011100011110
0010110010010111
1000101010010001
0101000101001110
1001010011110001
0011011111011101
1000100101111111
0100110000101010
1111111011100101
0011110001011111
1111011010100110
1101000000111000
0001111100100000
1011100100110000
0000100111101010
0010110011101010
1001010001011100
1011010101001011
1110010110000011
0010110100011001
1011101101001101
0010010011111101
1101111110100011
1010111001111011
1010011001111000
1101000101011101
1110110100101100
0101000000000001
1111001000111010
0111100001000011
1110010111110101
0100110001111011
0000011101100011
0101110111000110
1000010111111010
1111011011000010
1100100110101010
1100111011110001
1010100010101101
0110100011111000
1100100100100011
0010011110011010
0110100010011011
1100110101100110
1101101010000110
1110111110111100
1001110010101011
1111110110010100
0101011110100111
1101110010100001
0000101001000100
0000000100101000
0100001110110011
1100100111011011
0011110001000100
1110010111010011
1011100010111100
1011111101101101
0110110100010101
0110111110110011
1000010000001011
1100100000001010
1000000011110001
1001001010101000
0110110110101011
0101010000101111
1011100110001110
1001110111101111
1111100100011101
1010000001100011
1110000101101001
1101000000100011
0000111010111100
0100101001111100
0100011100011001
1101101011111100
0010011000010011
0111011001100100
1110100110100001
0110110100100101
0000000000011111
1110000001010001
1100111001100100
1100101111011011
0001110111110101
1111010011001001
0011011111100011
0101111001001001
1110010110010110
1100101111101100
1110100111110111
1100111101000011
1110111111110011
0001101110010111
1100111101110110
1101001001101000
1111111011011001
1101011111000111
0110111010110001
1101011010000010
0101101110000100
0100010011011001
1000111110110110
0100011011110111
1010110011101000
0101111101111111
1100111000001111
1000011010100000
1001100000101011
1011100101101100
1100011010001100
1111100011011010
0111111011010111
1101001110010001
1100011011011111
0011010110111110
1101111101111110
1110011010101001
0011001111110110
0111100110100010
0010011001101010
1010000001010011
1011110100101111
0000000011110001
1001000110110111
1101010110110100
0100100001101000
0110110001100100
0111110110010011
1101101111111010
0001111011110101
0101101111110011
1000010010000111
0011101101011110
1000101000100101
0001001111100011
0010000001110000
0001100000000010
0000011000101000
1011100010101101
0100110110010111
1111010011001011
0001110001011010
1001111110111101
1110110000110110
1011000000000011
0101011010101001
1111110001110110
0001001001101000
0101100101011111
0101101100100001
1101001010001000
0001100011110010
1011101111001000
1100111110110011
0010100110100101
1100000000000000
0000100101000100
1111100000010110
1011100110010010
1000010110011110
0001011111001110
0111100110110110
0111110100111110
0010011000111110
