1011011000110100
1000011100000110
0101001110100011
0100110100011100
0110111111001000
1111000111011100
1001000001010010
1010111001010001
1100110100110011
1101001110001001
0111111110110100
1110000101011001
0010100111000110
1111000111010111
1011100101000111
1110111101000010
0001101101110010
1101000111100010
1100101110000100
1110001100011000
1010010110101001
0000011011111101
0100011101111100
1101010111101001
0111001001011110
1010010101111110
0111010001100111
1011011110101001
1000101111000111
0100110011101111
0100110100000000
1001111100010110
0101001111101100
0111100101110000
1001100011111010
0100001011101110
0001111101110011
0101111100100000
0110110000011111
0110111100010000
0001001100000001
1110010011100110
1100111011101011
1010101000011101
1110011110011110
1011000011100111
1001101011100000
0001111000011001
0000010100101011
0011010000111110
0100100011011101
0010100000110001
0010101100110010
0101100000010101
1100111001001101
0010000111010101
1011000000110100
0111000000001101
0000111000010111
0100000111011000
1011010011001010
1101101000011010
1010001101100000
0001011010000110
1001100000010010
0100101110111110
1100100001001100
1110110000101000
1110000001111010
1101000001001001
1011111111001011
0111101000111101
1011011011000111
0011000000100001
1101000110101000
0011011001011011
0001100100010111
0111010100011011
0011100011101100
1100101011111110
0010111001010010
0000010011001100
0110111100001110
1000110111111010
0010110011100001
0100110011111111
0011000111111100
0010000110000001
0000100101011100
1100001110011101
0010000011000101
0001001001110111
1100100010111100
1100000000011010
0000011000010100
1111101001111101
0001000100010001
0001100000100000
0001111000001010
1001011100001001
1101100011110010
0110111101011110
0100001100011010
1100011101110001
0100110100010001
1110110110010011
0101111101100101
1100100000010010
1011000111101111
0010000010010010
0001000100101001
1001110001010110
1001011111001110
0111001111100110
0000100001011110
0000110100101000
0110111101001000
1110001110000100
1101000100001011
1010001000011111
1101010011010110
0101000000101011
0111011011000001
0011011100110111
1101110000011100
1010111001100100
1001000000101100
0100001011111101
1101001111110010
0010101100000011
0011001010100010
1010100101101100
1101001111001000
0111110111101101
1001110111100000
0001011100101011
0100011011001011
1101011110001010
1010010101010011
1001010110011100
0111111010101010
0000111001110100
0001010011101111
0111010111000100
1110111101000011
1010101011001011
0011001100111011
1110101100011110
1010010011010001
0001110011111110
1000010101010110
1111000011111101
0101111110101000
1000011101111111
1100110001110100
0001001000111100
0000011011001011
0100010011000011
0000000010010100
0111010100111111
1111111011000111
1111010001000000
1011001100110101
0001011110100111
1001100001101011
0100100110000100
1000110110000011
1010100000001000
0111011011101101
0111000101011110
0111000110101100
0101001111000010
1100010100111110
0100000011100001
1101110110100111
0010010100110101
1001001010110001
1010001010100011
1010110101110111
1001110001011111
1100100100010110
0110100010001110
0111011011001110
1110111100110010
1101001100100000
0100111110000001
0000100011010010
1011111000110000
0110011001100100
1100000011000100
1111001111110001
0011010001010011
0000110010110101
1010011011010111
1100000100011000
0110110010100011
0001111000111011
0110110000001000
1001110000001111
1100100011000000
0001100101000111
0011010010100001
1100111101011111
0100001000111110
1010000011100101
0110001011100100
1010010010101000
1000011001101110
0001100010011100
0111100000110100
1111111011111010
1000011000100010
1110101101100000
0111111000010101
0101011001100001
0111101111001001
0101101101011001
1100101100010000
1010101010000000
0001111101101010
0010110010011101
0001110010100111
1110001001101010
1101000011100010
0100011011010100
1000101010110100
1011011100000011
1001000010001111
0101000111011110
1011100010000011
1001011011000101
1000000111100000
0010110101010000
1100100100011100
0111001110100011
0110101110010001
0100101101111111
0011001100000110
1111001000000110
0100000110011110
0100001100000000
0010010101010001
1001101000001000
0101011110101010
1101110101000101
0100101000011011
1111110101011110
0110110101111011
0100010010110110
0010010001100001
1011000001101110
0101111100110000
1010101111001010
1101000000101111
1010111000110000
1101110110000100
0111000010101001
0110011111000011
1101001000101100
0010000000111011
1110110011100000
1101111110011100
1010001010101001
0101111010010010
1110000011100110
0111011011000100
1100001010100101
1110110011110111
1100001001000011
1111111110111011
1011110111100111
0000110111100011
1001111100000001
1001010110011011
0101001111001110
0000001101100011
0001100100001011
1110001111010011
0000101010101111
1111101110000000
0010110011101101
1011011000100011
0100110000000010
1100110010111110
1100110001000011
0100110010100001
0100111101100100
1111010011001010
0011100001101011
0100110111000110
0011000000111100
0110101001000001
0010100011011100
0010111110111010
1100101001000001
1110111100100100
1101111100111111
1110100100001001
1110100100010110
1100111001011011
0011001000101001
1000111011110111
0110000011001000
0000101001001001
1011011010010110
1111001111000010
0100000101100110
1000100010100101
1101110100110101
1000111100101001
1001100101001110
0110011010110111
1000101000011000
0110111110100011
0100011010111110
1010110110000011
1001101100111011
0111010010110110
1101110110011101
1011110001001110
1101011001101010
0010111011010110
0110011000001010
1001100001001111
1110101001010110
0010001101100001
0101101101101011
1100111011110010
0110101100011000
1001100011110111
0010110011101110
1000110000011100
0011011001101001
0100000100010110
0001011010110000
1110111011000010
1111000011110101
0011111010000111
1111000010001110
0000111111100100
1011101100110110
0010100001011001
0101110011000101
0111010100100010
0000101110111110
1111001111111100
0100111001111010
0010010100011110
1000111001001111
0100000001000100
0110010001110110
1111110001101000
1111010110010100
0010110001101010
1000011110011000
0011010111011110
0111101011000100
1001001110011100
1011000101101110
0100001010001100
0100010001010110
1110100011101101
1001100001101100
1010011001000101
1000110000100101
0000111111110010
0101111000000000
0001011100100010
1000010010111011
0111110010110101
1100100101010101
0110001000010011
0011100101100100
0111100010010100
1011100001111001
1101111000100100
1101001110011110
0011011011100011
0111001111110011
1010000001111111
1101010111110000
1011000111011010
1110011010011010
1111010101101010
0010001110001010
0010000000010000
1001100000100011
1110100100011001
0010101001111010
0100000011111110
0111000011010011
1000100100111111
1111011111100010
0000111111001000
1100000001011110
0110100011110000
1110111000001101
0100010111111100
1001011110100110
1010010011110011
1100100001001000
1110001001000000
1111111000010000
0011000010001010
0000000110111001
1001101110110000
1000010000101001
0001001111101101
1000010111101010
1001101010010000
1110111101110000
0100001010011000
1010110111011000
0000001110011010
1011110111001011
1000110111010001
0001101000000001
0111000111010000
0011110100000011
1011010000101010
0011011010011011
0111010001011100
1100111101011111
1110101111111011
0101100110011111
1000110011010111
1000000001011001
0001100100101110
1101010100111110
0100001110101101
1100000101110010
1011101001001111
0010001110011011
0001101101101011
1101100110110110
1100011010011010
0111110011010001
1100010011011011
1101001111011100
1111001001100010
1011000110110010
1001011011101110
1011110110011110
0010101011010101
1110010100110000
1000110110111110
0011110110000110
0111100100111111
1111110101011100
0011001001110010
1101111001111110
0101111000010010
1101010001000000
1001000111000001
1010101011010101
1010000100011100
1011011100011101
1010010101111111
0001110000111100
1110011100010010
1110101111101001
0110111111000100
1111011010100111
1111011101111010
1101000011101011
1000111100000001
0100100110111110
0011100001011010
0011110001010100
0110100110101111
1000011101110011
1001101100101010
0111100101001110
1000001110111010
1001100010100000
0100101010110011
1000111110001101
1101010010100000
0101000000100010
0110011100011110
1100010000110101
1011101011101111
1111101100001101
1111101010001001
0111100001001010
0010001010100101
1001111010010111
0001011010100110
1001010101001100
0101100110110011
1101011011011101
0110000001111111
1011000100011100
0111011111110010
0010110101110110
1000011000010010
0010000001001100
0010101111111011
0000101100010100
0100010011110100
0011001100100110
1110100011010001
1011101010101010
0011110011011111
0101111001110100
1110000110101100
0001111001101011
0011100111001011
0110001011101000
0010010000011100
0010110111001011
