0101101110101110
1000001110101110
0111110110100011
0111110010110110
1000010101111110
0010011001000111
0011010101110100
0001101111100000
0000011001010001
1011000011010110
1010101100101000
1110001111000000
1100011111001011
0100101011110000
1001101100111111
0000001011000100
1101000000110101
0011011110011101
1010001000101000
0111001111010000
1011110100111110
0011100010011000
0110000100110101
0100101000010111
1010101010010011
0000000110010100
1101010101100000
0101111110000000
0101000001110111
0011001100101000
1100101100110001
1001101001011110
1000100100101010
1010111010001110
0110100100101111
1001100100110000
1110101001110110
1011001100010110
0010111011111111
0011011010101101
1011111011100101
1001000010001110
0101111001111100
1101101110010101
1100001100001001
1110100010111000
1110001000010000
0001100011101111
1001001111000001
1011000011110010
0101001000011001
1101110000110000
1100000000100111
1011111001001100
1101001011111101
0100001010011000
1101101010000010
1110110110000011
1010100101001101
1111100010100010
1000111101001100
0001010101111000
1010110110111100
1000011000011001
1001000001001001
1100000011100100
1001100101000110
1000100110010111
1001100010110010
1111110110000111
0000010111000111
1101101100001011
1100010110101101
0011111010011000
1110100111101001
0000101100001100
1001111011101011
0001101010100101
1000001110011110
0110100010010100
1111111011010100
0010011101110110
1000011010101001
1100011110011001
1100100011011001
1110011101010101
1110011000011001
1001100001010000
1000110110010100
1101000011101100
0111101001100111
0010010010010101
0101110000011000
1111011101100111
0101111011110110
0001001101010011
1110111110110110
0001110111000100
0100011110011101
0111010110000111
1110111001100101
0100001001111100
1111011100000110
1101000100000111
0110101001110000
0100111010111111
0010011100010101
0000010110011101
0000011000000011
0100100111111010
1010001011000011
0111000001011011
1110111101111011
1101110100001001
0111001001011010
1110111100111011
1111011010111010
1110111000010001
0110011001110000
1010110010110111
1101001001000011
1011111111100110
1010111001111011
1010001101001111
0100101100011010
0000101101000010
0100111100010111
1100011011001000
1000010011000001
0101001100100111
1111101110001011
0000101001011100
0011010000101111
1011001001100101
1000101110101000
0000001000001000
1101011110000001
0111001010000000
1101111000100011
1110001000011010
0100001001000011
0110111100101101
0100011011011100
0000000111001111
1101110100010011
0000001110001100
1011010010011111
0101001111100110
0101010011100100
0101011100010101
0110100101111110
1100010100100010
0101000001110100
1011110010000110
0101000101001000
1111101110100001
1001100010011001
0011010101010110
0001000111001010
0101100110110111
0010011011000000
1111011000010000
0011101101000001
1000110101011111
1111111001000010
0011100110111101
1011111011011010
0011111100111100
0001001110111100
0101010100001100
0110110000010010
0000111010001000
1001101011110011
0100001000000101
1011111000011110
0110010001000000
0100111110100000
1001011010111100
0110110100101011
0011011101011001
1000011101010100
1000000110011011
1011111110001010
1100001111011101
1011100100101111
0110000111100010
1010110010000111
0001111001101111
1001001000110001
0001111110110001
0001011100110010
1011011111000011
1111101010111110
0010110100111000
0100110101111011
1101110011111100
1000111100100100
0111010101100101
0001001001010000
0101101101101110
1110010010110000
1001100100001011
0100100010100010
1101000000100100
1111010010010111
0111010011011100
1100011100110110
0001010100111111
1100000001101001
0111110100001000
1000111011111110
0001011100011110
0001010101101001
1000110011001011
0111001000001111
1110010110010110
0010111000110101
1110010001101101
0010000100100100
1100001100110100
1100000000111011
0101010110100010
1011110110000000
0011101100010111
0000100000000001
0111011010011001
1010111101100110
1100111001011101
0010110111111101
1100100010100011
1001101110100100
0111101001101001
0111101101100111
0100100101010000
0110000010101101
0101100111110000
0001010011100100
1011110000000011
1001001010010001
1111011110111001
0110100011010011
0101100000000100
0101111100111000
1110111010101000
0010100001010101
0000001001011110
0011111100000011
1001001111110100
0011000000110111
0000001110001110
0101001111110111
1000000101101101
0000000111010101
1100000001111011
1101011010110010
0101001000001011
1111110001001011
1100011100110011
0100010001100100
0000011001001000
0101010111111010
1001001110110111
0101101010001010
0101000111010110
1010100100100111
0010111111011100
1100101011110101
0101111000100011
0101110100010110
1110100100101100
1000000011101011
0100100010100110
1001101110011111
0001101110011001
0000111000000000
1101100100001010
1100101000110110
0000111101100110
0111000101001110
1000000110111111
1110100010011010
0111111000001011
1000101100111110
0001010010110100
1111000100101001
1101011010110011
1101011101110001
1001101110000111
1010001110001011
0010100011100101
0011010111011000
0110011100001111
1001001100011100
1110101011010100
1110111001101101
0110011100110011
1110011010110100
0101000101010101
0111110011101000
0101000111001011
0001010101001000
1001101011011000
1001000101001000
0001100011011011
1000110110100101
0101010111011111
1111111001001001
1001100011010110
1011011010000111
0011101100000001
1100100011110010
0001010111110001
0010110101110011
1001100111111100
1011110010011110
0110011110101100
1010110100111000
1110111101111010
0000001000101001
0101111000111110
1001011010000101
0110010111100110
1110111100110011
0000100101010010
0010111101000001
1011101011101001
0000000101000110
1011011011110100
0010010001000011
0110110110101001
1110010001100011
0001000100000001
1000011101111100
1000101101100010
0000001000110010
0000011001011010
1101101111011000
1100110110111100
0010010100011110
0000011000011101
0110011010010110
0000100000101101
1111011100101110
0111110110101000
0111010101001001
1100011110100100
0111111000110000
1101001101011010
1111111101001010
1101101010000011
0101110011000101
1111110101111111
0011001111111001
1111001010011000
1011010011011000
0001100100000001
1000000001100001
1010111111110001
0110000111110001
0010011011010111
1111110101110110
0101111101001001
1001111100101001
1010110001000011
0011111001111110
1010101001010101
1110110010101010
1101110010100101
0101011101011101
0000000101000100
0110011000001110
1011101001100101
1110100010010111
0100000011100010
1010001110100010
0100010110100011
1110101110001110
0010111111011100
1101001110001000
1000110101000111
1011001100011011
0011001010001011
1010010001101001
0010010000111101
1110010000011001
0111001011101111
0001111010000100
0110011001011100
1001110000110111
1011111001001100
1000110011000100
1100100011111001
1101101000100011
0011001101001000
0101001011011111
0000110101011101
1110011110011111
0111000111100101
0111001010110010
1111001011110100
0101101010000011
1010101111011001
0011000111001100
1101001000110101
1000111111011101
0011001111110001
1000000101011010
0100101100000100
0011111100010010
0101111011110000
0001100101111010
0100011010100101
1011001110001001
0110111000001000
1001100001000111
1001011001101111
0111010111011101
1100000101110010
0101111011011001
0110101011011001
0010110100000111
0110111100001100
1001110001000100
1110111000100110
1001110010111101
0111101100000010
0000110110010010
1000100111110000
1100000110010100
1111011110010010
0110100011111110
1001010010101100
1111111010100001
0101110110111000
1100110001010101
1101001010111110
0010111011000000
1100110111111110
1000010000101110
1011010110010110
1000000110111011
1100001000100011
0001011101111010
0011000000001000
0010010100011100
0011110101101001
0110001000100011
1101000111110101
0101000101101001
1011010110111011
1010011010110000
1001110011100010
1011001111011101
0000001011111111
0110000011000100
0110111010001000
0110111011011010
1101001111011010
1110101001100011
1010101100100110
0001000110110011
0101110100011011
0100100100100010
1110001100001001
1101001001110000
0110010101001100
0010111100001101
0000110001000011
0001001011001110
0100100101001100
1111011100001111
1100001100001111
1100101110010100
1100100011001110
1111100101110001
1111010010001011
1110000111001111
0111111011001110
1110101101100100
0110110001100001
1011010110100001
0010110110001101
1100110010001001
1010101101100111
1010011010000010
0001110011011101
0100101101101110
0010110110001101
1010010111111000
0101111011001011
0100101110100110
1001011011111011
0111001010101011
0001101101010101
1100011100011110
0010010111110011
0110000011001011
0110110111000100
1001001100000001
1010110011011011
1110011011011001
0100011000000111
0101110001110100
1101111011101000
0011011100101011
1000010110110111
1111111011011000
0011001111111000
0100100100000101
0111110011111100
0101010011111110
