1011000010100101
1111001001011011
0001011111111000
0011010001110000
1000010001101100
1011000110011111
0111110011101000
0000010001010111
1111111000011010
0101100110101011
0101110100100000
0101101000011111
1100101100100001
1010101110111101
0000101011100100
0010000101100111
1100111001101000
0000010001001111
0000011110111111
1111011110111101
0100000011111000
1100011111010110
0101000001011010
1111100110111100
0111101010010110
1101000110010001
1011100110011101
0011101001000010
0010011101010100
1011001010001001
1010000111100110
0000001111000111
0000101001001000
1000001000001010
0010010110011110
0000110101011001
0001010000000110
0110010000000101
1100101111001111
0111100100100011
1101011001111000
0110001110110010
1110000000100010
1100000110111001
1100011010110100
1010111001010100
0001101011101100
0001001101100111
1001010000001110
0111101011010000
0011011101001110
1100101110001000
1110000111111001
1011011101101011
0011010000110000
1111000000101110
0101011100000000
0011010001000010
1110110011001010
1011100010010010
1011000111101010
0011000101001000
1111111010001010
1101110001010101
1100000011111100
1101011100100011
1111000000100100
1100011000100110
0010110111010011
0001100010000011
1100011101110000
1001101011001000
0011001001100000
1100110111100011
0110111011111001
0100010111111101
0001010010110110
1000110001110100
1111101011101001
0100110101101001
0100110111000000
1010100000001100
0000100110101101
1111100001110110
1110100000000010
0100101010101010
0110011001010001
0110011000000101
0100000000000010
1000110110001100
1000001010110011
1111010001110111
0111011001111110
1111000100111111
0010100111100001
0100100110010100
0110111101111111
0000100111011011
0101110100001010
1110000110000010
1011010110101010
0110001010110001
0111100001110001
1110100001001101
0100111010110101
1001000111011101
1001110101111010
1111011001101011
1001000000010010
0000111111110000
0011101111000001
1011001000110100
0110110001011001
0110111100101000
1011001000011011
1110111110001001
1101010001000011
0000011100011101
0000111101010100
0111000100110110
0111101001010100
1001010001111100
1101010010111011
0010010100001100
0110001000010010
0100011010111111
1101010101101001
0001011011011101
0010101001101010
0000011010110111
1011011000010111
0001010100010001
1100010001011000
0100001101110011
1111100001101101
0001001000011110
1101100011000100
0110110011010001
0111010010101000
0101000010001110
1010000101011101
0000110100101001
1101001001111110
1010010111001100
1000010100010000
0001100111110100
0011010000010111
0100100101010111
0010010011100001
1011011011110100
1101010100101101
0111111100100011
1010101101111100
1011101000110101
1010001101011001
0111010111010001
1010110110111010
0000001010100101
0101111110000111
0011110011101101
0100111010100000
1101001110010011
1010101110110010
0111111001100011
0001011111000110
0101101101011001
1100100001111111
0011111111101010
1000100111110011
1100000010110010
0000011010101110
0001101011111110
1011010110001100
1111101110000110
0011011001011001
0000000101010011
0001011011110001
1001111110010111
0100100100110101
0011001011000110
1111101111011000
1011011011101010
0001011111101001
0100110110001000
1000011101100011
1010010000010111
1101110101010000
1011110000101001
1101110001111101
1110011001111001
1010101110101001
1001110000110010
0011000001100100
1000001100010101
0001110011110010
0100011010000001
1011110000000000
0100100100110111
1100010010011110
1111110001110111
1011101100111111
1100001110101101
1100001110110011
1101101000011111
1001110111101000
1011101111011001
1101011110101111
0010100101000001
1011001010011101
0011110000111110
1100111001011001
0011111101010101
0111011110101110
1101010000001010
1001000000100011
0111111101111100
0100111000000110
0001101010011011
1110000111100010
0010001000101110
1110101111110000
1010011001101110
0101011100111010
1001100111000011
1101001100100001
1000011110000101
1010110110010101
0101011001001001
1111000111000111
1000100101000001
0011111001101010
1111111001001101
0101010011000111
0001101110111010
0001111100000101
1100110011011110
1100101001000101
0010100101100000
1111110001111111
0100100101000011
1100001101000110
0001101011111001
0100011111010111
1101010000111110
0001100101101101
1000010001001111
1101100100001001
0111101111101011
1100111100001100
1111100110100011
1100000110110011
0001110010100011
0011100100101001
0011100110110110
0000100100101011
0001110101111101
0101111010101011
0111111100101110
0110011000000011
0111100100110001
1010111001011111
1101010001000011
1111000100101000
1101011111011110
0001101100011001
1101100011110101
0101111000010101
1111010001011011
0111100000111100
1011110001010100
0011101101100011
0001000100000011
0100000101001101
1001111011000000
0110011001011010
0101111001011011
1000001010010100
0100010011111010
0010010011101000
1010110111110100
0101010011100000
0010101100001111
1011111110101101
0100010000111000
0110011110100111
0101011111100010
1010101011000010
0111110111101010
1011011000100100
0101000110011100
1001011111000111
1100110100000010
0001010100010001
0111110001110001
1111001001010001
1101110110111110
1001000101110000
1000000101111010
0101110010111001
0100101001010101
0110110111011001
0011011010101111
1111110001110010
1110001011011101
0001011101000010
1000011011110000
1110001100111001
0001110100000110
0100100000111011
1111110010010110
0110010000001001
0111010110110001
0011011100010100
1110000000000000
0000100101110101
0001111101000100
0000110011111000
1011101101111000
1010010011000011
0000011011000000
1101001001111101
1100011100101111
0001101111110000
0001111101000010
1001111101100000
0110001011011011
0011011001111111
1100101011100100
1101110001111010
1011000000001010
1110110010101110
0001010111001111
0001010101100110
0100111010011101
0110011001111100
0101010001000110
0000010110111011
1100101100010001
1101000110000111
1110010001101011
1111011101101000
1011101000100101
1100110101101110
1010100110001100
0101111000110010
1010111000100110
0011001110010110
1101011001101000
0100110110101100
1001100111001011
1001011010111000
0111011001100001
1000010110010100
0000111001010110
0000101111000001
1111100101110111
0001010000000111
0100101110100001
0111110111000110
0010101011110101
1111000001000101
1000011011110011
1010011110111110
0000001100000010
0100111010010001
1000110011111010
1100011000011101
0110100110000100
0100111110100000
1111111100100011
0111001011101011
1010110111000111
0101100000010001
0001001011111010
0011111011100011
0111001101101010
0011010111100011
0011001101101000
0101101010001110
0010101110110110
0111111101110000
0101010110010110
0111000000101111
0111101101001111
1100011100110001
0010111111101111
1101001000011110
0100101000001010
1000111110001011
0111100101010110
0000110001100001
0111100001000000
1010110011000011
1101011100101100
0001100100110111
0100111100111001
1110101000010010
1100010010111111
0001110101110101
0010010011111111
1110010110001101
0010000010101000
1101101010000001
1011010101110000
0011111100110100
1000001011100111
0001011100101101
0010011101111010
1011001111100000
0000011001000001
1101100100000100
1110010101110010
1101110110100100
0111011000110100
0010110001100011
0001101001111001
1111010011101100
0010011000100001
1110110000110001
1110110110100101
1100010111011110
1101111011011100
0011111100010110
0101101001110000
1100111101000010
1110101100000111
0110010111000001
1110001001001110
1000101000111001
1011010100111100
1100111111000100
1110010110010011
1000011000011001
1111101110000100
1001011000100111
0011010010011010
0111001010000111
0111100101101010
0011000111001100
0110100010111011
1001000001111101
1100111111111001
0100010101100101
1101100001111011
1110001000011110
1100101110001000
1111110111110010
1101011010011101
0111100110010100
0110000000010100
0000101011011110
0101001111111101
1001010100001000
0011111100100011
1111010000011100
1111110100000110
1011011010010010
1111010101101101
0111000110001110
1010110101010010
1001001100100010
0111001010110110
0111100110001111
1110110100100010
0101010111100111
0000010111111011
1101011010101001
1000010110010010
0101000110110100
0011001011001010
0010001000100111
0011100111110111
1001111010001001
0100111101110101
1010100110110010
0111101011101001
0001011000101110
0100101010100001
1000001101000101
1110100011011110
1101011101001100
0011111010010010
0011000011111010
0011010110001001
1110010100101010
1101000111000111
0100101101011010
0101000110101001
1000010010001011
1100101011011010
1010110111011001
1100111101111110
1000001100111110
1010110011011011
1111111101011111
0110000110101011
1010111100100100
0111011100110100
1100100001111111
0100110110010000
1011111111001111
1001010100101111
0100110010101010
1011100001101000
0011010000100111
0010100011100111
0110101010111100
1101100110100101
0111001000010101
1001111110111100
1010010001100100
