0000101101000110
1011010000110010
1001010111111111
0000000110111100
0100101101101000
1101111111110101
0011110000011011
1010110100000001
1100101010010100
1011010001110111
0000111001110000
1011111101010000
1011010111011000
0100001001010101
0001000010100110
0010001010101001
1011010001000101
1100000001011111
1110110001000110
0001110001101100
0000001000110111
0101001010011111
0001001011111100
0000001000110110
1000001011001000
1101011001110001
0111110011101111
1110000000000011
0010011011111111
0100011010110101
1100011101110111
1001111011011110
0111011011101011
0110000001101000
0010001010111100
1110001101011110
1011000001000100
1111010011110010
1111011001000010
1100100011101100
1110010010111101
0011100101000010
1101110111011110
1011001000010001
0101001110110010
1110110110010000
1110011000011001
0100000000010111
0111011100000000
0111000010110000
1010001110110010
0011111000011100
1101011101000110
0101110010111001
0001111001111000
0000001001100000
0010110100000111
1011110011101101
1111000100110100
0010110000011111
0111111101101000
1000111011000111
1001100001111110
0011110010000001
1110111001110010
1010101000010001
1110000101000010
1111010000100110
1001101101010001
1010001111010100
1110101010101001
1001011101000111
1111100100101011
1100100100001100
0110100010111011
1000010000110010
0110001101000000
0111011111100101
0110110011101101
1000111100110001
1001101000001100
1110101111111111
1000011101000100
1100011011110100
1001101001000010
1011010110000100
0100011100010101
1000101011001111
0111000000011010
0111001010010100
1010011011110000
0110101001011011
1001111001000011
1110110000010011
0011000001001010
0010010010100100
1000110000001100
1010001110011011
0011100011011101
1110111000101011
1100001101101001
0110111101101011
1000001010101000
1100010111111101
1101001110000100
1111101010111110
1101111011011011
1101110010011111
1101010111000001
1001010111101110
1111100110010100
1100001001011100
0101110011011000
0110010111111111
1110110101101110
0010111100011100
1111100001000011
1011100100100011
1010100000000011
1111110101101011
0000101010000101
0000010000011110
1101001100110011
0101000101000001
0010110100010001
0100110101011010
1010001110111101
0011000101010111
0001111010111100
0010001011111001
0100000001001111
0101100010000101
1010110111001011
1000101110010111
1010010100101001
1010000110000001
1100001101111101
0100001000010100
1001001000101100
0000010000000111
0101000100111100
1101110010101000
1010011110010011
0100101011111001
0110110110001000
0010010001100011
1010010100101101
0010011001110000
0001101100011001
1010101100000101
0000001000111001
0100101001100000
0001111110010000
1011001010111010
1001011111111001
1000111010010010
1011111100100111
1011001100111100
0011001011101000
0000100100001111
1010110110001011
1100110001010010
1001010100110111
1100011011110010
0110110101110001
0110011100011100
0111100010010110
1001011111100110
1100100111001100
1100010000001111
1101110111011111
1010010101000101
0011010100111000
1001101111000001
1001001101001100
1110100101111110
1010101100000110
1111001101100111
1100110010000001
1010000010101101
0010101100010011
1101000000011011
1011111100100001
0110001111011000
1111001010101101
1101110010110011
1100100111001101
1110100100101101
0010011000111011
0110001101011000
1011011101001111
1101101110101101
0001111001011000
0100010100100110
0111101101111011
1001111110011110
1010001010111101
0011011100001000
1001010100110001
1000011111010010
0110110100111100
0000100000010001
0101011011100000
0000001100000001
1010010100011011
1111111101110001
0011000111010000
1110110011011110
1000110110001111
0100011110110111
0100110010110110
0101000001110000
1111110101011100
1010100100111101
1010100111110110
0101111110001000
1011011111101110
0001110011111010
0001001101011110
0110111101001100
0011001101111111
1010000000101100
0011011010000110
1000110110110101
1000011100000000
0000011010010111
0011101010110111
0011011111111000
0010101001111111
0100011011111010
0000100011010110
0101000010100010
0000110010011001
1111100110100100
0011000011001111
0000001101010000
1111010110101011
0001011001101001
0110111111110001
1011110010111010
1011101000011000
0110010101010011
0000010101100000
1001010100110101
1111101001100111
1111010011111110
0111111100001100
1011110100011110
0001001101010111
0100010000001111
0101000100111100
0100110010101000
0100010110010110
1010001011000101
0011101010000111
1010110101110001
1101001100010110
1011000001000011
1111101000000111
1001100010001010
1001011011111000
1000100101011110
0111100110001010
0010000010010101
0011100100001000
0110100101100110
1001111010100110
0101110010100000
1111011010001000
1111001101100011
0000101000010100
1100000100100000
0100001110011101
0101001001011001
1110100000010101
0010000110001110
1011111101100101
1101101010100011
1110000111010100
0110111010011100
0100101011111110
0100010011011111
1110110110101101
1110001101011001
1101010000001000
0011111011001110
1001010000101001
1011110000010101
1111110111000001
1111111111000000
1100110011110000
0010101101101010
1001110010001111
1101011010100111
1110101100011100
0101001000010000
0111101010100001
0101000000100010
1001100000010000
0101111000011001
1100000100110010
0100010100110001
1001000000001110
1111011011111101
0101011001100110
1001100101101000
1010001101110010
0011010011101011
0000101100011100
1001100011000011
1001111000001010
1100000110000010
0011011010010000
1111000010001101
0110111101011100
0010001000111111
0001110111001101
1110100100101110
1000101011101100
1000100111000000
0111000001111001
1010000110111100
0101001011000100
0000101000101011
0111101100111110
0111101111001010
1000110001101011
0010111001101110
1110111110000101
0110001010111101
0000100111110010
0010010001001010
1100100011110100
0110100010110111
0100101001010111
0111111000101110
1000101100000110
0011001010000011
0110111001110010
0101011101101111
0111110101001000
1010111110110011
0011101111100001
1000111100100101
1011010111111110
0011101011110011
1011010111110011
1111100000000000
1111111001111001
0110010000101001
0101111001001110
1100010001011110
0101011001101010
0110101111010101
0000110010011110
0001000001111011
1000000000010110
0111010110011111
0101110011100110
1011100111000101
0111011111100010
1100110011101110
0111010000100011
0001010010001001
0110001001000011
1000010000100100
0111011011010001
1100100110001001
0011100101010110
0100101000001001
1000001110001100
0111011011011100
1000010111000010
0010100100111100
1000010101101110
0100010010101011
1010000011011111
1000001000101011
1011100001010010
1100111111011001
0010010111110101
1000111110000000
1000001100000111
0110011010110000
0001110001000111
1111101011011100
0000101000111111
1101111001100011
1000000010011111
0101110100100101
0110101011000111
0101011010111111
1100110111011100
0010000111011111
0110011010001001
0010010111010011
1111011001000111
0100000000110011
1000001011000000
0011000111100001
1011100110001001
0111111101011101
0111111001001001
1101101000100001
0100101110110001
1101100100100111
1111000000100010
0000100100111000
1001110100111011
1110010001101111
0000000110110101
1101010110011111
1011101110000101
1111100100001010
1000111101010001
1111111000001110
0000010000100000
0010101001110001
0001111001000110
1100001101000110
0101001001110111
1001111110100000
0010011011001101
1001100101110110
0110101011100110
0000001010011100
1101111110110010
0011001100011111
0110101000100111
1110011011111001
0100001110110101
1000010000010011
1000011101000100
0111011010011011
0100000111010100
0011100101011100
0111100011000011
0101010110100001
1100010011111010
0011010000100110
1111110100010000
0110011000011001
0100100001011000
0110000011101100
1110111110100000
1010101010010000
1010010001011110
1111000001100010
1001000101101111
1011000011011011
0011001101101111
0011110111000110
1101110101111100
1000010100111101
1001011100110000
0011110100011100
1110110100110001
1010101101100001
0100111001001101
0101101001101010
1110100001000111
0011011110101110
1111001111000011
0100101000010100
0110000010000011
1011101111011101
1111111011101011
1111011101010010
0010011001100000
0000111000001000
0000000111100000
1100110111001001
1001010111000001
0000100111101010
0110110101000111
1001011011110111
1111101010110000
1111000100010110
1110101101001001
0010000110110110
1010111100101100
0011111111000001
1010111011110100
0111000001001001
0000011100111111
1000111000000000
1001001000110111
0101101001111010
1101000101010010
1000111011010001
0100111001101100
1011110000101010
1101000010001110
1011110111100011
1010011000000000
1101011000000001
0110110001001101
1101000111011000
1110000111110001
1001010000110001
0111010001100101
0001100101011111
1101101101001010
1101100001110100
1010011010101101
1110000001110110
0100000100100000
1011111111011100
0111100100011011
0111101000001100
0011010011100010
