0011000111100001
0111111000010100
0101010101001011
0100011000001101
0111001001011110
0000011101100010
0100100000011110
1110010000111100
0010101111100101
0001111000101000
1100010111011011
1000111110000000
1100011001101100
1011010011110111
0000100010011010
1101100100000110
1000111010001011
0111100111000111
0101010000110000
1001011010101101
0010011101010001
1101111000001010
1111010101100011
1111101110000011
1000110110110011
0110011101110101
1101100100011110
0010001001000100
0101101100011000
1100000101001110
1111100011100111
0011110001011010
0101100010101001
0010110001010001
1100101010111010
0111010111000101
1000110011001111
1101101100000011
1100100110101001
0011001101000010
1011001101111100
1011001111110100
1101000111010001
1101011010011001
1100111101111001
0000000010010000
0100000101000001
1110111011110011
0001011110100000
0001110011101000
1110001111110000
0000010011010111
1001011101010100
0010010100110010
1010110011011010
0010001100000111
0111100001110100
1001000001001000
1110001010001100
0001110101100000
1000011000110011
1101000111111001
1011111111111000
1011101110001110
1001111100100010
1011110100010001
1101000010110101
0001011011100101
0111110001100100
0001000000111111
0101100101110101
0111101011100001
1011001011011110
1100101010110111
0110001110011011
1000101110101110
0011111010110111
0001011100011000
0110101000010010
1110101011100011
1001111111101110
1010101101001111
1100111100111110
0001001100010111
0110100011110111
0110100111110100
1010101001010100
0011011000100101
1001011100111011
1110010101111001
1111011011011000
0110100100010001
0010001000101100
0011011010100011
0001101111111110
1011101010100001
1101000001001111
0000001010101111
1110010011011101
0010100011111100
1100011000000001
1010001011101110
1110111000111110
1110111001011100
1100111001001010
0110011101010100
0011110011000100
1011010111110000
1011100111001001
1100000110000000
1010110011101111
0001001110111101
0000111111100110
0011001111010010
1101000000010011
0001110000000011
1010101111111011
1101100001010000
1010001101011101
0100001110000110
1110000010110100
1010101010110001
0000010100100100
1110010011111101
0100000110001000
1001001010100101
0000110100111010
0000110101011000
1110011001001100
1001001110000010
1100001100011011
0011101010101011
1110011000101101
0111000111000000
0111101011101110
0000111101011110
0010101110111110
0000001110100000
1100110000001011
1110010000111111
0110011110010110
1001001111001101
1001100011000110
0000001001010000
1101000011101101
0110000011011100
1100011110000111
0011010110010110
1001100101100111
0111010010011101
1100100101001010
1110000101110011
1110001100011110
1101000110110101
1111110000101111
1101011110101100
1111100001101011
0111100000111001
1111101010011011
1100010110111110
0111100000010011
1011011110011001
1100110001110101
0011010100111110
0101011011001000
1100100110011111
0110000110011110
0110111100101000
0011100100000001
0111000100011101
0100111110110101
1011000011100000
1110101111110111
1111110110110110
1010110101010110
0011001111011000
1010111100111101
1101000001101001
1100011110010110
1110011011010000
1000101010100011
0001111011100011
1000100111000101
1000100110010111
0111101110100110
0011110100000100
1011111010100000
1110001111010111
1000111100000111
1010110000010100
1000111101000011
1000010010111100
1001000100110110
1001011010010010
1000011101011100
1001010001100010
1001000110101011
1100101110101111
0100111100001010
0011011010101011
0100001000101110
1111000001001001
1011001000111101
0110001111101110
0101000010100001
0111011001010101
1010011101001110
1110010110001100
0100011111010111
1100000001100011
1100101011011100
0011100100001010
0111111111100000
1101100000000111
0101111010011011
1110101110011001
0100001100001010
0011100100110111
1010010100101011
0010110110001111
1010110110010000
0000100000001000
1100000111010011
1101100000110100
1001101110010010
1110101000110111
1000011001101001
1010001000010011
0011010000100101
1100101100001000
1001001101101111
0010100111110000
1101010101110000
0100100101010001
1101100111100111
1001011100100100
1110011101101010
0110000000111100
0110001111101011
0010110011111011
1011101110000010
0010110010111010
0001011101111000
1111011011100010
0100010000010011
1001011101111111
0011010100111000
1111001100010000
1111110001001101
0100010000110111
1011111111100000
0100110010111101
1000010110101101
0001100011000100
0100100000101111
1010110000001010
0000101100010110
0101011110100000
0110110110100110
0111001101001001
1010111000100110
0001011110001011
1100001011101110
1110001111100110
1110100100101001
0000111000001100
1000111010110011
0010111011001101
0100110111001001
1001000111001110
0001111000010011
1100000010101111
0001110100010111
1011100111100000
0101001001100001
0010010110010010
0000010101001011
0011011110010010
1111001101110100
1100001011100011
1110101111111001
0100110001011100
0101010111001000
0101100001000111
0111110001000010
1001101111111111
0111001001010010
0110010001111110
0011011110000010
0001001100011001
0100101110010101
1000010011011110
0000000011011010
1001111010101110
0001110011011010
1001111111000000
0011101001010111
0011010110111010
1101010001110111
1100001010110110
1101000111010111
1010001110011101
1011110111100101
0110010100011111
1101110010100111
1110101101000000
1000111101110110
0001100011110000
1101100100000101
1001001000100110
0101001011011110
0101100110010000
1111011101011100
0110011110000110
0111011010010001
0100000011010011
1000100100001010
0100110001000010
0101001100101111
1011110000101011
0111111000000100
0101111110110011
0110101111010111
1110001000000010
0010011000011100
1011110110110011
0000101110010010
1001010101110111
0010111000101011
0000110101111110
1011111011011011
1001011100110110
0000110111111101
0101101001000101
0100111111001011
0111000100011110
0001111100100010
1111111101101010
0011101001101000
0110001100111111
0101001101101101
1101000111011001
1011000011111111
0110000001111010
1110100010000001
0000111100101001
1000110010001101
0101011011001100
1111010101111101
1011010000010100
0001000010011011
1111011001000110
0110000101011100
0010000011010111
0101101110110010
1001100101000010
1111101101011100
0100100001110101
0010101100011110
0111100010000011
0011001110100110
1101000011100010
0100010101111101
0000110110010011
1010010011111110
0110111010010001
0001101001100101
0000111011000111
0000001111010101
0110101110001100
0100100010110000
0010001000111010
1101110110011011
1001000110100111
1011001011100000
0001000011101100
1100111011101010
1111100100110111
1100111111110010
0110010100011110
0101010001111001
0011010100010111
0000011100100000
0111000110011101
0000010101100100
0001100010110011
0111111100001110
1011001011101010
1010000111000011
0001111001000101
1000111000111000
1111101000011100
1101001111100010
1001111000011110
0111110001000111
1010011000101011
1101110110111110
1001110111000100
1101011110011111
1101100010110001
0101000110001010
0001100001101100
1001000011000010
0010110001011110
0010000000101010
1001100110000111
1110100111110000
0010010000111100
1010101000110110
0001010010001011
0010111010011110
1100111101110101
1010110100010100
0110010111101101
0001101101000111
0110110000110111
1100101000101001
0000001011111101
1000111010111111
1101111101010111
1011000011100111
0010000000010100
1101110010001000
0001011011001110
1011010100010110
0011110000011111
0100101001010011
0001111111110001
0100000101100011
1111100000111000
0010000000001000
0001011111110000
0111100000100100
0101011111000111
1110110111101000
1000001001101000
0000011101001100
1011111011010010
1101000011100110
0110011010111101
0110101011001101
0110011000010101
0100010001110011
1001100101000100
0110111011011101
0100101010101011
1011000110110100
0000001100101010
0110010000111011
1111100101101111
0001101100100001
0100000111110001
0110101011100100
0101000110000111
1011111110111000
1101110110011110
0101001110110100
0000010111111000
0000011101100110
1001100111111101
1111010110011011
1111011010111011
0010011101011010
1001100011010001
0000100001110100
1101110100101111
0100001000000011
1101011111110111
1110000100001110
1110011111010110
1010011111010111
1101010000100100
1111111001001100
0100010110011100
1111111000100100
0111000011011000
1101001100111101
0111100111111001
1000111111110101
0000000000100001
1001000110001100
0110111011000001
1011010010011000
0000101010110100
0011001101100001
1100011010010011
0100001000100011
1100110111101100
0101101000010011
0110110110111110
1000010010100110
1000100111011001
0100100101110000
1000111010001000
1011100110001000
1010011100010000
1100110011001011
0011101101011011
0100011111001001
1101100100000110
1111011001001000
1010111110011101
1001011101101001
0001100010011100
0010001000100101
1010011110101011
0100000111100111
0011011000001111
1000001110101101
1010000011010010
0011111011111110
