1001000101000010
1001000010011110
1100111101110101
0010011110010110
1100011010111001
1001100011001001
0011101110101100
1011010011001011
1001010010100011
1111110100000001
1101001000100111
1011001100000100
0111000011010110
1001100000011001
0101101000101011
1011010111001100
1011011111111001
0010101101101010
1001111101010000
0101011110111010
1101110111110001
0110011000011111
0011011011111011
0010101011110000
1100111000011001
1011001110110110
0010011100111110
1000000111101111
0010010111001101
1011100100111111
1100010111011101
0001100111100111
0101111010011100
0011001111010001
0100101000010001
1100010010011100
1000111000110001
0101101101111110
0110110100011001
0110111010111110
1100100101011100
0001011111000100
1001111011101111
0010001011010001
1001011001001101
1101111011001111
1110111001111011
1110000010110011
0111110101101111
0000010001100111
1000001111110001
1011001010100100
1000100100010111
1110111101110111
1010000001001101
1111111001000110
1000001100010111
0011110001010101
0000000010100010
0011110011100100
0001010100100100
1001000100100111
1011010010101110
1111101000001111
0100000010000000
1010111100111000
1000001100011010
1101100101111010
1000100101110101
0010101011101111
0100001101010100
1010001110101001
1110111011011101
1011000011000101
1111110110001011
0010110101011101
1010100000000110
0010111110000000
1101011010001110
1100011110111010
1001001001100100
0011011011011000
1011010001000110
0001001001101110
1000111010101111
0100101010011111
1111011001111110
1011011011010101
0111101010110110
1000111110001000
0010101001110011
1110100011110011
1001101001001011
0001111000000111
0010011100011101
0111100001001111
0110100100000100
0101111010100101
1111001010000101
1100110000110110
1111101101100111
0010000111010000
1100110010110010
0100010011100010
0100101101011100
0011011000101101
0100001000001110
1101011011011000
0001011111011001
1111011000100001
0010011111100000
0111000001100100
0111111010011000
0010101111110000
1010110000010001
1100101001001101
0111111010110001
0000101001011010
0111111001101101
0011000110101010
0001000101000110
0000110101100111
0010101010101110
1111010100010000
0111111000001000
0100010000011010
0111000011100110
1100100111110110
1010110011110001
1011110011010100
0010011010010001
1101000111001010
0100011100100100
1111101011000001
1100000100010010
1001010000111101
1000110101100101
1000000101010101
0010101110000100
1100010101100010
1001000111100001
1111001101100101
1100001111101101
1111111110100011
1010000000000000
0110110001101010
0110000000101001
0000111110101110
1111001110100111
0001111011110100
0001001011101011
1011111001010111
1000010001010011
1011100010101010
1001010100100001
0111010010010001
1000011100101001
0101100011101010
0111011100100011
1010011001100010
0011011000100010
1001110011111110
0111100000011100
1100111100000000
0110110000011001
1010101011100011
0011001111011010
0000101110001101
1011010001010100
0010110000111110
0001100100010101
0000100001011111
1101111001100110
1001100100010100
0101111011101101
0010100111010011
0101001000111001
0111001010111110
0010000010101001
0100101011100100
1111111101100001
1110101101111110
1010011000000011
1111000001111001
0010011110001000
0000001111000000
1100111001010110
1100101011111011
0000110000100000
0111011010000100
0001111100110000
1000000110100001
1011110110011001
1100101000100111
1010000101001111
0110100000100010
1000100111101111
0010111000111101
1111100101111001
0001111111011001
1011000001101110
0000111101000111
1111011000011111
0111001111010010
0111000110100110
0011100101100000
1101000011110111
0101110100000101
0011001111100011
1010010101110011
0111110010100101
1000111100011110
1111101110101101
0011000011011001
0110110011101000
1000110001011110
1101011010110111
0110001010110001
1001011100000100
0100001111111000
0110001000110101
1101101110000011
0100111101100000
0111100001001010
0100011101011101
0110010110100010
1100100100100000
1011110010101111
1000100011000011
1100110001100100
0001001010000111
0101101111110001
1011010111100010
0001000101110001
1000100001110011
1000010100100010
1100011000111111
0111011101000111
1100001101111000
0100010011011110
0110101011100010
0111110000000110
0100100010000001
1111001100000110
1001000001010011
0100111010000000
0010110000010111
0101010010001101
1001011111010011
1001001001101100
0111101001010001
0011010110111101
0111100010011110
0011001001111101
1010100011011110
0010011100110100
1000000100111000
0100111000110001
0010110000001011
0100010110110010
1110000001100100
1000111011100010
0100111101011110
1000110011110001
1111010111000011
1000100110110101
1101110111111001
0010011010100000
0010010010010101
1001011000110111
1011001011000011
0111011001100100
0110111010011000
0000110011101001
1100000000100001
1010111010111010
0011110011001101
0010010100000110
0101110100100000
1101110100001001
1100010111001111
0011100011101010
0011111010101110
1010100110100110
0001101101000000
1001000000011010
1001101010101011
0000001100110010
0001110110110111
0011010001111100
0100010011000011
0000101100000011
0000100111010001
0111110111111101
0010110001000110
1100011111101000
0110000101011111
0110100110010110
0100001101011100
1111101100011111
1011001001100101
0001011000100011
1101111101010010
0111101110111011
0101100100000101
0001110101101011
0011110101000010
1010000111000111
1100010110100111
0110100000001010
0001001000100011
1010001110110011
0101110001100001
0111011110110010
1100011110100001
1111111011100011
1111011110011111
1011101100111011
1101011111101011
0100011001001001
1001011010101100
1110101011100101
0011000111101110
1101110011101011
1000100111101110
1101010011110100
1110000001110100
1000100100011110
1001001110100001
0101001111010110
0100010100000000
1101010100111011
1101111111011110
0001010110101111
0000101100001100
1010011010100101
0000000100011001
1111111110110100
1001011111001101
0000100101110100
1011100110111000
1101000011100101
1110110110111111
1100001000000101
0110001010011001
0110100110100000
0001110100101100
1111111000011011
1100110110101111
1100010010110111
0101111010010100
0101111000000110
0010000110101111
0001010000010001
0001110001010010
1010001110110100
0110010101001110
0000110011110111
1001011101011111
1101100010110011
1100100001001111
0111110011100000
0010010100011010
0001011100001111
0001110001010110
0101010100000110
0100101100001000
0100110001110010
1110010010111011
1001110100001010
1000100001000101
1011001100100111
0110111101111111
0011000011101001
0101101101010110
1010001010010110
1100100001101011
0001110001000010
0111000011000001
0100111100111110
1011000100010010
0011100101001111
1011001011000001
1000111101111111
1111000110011101
0000001011101010
0111111001101110
1001010111001001
0010011111110101
1001010100011100
1110111000111110
0101011111100111
1101001010001110
1001100111001111
0010111010100101
0111000011100000
1010010001001111
0001000010110110
1100101100101101
0000011011100010
0100000111100110
0010110111111101
0111011001011101
1001000110000111
0011110110110111
0100101011010111
0010010010100001
0110111110110001
0001001100001010
0011000001100001
0110001010001001
0001010110100110
1101010101001010
0111100101101001
1111010100011101
1101001111100011
1100101011111010
0110000111111100
1000000100100011
1110101000011010
1101101011010101
0000100111101001
1011101101010100
1001001000000101
1010101010000001
1101110011000111
1101010001100100
0010101111101100
1000011010011000
0010010000100111
0000011001100000
1100101001000001
0100101010110011
1010010011100110
1001111110100000
0101111010110011
1110111010001000
0110011110001001
0011010100111011
1010100010000010
1000101110111010
0110001011010011
1110101101111100
1001101011101011
1011010000011001
0010001100111110
0101001100010000
1010110010010011
0100110001001111
1101010111101100
1101111111101001
1100000111001000
0100011110110110
0111001101101110
1111110010000100
1101100000000010
0010111111111110
1100111001001011
1010011101001010
1101111010001101
0111011011001110
0011010100110011
1100001001111010
0010001010001110
1010110111110110
1100101001000100
0011001011100101
0001100111010100
0001100110010110
1101011010111110
1001101101000110
0000001001111101
1000000011100011
0010100011100101
1010100100011011
0100010011101101
1011010110101000
0100111000110111
1110010010111101
0111000010111010
1101011110000110
1011100111000011
1100011010100011
0000100010000110
0101011000100000
1100011111100101
1111110100111111
0010001100101010
1010000000111000
0000111101010011
1110001101000110
1010011010010011
1001011010010101
0010000011011101
0100010110100011
0111101011111101
0010001010000100
0111111111101011
1001010000101100
0001001011110111
1100000010101101
0110010001001100
1111110000011101
1101001100000100
1001111101001110
1110000011001011
0111111111010011
1110000100000010
1000011001111100
1010111110001011
0011111001110000
