1110001000110100
1100000111010010
1011101000001111
1000111011000011
1101100001001110
1010011011011000
0001101101100010
1010010111110111
0111111110101001
1101111011110010
0011110011001000
1100000000011000
0100010110110000
0010001110110001
0111101010011100
1010101000000100
0100100000010101
0001010000100001
1011101100110001
1001010110000110
1101101000011001
1100001000110010
1010101111001101
0111011000111001
1011100000011100
0100001000000100
0111000011100100
0011101000011011
1111101000011011
0111001001110000
0111010011011101
0110011111111101
1000111100101101
1111010011010110
0011000111001101
1001101101110010
0100011010110110
0110111100010101
0100010000100100
0000111011010000
1011001110001101
1000010110000001
1000110011001101
1111111001100001
0000111000011111
0000001101101101
1101101010001000
0011101010110000
1011100111010010
1011010011100100
0010001100001100
1010111011010101
0000111101011100
1000000001010100
0101110010001111
1110001000000111
0110010000110011
1110100110010010
0000010100101010
0011100110100000
0010111010101111
0010011001001000
0111100000001010
0001100001001110
0111110000011110
1001101010101010
0001100101001101
1110000011111011
1011110101101010
1101100011111101
0111001011001010
0101010110110110
1011111110000100
0101101110110011
0100100010110001
0000100100101010
1110000101001000
0100001110101110
0010001001000001
0101000001000111
1010100001000100
0000110000100010
0001110000010110
1110001001011000
0011010110010000
1010011110001011
1011110100000100
0110010110000011
1000100101111010
1100101101100001
1100010000100101
0000101110000110
1100101101000000
0010011110000100
0110110111010000
1100011010101001
1000011001001110
1110110110111101
1000111110001011
0011011011101101
1010101010000000
0101001000010101
0000011000111100
0001001011101011
1011011000010100
1111001111100010
1001000010000011
0001011110001101
0100111010110100
0110100011101111
0101010000101000
1000000000111010
1000000110110101
0101111111010100
1100000110110000
0000101001010001
0101001010110101
1011110101110000
1101001111001101
1110100111010001
1000000000000000
1111010111100000
0110110101001100
1101010010010010
0111011100100000
1100111111101110
1111111101100110
0010001001101000
0010101100101100
0100000011001111
1000010110101100
1101001110000000
1111000001010010
1000111001100111
1011100000001010
1001010001110000
1101101101110101
0111100111011101
0001100110100011
1111001010010100
0101100010101010
0110000010101011
1111100111111110
0001010010011110
0101101101011001
0011101000000001
0100111101101001
0101101111110011
1100000011111011
1010010110110001
1100010001110000
0011111011101111
0000010000101010
0011001110101111
1011011000011111
0011011000111110
1100100001111101
1101110001011110
0011110101110000
1000001101001010
0111100100000000
0110001011011101
0110101001011011
1001010010011000
0011000110001000
1111111111001000
0100101100000100
0111010001100010
0100110011010100
1010011111100100
0101110001111011
1011011000010101
1000010101001000
0100001010100011
0111011100100001
1101011111101011
1110110100000101
1110010011000011
0111110110001011
1100010011101001
1001110101101101
0010000001000000
0110101010101001
0100101010111010
0001000000000010
1010011111001110
1000111111001100
0011111111100111
1011010010010111
1101001110101001
1001100011001001
1010000111010010
0000110001011110
0111010110011011
1011111100101010
1111001100110001
0110001111010000
1011101000010111
1101111001111101
0001100000100101
0001000110001001
1010110110001101
1110010011100100
0011100110111111
1110000100000001
1101001010011010
1111110110001100
0111010010000010
0111001001111101
1101110101001001
0010111001000000
0111111010001110
0101101011100000
0111000011010101
1101001001100110
0101000010101010
1010010001110111
0000111011001100
0100011001011010
0101001111011110
1000000000110111
1011011100101101
1010010101110000
1111100100101100
1100101111101001
1011001111101100
0011010100010011
0110010110010000
1101010010000011
0000100011100101
0000110110110011
1000111100011111
1101000000001000
0000111100001100
1111001001101010
0000101010001111
0101100011100001
0001001111110101
1111111100010010
0001000000101110
1101101010111011
0100010011011101
0110110101101000
1000011110111100
1111001011001100
0101011101101000
1110111110000000
1010000001110100
1010110100110011
1100101110000010
1010111001110111
1010100111110010
0000111111001111
1001011000111011
1111101000101101
0001110011010111
1011110101110001
1000000111101101
1100001000000101
1000011101011010
1001100010111000
0011001011101010
1011000110101000
0000111011011111
0111011000111110
0111100011010010
1000001110011011
1100001110010011
0100011111110010
1111100010011101
1001000100000110
1101000001100100
0000110111001100
0110111101000000
1111100010111110
0010001000111010
0001101110011011
1000010110001110
0011110011100110
0110100001111110
0111110101110000
0010110110100000
1101110001000100
0101001001100001
0100010001101111
1100011101001111
1010010101000101
1111000001010111
1101001010101111
1110010010010011
1110011101110111
0100110111001000
1011101011111101
0111011110000010
0001010010110111
1001000100100011
1010001100111110
1001110011110001
1101001001010110
0101100011111010
1111011101010001
0001010000000100
1110111101010110
0011111000110100
0010001000010100
0010101111001000
1010011011010010
1011111101100011
1110011011100100
1101110100101101
1011000001100100
1111001110001000
0000100100110110
1011110111110001
0101010110110111
0011001001100100
1010111001000111
1011110000101100
1110100000010111
1010010000011100
1001000101011110
1011100001011111
1011110111001010
1100101110010101
0010011110010011
0001001101000100
1110010000100010
0011101110100101
0000111110100010
1010010100100001
0010110001111111
1010001100011101
1100010100110100
1110000101111001
1101110110000110
0000101011111010
1001010001011111
1100111100011001
0001100100101011
0101001111001101
0001011000010110
0101001111111100
1001111000110000
0111001001100100
0010001011101110
1010100011010110
1000111011010000
0101010110100111
1111111111000101
1101111000001111
0001010110100011
1000000100111101
0100010001100011
0010100110011100
1000111000111101
1110110001101001
1100011000111101
1001000000101010
0110110010111110
0101100101000100
0011001101111001
0010001111101001
1000001001110100
1011111010110011
1011110000111111
1110011100101101
1111100011011011
0000011100011100
1011101101000001
0000000001111111
0010110100101110
1110111001001110
0000011000011110
0100010010110000
1101110111010100
1111011010010101
0100001111101110
0000110110001100
0110111001110101
0100100011001010
0011111010111101
1001111011010110
0010100111000000
0111101010010100
1011000101101000
0101110011110111
0111011101111101
0001000111100011
1110000110000100
0011110000100001
1010101110101010
1011010100011010
0110110001011100
1010010101011010
0011101110001001
1011100110011011
0110100011101000
0010010100110111
1111100101001100
0111101101111011
1100011111101101
0111101111001111
1010101100101011
0001110010110010
1111110001010110
0100100111101110
1000010101110101
0111100111111110
1010011100011010
0010101011000001
0100101001011001
0000110000110011
1011100010011101
1010101001101101
1011010101010001
1000000011110100
0111111001100001
1111110010101111
0001010011101011
1011001001000001
0010001010101000
0110110000101111
0011000000010111
1001000111001101
1100100100000101
1110100101100100
1111001000101101
1000011111011101
1011101001111011
0101011111100111
0001001100100011
0000010001100101
1110010000011011
1001101011000000
0111000011100100
0011000100111011
1100000101010111
1000111010001100
0010001110111000
1011010000110100
1011100001110000
1110100101111010
0000110110000100
1010010010111110
0010000010111110
1001111011100011
1000000100001101
1010110110101111
0111000100101011
0000001111001010
0000000111100001
0110100000100111
0100110100001111
0010011111100000
1100100111110111
0010000001101101
0100110111011111
1010110011100111
0111010100010011
0000101010001101
1111000110101100
1101000011001001
1100010000000010
1100010000111001
1001010110001101
0001111011110111
1000000011100110
0101101010001000
0000100110011100
0110100001100101
1101001100101010
0100100011000110
0010000110010101
1011110000110010
0101110010011101
1101001000001000
1110111010111100
1101011111101111
0110101000010110
0000000011011100
1011111101111010
1001001101110011
0101011011010011
1011110000010100
1111101110100101
0100000100111001
1000101010011001
1101001001101111
0110001010001111
1010001110101110
1011000100000000
0110000000010011
1000101001110000
1001101011101100
1110000101110110
1101110011110001
1010011001101001
0011000000011111
0010010010001110
1001100000000111
0100101101111111
0101001111011010
0100100000110010
1000011101100011
0111110000101101
1101000111100000
0110001001011001
0001101001111011
0100111110111000
0010000111100011
1101111010111001
