1000001010101100
1111100110110111
1001100001111001
0110101111110110
1001010110100101
0100100101000100
0111111101111111
1000010010100010
1100011100100101
1110010110100010
0111100110001101
0010100100000011
0110001010011111
0100010001100000
1011110111000101
1010100010100100
1101000110001110
1000110001111111
1000110101111000
0011011000111111
1011100110100101
0010010100110011
1101000101111111
0111101001001001
0000011001101100
0110101011111100
1010111110110001
1001010110100101
0100101000011110
1100000010110001
0110011100110010
0001100010010010
1100001001010011
0001000010000010
0010100110111000
0101001011100001
0111111100011001
1101011110110010
1011010001000011
1011010011010000
0100110110110101
0001001110100011
1110001001100111
1100110011010110
1010000011010111
0110101100011100
0111100011001010
0001000010001000
0001111111100110
0101011101001110
1000111011100001
1100100000011100
0110000110000101
1100000011111000
0110101001011010
0101100111110110
0101000111001100
0000010000010001
1110100100100011
1000110010110000
1101000101101011
1011011000110100
1101011011010010
0011000100001011
1011111011001100
1100100001010101
1110001111110101
1001010010100010
0110011111000001
1110100111101010
0000111111010010
0011000000100101
0000101011000100
1000010110100100
1011101010001111
0000011101111011
1011000000100000
1110110111100001
0000000010011000
0000111001000111
1101110100000111
1100000101011110
0100100111101001
1010001110110010
0100110110001110
1000000101110000
0001111111010011
0001000101110011
1010110000100010
1110000001110000
0110101000111000
1010110111101101
1110100111000000
1011110010101110
1111101010010100
0001100101100010
1111011000000000
1010001101110111
1000000001100011
0000111100100001
0011111100101001
0010010101001101
1010110011001101
0000110001011110
0000100011000010
0110000101111001
0010000010110100
1100001111100101
1110010011101001
1111001001111000
0100111010101110
0100011110100100
1111110111101110
1110010101000111
0111100000011001
1010100011011000
0100100011000101
0110111111011011
1101111111000000
0100010000010011
1100110010011101
0110001010000001
0110110110000011
0001100001110010
0111010001111010
0100001101100000
1110110100010011
0100110101100101
0100010111011000
1111010000111000
1000100001000011
1010000101101110
0010010101101000
0001000000111110
1011000101111110
0011110110100010
0010101001010000
1000101001101101
0000001001100101
1001111100100111
1011010010001110
0111110011011101
0001111111111111
1111110111000010
0111010001111111
1100111110100000
0011101100011000
0011111010010110
1110100000101111
1010111000101111
1000011010110001
1010001011011001
0010101111101100
0000110100010010
1111110100001001
1100101101111100
0010111111100101
1011111101100100
1100001001001110
1011110001101101
0111101010010100
1111010101001000
1101110111000001
0011111000011001
0110110110111001
1101101101101010
1111100101100101
0111000101101011
1001011010011111
1101001101000101
0000010100101000
1101110010111100
1110000000110110
1000111011111010
1111111001000000
0010010001010010
0101010010111100
1111001100011110
0000000010111010
0100001001111100
0101110101101001
1111100010100010
1010000110100000
1000100101000110
1010101011001011
0010101011001111
1011000100011010
0011010100000010
0011011110100001
1010001001101110
0110100010111110
0000010010110011
0111110001110110
1110000011010111
0110001110011001
0011110011110101
1111100111000110
1011111000110101
1001011001110011
1100110000110000
0110111001111001
0100010000100000
0101100110001100
0110111011011111
0011111000100101
0111001101101101
0001110001011001
0111000110010001
1110000010001111
1111001100110000
0111011010111001
0000111010010011
1110010110111000
1110110011010111
0110110010100111
1110000101001100
1001100011110011
1101110111110011
0010100100111000
0001000100100010
1101011011001111
1000110111001100
0010101111100001
1110001000011000
1010100000111011
0011110001100100
0101010010001011
0111101000010101
1001111111100100
0000101001001111
1011111000111111
0011101000001111
1010001111001010
0100000101111011
0001010111000010
1110110000110111
1110100110010101
0100101000101011
0111010101010010
0011000111001010
1001001101011000
1011110011001001
0111111111110000
0100001000110011
1110101111000101
0110100010011110
1101011010001001
0011001010100000
0111111000100001
0110110001110110
1001000011101110
0111100100010000
1000101100011010
0101111100001101
1000100110011001
1001100101110000
0101101001111001
0101100100111010
1010100010100101
1001110110101101
0010000100011010
0011110000001000
0011100011101111
0001011110000100
0000010110100100
1101101110010110
0100001110000110
1001011111111001
0010110010011110
1011110101101111
0110010101010001
0101000111000110
1110000111100011
1100110010111100
0111101001100000
1001001101111010
1100000101000001
1110001011101110
0010111000010010
1001111101111111
0100010110011111
0010111011010100
1100111010100000
0110010001011000
0100000100010110
0110111100101000
0111100000010011
0110000000001011
0100100101100111
0110010011100000
0111001111001110
1001011100110101
0000011011010101
1011011011110001
1010011111001101
0101110011100110
0011101111100101
1000001100111110
0000100101011100
0010101100011010
0001101101111100
0001011011110010
0101000111100100
1011100001101101
0110010001010111
1010011001111101
0001100001001101
1011110011101101
0001000101110011
1110100010000011
0001010011110111
0001111111001101
0100101110010011
1010100001001011
0101011000111001
1000000100101011
1010011111111000
1011111011001100
1111011010101100
1010000011110010
0101001100101110
1100011111001111
1101100100100101
1101010110110110
1000111001111010
0110100110000100
1011110100101101
0000001010101011
1111100110101101
1010000101100110
1100011010010001
0001000100110100
1000001000101101
1010101100001101
1110010011110011
0100010010100000
1101000100110101
1001011011011000
1111000000100100
1001111001100100
0100010011010011
1001001011011010
0000000101110101
1001100001101011
0000100010100111
1110000000100011
1100001100001000
0010010100010100
0100111101000001
0101011001101000
1001100001101111
1110011101000010
1100101011010011
0010001001011010
0101010100101101
1010111100100100
0101001100001000
1101011111011111
0010010010101011
0001000110011001
1011111001011001
0011100101100101
1000100110100100
1011011001010011
0100010100010111
1101111000111110
1011010110101001
0010010000011101
0000000110010000
1011010111111101
0000101100000010
0011110111011010
1000011110100101
1111100111101011
1110010011101010
0111000111011100
0100000101001011
1111111001000101
0001111111010001
0111100010001000
1101010101101100
1100001011111101
1000110001011011
0011101110100111
1110000110010000
0101011001000000
0001010110111011
1001011000100100
1101111001010111
1001000001011111
1100110001011110
0010100011110111
0111010110110000
0011111001101011
1110000011001111
1100010111000110
1000001010000000
1011101010001001
1000111100110110
1110111110101011
0010100101110000
0101010000000011
0001010010000100
0110000001010110
0110111001011010
0010100010110111
1101111011000010
0111000001010011
0110110111111010
1011110110010011
0101111100010110
1111100010001000
1111000010111101
0011000010001000
1110101001011110
1000100001100010
1011000110001100
0000101000001110
1001110000010000
1001011010100001
0001100111100000
1110000111010011
1000111001000010
1011001010101100
0100011110101001
0110111000111010
0001010101001001
1010011001111000
0011111110001111
1000010001110010
1100110111010010
1001100011000111
0000110110011100
1010000111011001
0110010010011111
1010101111110000
0011110110001101
1100010010010000
0001001000000011
1110100111110011
1111001001000001
0011101111011100
0000110001000101
1000100011001010
1100101111000001
1111111000101011
1011001010100100
0110010111011010
1110001111111011
0000111011110010
0000101001110100
0010101010001100
0000100010001110
0110011000001110
0001110101000110
1100111000101000
0101100010111000
0011100010111101
1110001110110010
0001100010101101
0100011110011011
1110100110010000
0101100101101011
0110100110110011
1110111100011000
0111111000000100
1100100000110000
1011100100010011
0111011001001100
0001110101011010
0010101000100111
1010100111101011
0101001100100010
0101000111110111
0100101001010011
1100110000100111
0101101001001100
1111110000110101
0111000111101011
0011011110101010
0001010010000011
0101101100101111
1100011100110000
1100100010100001
0010010010010111
0001110001011101
0111111010100000
1100111100010111
0111001010111111
0010110001110000
1111111010000010
0011001100110001
1111111000111010
0111001110111010
0010001011010111
1011001011001000
1001101111010001
1001111110010000
0100101001111101
0001010000000000
0011011011000011
0001100110001000
0011000010011100
0000010100100100
0010110011111010
1010101100111100
0110101110111110
0011101110110110
0110110001111011
1111101111010000
1010000000111001
