1011100110010000
1110100010101110
0001110100100111
1010011011010010
1111001101110100
0111000110000111
0011110100100001
0011110000010101
1111101001001011
0010100000111110
1100010111000100
1011010110001111
1010101110011010
0111000100011010
0101010001111110
0100011111001001
1100010001111100
0111000111011101
0000100101001101
1010100010100110
0111110001110000
0101000000110110
1110111111110000
0100011111101101
0011110001010100
1001000100000100
0100101000110010
1010010000001100
0010011000011000
0010110100010000
1100011101000010
1000100010111011
1000000100110100
1101100110001001
1111011000101001
0000101100111010
0001010100111111
0001101010111101
0001110000011101
0010011011001011
0111001011110010
0111111101001000
1110011101110111
0010100100000001
1110011101101111
1001100101101011
0001010010100011
1010001111011100
1101111110101100
1110100100011100
0101010100100110
0100101111010000
1100011010011001
0110110111010010
0010000011100110
1010010100110010
0110101011100101
1101101011000011
0011100001100100
1111101010000111
0011111011101101
0001111001011111
1011011011111000
0000011000000101
0001000110000011
0001110011111101
0000001110100010
0001101100001001
0010111100010111
0010100001101100
0101000001111111
1110000011101100
0000101011001111
1101111110100101
0100100001111101
1000011010000001
0011100110100010
1001001011011000
1001110001100010
0000010101110001
1111010001101001
0101001000111001
0000101000010101
1100001100000100
0111100110011100
0011000110111111
1111001011100101
0011000000010010
1100110100001010
0010010111100000
1011111011000001
0001010000011000
1110011100011110
0000110111010001
1000100110100011
0110001110011010
1111000001111110
1010000011111111
1110111000110100
1110111000101100
0101111111000101
1011101111000101
0001000110011000
1101010011101001
0110010000000001
1101011010001110
1011101011000000
1101111111101000
1100011001110010
0011100111111101
0001101100011010
1110110111100000
0100000001101000
0111011101000101
0110010110000010
1111111110000000
0011001010011111
0101011011010000
1111010100100101
1001001000100100
1010101111100011
0110001011000100
1000101011110011
1001101000001100
1001110101100110
1011111011101111
1101000001100101
1110101100001011
1100100100000110
1000011100101101
0011000011001100
1010111101100000
1101001000111101
1011000101010100
1001010001001011
0110011100010111
1010101101001001
0011000110100011
1011011101100010
1100101101011111
1001111110000011
1011110010001111
1101111011100110
0101110001001110
0010000010100110
1011000001000010
1111100110001011
1011111010101110
1000000110000111
1010100001100000
0101000110011010
0000100000111010
1111000001110011
1011001101100101
0101011100101000
0001010111101011
1110011011111101
0001110100110101
0100000101010010
1011010101101011
1110111111101010
1100101010011010
1110100011001010
1000100010101001
0010101111000111
1110000100101000
0110110001111001
1001010010101110
1001000000101010
1100011010000100
0110011011111111
0000100110100111
0111011110011111
1100010000101111
1111000101110010
0010101110001100
1000101011101101
1110101010010011
1010010001001000
1011100100111001
0100101010010010
1110010101001101
1111100110001001
1001010101000111
0110100111110011
0110010110001001
1001000111111110
1101000110100101
0010011111111100
1101000001010101
1011010001001101
1100111111101010
1111111000010001
1101111001010000
1111110110011111
1110110100000000
1110011111100100
0111111000001100
0101000111000010
1100100011010000
0010001111001001
1010110000111011
0001000101110111
1111010101000001
1010101111101101
1101100000010011
0100110011100001
1110111101000010
1010110010100101
1100110100101110
1110100001011011
0101100100000111
1011011111101011
1011000010101100
0000110010000100
0011011000111001
1111111010100010
1111011001001011
0110001010011100
0101010110100111
0010111101011101
1111110001011011
1110100000011010
0010001001110010
1100010101110000
0110101001111111
0011100110010011
0011110010010110
1000100110001010
1110010001001001
0000000011101110
1101100111111100
1101100001110011
1111000001000010
0111010110000000
0100110100011100
0010000111010111
0000001011101110
0101101001101101
1111110000011000
1110101110000001
0011101110111010
0101011000110010
1101100011011010
0110001110011100
1110001101000011
1110101100011111
1000010000000011
1011110100011111
1101101010100001
0001011110001010
1101110100110111
0111010110111001
1011111100000110
0101000100001010
1011000001101101
1001010011010111
1001010111010110
0110110111110000
1010000101100110
0111011000111110
0101001010101111
1110101100111001
0000110111001110
1010001000100001
0111010101010000
1101001101111111
1011111000011110
1010001101011010
1101011010100101
0011110000001110
1101011001100100
0100110100111101
0110011111011011
1001110111101010
0100000001100010
0011110111110000
0001011000010011
1010111001100001
0111011001111101
0000000001100000
0001011011110111
0110011000001011
0011111011000000
1001001101010100
1101110101111001
0001110011101001
0100100000111111
0010010000110101
1011011101101110
0101101101011100
1111101010101010
1001001010100100
1110010001111010
0111001101010011
1110000000100111
1000010100110010
0011100001100010
0110111111100011
0001000001001010
1101101001010100
1101010110011010
0000000010010011
0110110001010111
1011100001010110
0001110011011001
0010010010101011
1010011111010011
0100000111111100
0111001010111101
0111110010100000
1101000001000111
1001110110111111
1000010111100000
1100011110101101
1111001111000110
1100100011011110
1010111111000001
1100111000111101
0101001010101011
1001011001110010
0000011010101100
0011111100100110
0001110110110110
0000001000111000
0010110010101110
1111110010001101
1011100011101111
0000000111011001
1001111100001110
1100100000111111
0110001011011100
0010001011000011
1011101000100000
0101000011101011
1110101101100010
0010001001100101
0101000101101011
1001011010011110
1011000000011101
0101010101010000
1101110010000001
1011110010100111
0011010011100100
0101100001110100
0000001010010000
1100001110110000
0011100101011100
0000111100101000
1100010000011001
1011000001101011
0101011011110111
0101111100001101
0001100010111000
0011110110001011
1100001101110101
0100000000001000
0100010100000110
0000100111010100
0111110110111101
0100010110011111
0110111011011000
0111001111000111
0000011011101110
1011011000011010
1001111111111011
1001111111101111
0011000110110101
1010001000110100
0000001000111000
0111100101011101
1101010110110110
1101101000111110
0001000111110011
1100010001110100
0001011010000011
0011011010100010
1000101011100100
1100111111010100
1111110111010100
0101111101100110
0010000000000001
0100111100000001
1001001101111010
0010101101100010
1011111011100000
1111010001110001
1100001001101000
1010010111101011
0010101011110111
0100110000101000
1010001101011000
0110100101010011
0100111111000000
0111111001011101
0110000001011001
0001110110101110
1101111010110000
1111010101010100
1010101110000101
1011111000010110
1011011110000001
0100001000011111
0000000001000100
1010000100110111
1110101010011011
0111101000111110
0100110110000110
1110010010101100
0010110111100000
0101101111001001
1100010011010101
0110001001001100
0110001100000010
0000001111100010
0000000100100010
0010001011011111
0100100110001110
1100111110001011
0001100000110100
0001011110000100
1101110001011000
1010110110101001
1101110100010101
0011110100010000
1001100000010010
1000011000101010
0001111000100101
0100100110011110
0000100101100101
1100010000011010
0011100011100110
0111001011100110
0010001001011110
0001011011001111
1101010000101000
1000010100000110
1111110100100111
0111000110000000
1111110000111000
1100111111000000
1110101001101101
1010110111101001
1011001001010101
1111011001110011
1000100101101100
1001101110101010
1100001101111111
1110000110000001
0011100111011011
0011001101010011
0101010011011001
0011111111010110
0000100001101110
1101010010011110
1000110110101000
0111011011000100
0011101110011000
0001001010100110
0100001010011100
0100111000000111
1110100011101000
1100011011110010
1111111101010111
0011101001011011
1000000001101111
1100100111101000
1101011111000010
1101000101100010
0101001101011000
1001110010100101
1110000010101100
1111001110101111
1010010110111010
0010101011101100
0011111101001100
1001011110110100
1000000100100010
0100101000011000
0010110011101100
1001110111100010
1000001010100010
0010000000101100
0100101001100110
0000001110111100
0110101011111011
1111001010011000
1100110010011100
1111011010110110
0111010100110110
1010110110101111
0101100101010100
1110101100110100
0001111000101001
1100011111000010
1101110001011011
0110011110110000
1101010000110001
1010000101011110
0011010110000001
0101011100000100
0110100000010101
1101010110000101
1110010101000110
0111000001111110
1101001101010101
0011110111100110
0111011101101011
1101011100000001
1110111111011100
1111011001011011
