1001000111101010
1101110101011000
1101101011111001
0101100110010101
1100100000001100
1101110000111110
1111111110001001
1110001011111011
0000110111000001
1111000101000110
0011111110010100
0001001111000111
1111101011110011
0110000000010000
1011110001110110
0101010000100111
1110011101011111
1011101110001011
1001111111000111
1110111111000011
1010111110110111
0100111011001110
1011000111101011
1100001001111011
0110100000001011
1111011000111011
0100101101101110
1111010100110100
1000001011101111
0000101010110100
0011010100001101
0110001011101111
0101101001111001
1011101011011000
1011111100000000
1101010110010011
1000101011001001
1101100010100000
1111111001100111
0000010100111001
1000101101001100
0101101111010101
1011100010100110
0101101111011111
1001011001001010
1111001011101100
0110110000001011
1100000010100001
1100101011010001
1001011011011011
0100110011001100
0001000100000000
1011110100001010
1010100000101001
0000110001001010
1101001001000110
1010101110010001
0000111100000011
1111111011010000
1101111000101110
0111010100000101
1111000000000100
0011111101101011
1111010100101100
1100000001100111
1101101100001001
0100100101100010
0000111111011000
0111010000111111
0000111001101110
0101110110011010
1001000001110010
1111110010011000
0100000111010011
1101110011101100
1111011101010010
1010101000000101
1001111000011100
1001011101111100
1001011011101100
1010000010100100
0001001100101011
0000100111110011
1110000100110100
1101000101101011
1001000001100110
0110101101100010
0110011111100011
0001111001101110
0110101000111001
0011000011001011
1011000111011100
0101010101011110
1101001000111011
1010011110011111
1100010101100110
0110000000000111
0010000101001100
1101100110101101
1000000011001111
1011000111001110
0111111011010010
0100000010101111
0000010111100101
1010101001000101
0110011000001010
0011110000111010
0000001100110111
1010100011010010
0110000101000001
0010111010100101
0111001010101010
0010110000110100
0011010100010111
1100001100100100
1101110101100000
1001010101011111
0110001010100000
0000011110011001
0110110101101110
0011111101000000
0111110110111011
0010011101011101
1010100001000100
0110100101111000
1000101010101111
0101100011101110
0010000111110000
0011101101010111
1111011011100010
0001011111010100
0110011011001000
0110001000111100
0011000000110011
1100110101011010
0001111011111100
1111111011001101
0101101110001001
0001111101010011
1010111111111011
1000011110110111
0000101000011110
1111101110001100
1101111000101000
0000000100010100
0000101010100011
0001100001110101
0010101011000111
0011110110111101
1100001110010100
0111000000011011
1100101101000010
1010100001000100
1000100000010100
1101100010010100
1010000110011011
1001000000111010
0011111010001101
0111000100010110
0101000001010100
1001000100100111
0001100111011111
0011000111001110
0011001111010100
1001000010000000
1110110100111110
0111111000101001
1110111011011100
0101101011011011
0001111011010010
0001001110000000
0101110111100101
0110010010111110
0111001110110001
0000011010101110
1111111110101001
0001111111000111
1000101100110001
1101110111110001
0110100110101010
1000010010001000
0000100010001011
0111001001001110
0000101101101100
1110000100010110
0100111011110001
0110011100100101
1110011000010010
0101110111111011
1101101111001100
1010110100010000
1000111100110011
1110000000001111
1110100100110100
0110000001100110
0101110011100001
1001100111001100
0110101011011001
1000111010110010
0100111010010101
1100110111100101
1111001100010101
0100011010001111
0100001100111011
1011100100010010
0101001001100110
0110100011101111
1011110000001000
0010100111011101
0000001000001110
1000001100110111
0101100010100110
1001010100110100
1101010001000001
1101111010110000
1001101110001111
1110010000110011
1001101100101100
1110101010101101
0111111110111010
1000110100001000
0001000111010011
0101011001011011
0111110101111101
1000100001100111
0001100011011111
1011110100110000
0011011000110010
1011001011011110
0011100111001011
1110101101101111
1000000110010011
1011000100100000
1000001011101011
1101001001100000
0110111111111100
0100101010001000
1011111111000000
1111110111000111
1101101000011101
0100100010000111
0100110010110011
0101101010000000
1010100100110101
1100111010111101
1000010000010010
1000100111100011
1010010010101011
0101110100011010
1111001111010110
0110010100010111
1011101101111100
1101110001000011
1110100111110111
1110111000100000
0111011100010100
0011010010010100
0001101010100000
0100001101010000
0101111010101010
1100111011000001
1010000101011001
1110000001000111
1011110011101101
0110011110011100
1011110001100011
0011000101101100
0010110100100011
0100001010000101
1101000010101001
0001101101101111
1111100100100000
0110111011001001
1011101001101101
0110010100011011
1101000101000001
0010011111111011
1000100111001001
1111101010001110
1010110011001000
1100011011011101
1110001101101010
0101110100010001
1110110101101111
0100110011100011
0000111101101110
0101000110001010
0100100011101101
0101100010110101
0100111000110100
1100011110110111
1101001001010001
0111100001111010
1000000101011011
0011000000010110
0000111000101110
0010111011111010
0111000110100111
0010110010001110
0001110011000101
0101000110110011
0110101110001000
0010000000011011
0001000100101000
1001110100000111
1001100111000100
0111010100101111
1011111101100111
0110010010100011
0100100111111110
1011001010100101
1111001010100100
1010111001110100
0110011001011110
1011011100010001
1000011110100011
1010110111111110
1000100101101001
1011011001111100
0001011010001110
0110001101000101
1010000001010011
0000010010111101
1010110100111011
1111001010000010
0001110101111000
0100100010111110
1000011011010000
1100000001011011
1010100100101111
0001111011110001
1011100010110101
0010011010100101
1000011010000001
0101110111110101
0000011001111100
0010000010100101
0101011011011100
1000111011101110
0101101100000100
0000101111100101
0110101101101110
1010111100000011
1101011101101111
1100101110010110
1110010111111111
1111000101111010
0000110001101100
0101110010010000
0110001000011100
1111111101010111
1101110011110001
0010111011110010
0010001111010110
0001101101010110
1100011101100100
1001100010000110
0111011111111011
0111010011011110
1001011111010010
0100110000110110
1111010011111110
1001111101101100
1000101101000000
0010011011111100
0010111001110001
1001001110011001
1010110011010001
0011111011011100
1110010011000100
0110000111110011
1111010110011111
1100000111011000
1000101101110111
0000010111100011
1110010011000001
1110001101011000
0001110100001010
0110101010100000
0000110001011111
0000010100100101
0010011010100110
0101100111101101
0100111001000010
0011101101001101
0111001000100000
0010101110010111
0011110110000110
0111011100100100
1011100101001110
0110000111011000
1010000011001011
1010010011001111
1110100001101001
1101011001010100
0100000110100011
0000011111111110
0011101001010010
0001110001101110
0101010100000011
0111010011010101
0001010010000110
0111011101010000
0111010010001110
1001111101111000
1111100001011011
0111011110001000
1101010110100110
0000010111011010
0111001100010011
1101101110101011
1011011101000111
0011111110101100
1110001110111110
1100010001001010
0111111100111101
0000101101011001
0101001101011010
1110110100001010
0100010011100010
0100010010001110
1101111111001000
1001111100101011
0110100101001011
0011010101101101
0100011110111110
1000110010110111
1100111001100110
0101111110001010
0111111000001110
1001001110010110
1010101100011111
0010010100101101
0001111110010010
0101101000110001
1001011111010100
0101101111011001
0000010101001001
1110110000011000
1100001000100000
1001101101110001
1100001000110101
1001101110001011
0011110101010110
1010011001110000
0010001010111000
1110011111001001
0011001001111100
0011110000000110
1101110111111101
0000110101101111
1110100100100111
0110001101110101
1010110111000101
0000111110010100
1001100111010100
1101011000011000
0011100111000110
1001110001111100
1111000111010001
1110101110101000
1011010110010100
1000100011000001
1010111001110010
0111000011011100
1001100110001100
1011100111110011
1000001010000000
0100110011101110
0010100110010111
1111001011001111
0000100010010111
0011111010101110
0110111100110001
0000011100001000
0100000111100111
0000111101000110
0100110010110011
1001111011111100
0101010000011001
0101011000100110
0001000011111100
0010010111000101
1100100010111000
1110011000101101
1011100110101111
1101011101000101
0110010101110011
0110111010111010
1000101110100111
0111000110011100
0101100011110001
0011110101010111
1101110010101001
1101010010110010
0011011111000001
0100101010000100
0001100001100011
0100111100001100
0000110101110100
0011100111101010
0111111011111111
1110000011000010
0010110001110100
1101111111111111
1011010010111100
0111000010000000
0110101110111011
0010011000001101
1111110010110111
1000001000100110
