1111101100110110
0000100101000010
0100111000000100
1101110000110000
1111101010000010
0101001101100010
0110100111000110
0100010100100000
1110010111111111
0111111110111100
0001101010001100
0110111100000011
0010111000111111
0100101110011100
0001010001100100
1000111010100100
0000100100010101
1011001101110101
1010110101100101
1110011110000100
0001100101110011
1011100100101000
0110111110111101
1000010010000111
1111101001101010
0111101000101011
0011111010000100
1011010001001111
0110000011011000
0000000111000011
1111110110100101
1111111001101111
1010010100001010
0001000001001001
0101010111000001
1001001011011101
0101010110110010
0100010001111110
1101001000001101
1001101011111111
0001101010000101
1100100110110010
0100111110100110
1011101001011001
1101100010100111
1100110101111110
0100010101101000
1000001101001010
1110101111010101
0110010111111000
1100110110000101
1110100110010011
0000110110111010
1000111101110010
1010000010000110
0000011110111110
1111101101010000
1011010100110000
0100010111011110
0011110000000111
1000111010011010
1001011110110001
0111101100111110
1111011001010001
1010101111000011
0001001101111100
0111110010011110
1010000011000000
0100000111000011
0011001011001011
1011001100100111
1110010001011100
1011101000000100
0000010001111101
0110101111010010
1110110010010100
0000010100110100
1011110111000111
0101110110100000
1100100100011000
1000101011010000
0111001100000000
0000010001101111
1111000100101111
1111010110110000
1011000100101111
0110111011000001
1100001011000110
0110110111000110
0110000010100110
0110111111111101
1011001101110111
0011111001110011
0110010001011110
0111010101010100
0111001010100101
0101010001001111
0111010110010110
1101001010001101
1011100011100101
0001000001101000
0100110101100011
0111000110100000
1111110100010000
0110101110000000
0101001011010001
1110011110010100
1001011001001101
0111100100000101
1111111001010001
1110000001000010
1010011000110010
0100010111101011
0010011010110101
0000001010111001
0001101000100010
1111110000101001
1101000101010000
0010001100000101
0110000001010101
0110010100001011
1000000001100011
0111011100010110
0100000100100111
0111110100101100
0010010101111111
1010101011011010
0000000101110010
1101001010001001
0110011100100010
0010110101011101
1001010011000011
0110001101000000
0110011101001110
0110101111111110
1101110110000010
0001110100110101
1001111011101010
0010010011100011
1111110110110101
0010100100101101
1010100111000111
1110100001100001
1001101111000111
0111111101001100
0000010110101110
1111100001100011
1100001100110100
1101111110101000
0000110001001011
1100110101010101
0101111010100111
1111001000101011
0101000001000110
0111010000111000
0000100011101011
1101011000101000
1001100011010001
0101010100111001
0000110111000100
1111010010001000
0011011011110010
0000111100000000
1111101000110111
0100010010010011
0111000010000100
1111111111111111
0010100110010010
0101010001101010
0100001010011011
1011001010100011
0110011111110010
0100000110110011
0111111100001000
0111000011000000
0011001110110100
1000101011010111
0000111110000011
1010011101011100
1011100011011001
1111101000110010
1010111010010111
0110011111011001
0100101100001010
1110010111111011
0111100001100101
1100000101001010
1001000100111001
0001101000001111
0100000110110000
0011000101101111
1110110011100001
0111111011101001
1111001111000100
0110100001101011
0101100100101011
1000111110111001
1000000011101110
0110010011011000
0101111001010000
0000001010010011
1001010101100100
1110001110001111
0011110100100000
0010110101011000
1101101011101010
1011000100101000
1001110010111101
0001000101101001
0011101001110110
1111101011101111
1101001110111101
0010100001110010
1101100101011111
0010010001100000
0000100000110100
1011111011010000
0010010010001111
1000011100010000
1000000011110111
1001011101011111
1010100001110000
0010100011011111
1001000011001101
1101010110100000
0111010110101110
1101001001110011
1101110101011110
0111000100001110
1011100011000111
1010111100100001
1110110000101000
0010010000100100
1110111001001010
0101110011100101
0000010010011010
0010000011100111
1100101011110110
1110010110110101
1111011101010000
0011011010010000
0110010100010110
0100111000110000
1111001110100011
1010011101011001
0100110111100101
0000100010101011
0101011100000100
1010011001101010
1100110010000010
1111000100101101
0000011101011111
0010000101000110
0010111001110010
1101001011110110
0001011001101000
0000100011001100
1011111101101010
0000010110010110
0001101010000010
1010100101111010
1010101100110000
0000111111001101
0101101010111011
1110010000101011
1010010111000110
0001010100111011
0001000011110100
1111100010001101
0100001000011001
0010100010000111
1011001000010111
0011110011111110
0111000011101000
1101010110100000
1110101110101001
0111011111000100
0010010111010111
0011100000110010
1111111101100111
0101111000000111
1011111110000100
0011101100101100
1010101001111010
0101110100011101
1110100111010011
1010000111111000
0010011010101100
1100010011001111
1111010001101011
1010001010011000
0110101000001100
1110000111110100
0001111010101100
0011011100111001
0001001100001001
0110100110101010
0100010000111011
0101011101000110
0011000001010100
1001010100010000
0010000011100011
0000100011011000
1000001001111100
0100100100000101
0110001100100000
0000000110011110
0010010110011011
0011001010000100
0000101000110011
0100001100000001
1010101010011001
0101010000101011
0110100111110100
1111101001010111
1001000100011011
0010111001001011
0111001101111100
0100011111010010
1011010001010100
1001100000000010
1110010110010001
0000001101011100
1001111001011110
0111000110000000
1011100011011011
1010011101101110
1110101101001001
0101000010000100
1100111111100101
0001010010100000
0110001010001010
0101000100000000
0000000010001111
0010000010100111
1100010001110010
0011111010100001
1001101110110111
0101001011100000
1101011110011100
1110011001100000
1100000111110000
1011111101101101
0110110000010101
1011111011010100
1101111000100101
1011011000101010
1100100101011101
1001100111111100
1101111100001011
1000100100111011
0001000100010111
1000010010000000
0101000110011110
1011011110010111
0110111000100101
1101111010010111
0110111000000001
1011110011110011
0001111101001000
1010001110100110
0011100010010110
0000001100111111
1101101010110011
1001000110110100
0000101110010001
0011110011111110
0011001100010111
1110111101000010
1100111101010011
0010101011111111
0001100000010011
0011100000100101
0111011001010010
0100100010001110
0011010110111111
1110011011111110
0111101110110010
1001011010101111
0001101010001100
0011000110100111
0100001111100101
1001011001011001
0001000010110000
0000010110011110
1111001111110001
0010000111100010
0010010111001011
1101011110100100
1000011100110100
1110011011110011
1110100001100101
0101111010100001
0100010011110001
1101010110101011
0111101000010110
1010110011001111
1110011010100110
0100110011011000
0001111110101000
1011000011010011
1010011111000000
1101010101101110
1110111010100100
1001010010010100
1101100111001110
0110100111011011
1101000110010110
1001100111101010
1010111100011000
1101000111000101
0000111110101010
0111000010000111
0111111110110010
0000011101111000
1010100001000000
0010010001101111
1110010111011111
1110000001111000
0101001011011100
0011000101000111
1110101100101010
0100000001000111
0100100010111011
1000110010011101
1110001111001111
1011011000111101
1110001110010000
1100100011001001
1000100010110111
0111111001000000
0000011100011100
1110101100011010
1001011101001101
0111010111110101
1110011010110110
0101101010001110
0111000001100001
1101110010111000
1111000110011101
1101001000110000
0000000000101000
1100001111110110
1011001111101110
0101000100001100
1000000111010010
0011101100100011
0100000110110100
0100010100111110
0001111011101001
1101010001010100
0000011011011100
1010000100110011
0111100001111011
0011111000101101
1010001100000010
1100001110011101
1000001010110111
0101011001111111
0001100110101110
1101100011100111
0011000000001001
0111010110010000
0010101010000000
0010110000011010
1010011001011111
1100001111111001
0111010011110111
1111100110010101
0001000000000000
0011111001111110
0101001101111011
1111010010001100
1101111011101101
1101010101101011
1100110100100000
1110111100010111
1111101001110111
0001000111101110
1111110000110001
0101111010011111
1001110010101011
0010011100111011
1010011110101110
1011011001100000
1010110110101111
1110111111011000
1000111111000101
0010011100010111
1011111000011101
0101000100111010
0000001010111000
0010011011111010
0011100101111011
1100010110111011
0110110111000001
0110101000110011
0011001011001100
1000011010111010
0100001011000011
0111000100011100
0100010000011110
0011000110111010
1000110000000111
1100001100101110
1110011111110001
0000101011010100
1111101001101001
0010101100111000
1101100100001101
1001100110100110
