1011100010001000
0011111110110001
0011001000110001
0000101011101110
1100100110100110
0111000010010101
0100010100000001
1001110010010011
0010100011001000
1110011101100111
1110100111010110
1101100101101001
0001000110110110
0100111111110000
1111010000111001
1111101011101110
1100010000011100
0111010001111100
1000001010010101
0010011011000001
1001000010100000
0000011010000001
0100111111000000
1100011011111100
1011101001011001
1010100101010011
0110111011001111
1100111110111100
1011000010111000
0100110110111011
1100000110101111
0100011011101000
0011010100010001
0111000110100111
1111000111001000
1001011100001111
1111001011100101
1011100100001010
0001000110111010
0100011101100011
1000011110011000
0100010111000111
0011111001111001
1110001001010011
0111001100001000
0011110111000101
0011110110011101
0011100001011010
0101001110100110
0000110000010110
0101001100010001
1101111011111101
1000000010100101
0110010010000010
1111001111001100
0111101000101010
1001011010001100
1111110101111000
0110100001100100
0011110100001110
1110110101101100
1010010001111100
1111101010011101
1000110111000101
1011111010001000
0000110010010101
1101101010100111
1000000000111011
1111101001100111
0011110101101011
1011001101100001
0101010001101101
1001100111011000
0001000000010001
0000100111111100
0000011010001110
0000011010011001
1101011010101100
0000110101010100
0101001111111101
1000010001000111
1110101110010001
0011010010110111
1100100010110000
1101000000100001
0111001101011010
0010111101000000
1011111101111000
0101110000100011
0100110111101101
1011111000000010
0010111111110010
1100001101110100
1100100001000110
0010100000010000
1111100110101010
0111101001110000
1010011111110111
0110001010000111
1101001010011000
1111111000110110
1010011010101101
1110100011110110
1100010010111100
0011001101111110
1111000001100011
1010011000111000
0111000111101010
1111111010100100
0111000110001101
0001001010100001
1001000000110001
1101001100100011
1100000000111101
0100111010100000
0000000001010011
0111011111001111
0001100100010011
1011111010000011
1100000110101111
0110010110111011
1111010011010101
0010011101111111
0100011100000100
1101011000011111
0111001111110000
1011001000000110
0111011011101001
0111111001011110
0011111001010000
0000111100010000
0011011110000010
0111000011111101
0110011001001100
0111011011000010
1011000001111101
1011001101111001
1110110011101001
0111101001111111
1001100111101101
0101100100001100
0110100101000100
0110110110000110
0101000000101100
1001010011011010
1000011011100000
0101001010001011
0100001100110101
1110001110010101
0010000111011111
0111110101011100
1110100001000110
0011111000000111
0110110111000001
0000111111101000
1000100111010110
0000000000001101
1010000011000111
0111100111000001
0110001101011010
1101110010111111
1011010100110101
1010101110101000
0001000100010110
1101000111011101
0011010111110110
0111101100001111
0010001100011110
0010000010101000
1010100010100100
1111000111000111
1101111110000000
1001011011001010
0001011010100111
1000010111110001
1100101100111001
1111011100011011
0010110011001011
0110110011101110
0010100001111001
0110011101101000
1010101101011110
0001010110111011
0001110110110101
0111111100111111
1001011011001111
0010000111011011
1110011011100100
0000110000001111
0010010101100010
0111010111010000
1000110000100000
1001110011101110
0110011110100100
1110110001010001
0100000111110001
0100000110000000
0110101101110001
1001011100111111
1111110001110110
1011010100000011
1000001001101001
1001101011011100
0011110110011100
0101010111101100
1100011001100111
0101001011101001
1000111011110011
0110000010110000
0111000000000100
1011001001010110
0001000101010110
0000101000100110
0110100101010001
1110100110011000
0111101000011011
1011101111110111
1111001001111011
1010111010011101
1000101111111100
0010110101011010
0110001110100100
0111011101101000
0001001011110100
0100110100111100
1001011000101110
0111111111000111
1101110001010100
1010111110000100
0001010000111010
1111110011110101
1001111000010000
0010101111100000
1101010000001000
1001010110010001
0100011100000000
0110111001110010
0000111110110110
0001100101111101
1010001000011000
1111011111110001
0111110010100011
0110010010001001
0110111010100001
0110011011111000
0011111001100110
0000100110111011
1111001110110110
0001100010000001
0000001000001011
0000001001011000
1001001000010001
1001100110000111
1110110110100011
1001111110010011
0000000000000000
1001100100000001
1100111000111100
0111110000010100
0111001110111011
1110100001111110
0111010000001110
0000110000010001
0010000110110001
0100001110101000
0100000101001111
1111111110110101
0010100110101111
0011110000111001
1011110010100110
0101100110011010
0010010010000101
0111001001100011
0001011101010000
1001101000110101
1010101111001011
0100001111011110
0011111110000101
1111100011101101
1101010010110010
0010110010100110
0101100111000110
0110000101101010
1100000000101101
0011010100011011
1100111111011101
0110010101101011
1000100111011000
1010100110011010
1011111101100110
1001111100110101
1001011110100011
0101001100101001
1100001100111110
0100011011001000
0011100000100100
1010001000010111
0010101010110100
1010000110101010
0001000101000111
0100001001011000
0110010100101100
0001110010101111
1000010100000111
1001111110010010
0101111100101111
1011101001101001
1011101111101111
0110001111011110
1000110101110001
1011100001111011
1110100111010100
1110011000010111
0110100001110001
0011011011101000
0111000000110101
1111001101011011
1100011011010100
0100011111101000
0111010111110010
1101110000001101
0100010000100100
0111000011111000
0011101111001110
1001101101001001
1110100110101100
0100111100111100
1111010111010001
0101111101011110
1111111111111001
1011011110001011
1100100001000000
1011110011101010
0001111110001010
1010111111011110
1010111100010100
1000001110110110
1010000100100101
1010011001111111
0101100010111110
0000110110100111
0001110010000100
0110000110011111
0011101010001111
1010101110111001
1011000110100010
1000010011010011
1011000000000010
0001011001101010
0000100011111100
0111101011100100
1010100111010100
0110001110100111
1011001001010101
0101111100010111
1110010111111001
1010000101110100
0011101000001000
1001111000100000
1000100100011100
0101010111011100
0010101110101010
0001100110011000
1110000010001111
0111010000101001
1110001010101111
1101010011110110
0111001000001010
0011111111010001
1000001101100000
0111011010000101
0111001000100000
0100111101100101
1111110100010010
0110101011111110
0110110011011000
1001100101011010
0011101010011100
0001011110011011
0100100101100100
1101010000010001
0100001001101111
0011000110001111
0000100101001110
0001010101111101
0111000000010001
0010010110100111
0010011111011010
0100100110000110
0110010001100011
1010100000100111
1111001010100010
0100010010110100
0110010000010100
1100001011100110
1110110100010000
1110110111010001
1001011100100011
1111110100010011
1110100100111011
1011111000101000
0011111101010110
0011001010000010
1000000110111001
1001010110011111
1111101011011100
1000010100011111
0111101011010011
0101001001110001
0100100111011011
1001101101101111
0101011110011010
0101001010110110
0111011100101100
0111001100101000
0001011010011100
1001001110010000
1111100001110101
0110111011101101
0011110111001011
1111101100110110
1101001001011100
0011111111111010
0010001000111010
0010111000110101
1111111100110110
1100101000011011
1101101000011100
0111011111010010
0010011111111010
1011010101010000
1010111111000110
1101010110110100
1000111100010001
1111010011110101
1101000011110001
0110110110011001
1100100101111010
0100010010101111
0110101011011111
1110001011110011
1010100101110110
1011110111101010
1001111111101000
0001011001110100
1111011010000100
0110101100101011
1100101001000100
1011010110110111
0100101110010000
0101000101101101
0100100101011101
1000011010100100
1110010000010110
1101001110000000
0100101011001110
1110100001100111
1101011000010100
0101000001001100
1101101100010011
0110011001101011
0100010101011110
1010111011110010
1110010110011000
0111100001111101
0001110101110000
0101110001110100
1000011011011011
0110000101111111
0100011000001010
1011010000010000
1100011001110011
1110010010011110
0000110101100010
0010100010100111
0110101111100110
0110001100001100
1111110001010101
1010110010010111
1011100010010001
1010100000001011
1000111101000101
1100110000010000
0100100101110101
1011101011011010
1011101001000101
1110010110011110
1100110011111001
0011001110100111
0010010011000101
0100101110111101
0101101100110111
1001111010101100
0111100000011001
1001110100011000
1111101110011111
0111001010010100
1001000010010110
0011001101100001
0010101111100110
0011100111010010
1110011101000110
0011110100100110
0010110001100000
1111010100010011
1101111010101011
1010011001011011
0001101011100010
0001000011000101
0110001010010100
1101000101000000
