1000101011011011
0101111010100001
1000010110000010
0000001111111100
0001011100100100
0001101001011101
0100010000000001
1100011000001010
0000100110010100
0101011011000001
1010100010110111
1110001100010110
1011110100000111
0000010101010010
1101110001111101
0010001000011100
1101100011100100
1111000010101011
0101010111010000
0001101110111111
1010101111100111
1011110000101101
1110010011001101
1000111011110101
1101011110110011
1000111001111100
0011100100011011
1100101000001000
1010101110101100
1111111101000100
0000010111010100
0111001111101001
0100110000010010
1010101000100101
0110000101010111
1010010110000101
1110111110010111
1100011100110000
1000001001000110
1010011011111110
0111000011100100
0000101111011010
1000111001001111
0100100000010100
1111110000001010
1110111000100001
0100100010110001
1100110001110001
1101100101110101
1011011010110010
1000101011111010
0111010011011010
0100110000000110
1111001110011010
1000111001011011
1110101110111101
0001100100100010
1010011010010111
0011110011001010
1110111001101101
1011010000101110
0000011001100111
1010111111101100
0100110111110001
1100111111110110
0010010011110111
1111000010110100
1100011011101100
1111001100110010
0001110010101010
1011011110011010
0111010000000010
1000110010101100
1101001111101011
1001101110000100
1000111001110010
0010100100000001
1001101100000000
1000011110000101
1010111000110100
0000100110001011
0100011110011000
1001001011000011
0010111110000111
0100110101001100
0000101101110100
0110011010111101
1101111100001100
1100001111101111
0100100111001101
1010101000000111
1000011111111000
1011010010101010
1010101100001100
0101110000101100
1111101001100101
1110111000011011
1001011110110110
0111001010110010
0000100101100000
0101001011010101
1000011110110010
0011011110110001
1111000000000000
0111011001001100
0111111101111110
0110001011000101
0110101010110011
0001110010101000
1010010100001010
0001001111110100
0100100110101100
1010010010110011
0111111110110100
0000101000011110
0100100011001011
0101101010101001
1110100101010001
0110010010101111
1011111011110101
1111110101001110
0101001100010011
1110100110011101
1000111110000101
1111100000110110
0000010010110110
1100111101101100
1000010100101011
1000010111110010
0100010111111010
0001000001100111
1010010101111100
1100110101001010
0100000001011010
1101011010111110
1100000010000010
0111110111001000
0001111011010110
1011111000100010
0111001001001011
0001111110111101
1001101011000001
0011110011010010
1110001110110011
1000111110111010
1000011101000001
0110000011001011
1001001101011011
0100111011111010
1000011110000101
1110111000001111
1000000000001100
1010110110000111
1100101110110011
1000010011111111
0100011001111111
0011010001111111
1001001100101101
1000110001111010
1000101011000010
0011101100000010
0010011100110010
0101011010110110
0111001001010000
0100001101111000
0110100100011100
0100100101100110
0000101101100100
0111011001011011
0110111011111101
0111011101101100
0001110000100011
0110011011011011
0000011100001100
1100111000100000
1010000000011011
0011100101010010
0110010101011100
1100010001110111
0010011010010111
1011100100110111
1011001010001110
0000101010110010
0001010101001110
0011001111111100
0000011001011000
1011110101010100
1101001100101101
1110011110111011
1111010111000101
1101110010011101
1100100010110011
1011111010101100
1111100001100000
1010101111100111
1111010000011100
1011000001111001
0000100000100001
1010110111001000
0110100011101000
1101110001111101
0011110010010011
1010100101111000
1111110001100011
1011011011101000
1101110000101110
0000010111010100
1100110010000000
1101101001110001
1101000000001001
0110100111011010
1000101101111110
1100000001011110
0110110001010111
0001101111100001
1001101010100011
0000100010101111
1110100001111100
0000010100011101
0010101101011101
0110011010001100
1011011100101011
1001110101011111
0011000000000101
1111000100000100
0001101110111110
0011100001001001
0110011110010101
0000001010000001
0001111111011101
0011010011000011
0111011100011100
1011100101000100
0111100111111010
1101011000110110
1010010001010100
1111010001101011
1000011001111001
0010010001001101
0001101100110001
0100011000100101
0000101101011100
0011000111010000
0110100000111100
0100011010110101
0010100011011011
0100011101111010
1111010101010100
0001110100000000
1111111110011101
0011101110001100
1011100110110001
1001110111111101
1000110010001001
0001110001100000
0110010000100101
0011001001011100
0010011101111010
0011011101101101
1101000011000110
0010000010001101
0011100101111111
0101100111110110
0101111010101100
1010101111111111
1110100000010010
1000010010010000
0011001100100101
1010101010011100
0011101100011110
1101111110100011
1111101001100001
1000001001100111
0000001010110011
0111110010111001
0111010000010001
0111110001001000
0011101111100111
0101111000011101
0010010101001000
1001011111000100
0110001001100011
1100001001001100
0001000000111101
0010000010001101
0110000011101110
0110101000000110
0100101011110001
0100011110111111
1000111010000101
0101011100101011
0110101010100000
0101010110001101
0101111001111100
0001101110101010
1001010111110101
1001110100100011
0100010010111100
0000011101111000
0110011111100001
0010011111101000
1001010011010111
0100110000001111
0111000111000001
1101000111100001
0001000100000100
1111000011110100
0110111101101001
0101111000100111
1111111011010000
0000000101111010
0010100010011001
1001110110010000
1110110100100111
0000110101110110
1111010000001110
1000000010011111
1110110101000110
1101101011101110
1100100110010110
1011110101100001
0100000001101100
0001100101001000
1110110110100010
0000011000000100
0101100000100001
0011010000111100
0110011110000011
1010111000010110
0110010001001001
0011010010001101
0101000110011111
1011011110101000
0011111100011000
0001011000111100
1010110000100011
0100100101000000
0110110100001101
1011100100111001
1011000101001000
0000100010010100
0111001000101100
0001011001111100
1111001110100100
1011110101100110
0011011101100011
0100100101001001
1101100010011111
1101000100010111
0010110101111101
1101110010001100
0111011110110111
0010010011111011
0011001111010011
1011110000111110
1000011110001110
1101011111101001
1110100110000011
0111100011100010
1110011111001101
1101101111000000
1100100101110000
0011000000101001
0001001010010100
0110010000101100
0110000011110100
1100101010110110
0000100000100000
0010001101100010
1100011110101001
1100001010111100
1100011111011000
0001011010110110
0011010000001010
0001111100111001
1110010001010101
0100111001011101
1000110111010000
0011100110111000
0110100001110010
0000000011010010
1100111101110101
0101011000011101
0111100011011101
0101101010010110
1111110110011011
0111101010111001
0101010000100011
0000000001100101
0110001011011101
0001101011010011
1111000001100101
0001000001110110
1001111011010000
0001011011111110
0111111101010101
1110100111010000
0100111010100111
0110100000001010
1010001101001100
1111111111101010
1000111001100100
1100000100110001
1101101010111100
1110111100011100
1111001111111001
0001100110101011
0100101100101001
1100101010000000
1110011001001110
0001111110010111
1000111101111011
0000110001101111
0111100010000001
1000010000001011
1111000001101100
1010011101011011
0001111100110000
0110101010010101
1100001011100000
0111011110010000
1000010000111100
1001110111100101
0100000001000010
0101101110001000
0000111010111001
1110100100010010
1001000100000000
1010111001000011
1100110010011111
0000100000101001
1001110010100010
0011110111101100
0001110010000010
1010011100000111
0110100011101110
0110010111010110
1000100001110010
0100011011111110
1011011010111101
1011110111010100
1100011010100011
1100011010001000
0111000111111111
1001011111000111
0010110110001011
0110110100100110
1000101100010010
1110100001111010
1100110101010011
0110010111011001
1110001001011010
0001000111010110
1100111011001000
1111001111110110
0111100110110111
0000000011110011
0010111001011001
0000001000001100
0011001110001001
1000101000110100
0000011110001100
1110001100101000
1000101100001011
1100010000100111
1000100110100011
1100101101000001
0110111110000010
0111000011100101
0100110010010111
1010111001010010
0000010101111010
1111010011011001
0011000111101011
1010100000100000
1100111111001001
0111011001011101
1101100000101001
0010100010000101
0110100011010101
0010011001101101
1101001110011101
0010011110010101
0100010000101011
0011001001101001
1100001110110101
0111111111011011
0010001111010001
0110010001100101
1111000110100111
0001011110111101
0001101100001011
0100101010101010
0110010000101000
1110010000110100
0011010001000010
1111111001011110
0111010111010111
0110101001001100
0001111000111000
1111001000001011
0010111010101011
1000111011011011
0000101101101101
0100010001010001
1101000101101010
0101100010110111
1000011111010010
1110011011010101
1100111001011111
0100110000010010
