1000011010010010
0000111000110110
0010100111000000
0101001010010000
1001010001100101
1110000101100010
0000101000101000
0100001001010110
0000000111010001
1010000111100111
1000110011010101
0111101110100100
0010100101010010
1110110000001100
1000010100011100
0110000010011111
1000111111001000
0110100011011001
1101011011010001
0011101001101001
0100100101111100
1001100111100110
0110101100010111
1000001011010000
0001010101001101
0110010110110110
1001000110111011
0011110000011001
1001110001001110
0011101111101011
0101011011101010
0110111100101101
0001001000111010
1001100011100100
1100000110100100
0000100110110110
0100101100011111
1100010101001110
1110011101001000
0001100001101111
1111000100110010
0011001010110111
1011000101101011
0100101101001100
0111001011001100
0101101010101011
1000110110110001
1111101010010011
1100101010001100
0001101111000110
1000101111000111
0111110011000110
0111111000111001
1111101101011010
0100101001100110
1101100001001001
0001100001101101
0010100111101010
0011110100000001
1000111110011010
1100100111011000
0110100000111100
1111101101101111
1010100110011111
1001101001110101
0011000110111011
1000010011010101
0011111101010100
0000001100111101
0010000011001011
0111101001110001
1110111001001000
0010100001111101
1111010000101111
1010111010111111
1011110000011110
0000001000000010
0000101100110100
1100100100100111
1111101010000001
1110001101111000
0110100100111010
1110000011010001
0011000110011011
1111000110100011
0111101000000000
1101011000111100
1110011100101011
1010011000100111
0010100111001101
1001000001000100
0011011010001000
0001001001011110
0001110001101100
0100100110000111
0000010110011110
1100011101100101
1010101110110101
1100111000001010
0000110101010110
0101110101001010
1111110011101101
1000110100010101
0111110010001101
0110010000010100
1010100000011000
0110000001101010
1111111111110101
1010010111011010
1010110100001110
0000011010110011
1000010100001011
1110000001000001
0110011100110100
0001110110011110
0101110101010011
0100010010000001
1100110100101101
1111001000100110
0001111011011110
1001111111100101
0100010111100000
1111111000000000
0100001111010110
0111001010111010
1010110111000011
0000101010000111
0011101111111001
1110110101011111
1011000001010011
0110000011110110
1000001111010011
0110101010000000
0000110110001010
1001010111000011
1110000000010100
1110010111111010
0000110110111011
0001111100011110
0110000111101000
1001100001111010
1011110101011000
0010010011101011
1101001001101100
1010101000011110
1001001100100010
0001011100010100
0000100000100000
0111011111000100
1010001110010011
0000101011001110
0111101000001101
1010111010100000
1100101101011111
1111001010100110
0111010101000001
0010000010000011
0101100110111100
1101101010000001
1000111101011101
0011011101110100
1001100000010011
1111100101101010
0000100011111101
0110010010001001
0001011101111010
0101011110110000
1011011101011010
0011011011111111
1011011000100101
1001010110001001
1001100010001001
0010011011101010
1010010001000010
1011101110000100
0110110110110110
0011001010011010
1000110011110000
1100010101000101
1000110000111110
1010110101101110
0111001001100100
0111110100001001
1010000110110000
1010110010001110
1110100011011100
0001101101011110
1101101101011100
0000101000110111
0111111000011011
1101010011001110
1101111110000011
1101110100101110
0111010111011111
0010110110000001
1101010100011101
0101110000110100
0011101110011101
1100100000010101
0000000011110101
1010000101011000
0111010000010111
1001100101100001
0101011100010110
1011100010000011
0101111000110111
1000101001111100
1001110000000011
1010100011010001
1000101101110101
1011011010101011
0100001100111110
1101000101011111
1010001010100111
1100111110101100
0010110100001000
0000001111100011
0101001001010100
0010000001011011
0010100101110111
1100001111000110
1100100100111001
1110010010000001
1011001110110000
0101110010110101
0111001011001000
1101001111000000
0010101101110110
1000000000010100
0101000000011000
0010110110001100
1110011001001000
1010011010101111
1011011001000011
1111000010000010
1111111100001110
0011110100100100
1111001001111111
0110111000110101
1101011011000100
1111011101100001
1100010110100111
0110110100110010
1101100101001111
0101110110000111
1100111111110101
0111000001011010
0011101001101011
0001100010100010
1100111010010011
0111101000101011
0110100001111001
0000011010000110
0001111000101000
1111011000001110
0110110010100000
0001010010001000
0111111100100001
0011011000111100
1000110001000110
1100110010111110
0110011000111011
1011000110111100
1111110010010111
0011001011001010
1101011100110010
0111001111101011
1001010000000000
1011011011011001
0010100110010011
1011011011101000
0111101100110101
0101100011000010
0100010100111111
0011111010101011
1000010000100100
1001000011100110
0110011100111101
1101010100001011
1011010101111010
0011100110110100
0100101001011101
1111001101111001
1001000110110011
1100001110100010
0111100001011111
1101101011110000
1001000000101101
1011010100110101
0011111001010000
0000110110001110
0111111000011110
1010001001000010
0101100101101001
0111010111001111
1101100100001110
1111111101100110
1000001010111100
0101100100011010
0111101011010100
1011001010001010
1001010111100000
0011000010110111
0001101111111101
0110110001010011
0110011010000001
0100111010010001
0101101011001010
1001100110011100
0011100110001001
1111110000011111
0011000111001111
1101001110101110
1101010000011000
1010001100000011
0100110110001100
1001001000111010
1101011110101000
0000111101010011
0001100010000010
1100010011011101
1110010101010101
0101001000101000
1100010110001101
1011110001100010
1000110011100010
0010000110010001
1011111011001100
1000011111110010
1011111111001101
0001110101010001
0001000101110010
0011110110010010
1011111011100011
1111011101011000
0110000101110011
0001011111011010
1000011000111100
1000110101111001
0101110000100100
0100001000110001
1110101110010100
0000010000010100
0001100001010101
1100101111100101
0111110011111000
0101001001100110
1001110110000000
0010001110000000
1001011111001100
0010000010101001
1011010111011011
1101011010000000
0101000110000001
0101011000010011
1011100010100100
1100011100110111
0000101010110111
0011111001000100
0110011010110000
1010010110111110
0100111101111000
1011110011111100
1100001001001110
0101111011000101
1010011100110010
0001110100111010
0001101010010111
0001010100000011
1110110000010001
0101000001100100
0100101001010000
0110010010101001
1101111000101111
0100100111010111
0101100101001100
0001101000011100
1100001101010001
0000000001000000
1111000111100110
0011100101010000
0011010011100110
0000001000111011
0011110111011110
0010101100000000
0110001110100100
0101001011110101
0001101011010000
1001011111100010
1000101011111000
1001111111110011
0111011010011000
1011010101111011
1110110110100110
1110110100110101
0000100001101111
1110010101001010
0000101000100001
1001110000111110
1011100010001011
1001011000111110
0100111101110001
1100101111011100
1110100100110101
0010000101000101
1100101001001100
0011100101100010
1010100010001101
1000101101010100
1011011110011000
0101001110110000
1011101001001100
1001101100100110
0100101000111000
1100111101111000
0000000011110000
1110001011111011
1100011101001110
1110100001011100
1111101010111111
0000011001101101
1011001000001010
0010010000100010
0111010100001010
1010000011011111
0011000100100010
1001100001100011
0001101000000101
1011100110011111
1111011010110000
0100011011111100
1100000001111001
0101101011111111
0111111010101111
1011101011010010
0010000000010110
1101001111101100
1100101111001111
1100101101010010
1101010110011111
1010100110010110
1110011011100010
0011111010100000
1100001011111101
0101000110101010
0001000000111100
1100010001011110
1011000101111101
1100101110011010
0010111000011011
0000100001111101
1110010000010100
0001010101101001
0011111101101100
1110011001010101
1011011101010000
1100111000110100
1011000011001110
0011010000000101
0001001011100011
1001011011001101
1000011011101110
0101101101010100
1110101101100010
0011000110010010
0110111000000100
1110111010010111
1101110001101010
1001001111110101
1101100111101111
0110100001100011
1101010000010010
1001000100010001
1001000010011011
0110001010111101
1011001110011100
1101000011101000
0010110110010110
0110011111010010
1111000101100110
0000100100110111
1111100110101000
1010010111111110
1110001100001111
1110011001010101
0111101001101100
0000111011111101
0000000110110101
0100101011110011
1111100011010110
1101001110100111
1011111011101011
1001011100001011
1000100001011111
0100101010001001
1111111010110001
1111011001111110
0101001001111111
0001000011100111
0010010010111000
1010010011000010
0000001111100000
1100010110100101
0100111001101100
1101000111111110
1000011101111000
1111110100000000
1011000011001100
0100100011110100
0001011010100110
0111010000010110
