1010011100111001
0010010100001101
1000000010000110
0111110100010001
0010010011001000
1001010100000101
1011111010000110
0011001001101011
1111001010011000
0001111001111100
0011110100111000
1100110010110010
1000010000110110
0111110011010011
0011010111001111
0111000011001101
1111010100100110
1110011001010101
0010101000001000
0010011001000110
1001001001011100
1000010010000111
0000001011001000
0110001100100010
1001000000111110
1111001011010110
1001111110111111
1010011100010000
1011110111111110
0111110001110000
0110110100000011
1100011011000111
1011001110110000
0101000100010010
0101101100010010
0010010110010100
1001011010010101
1000111100011001
1100101100011110
0111111000101001
0110010110100111
0001000001010011
1111111010100011
0001011000001000
1100101111011011
1000001011000100
1010010100100000
1010110100110100
1100010010110111
1111001110000001
1001000110101100
0011101000100010
1011000011011001
0010110000011011
0111101110100111
1001011110100001
1000110111001011
0001000011101001
0101011000000110
0001001000100111
0000000010011001
0000011000010010
1001111010011010
1010100011000110
0101110100011010
0001111100101110
0110101011111000
0111000011110001
0000110000000010
1101010100100001
1010101011110101
1000010001101101
1001110000010110
0011111011100011
0011111001011010
0110011110010101
0010100001000100
1001101001101101
0100100100100101
0110001011100101
0100101111001010
0111111111101000
0111001010110101
0111101100111110
0111001100010011
1000001110111001
0001000110101000
0011110111001011
1110011101001010
0001000101100110
1011000111101100
0001111100110101
0101101100001010
0100011101111110
1000101000110101
0001100110100100
1110001000111110
1110010110011110
1010110110001111
1001101110001110
1001000111100000
1100100000000101
1001011110011101
1001010010010101
1110101101000001
1100000001000110
0010001010010101
1001101010101100
1110011101111010
0110010001001010
0110010101001101
1101100001000101
0100101110001000
0001000101111011
0111111100100100
0010011001011001
1110001001100101
1011101101000101
1011101101110110
1100011011000011
0100100010000011
1101101011110011
0010011000010101
1111110010100000
1111010110100100
0101000101100101
1111100110110011
0101101010011010
1101001110001100
1000100010100001
1010100111010101
1010101101100101
1100001101110110
1110100110100000
1001001010110101
1110110100110101
1000100011111000
1011001001100100
0011011000110001
0001011101100101
1000011110001110
0101100101111111
1111100001111011
0110101000100010
1010100101110110
0010101101100000
1011110011000101
0000110001010001
1100110101101101
1001101001101100
0100010010110000
0001110100000010
0000100000001101
1111111010101101
0111010010001111
0011111001100000
0111010011111110
1111011011100111
1101111000101101
1111111101101111
1010010100100101
1110000111000111
1110110001111101
0010001110011001
0010101100001101
1010001110110000
1000101100100110
1010111000010111
1110111001011001
1100101110111100
0100011010101001
0100101111101010
1110000000010000
0010010110100110
0100010110011101
0011100100111111
1100110000001011
0110001000000100
1010000001010100
0110000011010100
1101010100000111
1111001101010101
1010100100111110
0010100100011001
0110011100110001
0110011010100010
0000000110010010
0010010111110000
0100100000100011
0000101000011010
0011100101000110
0000100111100000
0111010110011010
0110010001010111
0010111001000001
1011010000111111
1001001000100000
1100000010011011
0110010011101010
1101010101101011
0111100101101001
0011001010111110
1110100111010110
1110101010011001
0100000101001111
0111011101111111
1001011100101000
0000101000111010
1100111100011010
0010101001011001
1000000000100001
0111110011011001
1110001111010101
0011000011110010
1100101110010011
1101011111111011
0100011111111101
1001001111101100
1000010111101011
0100101001110010
0001101111001101
0010011001101010
0101100111001101
0111100011001110
0010010011011000
0010010010111100
0111101100000110
0001001101110010
0011101101001010
1000011110100011
1010001101110011
1001111001001111
0001011100011010
0101001100100100
1100100110011011
1111001011110100
0001100100101101
1111010000010001
0000000010111110
1111101100100100
1111000011110000
0010011100010111
1110001001110001
1111111000111100
1100110110011010
0001000110101000
0111000001011101
1101110001111001
1110101010001011
0100100000000100
1000111011000101
0000100100001000
1001100010101000
0011010010001111
1010101010010000
1001001110111101
0111100111100010
1111101001011110
1100010010101011
1010001010001100
0001100001000110
1111001000110101
0111000101111101
1010110111000110
1101000110000101
0101100011001011
1010111111110110
0010000110111011
1001100101010100
1010000101001100
0100100010001111
0000101010100111
1001001100010000
0000100001011011
0110011001010001
1110101100111100
0001101011101110
1011111111101101
1000001000100010
1011110011011001
0100001110000011
0101011101100100
0111011111010000
1101100010110000
1111001010101110
0101100011001101
0101110000111011
0000101011111010
1001011110001011
0000010100010100
0001011100110010
0111110101110000
1001110100000111
0111100001111111
0001001010110111
0000011110001010
1110001111000101
0111110100101000
1000010011011000
1010011111010001
0010011100100000
1111110101010101
1111011001001110
0101100111010101
0110101101110101
1111010110000010
0001000111010100
0101000001000111
0010111000011110
0000111001000110
1011000100100110
0101100100000010
0101011101101001
1011100111011000
1100001110001110
1000010101111001
1000010100101010
1010001101000000
0110110101100101
0011111100110001
0011111101010110
0010100011101001
0000101011001001
1101100100110000
0010001101100001
1111010001010101
0100001100001101
0111001110110001
0000101101110101
0100111010101100
0000111000001010
1101111110000001
0001001100011011
1110001110111110
1100100110110110
1011111001000001
1000000000101010
1111111101101001
0111011110011010
0000100001100011
0100110000100110
0000110001111110
0001010101100101
0010011111101100
0100011010001110
1001111111111000
0110111111011001
0101011000001100
0111000110001011
1100011100101100
1101000000101010
1100010010001010
1001000100101011
1101110101001000
0001011101001110
0111011011111001
0110000010110001
0100011110100011
0001111000110001
1010010111111101
0111001011100110
0100101110101000
1101101001110010
1101011111000111
0000100111001011
0010010101111010
1111111010101010
1101101101111001
1010100001000100
1110101110100000
0000110101100011
1001110001010111
0111100011100100
0010011000011011
1001010110111110
0100111110110100
1001101011010001
0110010010010110
1001111010010101
0101111010111001
1100110001010011
0011101000000100
0001101111000110
0101101000010001
1011000101001110
1101011001101100
1001001010010110
0111111111010101
1010110001000100
0011111110001101
1000111101010010
0011110111100101
1010001010000110
1000011000000000
0011101100000110
1111010100100011
0001100101011100
0101011000110010
0111010000011101
1101011111010111
0010101000011011
1101110010110111
0100110101001110
0101111100011101
0101001001100110
1110010001010110
0101100010001110
1110010011110101
1101011010110001
0111000101111111
0111101000001100
1011101100101001
1110010101110111
0000101110010010
1000000011100001
0101110110111111
1001101011010001
0000001001011101
1100100110100001
0101101011000011
0010010001111101
1110100101000011
1110110110001110
1001010110110001
1000101010100001
1110100110010101
1100001111111000
0000100000001110
1011111110110010
1111000110111011
1111111001110011
0010111000110000
1100000011001001
0111011001110001
0011011101010100
0110110100110111
1110111101000011
1001001010010100
0110110110001001
1011111111000110
0001000110100100
1111110110110110
0101101101011100
1011011011100111
0010100101011011
1101110001111101
1111000011010110
0101010111000001
0101100111001010
0011001011101000
1110011000100000
1101100000000110
0001110110011101
1111111001010010
0111001001011101
0111011011101110
1011100101110101
1110010111011100
1100011100110001
1100111100000111
0101101001010101
0111000110011110
0110100010000000
0011001001011000
0011101100101101
1111110100011010
0110100110000111
1011011111110101
1111001010101110
1001000111111101
1100010100000101
0101111001011001
1100010000111110
0010100001111001
0111111010101100
1110101101110100
1011000010111110
1001001001111111
0000110000111000
1001110100000101
0001001011110111
0101111111010100
0111101010101100
1001000100111010
1010001011101111
1000000111111100
0010010111100011
1011000101111111
1010110011101111
0100110001010111
1011000101100100
1101011110001011
1000101011001110
0100001001110001
1110011110101011
0000010100010001
1101101101010101
0000011100010110
1111011010101001
1000110110010110
0110011010001010
0111100001101110
0000100011111000
1011000010000001
1101000101100000
1001110010110111
1010000001001110
1100100000111010
0011111001000010
1100010011000101
0101000001001110
