0000101110101010
0110010000101011
1011101110111010
1111101011111011
1010100000000110
1100101001110101
1011010111010101
0000000101011010
0110000010010111
0101001101001011
1101101001000000
1011000100100110
0001010010100100
0010100011100010
0111000010100000
1110110110110100
0011010110101010
1010001000100000
1101111011001100
0111010001011010
0001111100010001
0010000000100010
1011011101110111
1101000001001110
0000000111110100
0101000111011100
1110100000001101
0100100001001111
0110111001010000
0010001111101111
0001110110111111
0111110010001001
1101000110100001
0111110011100001
1010000101011001
0100011111100100
1011110100100010
1110011010000111
1001101111100010
0111101010010100
1010100001001011
0010100111101101
0011010101001001
0101101101001000
0000000010101110
1111100111001000
1011100111001111
1000010000001000
0100110100111110
0101100001010100
1110011101100100
0001100100101001
0010111010101000
0110101000000000
0111000001001111
0000000110010001
1100101110000011
0111001010111101
0011010010101011
0010001110001010
0011000111001011
1001110000011101
1101010100001100
1101101001110101
0001010100100010
0110100011101000
1110000100001110
1111000101111111
1100000000101001
0011011101111110
0100100110010111
0001101011000100
1101000100010110
1100110110001110
0100000011010011
1101111101101001
1101011100000011
0001011111011001
0101000000111011
1110001111011111
0000001110111010
0011101101010110
0100000001100000
1011110011001100
1100001110100011
1100110100101100
0010100101010111
0000111000110111
0001011110000100
1000011001000001
0010101000000100
0110110001001110
0011110100111001
0100011011011100
1000100000100000
0101010000110100
1011100010101010
0010010100011100
0000001010011011
0001111111111010
0001011101110010
1111110100110110
0100111111000000
0000101000011000
1001011001011000
1100111000011100
1101110010111101
0001000110011100
0001011101111010
0011010101100110
1001001110100011
0101011100100001
0111111101000001
1000111110110100
1000101011000111
1001100101010101
1001111110011100
1100000101101010
1011011011101111
0010000000011111
1101111000111001
0011111011000000
0001011101001110
0101011011010100
0100111001101011
1011001100011111
0011000110110011
1001000111111100
1010101001011001
1010011100110110
0011011101111100
1001001001101000
1100011011011110
1100100000100111
1111011010010100
0011001000000110
1110110011000110
1111001001011001
0000111110000011
0011110100100101
0001010001011001
1111011101000010
1100000110100011
0110100000110010
1001110010000110
0000011001100100
1001100001001000
0000110000100110
1010010100000010
1001000001000101
0000110010100000
1100001010111110
1000011100001100
0111111111000111
0001110000110110
1111111101011101
1101110101001000
1111100110010010
0100111010111111
1100110001001111
0111010110001011
0000101010011001
0111001001010011
0100011011000011
0111111100110001
1110111110100100
1000111111011001
1100011001101001
1001000110000000
0111111010100111
1100010101000001
0001000001001001
0110001000100010
0110101010111110
0011001110010101
1001101101001000
1011101011110100
0001110011001101
0001101100101111
0100100000110110
0111001011110111
0101011011000110
0100000010100100
0110011100111100
0000011011000100
1010010100001000
1110001111101111
1101010111100000
0111100101011111
0011010001000001
0001000110011011
0010100000101100
0101101111000111
0100111010001010
1101001100111010
0000111101111011
1110001100110000
1011001100011111
0110000111000100
1000000111000111
0101011000000111
0100000101001100
1010110111110111
1100101100010000
1001100110111010
0010000111000110
1100100101001010
1100011011010111
0111101101110001
0101111000010011
0011111001001111
0010011100110001
1001111100000000
1110101111000010
0000010011000111
0101000110101101
0010111110101000
0001010001100100
0100101100001010
0011011011001110
0110011110011001
0001100000010101
0111000110011100
1110100100111000
1100010100010001
1100111011101001
0001001011001110
1000101000110110
1101000110101001
1010101011101001
0001100000010101
1010100100111101
1011011100101100
1010111001110010
1010001001001111
0111100100110101
1000111000001011
1011101000000001
1101110010010100
1111001100110101
1001001110001000
0100110011111011
1001101100001111
1001111101100100
0101011011000010
1001001100010110
1000111101111100
1011101111000010
0011100100001000
1010001111010100
1100110001111101
1011000001001111
0010010101011101
1010101110001010
0100001100011010
0010111111101011
0001011000101000
0001001110001101
0101111010010101
1000011111100100
0111010110011101
0101101111111001
1100101110000001
0011001010001111
1001001101011001
1100110101101111
1101000100010101
1011111011011100
0011111100001101
1110010110101011
1000010110000010
0010111001101101
0111010001010010
1011000100001010
0101111111101000
0110101100100111
0000100011000001
0100101100010001
1000010010000100
1000111110111110
1001001000010000
1101000100111001
0111110000010011
0100110011000000
0101100110101110
1101000100010011
1011110110000011
1001101101110101
0000100001011111
0011010110110011
0110110111101101
0011111100011101
0010101101000010
0010000001101001
0000110110000110
0001011110100000
1111100111010001
1001101011001111
1001100111111000
0010100111101110
0010111100011100
1110111000001001
0011110101010101
0101011101011101
0001101101000011
0011101001111100
0111001110101000
0010110010100100
1110111010110000
0100110100111100
1010000110101100
0110101010000010
1111111001000011
1110001001011000
1101110111011001
1101001110011101
0000110111110100
0111100011101111
0101001001011001
1001111111100111
0101111000101001
1001000010110011
0000000011100111
0011100110010101
1111011010010100
0001001111100010
1111011011011111
0111000001011111
0100110011010100
0000110111010011
1101010100010000
1010100110111011
1011100001111101
0111000000000000
1000001110010100
0100010011111011
1110001011110010
1111111000000101
1010111110011001
0101010110001010
0000110110110001
0001111100101000
1110011110101010
0110100011100010
0111000010111011
0101000011010000
0100111100111010
1111010001101011
1000100000110110
1001000101110101
0110011000001100
0110000010001100
0001100011111111
1010111101001101
1000011001001101
0110101110000110
0001001001010111
0110000011000010
1111011110011011
1111001111001010
0010011011001101
0111000110001010
1110000000101111
1000101110111010
1111110100110000
1010001100100001
0001101011011000
0011100010010110
0111110010111110
1000000010011110
1010000010000001
1110001001100100
1100011011011111
0101100000000100
1001110101101110
0001000100001001
1111001101000111
0000010000100011
0100000011111000
1111000110010001
1011010100010100
0101001110010011
0100110111000110
1000000100111100
1111011110000100
1110010101001000
1010000111111011
0001100011101111
0011000101110101
1110111011010010
0100001001011100
1110101111101001
0110110100101000
1111101110100101
1010101011110101
1010110111100001
1100111110101110
1011010101001010
0000110000010100
0011101110010010
1100110101101011
1001110001111000
1001101100110000
0000101011100100
1110100111101011
1101011110111001
0000111001101111
1001000000011010
0110010110110011
1101111101000111
0110001011111001
1101010011000001
1011111110100010
1101000110111110
0000111010000000
1000010101110010
0101100110001111
1011111101001000
0011101000000101
0001010111111101
1001110100100101
0100011110011000
0110110110010100
0011101010110010
0101010101110000
0001001101000011
0110101010111110
1100111011101011
0011101100010111
0011011110111010
1100000000001010
0100100011111101
0111100101010101
0010000011000110
0001100110001011
0000110100011000
1010000000011010
0110100111010001
0011111111001011
0011010000000010
0100110101001010
0111000110010010
1101000000001110
0111111100110111
1110100001001100
0000110000111010
0000010000011010
0001000000100001
0110101001101010
1001111101001011
1101110100101111
0000110111100111
0000000010000111
0100110111110111
1001011001110111
1101101001100111
0000101011101100
0110101001011001
0001001110111011
0111111100111101
1011010011000000
0110100000101100
0110110100000111
1001100000101110
0100110100101000
1001010001101010
0011110111111001
1001001111101011
1001100010110110
1011111110000001
0100010101000010
1100001100100010
0100101001100100
0101011111100101
1010101011110010
0110011100010101
1101011100110111
0011010010001000
1000011010001000
0000110001011100
0011010101000100
1111101100010111
0010110001010001
1110001001001101
1110100101000001
0010110001001101
1101110011001101
0011000100011010
1010100110110101
0011111100111011
1101011110001011
1111010000000100
1101010010001001
0101011001011100
0000111000000100
0110100001100100
1000111011010000
0010010001100011
0111101111000011
0001010110010100
0000101000111010
0100100011110000
1001100111100110
1101000101100000
0100010011000000
1001111000100110
1110000011101110
1010100011010000
1100010010101101
1100100001111110
0000100101000011
