1100001101111110
0111011011001000
0001101000101101
1111110100001001
1000000000100100
0100001111100010
0101010101110011
0101011001101110
0011101011111100
1110001000011000
1111000001100011
1110000010010000
0111111101111001
1011110101001000
0011110011000100
1101000000010011
0110101011010111
1111010000000111
1101100011110000
0011010011000010
0101000010110111
0000111110010111
1011100000000001
0111110111110000
1010011110111010
0001010100000101
0101101111101100
1110000001100101
0001101111110101
1011100001100111
0110010010111100
0001011011100100
1101100010001000
1011001100000010
0111001110010011
1110011010111011
1000111000001101
1001111010000011
0000100110100100
1001101100010001
1100100001111000
0000101110001001
1010000011111001
1100110101010111
0001110100101001
0001111101101001
0111101110111010
1100011100000011
0000100100010110
0111001000101110
1101010001000000
0100101010110100
0110001011010110
1011001010000000
1110001100100110
0111010111010010
1011010110011101
1111101101101011
0100100111000101
0010011010010101
1110110011010010
1101001100110111
0001100011000100
0000000011011101
1011100111011011
0100100100010101
1001110100100011
1001111101110000
0010101111111011
0111010111001000
0010101010001010
0111010111101011
0100000011111011
0000011101101000
0111000111101101
1000000111010110
1010100000110101
1011111011111110
0010011110111011
1110001111011100
1100110001110010
1010000000101000
0101011101111001
0000110000001010
0110011000010101
1010101010010110
1001111010110000
0010100011001101
0000101100011011
0010010110101100
1101111110110100
1001010110101001
1000011111011111
0110100000010101
0010011110100010
0111001010111111
1111111111110000
1010101010110100
0110101011101111
1100000011001011
1010111110000111
1001100001100111
0000110100110101
1111000000001101
0101010000101101
0110010111010111
1100000110010010
1010011011011101
0101100111000000
1001011110011100
0000010101011101
1011000010001001
1101101001010001
1011100110001100
1111101011011101
1111100010100010
0111110110101111
1100001111111101
1001101110101111
1100100001010100
1001111011001000
1110101011111100
0100000001010010
0110101101010101
1011001010010111
0001011001010000
0101010000101010
0000000000000001
1100111010001100
1010100001100110
1111100101111000
0011100101011011
0111011110100100
0010001100011011
1010010110011010
0100110001101010
1110100110010011
0100101010010001
0111010011110101
1010100000111011
1001101000010100
0010010101010100
0110110000111100
0000110000100111
1100101101001000
1100010110011000
1100101110011011
1110100011011000
0100110011110011
1000011101100001
1101010101000111
1110011101111011
0101000101101111
0101101001011100
0010011100101101
1110011100111000
0100011010000000
1011011101110000
0000111011011000
1011001011010011
0100110110000000
1100011101111011
0001011101000111
0001100100110101
0111100110011011
1010101011100011
0000110010011101
1111110100100110
0101011101001010
1111001110101101
0011110011000011
1110010001001110
0011101011000001
0110011110100010
0000111110010110
0101011001000101
1110111001000100
1100111101100000
0100011000010001
0000100000111011
1110101100101101
1110011101010101
1001111001101100
0101111111001110
0100100100110100
0110011010001010
1001001000111010
0011011000110010
0101000101000001
0111100010000110
0001110101001001
0010111010010111
0011000011111110
0000000001101111
1100000101101100
1101111001010000
1100100010101101
0111100011111000
1011101011000001
1100101100100110
1101111110110011
0100001101001011
1111111011011010
1010111011101111
0011011001011110
0001101001001001
0110101101100111
1000110100000011
1010011000011110
1100001001011111
1100010000101011
1101011111011111
1111011101101110
1000010110000000
1000011110100101
1010111110001000
1000001001100010
1110110100110001
1000111101000000
0111111100010010
0100001000010000
1001010011110001
1111010010001001
0010001000111011
0111101100111111
1110001010001111
0001010110001010
1010010011100011
1001101011101001
1001001011100000
1000101110110111
1011100010100001
1011011000101100
0001010011010000
0000010110100110
0110100000000000
0100010101100111
0001101100001011
1100110111111000
0000001101110001
1101101110010011
0100100011100111
0000111110000000
0111011000000001
1010011110110001
1100101000100111
1110011110100001
1101101111100110
1101001110011111
0001011011000110
0100001001111101
1001000000001101
0110100011001111
0110010000010101
1011001111000110
1110110111010001
1110011001111110
0010011010100101
0001100001101101
1110001100001110
1100110111001111
0000011001001110
0100001100001010
0011001110110101
1100000100100111
1011111010100001
0000111101111111
1010100101000000
0010111010100100
1111101111101011
0011110100010001
1011010001011100
1100001001111110
0010010101011010
0110110010010100
1000101000110101
1001010010001000
1110111111011111
1011110000010010
0011110110101110
1011111100111000
0110010011100001
0111010000010001
1111001101010111
0111110010010001
0101101010010110
0110101110101011
1100100110111011
0111000011001101
0011111010110110
1100100100001100
1001001010011001
1001111011001101
1000000101111100
1011110101111010
1100011011000110
1110110000110011
0000110100110010
0001010010011101
1000111100101101
1000111111111011
1110111000110000
1000111010101111
0101010010101001
1001111011010010
1100110111001110
1011011001100000
0111010000000110
0011010110111010
1000010111110111
0010111011101010
1011001011001001
0011011100110000
0110111000000111
0101110010100000
0011101010101110
0011001000101110
0101001001110000
0000110000001010
1111000011011100
0010000111010010
0110000011101000
1010011000101101
0010111100101101
0010111010011001
1111100100010100
1001111010011001
0100001010001001
0001010100000111
1111001001001111
1011111011011010
1101011111010011
1000001110001111
1110000000011111
1010000100101100
0101011010100011
0011010010011101
1011010110000101
0010010101011000
0101010110100000
0000011000000000
1111001001110011
0101101101000101
0100011000110101
0001111000001101
0011111000111010
1001110010010110
0100001010110111
0000011010110010
1010100110100101
0010110011011001
1000111010011100
1000000010110111
0100000011000011
0100111110100011
0111110101000001
1001010001110100
0110111000010000
0101000011011111
1001110110000011
0101000011101101
1001110110010100
0110001011110011
1011010110110101
0010000000001101
0010100111101011
1111110001101011
1011101001110011
1110011010101111
0110011010011101
1110101011001011
0101010010010001
1111010110111001
1101001000101001
0101111011101001
1001001010001110
0001001011010100
0101010011111101
1110110101011011
0000010000100011
1100010000101010
0111111100100111
1100100101110000
0111011111101001
0111100111001100
0111110001110000
1001110010011000
0010101100001101
1010110000111100
1001101001101010
1110000111010001
1110100000101010
1100000110010110
1011010111010100
1111000011001001
0111100111010101
0110010100010000
0111110011110110
1100010100011100
1111100110111100
0010111100010101
1110101011010010
0011111000110000
1000011101111110
0000110010101100
0110111011010101
1010010100111001
1000111010001111
0000101000001101
0101111000011010
1110110110100001
1010101101110000
1100000110110010
1000100111001001
0011011101101010
1110110000111001
1011011011101101
0010110010110100
0100110011111110
1011100011000001
1110011000000110
1110011100111101
0001000101101001
1101100011101001
0100100000110101
1111001011001011
0010100111100101
0101111000100001
1000111100000110
0101100111011111
0101000001011110
1011010010010001
1111111111000001
0011111010011100
0111011100111001
0011001111100100
1111100001011010
0000010110000110
0100011010011000
1110111101110100
1101100111010010
0101011100110111
0100101010100100
1110110010010101
1110011000111001
1111001111011000
0110001101000010
0101110010110101
0001001101010011
0011101110011101
1010100001110001
1111001001110000
0111101001101100
1110010000000110
1010111000101011
0000011101111011
1101000000001110
0011011100101110
1101111001101110
1100000110010010
0001100101100100
1110011100101111
0101101100001001
0000011000011101
1110011010110101
1100110010100011
1100100110001111
0111010010010010
1001011111001010
0111010100000101
1110001111011010
1001111000000000
1100011100111001
1111010011000100
0001011001111001
1000000101110011
0011111100100011
0001110010010101
1111101110001000
1001111110100011
1101000101001001
1010011111010001
1110110100101011
0101100111100000
1001001010010011
0001111100100100
0010111101101110
0111111010000011
1001011010010001
1010001011010010
0011110111111010
1011101001111110
1010111010001100
0011110010000111
0001110001011110
1001010001011010
1101100101001001
1101010110111011
0001001010101111
0000010001001010
0010111001000000
0011001110011010
0011000101001110
1000000001100110
1111001101100011
1100110111010111
1001110011011011
1011011100011101
1101001111000000
1110001100101101
1110000101010100
