0101011100100000
0000110011000110
0110110101001110
1110011101011011
1111101000011101
0110010011110100
0001111000110011
1110000010000110
0111100001010100
0001011001101010
0111000100100111
0011001100101111
0100000001100100
0100000011111010
1010010110000000
0011010100101111
0010111001101011
0101001011010000
1001001101111110
0011110110111010
1000101101110111
1110101000011010
1010101111000111
0111101011100000
0000001101011001
1100011101100101
1110111010001100
1000110011000001
0100101011011011
1010111110001010
0101001010100001
0111100101101011
1000100010011100
1100010011011110
0011100110011111
0100101111110110
0100011101010001
1110111100100101
0111111110110010
1001110011010010
1011111110111110
0011001010011000
0110000011010001
1100000010111101
1001111101111010
0100100110000010
0110001100110100
1001101010011000
0011011011100100
1011110101001011
0111101011101000
0101100001011000
1111110110010100
0010010010010001
1100111011010110
0100101100011110
0010000100000110
1010100011011111
0001001101100100
0110010101100100
1000001101001001
1011011001110111
1100001000111010
1011010010010000
1011011010000001
0100011111000111
1011010001110010
1010101000011100
1000010011001011
1010000101001011
0101110100110011
1000111011110001
0000000110101011
0111011000101011
0001110111010100
1101011010000110
0010000011111101
1000000101101110
1000001101010111
1100000100111111
1110110101000111
0011000100101100
0111111011010000
1100010111110001
1111010011100010
1110001001001011
1100000010001111
1101110101000001
0110011000111011
0111010111111001
1011010000100000
1000110001001011
0010101001110101
1010100101010001
0100010111100101
0111111010010000
0111101111100101
0010001001110011
1001001001111101
0110101001001101
0011011110100000
0001100111111000
1001111110000100
1000111111110100
1100011110011010
1101100011010000
0111100100001111
1011011110010001
0011001110001100
1001100110101000
1101110000001100
1000101000110110
0000101101000110
1110010100111011
1010001000110010
1010000001010000
0000001111111000
0110101000010110
1100110010110001
0110111010101101
0010011110100100
0111000101011001
0111111010010010
1001001110110011
0110000100011111
1001010101011001
1000010000110101
1101011000010110
0111110011101010
1010000011110101
1110010011100111
1011001010111100
1111000010101110
0010101101100000
0000001011000001
1010001011110110
0010011100001011
1000110100010001
0111111100000110
1001001010001000
1111101001100101
0001011000011111
1101001111110010
1100111011101110
1101001010001101
1011011000001100
1100001110101101
0111001111100011
0010111101011101
1101011110001001
1011000110011101
1101011001111011
1010101101101111
1000100000010111
0000111110010001
1000011110010000
1100011010101010
0010110111000000
1010011000010000
1101011101011010
1111010110000010
0110010110000110
0100100001010011
1000100010001011
0001000100101101
0101000101110101
0100011011100001
1111101100100111
0110010100010000
1010100011110001
1001010011100011
1101010111110001
0011001001110010
0000101000110010
1001101000101000
0100110010000100
1110100111101010
1100110000100110
0001001111010010
0110011100111101
1010001010100011
1111011001010111
1011011001000110
0001001110111101
1011011000100101
1011010100101110
0100000111100100
1101111011110010
0100111111000001
0101010001101001
1100100011110011
1011100000111110
1101010000110100
1001101011011111
1101010110010001
1001011101000000
0100110011100100
1110110001010111
0001001111011000
0110100010011110
0001010000100001
1110101000101010
0101100110100001
1110100101101100
0000101111111111
1101011111011001
0101100111111001
0010100011101111
0011101100010110
1100111010110000
0100110001011000
0111000100100001
0000010100100101
1111001000101011
1001111111010011
1101000100110010
1011111100001101
0011101001000000
0010110100101101
1000000101010000
1011010111010001
1111011111001101
0101101011010111
1110100111100011
1111110100100111
0111111011100001
0001111000101110
1111101101101101
1111111000101001
0101001100011111
1100111101011101
0111110100111100
1011100010011101
0000001110101110
0010000110110001
0110010011011000
0110011110110111
0001001010111001
0010100100111011
1101111100000100
1111010010000000
1100010000110111
1001001100011111
0000110000110011
0001101010101010
0100011010000011
0101000100100000
1011111011110010
0101111000111011
0111100001011000
1111100001001001
1111000000101100
0110101101101000
0011011110101001
1110110011111011
0101111101010101
0100110001111000
0010110100000110
1111101011001001
1110111000111111
0000010101101010
1111100111010000
1000110111101000
1000010111011001
0111011011011000
0001001010111100
1111000100110010
1010111101101001
0001010011011100
1101101100100111
0111100111011111
1011000000110010
1010010110011011
1110101110010011
0111010111001100
1110001010110100
0010101110000011
1001100101001101
1000110001110001
1010010101110100
0001000010001110
1010101101100000
1000001110110101
0111111110111110
1100000000010111
1011001001111000
1000001001011010
1100100100001000
0001010000010000
0110010001010010
1011011110001101
0001101000011011
0010110010011101
1011100000000110
0010111000101011
0110010011111001
0011010001000010
1101111000000100
1100101101100101
1011100110100000
1100010101100001
0100011010111010
1100011111010001
1100101011000001
0100001001010101
1010110111101110
1010010110001001
0000001101101010
0101110101000110
1111001111000011
0101011010000000
0010011101110010
0011110010111100
1111001110000001
1011001010000011
1110000110000010
0011000011000100
1111001011100110
1001101000000000
1101010000100001
0110110100011000
0100000100011001
1100101010110101
1010011111000111
1111110001110010
0011011010110100
1011111110010101
1111011101101100
0110110001000111
1010101111100110
0001011100010010
0101111001010000
0000000110010010
1110000001101011
1011011010011110
1011000001010001
1100100010001101
0101111111100001
0010100101110010
0101000111001001
0111110000010101
1111001101011101
0001110011110111
1111000110111000
0010011110010100
0111000101000110
0011011010011110
1101111100110110
0001100101101110
0011010011011000
0110100010001101
0011100111001110
0000111010100110
1111101110001110
1100110101101101
1101011011011000
1111101101000110
0001110111000010
0100011110001000
0110110100011010
0001011110100110
1011101010110111
0011110111101100
1100100100000001
1000000010111001
1010100011011100
0000110010110000
0101010110110010
1001000000100110
0001101101110011
1111010110011100
0101110111011100
0001001000101011
0111100000110000
0101100011010101
1111100010100101
0101111010001010
0010101101101110
1010011110000010
1011111101110111
0001011111101111
0100001111000010
0111110111110111
0110100101000001
1110100001100000
0100100001000111
0111001000001001
1101001001010111
1010100000010110
0101101010010100
1101000000000110
1001011100011010
0001111101111011
0000111000111111
1001000001001001
1110000001101111
1001100011101010
1101001000111110
0011110101011110
1101001010101010
0000011010101100
1100011111011010
1001110111011011
1111001000010111
1000000000001010
1100000001101101
1110001101101100
0111100110111101
0101011101001101
0001001010100100
1100011110100011
1100101010000010
1100000111101111
0100100000101100
0010110011000000
0110010111010100
1000000100000101
0100010000101001
0011101110000001
0111010100000100
1000101101100011
1000010110011010
0011110100101000
1011101010111000
1010101010111101
0001001101100001
0001010000011011
1011100000111000
0111110110110110
0100000111110010
0010011101100011
0101111100001010
0000001010111101
1110011100101011
1000111010011011
0011101100000111
1100101111011010
1010100100101101
1110010110010110
0000011101111010
0011111000111100
0110011111101100
0000100100111000
0000111110100010
0101000011000111
0101110001001101
1011000101011001
1000101001111110
0000100011011010
0001100101011001
1001001010100101
1100110010010111
1011011100111000
0110010101000100
0001111111111111
0001111111100010
0100111011101001
0101111110100000
0101011010011111
1000001010001101
0111111001100100
0001001101001111
1101111011101101
1011010001001100
1001100000001101
1000000010010101
1000011110111101
0111010010001000
1111010100010011
1110111111001100
1110010100101001
0001001010111001
1110100101001011
1011000100010011
1101011010010010
0101110000101011
1010011111110111
1011001000101101
0100101000110110
0101100011000100
0000110100010100
0111011100110101
1011010111111000
1011011110111001
0100011010100100
1011111011111101
1001101011110100
1111111101011101
0010010001000101
0000101001010000
1010011110101000
1011000001111001
0010111011011010
0001010010110000
0100010110010011
0001111110011010
1001000111111100
0010110100000011
0001110001100110
1011101001010010
0011000001101010
1111010111001101
1101100011111111
0011110001000110
0011010110010000
1100110100100001
1111010110110010
0110011100110101
1110110100000000
1000110001010101
1110110001011100
