1110000010011010
0010011001000101
1100101101110110
0000000000010000
1101111100001000
0011011001110011
0010011101111101
0111110001111001
1010110110111111
0001010100100010
0110101010010011
0110010110011101
1011100110011111
0010010110100001
1011010001000100
1110000010110000
0100111110011100
0001011110101100
0011110101100011
0100100100101001
0111100001101010
1101000101000000
0101000101100010
0011000100111001
0011000100011011
1011011000010110
1011111100100111
0000001011010001
0110000101011010
0100000000110111
0010011010100100
0000111000010110
1101011010000110
1101000101010010
1010100100110010
1100010101000111
0100111001011100
1000100001010101
0011000000000101
0010100101001110
0000001000001011
1001001000101101
1100111111010001
0111000011010010
0101011100110000
1100111001000111
1100111101101100
0100101000010100
1101111111001100
1101010001000000
1111011110111001
0111011001100000
1110001001010010
1100001000101011
0011010100101110
1000010011001101
0111100110010000
0101100100100000
0110100101001000
0110001010110100
1011100111110101
0111110010100111
1011010011110011
0010000101111100
0001110110010010
1011000111001000
1110001001000110
0110110000101010
1010100000101001
0101010110011101
1111110111101010
0000100000101011
1000101000100111
0100000001011001
0101011100000011
0101011011110100
1111100110001100
0011010011101101
0110100100011011
1010111001001111
0111010000001011
1001011101110101
0010010110001001
1000101100100111
0011000010010100
0101000010100010
1000110100100100
1100101000000000
1000010010110011
0101100011111110
1011100011101111
1000100011100001
1100010111100010
0111011010101111
0010000111101111
0000110000100111
1000011000010011
1111100111111101
1110010001011010
0101110100101100
0100011101000011
0011001011101101
1100101011100110
0101000000010101
1000001000111100
1011001001001101
1101001111001100
1101011010010100
1000111001010011
1001001001101011
1010100111110001
0101110011010001
0011011101000000
0111101010010011
1010001010011010
0001111010000110
1010001011001101
1001010101000110
1101010110101000
1111001100111101
1010001111111000
1001110001011101
0010011111011100
1100001110010010
1111100010011000
0011011101010101
1001001011100010
0011001100001001
1110000101101001
1101110100101001
1111100001111001
1000001001001101
1000110101110011
0010010011110000
1100000111110000
0001110110000110
0001011100001000
1001111101001000
1010110001011101
0101100111011110
1101001001111001
1111110110101001
0011110111111001
1111011000001011
1001001010000111
0000000110001000
1010100101000010
1101010010111010
1110001001110000
1001001100001011
0001110111101111
1001101001110101
0100000001011000
0100101010001111
1010100111110100
0010100000111011
0110101000010011
0111101010000100
0001101001111001
0101001000111001
1000111000001000
0011101011111001
1000010001111101
1000100001010011
1010010100100111
1000110110011100
1010011110011010
1110100110110101
1100010000010000
1110100110110101
1011101000100100
0001110111011011
0001101000010101
1111001111111110
0101011111100010
0010001010110110
0000101000001110
0111000100001111
1010010000010111
0100001111100100
1111011110100100
0100101010001001
0101111001111010
0000111010111001
1110100010011010
0110001011011110
1001110111000001
1101001011001011
1111000011010111
0001011110100100
1100010010000110
0110010011010100
0001011011101100
1100010010011101
0000101010110101
1110000100110000
0011001110110110
0110101100111110
0000101111101101
1110101001111011
0001111100011000
1101101011101010
1100110010011000
0011011000010010
0001011011000100
1001111110010000
1010011011110110
0001111111000010
1010000001001100
0100011011100011
1111100111001100
1010101011100111
0101110111100001
1111011110000010
0101010011011110
0111101010101110
1110011011000100
0111010000111100
1110000011001010
0011000000000001
1011101000101000
1000000101010001
0001101010010011
0100011001001010
1010110001000011
1110011001101000
0111000100100100
0010011000001100
1100101101110001
1100001110000000
1010101000011011
0100011010100010
1100100100111101
1100110101111111
0110011011100110
1110000110010100
0100100110110100
0010110011101001
0001010110101000
0000111011010111
0110100111000000
0111110101001110
1000011100011101
1100100010101001
1110000110001010
1010101101101100
0111010011101010
0110001101110110
1111001010110010
1000110110000010
0001110000101000
0010111110111110
0110011001101001
1010111010001100
0100001001011011
0100101010101100
1010001011111111
0010000000111001
0111010101110000
1111110111001001
1101000101010110
1100000110010001
0010001100010101
1000001110001000
1110011111010000
0110111001000001
0000101010010001
0010001010110001
1100000111000001
0110011010111011
1010100001101110
1010101000100000
1010001101010110
0000000000100010
0111010100100110
1010001011001011
0010110011101001
0110001101101111
0100011100010001
0101101100001100
1100000010110000
0011101111000110
0000011010101000
1011000010101100
0010001110011111
0010000111100101
0010010111010110
0000101000000111
0000100010110001
1001110101101010
1010111111001001
0000101100000000
1010100100100101
0001100100110001
1111010101111010
0101101100011110
1001111101000101
1100001111010001
1110110011100010
0011100101111001
1010011011100111
1111100010100010
1101110101001000
1110001000010101
1110000110011001
0001001001000001
0101011100011110
1101010111010011
0100000000100011
1100110100000110
0101000001000011
1101010000011011
0100111111111000
0001100010110100
1001101000000111
0111110110000100
1110111010110001
1010001001110000
1010011111110000
1111111111111001
1011100111100001
1000111010110010
1000100100100110
1011000001101101
1101100010000101
0100011000101100
1001101000110101
0010000001110000
1110000110110110
1000100101111001
0111100001001100
1011101100110000
0110010010110011
0110100011001100
1110110000101000
0101101111010011
0001111110111001
1001000000011010
0000000100100000
0110100111011101
0001010110010100
0011011000100110
0011100001110100
1010100101011000
1101110011000011
0001110000100010
0010111011100000
0100000001101100
0101010010001111
0101000100000100
1001100111000001
0100011010010000
0001001101101011
0111010000001000
0110000110001110
1011000111000110
1110011011000010
1100100110111010
1110011101100000
1010101000110101
1010010100110101
1100111000110011
1011111110000001
0001010010010000
0000001010010011
1000010111001101
1111100100001010
1111001111000010
0101110011010001
0100111001000110
1011011011100111
0011100100000010
0111001100101100
0100110111110101
1101010100101101
0001111110010100
1010011010111000
0100010111111011
1110111001101011
0111110100110101
1010011101001101
0110011111101110
0110010000100011
0011001001001100
0100110001111000
0010101100111101
1010011001010101
1010111110000100
0111010110101001
1100110010000000
0011010110101100
1101011010010001
0110011110111101
1111001101110000
0001010011101101
1101110111001000
1000101111100001
1101011010100110
0110101000000001
0101011010100010
1010110010000010
0000110010111000
1101100110101100
1000000111110000
0000000010000001
0110011100101101
0001011010010110
0101000011100000
0101111101001010
1010011001110111
0000101101101001
1110101110100010
1111001011001000
1001010100011011
1011011000011101
0100111110100101
1111010111100011
1000100010011110
1010000101001111
0111000111001001
1011011010001101
1111011100010011
0010110001000000
0010011011110111
1001000110111111
1000110000110110
0110000111111110
1001000100110010
0111110111010110
0100100011011010
0111101011100001
1001001111111001
1000100011001101
1001100000101101
1001010010001011
1001100010011110
0011101001011010
0000001001010010
1110011010001001
1111110011100011
0001010111110111
0011000010111000
1001000111001001
1001100011000000
0101010100010000
0111010100111000
1011111010101010
1011110001000010
1101010000010100
1000100011001100
0101010011001101
0110111001111110
0011110110111101
0010110101110010
0110111111110000
1001101111110000
1000001000110001
0010110110101100
1010101010001000
1111000011001010
1110001010111110
1011010001101001
1001011010111110
0100110100001110
1001100001001011
0100001111101100
1111000100010100
1100001010000101
1100110101111001
1010110011101101
0011101011101110
0101111101000111
0100010011110001
0000011100110100
0110111010001001
0001111111011010
0100100010011011
1111101010110001
0000011011111101
0110100110001111
0000010010000110
0111110010011001
0010110001101100
1001101111101001
0000001010000110
1100100011011010
0000111011001010
1000001101010000
0000110000100101
0111100011010001
1110000100110011
0011100111100110
1011100011100111
0001101110101010
1000110000101011
0001110010100010
0000001010011010
0110001011101000
0110010100110001
0010010000000000
0111110110101010
1010100111110101
0111000110100001
0010000100001011
0011111111001000
1000000001110010
0111000000011001
0011111101011110
1000101111010000
0001101100110100
0101001011001111
