1001110111100110
1000101101001111
1111011001010001
0000000001101110
1101100001111001
1010000110101010
0100110011111011
1110011101101101
1010010010111000
0110111111010111
1101011010100000
1111010100110101
0011000110000101
0111001100010111
1100110111011001
0100011111001011
0011011100101000
0111000011011101
1100100110001011
1000111111111001
1010111000111001
1000001011010110
0101110110011011
1000011000001110
1101001011100001
0101010010001110
0110001001101110
1001010011011100
0010100110111101
0101110010111001
1110101101100010
1011100000000011
0011111100010011
1110100010000010
1001000001111001
1110100011101000
1011000001001000
1111001101100101
0100110011010110
0101101111001001
1110000010001111
1100001110100010
0000011110010111
0001111111111000
0000000000111111
0101110110110011
1010100110010101
1001011100000000
1000100010100100
0010111000100110
1011001111000000
1110000100110000
0101110001101000
0001111101101110
1100110011110100
1101011000011000
1100000111011001
0101101101011010
1000101000110001
1010001110010110
1001101111011110
1000011111011010
0010001100000010
1000100011110010
1100000001001110
1001111001011110
0110010110011110
1000001010011000
1001100111101011
0111010011011011
0000000111101111
0100101101011110
1010110010001111
0011101010100110
1000110111111110
1000101100001000
0010100101111000
0001101110001001
0110000001011100
0001010111010100
0111000100100101
0000101101010011
1000011010111010
1100010110100010
1100111000001011
1001101001100001
0011100011001110
0010001011000111
1000101100011011
1001100001001011
1110010000111010
0110101100000010
1000100010111100
0001100001010000
1001000001100011
0100001100000110
1101111101000010
0111110100101000
1110101001100010
1000010100110000
1101100110000111
1011000011001000
0001000100100011
1011000010101000
1010101001110010
0100001011100011
1001011110111011
1101011100111000
1101110010111000
0000001000100100
0100111101010110
0001100000110101
1111011011110011
1001110000011100
1010001100011000
1000101011111100
0110110010111010
1011001100100001
1011100111011100
0010110101110101
0001010011111101
1001000001001010
1010011101100100
1010010100110011
0110010100100011
1011100111000010
1000010011111010
1111110001111011
1011010100010101
1011001010001110
1000110000111010
0001001110011101
0100110000000110
0100111111101110
1110111011010100
1011101111010101
0100011111010000
1100110111001111
0000000000111000
0001011011001000
0111101101101100
1111001010000010
0101010111110010
0000011100100100
0100010111100011
0100000011010000
0111001111111011
0111100101101010
1000000010001111
0010001101111011
0111110000111110
0001010001100001
0011010000010111
1011010100001110
1001010010011100
0001000001010001
0100100110011001
0111011101100111
0110011110101111
1100101101101110
0101111101111110
1111010101101110
0100111101000011
1001110110110110
0101111011100101
1100001011001010
1100001011000011
0001111010000101
0111101010011010
0001100000010001
0001111110100111
0011101100000111
1000011011100100
1101000000010110
0100111000010110
1011010111010010
0010100100110000
1100101010111111
1001000011110001
1001000100000010
1111111010100111
1010000100001100
1110110010101100
1111001110100101
0011111101001100
1010110110011011
0011100000011010
0010001100110101
1100010000101111
1001101111000011
1111101100110101
1111011111110111
1111000111010101
0111111100111110
0100000111011010
1011101101110001
0010110101111001
0001101011011011
0101101111100010
0000001101000001
1010110111011001
1101001100101100
1101110111100010
1000100101101001
1001011110001001
0100011001001001
0011010011010110
1100001001001000
0100001100100101
0000011011001110
1000111000111111
0110100101110110
1011111101101111
0001110100111110
0100000100110001
0000000001001100
1011011010100011
0101101011100001
0010110111000101
0001111011011001
0100010001000011
1100011000001000
1010011111101110
0011000101100100
1011011011000111
0100000111011111
0100101100000100
1100011001001100
0100011011000111
0001111111110001
1011011000100111
0001011011001000
1001010100010010
1001101000001101
1010011010001011
0101101000110011
0110111110100101
1101011101011010
1010100110010110
1001101101000001
0110100000100010
1011110000000001
0100111010011000
1000001010010101
0010111000000000
0010111011110011
1001001110111001
0110100001010101
0010010010001000
0001111011100010
1101100001110111
1010101101011101
0001100110110101
1111010001001011
1001001111110011
0111101100111101
1100000100010100
0010000101101000
1100011100100100
0101101110100000
1000000101000001
0010011100101010
0001001100111001
1101100000111111
0101100011100001
0101011000110011
0001011100100010
1000110001100010
1011010110101000
1101000100000111
0100001011110011
1100011010110010
0110111100111011
1110001101111010
0010101110101010
0001001001100001
0000110000011111
0010100101011101
0000000001101010
1010011000001101
0010100001010000
0011011010100101
1101110001100001
0010010010101001
1010000110000101
0111100100000011
0010010100010011
0110010101001100
0110101100011111
0000001010000000
0111101100111010
1010101000111001
1010100010000101
1101111000101100
1110011101001101
0011011101010111
1010011000000101
1001001111111101
0100111000100000
1001111110101111
1000100011110101
1101011100100010
0110100110110001
0110111110010100
1010010001011110
0100100011100011
0011100011110110
1100100111110111
1110001100100101
1110010010001001
0011100001101101
1110001101011110
1101001011010011
1000011110101000
0111000110010101
0101100101000001
1010101101101010
0101000101010100
1111111111000100
0110101101011011
1011100011111010
1010111010101000
0100000100000101
1010000011010001
1011110111101111
0101100101001101
1101100110111010
1010011111000111
1101101111111001
0100010000001011
1100010001110000
1011101110000000
0111111111111011
1001000011010000
1001011100110111
0110111010010111
0110100111110001
1111110010011100
1110001000000010
0101010000010110
1110101101001011
0011010000001111
0101100001011110
0011010010100111
0001001011001010
1000101101100001
1111101100101011
0101110111101111
0000001110001110
1100010000100000
1000111011100000
1111001111001010
0100111101011000
1001101001100110
1001000000101010
0001111101011001
0011001011100101
0010100100100011
1011011011011010
0100010000001110
1011000111111101
0010101111000000
1101001100000000
1010001100010111
1101000101111010
1111000110111011
1100111100000110
1010100000000010
1100100001111111
1101101001000101
0010110011000100
0011010010100001
0101001000011000
1101000111100000
1001011011010100
1010010100001101
0011111011110111
1111101110111001
1110101000001011
0100111101011011
1100100111011010
1101011011001000
0010101000010011
1110100000001110
0111111000111010
0110011111100101
1100000110000010
0000001001010000
1101010001001001
0100111110001111
0101111010010111
1110010110011010
0100011100111101
0011100001011110
1001011100000100
1000101100110010
0011010011110110
0100000111000111
0011000110010111
0111101010001100
0010101110100000
1111010110011001
1010100000011010
0111011111101101
1001010111010010
1000110001011100
1001010111110110
1010011001001100
0010110010000011
0100001000100011
0011011011011110
0111101110110000
0111110011100100
0001101000011001
1111101010010100
1111110011101011
0101000111010000
0110111111100010
1001011000110001
1000011000110110
0100100010100111
0111001001011010
0100010111010111
1010000101001000
0100111110010000
1100000110110110
0101001000010000
0011001101010010
0101100111111100
0110010111010001
0111100110001100
0011001100011010
0110110001111000
0101000110101000
1101111110110110
0100011001111111
0100000000001001
0000001111010110
1010110000110010
1101111110001001
1010101011101010
0011101101011010
0000111001011001
1110011111101001
1101011000111111
1000011000011110
0100100011011101
0000100000100000
1001010001010000
1001100100000010
1001011011111011
0001100111101010
1100110101111010
1100000011001110
0100000011001011
0100010011011001
0101111010100001
0111100100111111
0010110001110001
1000111100101010
0111111110000101
0001011011000001
0100011101010001
0010111100001100
1011011001111000
0100011001101000
0100010011111000
1001101010110011
0000010001110111
0101001101011111
1011011001011110
0011111100101001
0001100000110010
1100100110111001
1010111100000010
0011111001001000
1011000010011010
0011111000011111
0100111100000110
0010100000110111
1111000101001101
1111110010011011
0000111111101110
1011110010011000
1101010101101100
0001011111110110
0100010101101101
1001011000110011
0110111111001110
0000011001111000
0101001110110110
0111011001111000
1110010111000011
1011101000111000
1010110111011001
0101010110110011
1111000011000101
1110100011000111
0010011000000101
1001101000010110
0110101010000101
0101111000101101
1100111010001000
0100000000110011
1110000101111011
0011001011100101
0011110011111111
0011110011001110
0001111100001000
0111000010110001
0010100011011111
