1001011110010000
1011101001101101
0011001000000000
0110011111000101
0000101101101010
0100010010101001
0100111000001001
1100110110001010
1011111011010010
1010100010010100
0101101111111100
1000011010000100
1011001010101110
1100110000110100
0111101100001001
1000010001011001
0010000010100001
0010011110101000
0101110010111111
0010100111011000
1100100101001010
1100110110000011
0110100010010000
1110000001001111
1011010000010011
1001111010110010
1011100001111010
1111011000010101
1110000111101110
1101100010100111
0101101011000110
1100001000011010
1000111111111011
0100111101110100
0101101110000011
0101010010010111
0110001110000010
1101101100000110
0001111111010011
0101011110001010
1000100000001111
1011010100100011
0111011111100100
0111100001101100
0010010100011101
1011011110010001
0100010010101000
1100000101110001
0001111101101101
0111010111100000
1111100100101100
0101011011111010
1011000100001111
1100100110010001
1011111001001110
0100111011111110
0011100111010000
1010011100011101
0100011111001010
1110000010001111
0001111001101110
1010100010010100
0001000000000001
1110011001101100
1010010000111010
1100001000001001
0111010111010110
0110100000110001
0000011101100100
1000011000000110
0000011111000110
0011100000010111
0000111101010111
0100100111111110
0011111101000111
1011100100111110
1001100101001100
1110100111111111
0000001010000111
0101101011010101
1001010011100100
1011011110001010
0001110010110110
1111100110100001
0100010010101111
0110000010110110
1010101001100001
0111111100111000
1011111000100000
1111100100100001
1100111000001111
0011111110010100
0000010110001110
1010001100011010
0010000010101000
1011110110100110
0001110100011011
0010111011001011
1101010111010111
1011111100011111
1010111001011110
1101001110010011
0010110100010110
0110111101000011
1110111001001011
1011110001101000
1010110011010101
0001011001001001
1110011101110110
1101110001110111
0011111000110000
0001000000111111
0111111101101011
1010111100111100
0110101110110001
1111010011110011
0001101100011100
0001101110100001
1010110010001110
0010001110000110
1110100111100101
0101011011100000
1100100110100000
0101100110011000
1011100100110101
1011101001000101
0000001001000011
1110101011111000
0000100011100001
1010110001010110
0011111101111000
1011111011001100
0010101001010000
0111111001101011
0001110111001111
1000100110001111
0110001001101111
0011010101011110
0000111011001010
1000000011110101
1001001100000111
1001100110001010
0110011110100000
0111111011011111
1000111011010101
1000000111010010
0001011111100000
0010101001010010
0100011000110010
1110010101001000
1000001101000100
1111000111010101
1101011000110110
1000010001101101
1101100011001101
1011011111100011
0000011101101011
0000011001100101
1100010111000111
1100111111001010
1001010010010101
1010110100000101
1010100101101111
1111100110100100
0000000100100011
0011011110111101
1001101111110010
0000110001111000
1111111000101000
0101001101110111
0001111000100000
1011001110100010
1000101011010110
1011101110101101
1111111011001100
1110011111100000
1010111011000110
0001010001010011
0110101101101000
1000011011001111
0101111001100010
1111011010001010
1011001110100100
1010111001001100
0011010101101101
1100010011011011
1110101000010110
0001011101010110
1011011101101100
1110100111100000
1110000011111111
0101001110010001
0000100111101001
0000111101110100
1000001010011001
0100011110010011
1011001010010000
1000110000110100
0000100100001110
1010010110111001
0111000111011110
0111010001000011
0100000100000000
1001000110111101
0000101001100101
1010100010000100
0110110000001110
1100101010000000
0011110110110001
1101011111010110
1001111111101100
1001010010000000
0001101111100111
1001100010010011
1111100011010101
0010011100011011
1010101100111001
1111000111111010
0110000000010010
0110000100011010
0010110110111001
0110110011010101
0011100100111110
0111011111101001
1001001100111110
0010011000001011
1101011100010100
1100111101010110
1110110010110110
0100011101001100
0111111110011110
1101110010010010
1011101011001010
1110111111000100
1010101100101101
1110111000000100
1000100011010111
0100101111011101
1101011100101001
1000011001111011
1001001111100100
0001000111011110
0010010100010001
0010110100100011
0010000000011111
0110011110010111
0001101101101111
1100000011110100
0100110110111011
1001001101011011
0001001110011100
1011101111011110
1101111010010010
0001000100101001
1110011010000110
1110110111100110
1010001000011100
1110111010100111
1111101110111001
0010011011111000
1111101001111000
1101101110001100
1110111101101101
0001100010011000
0011011011100101
0100100001010100
0110010110110110
1011111001000111
0000000100101110
0100100011100011
1111110001010011
0000011100011111
0100010011010001
0001000110101101
0010001010001001
0011010100101001
0110100001101010
1110000100100100
0100110101101111
1010111000001010
0101000001010101
1010101010101001
0111111000111101
1001010110100110
0010110010101010
1010111100111101
0001001010001001
1000001110010010
0100110111000011
1110001011001000
0010010000001010
1001101100101111
0100010011010010
0011011011001010
0110100001100000
1100000010110101
0000110111001100
1100001100110001
1000100011111001
1111010101000100
1001110100001101
1101101011100001
0101000110011100
0001110101010000
1100001101011001
1100001010001110
0100010001010100
0010001100111000
0111100010001101
0110011111101100
0011000110110010
0100011011101011
0100010101010000
0101101101101101
1111100001000111
1110000111100110
1111011011011101
1000000011101011
1001010110000011
1010111000010110
0101110101101111
0001111111000101
0111001100001101
1011010100111000
1010010100001100
1110010101000011
0010100011101100
0010101001001010
1010101101110001
1001111000011001
0101010111000010
1000101011001101
0101101101001010
1011101101100000
0100100001000010
1011110111001111
1011001001111101
1011000100101110
1100111010101010
1011000011001111
1111001111111100
0001010100011001
0110000010001011
0100000111011101
1101110100000010
1010111010000001
1011010011111101
1010000010000000
0111110101010110
0001110001001010
0110110111111111
0001100011011000
0101011000010110
0110000110000100
1000101001111101
1000010101110100
1110100110110011
0101000011110001
0001001011110100
1111100111111000
0100010110001011
0111010111010111
0101111011101011
1010000101010101
0001011011100100
0110101000110110
0001011011110001
1000110011101000
1100101000111000
0010001100000100
0111111000111000
1111100111100110
0011000001000010
0101101010000101
1000000111111010
1011001011001001
1000011111100010
1010100010011110
0001001011100110
1111011011110110
0011111000001001
0000101101001100
1110110111111010
0000010111100000
1110000111010001
0010110000100101
0110010001101011
0111011011101100
0111010101111111
1011010111111011
0111001011001000
1111110101101110
1101101101011111
0001110001010001
0100001010011100
0111000100110100
1001101100011100
0010011110100000
0101101000000111
1111100000110001
0110010110100110
0101010000111000
1111010101101011
1100111011000110
1101000011011110
1000110011101000
0100000010110111
1101111000000001
0011001111101000
1101010100100111
1101010010100010
0001101000010101
1100101101100001
0110111111011011
0101100001001100
0111111111000011
0001100111001011
1001110001000100
0000011000110011
0100101000101111
1000010010011100
0100001110011111
0100001111011011
1000101101100011
1101100111100110
1111000100010001
0011111010110101
0010000010110001
1100111111001001
1111010111001111
0000101111000100
0011111011111101
0101010101111110
1111101111111111
0100100110100001
0110101100001000
0000001100100111
1110100100011110
1011111001111010
1000111000010011
0011010001111100
0111110101101000
1100101001100110
0001100111000010
1111010111101011
1001010100000111
0101100001001000
1100001100111100
1010111000100100
1111111010100110
0001001101101100
0111011110111010
1011000011000000
0010100110110100
1101001111101110
1111010101100101
1000100100010010
0000000001101011
1011101110111110
0010100101100000
0000111001110000
1110101011110010
1101101011100001
1001101001010111
1110110100010011
1010101111101111
0111110111110111
1001101100100000
0011111000010001
0110110010100011
0101000110111101
1010110000001100
0101000111000001
0110110001010100
0110100011111001
0101111000010110
0010100011000011
1111111100010100
0010001111011101
0101011100110110
1100110110111101
0010001111010110
0100010101100011
1010011011001000
0011010001100111
1110011110100011
1110001100001110
0010100110000100
0100011010010001
1000010101111111
1011000110001000
1010101110000001
0000011101011101
0011100111001011
1101010001000100
1001101001011000
0100000100011110
0111111000010111
1111001011011101
0000010100011011
1110011100101101
0001111110011000
1001101111111111
0010100100011001
1111100111111000
1110011010111011
1001111000110100
0011010110001111
1100101010111100
1001100011110011
0000001010110000
