1100000001100111
0000111101110111
0001011001100010
1000101101100100
0000111010010100
1011110001010111
0001101010110010
1010011010000000
0111110010101111
0010010110111110
0101010111100011
0100111101100111
0100000111010011
1110010010000111
0101011011001111
0000010110110011
1100001010111010
0011110101111110
0010010000110101
0110100100001001
1111001010010111
1000110000001101
0111100111100100
0111010001101110
0011010100110111
1011010011000101
1001111110011001
0100111010011110
1110100011101100
0001000001110101
1001110010001100
1000001000111111
1010100011110000
0110000000011000
1100010010110000
1110000101111110
1110100110111100
0010110010111110
0100111010101010
0001100111011000
1000000010110111
0001011001110001
0010011011110111
1011000111111100
1010000111101000
0000100110100111
1010011110111101
1010111111101010
0101011110000010
0011111000110001
1000110110000101
1011011110000100
1001111111001110
1001100000110000
1001010110100001
1000111101010101
0111100011011000
1000010101101101
1101001000010110
1000100001110100
0001011111000001
0110110111011010
1010111011100100
1000011000011011
1101000010011101
0110001110000000
1000100010001101
0011001100010000
0011010001101010
0110110001111100
1011010101001011
0001001100011000
1001000010110110
1111110111101100
1000010011110011
1111010011011011
0100011100010100
0100010010110101
0111110000110101
0100110101110101
0100000111011110
0010110011000110
0101101100000010
1100100011111001
1010000110001111
1000100011011000
0011010100111110
1110000110010001
0001011100011100
0011001001100110
0011110010100101
1001011100110100
1011100000000100
0000111100011110
0110111000111101
1001111110001101
0010110000100110
0000010100000111
1010100001011111
1010000110000001
0011001011011111
0101110100011111
1000111110010101
1001010010010110
1110110011001010
1111111110100000
1001001110001101
0000110110100010
1011000100001110
0001000010000101
1100100010010100
1100011011101101
1111100001110000
1011000101000110
1011011111011110
1001011000010001
1001010010000001
1000010001011111
0010001011000111
1100001011001011
1011110101001100
1111010001110010
0001011011011110
0011111100010011
0000100110000010
0100001111101110
1110100100000000
0010110011000100
1000011101110000
1011110111010010
0000110010111100
0001100011100110
1110011100011111
0000111100100000
1101100111010010
1111111101101000
0001011111100111
0101000011100011
1000001000010100
1100111100100100
1110110010011111
0000011001100110
1101011011110011
1111111001000111
1001110101000001
0110010001110001
0111111111010111
0010001000010100
1100000101111000
1100010110100100
1010100010001110
1011000111111000
1100101011010000
1001101101001001
1100010000000011
1001001011100100
0100100010000110
0001101011100001
1101001010000010
1010011001001001
1100111000100100
1110100011101100
1111000011001010
1011010001011011
0001111110101011
1101010010101011
0110110011001100
0100010001000101
0001010111101110
0010100111011001
1100111010111001
0100101110110110
0000001010000001
0100101011110100
1110010100001111
0001110101100000
0100101111000010
0111110000011000
0100001110011101
1011011110010111
1011011011100111
1010110110101010
1011101001001011
0000011000110100
1000001111010000
0010010010001000
0011110001001101
0111000100001100
0101011111100110
0101101000111110
1101001101010010
0100100111101110
1010001000000010
1011001110011010
1011111101011001
1000111100001011
1001000000101010
1110101110110011
1100100101100110
1000111001110100
1010101010000010
0001011001110110
0011100100110100
0000111110011101
1011100011000011
1110100011010010
1100011110001010
1111100101110101
1101100101000000
0111011001010000
0101101100100101
0101001000011101
0101111110001101
1010000111100011
1100101011001111
0100011011100000
1100011110000110
1101010010100000
1011110101111110
1110101110100111
1110101110110001
1100100110001101
1100011111011101
0101010110101100
1101011011110001
0101110000100110
1111010100111011
0100110110011100
0000011110011011
0111001001000000
0100011000000011
1001110011010110
0110000011100011
1101001100011111
0000000110100101
0001100011000010
0010010101010111
0100100011101110
0100100101010101
0010111011011111
0100100100101011
0001001110100111
1100110101010001
1010110000111000
1110011110111110
1011110000000100
1000001011100011
0011011001011000
1100100001000001
1110000100011111
0000100000110011
1110111000111110
0001101101001000
1011001011011000
1100010111101011
1001110011011000
1000000100101111
0001111111010011
0111010001111100
0101101011101010
1111100011010001
0011101010110110
1011001111000101
1000100110001101
0111101000110100
0100101001110010
1111101101110111
1111011100100111
0111111100111110
0111010110010101
0110110111001101
1100011101100011
1110101011000010
0110011100101000
0110001001101010
0001110100010001
1001010010001111
0010011101110000
0101000000101111
0001101111011001
1001111110110100
0110111100001001
1101010011010111
0111101010011111
1110110110101101
0101111100000000
0011001111111101
0111101000001101
0100110111101011
0010110111100011
1000110101011011
0101010110000101
0001101101001101
1111100001011111
0001100111100111
1000101101011011
0010101100001110
1100110011010100
1001111101010011
1111101100010011
0101110011100111
1111111110011100
0011010010111000
0100111001000101
1011011010001110
0101000100001111
0001111000000010
0111101010101010
1011101110110101
1001111110011111
0100101110001000
0110001011010110
0010111110001010
0011110000111110
1100101000100010
1001011111001110
0110001111010101
0111001101111111
0000010100010000
0101111101100110
0101001001100001
1000111001011110
1111101111001011
1110010100001011
1001010010101101
1101010011000000
1000001101001111
0010100100010010
0011000011100000
1011011111101011
0001100100111100
1011010000101100
1000110010000110
1100100110101000
0110101001110010
1110011010100010
1010011100110010
1101001011010111
0001111010111011
0101101001001000
0010001011111001
1111110111101001
0111110011000101
0010100101101000
0011000101101010
1111010100101000
1000010000100000
0001100110000010
1010010111000110
0001100011000011
1101110010000110
1101011100111000
0001000000011010
0100000111101000
0011101001101001
1110000001111101
1111100001111100
1100000110000111
1010100101100010
0111011100011001
1011000111111011
1101100011101001
1110100000011110
1111000111010110
1110011000011100
0100100101011010
0100001111000111
0010000101001111
0101010100100101
0100111010011101
1001000011010110
1111110000111011
1110110110011111
0010101101100011
1100000111110011
1000001000111001
1110001111001010
1101011001001011
1101111101000011
1011011000110100
0010100001111011
1010110100101010
0000010011110111
0101101001101111
0010010111100001
0110011101011010
0110001001110010
1010101110110101
1101010100010010
1001110101001101
1010110110101010
1110101000110101
0100000001111000
1111001001110011
0010111001101010
0101101111010010
0110010001101101
1000011101011011
1000100001100000
0111101100010111
0001010111011111
0010111011000011
1001111111100111
1100101101001010
1110100101101001
1111011101110001
0111000100110101
1000010101010000
0011110001111101
0001101110100011
0110100110110110
1001110110101011
1001010101100011
1011011100011011
0100010100101000
1101001011000101
0110110011101101
0111011110011000
1011011111001000
1111000101111011
1000111110111111
0001000000111101
0101000110110100
1110000010110001
1001110100101001
0110010011111001
1001010100101110
1110011101110000
1110110101010000
0000001011101001
1010111001001101
0001111100000110
0100011011101011
1010011100000010
0101001110101000
0001001000110100
0101010111110100
1101101010111010
0110001011001001
0011110101000011
1000010111101100
0111100000011100
0101001001111101
0001101011011111
1100001110110010
0001101011110111
1100011101001000
0011001111001011
0010101101110101
1000110100101111
0001001100010011
0001011001000101
1100111100111100
1011101011111001
1101100000101001
1100000000101110
0011011001111011
1010111010110100
1100000011100001
0100010100101000
0101000110000011
0100101010011010
1000000101011000
0011001010111000
0111111101101111
0000000011101010
1011001111111000
1111001001100111
1111100101100111
0111100010001001
1110111101010010
1100000100101101
1011111011111010
1011101110001110
0010101001100011
0011011000110111
1101111111110001
0001110111001011
1000011010001110
0010001101011010
1101110100111001
0101100001100000
1000000100000101
1011010000101010
1110001000101010
1011101010101100
1000011100011100
1011111010110100
1001100111110101
0011011110101010
0100101101101110
1011110100110010
1100000101010111
0010011110011101
0100110111101111
0101111111110111
1011111111101000
0100010010100111
1001110010010110
0101011001100000
1101010001001101
1101010001000101
0011010000100010
1111110011010010
0001101010111110
1100011111110100
1011010100010001
1001000101101101
0011011110010010
0111000111010100
1011011100001000
