1110110100110010
1110011000101111
1110111100001110
0001001111010011
1111100001000011
1101101011111100
1011110111111100
0000000100111111
0101011011010101
0010110011010110
1100111100000110
1010110011001011
1001010100110011
0001110001001111
0000001011111010
0100010100111001
0111110111001001
1110100011010111
0000111000000101
0000000101000101
0001100101111011
0111100101010111
1111101101101001
0000000101100011
1100000010001001
1010000000111010
0111001111010110
1010010011110011
1111010111011110
0010111000010000
1101011001011010
0110011000111010
0011100110110010
0010101101110011
0010001011000101
0011110000010101
1001101101011110
0011111110110111
1111100100001010
0100110001100111
1101011110010000
1000000111010100
1101100111000000
0000011001101101
0001000100110101
0001001101001000
0000100101001011
0000110001100101
1000101010101000
0101011001111011
0000001011001101
1000111111100011
0101011011000000
0100010011010010
1111110110111001
1101011000101110
0100011101100100
1001100111010010
1010111100111101
1001100010101100
0011000101010011
0010011111010111
1011110001101100
1001011101100100
0111001011001111
1001111001101100
1011011011111011
1011000100100011
1011100011011110
0100000101111010
0000101010111101
0100111011010110
0100100110111011
1010001000011110
1001100011010000
0101110011110101
0110100000010111
0101111101110110
1011000000111010
0010110010011110
0010111111100000
0101010011111010
0000100010101011
1110001001111101
0000111100100000
0110001110010000
0000000101101001
0011110011110011
0000111010010001
1101001011011100
1111110010001111
0101011110001111
0001000111100010
1100001000101111
1010100111011111
0011001010111011
1110000110101011
1101101001101101
1001001110100000
0011001011100101
0111100001010110
0101011100100111
0100110010000011
0011010111001111
1001010000011111
0011000001110110
0011001011100011
1001100100100010
1111011101011100
1110011111111110
0001110001100100
1101110001000001
1100000010100100
1100000011101110
0111001011110100
0101111101011011
1111011111101010
1111000000100000
0100110100101000
0010100111001001
0111110000010111
0001001100000100
1011000000001100
1010001001011000
1100110010011100
1001111101110010
0101111011011010
0110000100000101
1011001001111010
0100100100100100
0100010100111100
1111000100000111
0101101100010000
0101011001001000
0110000110100001
1000101101111001
1101110000101101
1001001000101100
0010110111111001
0010001111111110
0011001010110011
1010011001001010
0011110010011101
0001101010000101
1000110110000001
1110101111110110
1101000001010000
1001011101010011
1101110010101110
1000111011000010
0011010101010101
1111110100111010
0111000100011100
1010010011001101
0101001111011100
0001111010010011
1000011111000010
0101110011000011
0101111111011011
1111110100111111
1111101101101101
1101111100011000
1001111010011000
1001010100111111
0001101011101011
1001011101000011
1111010010110010
1100110101011000
1001001010000010
0010101111111101
1011011100011110
0110100111010111
0011000011010000
1111001101101010
0000110011000011
1110010110100100
0010110110010000
1101001010001101
0101110010010110
1000010110001100
1101110100000000
0011001101000111
0100110110001100
1111100111011100
1111010010011101
0111001010110000
0110000101011110
0111101000100111
1100101111101000
1100110100010110
1111010111101100
0010110110101000
0000111111010010
0101000011101100
1110110101010101
0000110001100101
0000011001001101
0011010010000011
0001011110000001
1111000100100110
0000011110110111
0111110000100101
0010101110100111
1111001111011000
1100011001100101
1011110111011001
0000111010000101
1100100000100110
0011111011001011
1010101010010111
0000100100000000
0110110101001001
1001100111110100
0100111001010010
0111011101001111
0100011111101001
0110100001001001
0100110001111011
0000101100010111
0101011111111100
0100011000001010
0110001001101001
0010001011011101
0100000000101000
1111011101111011
1011111110010010
1111110010001111
0010001010100001
1100111100001010
0011100111001001
1101111100111111
0001000111011100
0010010011101011
0110001010111111
0111011101100100
0100110010001100
1010111000101011
1111011011101110
0101000101001000
1101001001000011
1001000100010111
1000011000011000
0001011011011010
0001011010111111
1111110011011111
0010101010110110
1100010010110000
0111101010000000
0011111001010000
0000011101100100
1111010010000100
1111101010010001
0101001010110111
0011100110111010
1110100110010010
0010011100011000
0111111101001001
1111011011000100
1010100110010001
1110101000000110
0000000011001011
0010000101101000
0111000000011010
1000100110101011
0010111110100011
1001111110110100
1100000100101010
0101101101010111
0100010000010000
0000100100000111
0110100000010000
0010001000111011
0001011001101110
0110001111101101
0010000001110000
1111010001110010
0100110011100111
0100000101111111
0111111100111110
1110011111110001
0000011111101011
1101110100110001
1111101010001111
0001110011011001
1000101100101010
0001001110011100
1000100100001000
1000000111011000
0001011101010000
1001110010101111
1100100000111110
0100010001010101
1011011111111000
1111101101110000
1111000011010011
0110010100010001
1110010111111111
1001011010100010
0111111000011110
0011010101011001
0011001011011001
0101100101011001
1110100010100101
1110111011111000
1100110001011111
0111010100011011
0001001001011100
1110111000000111
1011000010010000
1100010100111011
0000000000100101
1000001001011111
1001011010010100
0101110100110100
0010110000110100
1001010001110101
0111101101101000
0001011100011101
0000110011100001
0111110110100110
0101001110110011
1101000110110011
1010011101010111
0001111101000101
0010101101010000
0001000100011011
0011001101000110
1010011010100000
1111100111001100
0000011111100110
0111011001001100
1101110101000010
1100010010111110
0111111101100101
1011011100110101
0001001101101111
1011011011000111
1110100000011010
1001000000000101
0001011100111011
1001010010011011
0110000001011001
1100100101010010
1010011110001100
1100101110111011
0110101100111000
1011111111001011
1010110110111000
1100000110011010
0111001110101010
1011000100111011
0110001000101010
1101001111110110
0101010101101010
1001110000011110
0111001001010110
1101000011001000
1001000000000010
1000011100001110
1000000101101101
0100011001110100
1010000001010000
1000011010011010
0000101111101111
0010100111110001
0001111111111110
0001110111001001
1011110011010011
0000101011101110
0011101010101010
0110001110101010
1100000011010101
0101101100100000
1001101010101100
0000000000101110
0001100100000110
1100101111001110
0001111110111001
0100000011011110
0101011101000110
0001000101101010
0101101001010001
0011010010111000
0000010110101101
0000001000110101
1000010010111011
1000010100011110
1111101111101010
0011111111110110
1110110101111011
1100000110010000
1110000100001100
1111101011100000
1111110001011001
1001100100101010
0101111101101010
1010111111010000
0001010110001010
0000111110111100
1111000001011111
0001001101110110
1001110100110001
1110011001101011
0110001110111101
1000110111101111
1101000110101010
1010001100110100
0110011011001001
0101111000010111
1011111000000100
0100011010010101
1111000100011101
0101001100100100
0010000011111110
1111100101000010
0111101100001101
0101100010111100
0000111100100001
1100011001011000
1111001111000010
1111100011101010
1101111100111100
0010010010110001
0010110101101011
1010101001110011
1000000000100000
0101100100100110
0111011000001001
1001001011100011
1100011111111110
1000110000011010
1001000110010010
1101111001101110
1011110011100101
1100100101111101
0001110100110011
0101011000101111
1000100100101110
1010101110001101
0101101011110000
1001000110100000
0110001101011000
0110001110001100
0110000100010101
0111101101100000
0110001111111011
1100111001000011
0001011001000011
1101101011101100
1001110010011010
1101100100010011
0001010101100010
1001100100001010
1010001101001100
0010011111111111
1011100000001001
0111100110101110
0101101111001010
1111110011010011
1100101011111110
0011011000101101
0110100011000011
0100111000011100
1100010110010111
1100011100000011
0111001111010000
0010110101011000
1110111000100001
0111100111111001
0100100110011101
1101111010100010
1110111010111101
0110000011100010
0101010101101000
0110011011100110
0101101000101101
0010111110111000
1110100100001111
1011110000001100
1011010011110010
1011111000111110
1100111100111111
0011011110100000
0000000101000111
0110101001100110
1101001100110010
1001100110000011
0100000101111010
1111101000111010
0110011010001110
0011010000011010
0100001001101001
1000110110100101
0110001100001010
0100001110110011
1000110100100100
1001010111100001
0011101001001001
1101101001010101
1110000010110010
1100110101000101
0011101101001001
0100101110110011
0111110011101001
1101110111010000
0011101000111110
1000000110110011
1001100100110011
0101110001101001
0010010100100101
1011000011101000
