1111011000100110
0011100111010010
1110011010011001
1110011100111000
1101011001001100
0101111001000011
1111110100111100
1011101000110111
1000110001101000
1111110101001111
0011100101001010
1110110110111110
0110010111100100
0110110111000110
1100010101011001
0010111110011001
0100000011111101
1100111100101010
0000011100111110
0010001010010010
1001110100110101
0110011001111001
0000010110010100
1110110100010001
1100010000101001
1100001010011000
0011101011010011
1110100110011001
1110011001101000
0001100010111101
0010000111101111
1001010110000010
1100000001101001
0100100110011001
1010110100011101
1011100001011011
0010000011001001
1011101010011011
0111101110000001
1110000100000101
0111101110001010
0100011000011000
0101001000011011
1101110101100100
0010001111010100
1100010001001001
1010110110111111
1101111110101110
0010100001100000
1100111011111011
0001100111111000
0000100010000011
1101011010011011
0001101000111101
0100101111101001
1100101000100101
0011100101000010
1111000001010011
1111110001110110
1001000000010101
0001000010101101
1001001011100101
1010011101100110
0011011111111101
1111110100111101
0000100100000011
1111100101010100
0000000100110101
0110001100110011
0101000001001100
1001100110010111
0000001100110100
0010111100101101
1010111100110110
1001111010001011
0110011011101010
1100011100100110
1011010010110010
1111110101100111
1011110001000100
1100101101011100
1101011000001000
0001111000100101
1110110110111011
0101001000101001
0110000011010010
0100010100100010
0110100111010001
0001101110001010
0000101110000000
1110100000100110
0011010101011101
1000011011011100
0000101011111011
0011000001100011
1011010110010000
1111001001101111
1001100110000001
1110110101010110
0110000101011111
1010101100001011
0101011101010010
0100100101000001
0110110011101011
1100100010111011
0100111111010001
1001111111010011
0101011010000000
0011011111101110
0101111010100001
1101101011100000
1011111000011011
1011010101110001
0000010000110100
1101011111010101
1011001111100100
1001101010000111
0011110011010100
0111111000000100
0111101001000100
1110010100001010
1100100001101101
0110011111110011
0110001111011101
0001001101001001
0001110010011000
0101110111000101
0011111001011011
1011110110111000
1111001101101000
0001000101000011
0100111110011111
0100110111001101
0101001110110000
1010011001110011
1001000011111011
1001110100010001
1000111010011010
1001111011001010
0110111001101010
0110101001010000
0100010101111011
1111011101011111
1011111011111110
1010100000011110
1100110000011001
0111101000010100
1101101100110111
0000110000011001
0000100011010101
1110000011011010
0111100101111000
0011100000001100
1101001111100100
1100011001111101
0101111100011001
1101110000100011
0111010011000110
1101111110011110
1000001111100001
1010000101001011
0101101010101001
0011100110011100
0000000100001001
1001010000101010
0000101111010010
1100111000101110
0110101100111100
0001111111111110
1001111011110111
1110000010111001
0000001101111010
1100110001111000
1110100101110101
1111000001011111
1010111000001010
1001111111100101
1101110011010010
1010111111111110
1011110111101110
1101110001011010
1010010000001001
1111010001101001
1000101010010100
0010010000001011
0001000010111001
0110001100110101
1011110001010011
1111110111110011
1110110010110010
0110001011111110
1000000100110011
1111011011001100
0010101110000010
0011101001101001
0010001011110011
0011001111110111
1101111111111011
0000110001100001
0111011000001011
1011101110010111
0001001001010101
1110100011011001
1110000101010001
0000000111111101
1100100010101010
0011101010101010
0100000100110000
0010010100110011
1011111100100001
0011001101110101
1111101001110111
1111000011111110
1001001101110100
1001011111100111
0011111100010111
0111011000101101
1011000001110110
0111010001010100
1010110100111110
0110000001100001
0111010101100011
1001111100010011
1101011111011011
1100001100000111
1111001101001011
0111000101001011
0110111010000101
1100010010101010
0101101101101010
1101010101000010
0111010111101001
0111101101011101
1101110001000100
1011111001111111
1100011001100111
0111100111110000
0100001111000001
0101110110001101
1010110010010111
1110010010001110
0110110001010100
1011111001111000
1110110010101110
0111011011111100
1110100110100111
1110101100010101
0110011001001100
1101110011111010
0111000001010111
1010001100000111
1110100101100010
1100100000101000
1111110001100110
0101010001010010
1001111000111110
0100111001101111
0100011001010101
0001101100010000
0111110101101101
1111011100110100
0110111011111010
0110000010101010
0110011010000000
0000111101000010
1010110110011111
0011000111101110
0001001110101101
1111011110101111
0000001111011001
1110001111111100
1001001101111110
1011100100101011
0001011001011111
1000100011010011
0100011101101000
0101110001011010
0000010010001001
1110010000011000
0000100101111111
1010010101101011
0110101011001111
1100010100100100
0010110000101011
1010111011101101
0110100010101101
1110000110001000
0110100001100101
0110001100110111
0001011001110100
0111100011100111
1110111000010000
0111010110011110
1010111101100010
0110000101100101
1110011001011101
1100000011000101
0000001100110110
1011101101101100
1111100001101111
0000000111110000
0001110001110001
1001001100000101
0110111010110001
1100000010011010
1110000011011111
1001101011011110
0110111011011111
0010110101011100
1111010110100011
0101000101101111
1101011011000100
0001011110000110
0000110111110001
1010001111010000
0001101110101011
1110100010010000
1100111011110100
1011000010011010
1010000100001000
1001101111000010
0000001101001000
1110101001000001
1110010001101010
1011100101011010
0000010110011011
1010110110111010
0100001011000101
0101100100010110
0111010011101010
1101000100110011
0011010101100001
0011000100011001
1111001110100011
0100101111100100
0111101011000000
0000010101010100
0100010110010110
0011000110100011
0101010001011011
1001101000011101
1011010011001110
0100001111000001
0010001111110010
1111001001100110
1110110011101000
1111011010001010
1000011100000110
1010101010110000
1001111100110101
0001111011011100
1000011101101011
0111110000010000
0101111010001001
1001100001100101
1110111001000110
0110110110001110
1010011001010001
0011101000000010
1001011111010010
1111100000100011
1010010100110000
1101001010101110
0100101000010111
1111001101000010
0111101010110010
1111100101011011
0011001100101110
1100110100001001
0011000000110100
0000001101011111
1001101010111001
1100100001010111
1001111110000101
1101010110001101
1101101011100101
0110110011010001
1110010111110011
1110110010110011
0101101010010111
1000111010001011
0110111001100110
1101110100101001
0101100001000100
1000111101101111
0111010010100010
0111101010110000
0000000011100000
1010100001010001
0111101100011100
0100010010000001
0111000100111101
0100111011111111
0000011010100101
0000110110001100
1000000101100011
0111101110101011
1011110000101100
1110111001001000
1111011101100000
0011000011100000
0010000001000110
0100100110010111
0111111111101010
0010010001011001
0100111001011100
0111011011110100
0011000111111100
1001101111011010
0000011100111101
0011100111010110
0110100101111001
0000001101101010
0100010100011100
1111100110010011
1001110111111000
0111010010100101
1010101101000110
0110000001100110
0011000110010110
1000111110010000
0101100100010000
0010110111001011
1010010010111100
0001011101110101
1010010001001010
1111011001000111
1101110100110111
0111100110100111
1101111110101000
1110110011011010
0000100011010000
1000100011000010
0101011101110101
0101111111011110
0000110010111001
0000101110011011
1101001000110000
0010100010011001
1110110110010110
1001101100000001
0110000011000110
0101000111100000
0100101001010111
1111100001000101
0001011110001111
0010100001111011
0111001110101011
1011000001010010
1101011010101111
1111110110101001
0101110010011100
0110001111000101
0100011100001010
0111100110111011
0110111001000110
1011000101100111
0000111000010011
1010000001101011
1001110011000101
1010001111111001
0110101011110101
1100011010011011
0111101100101110
1000011101000010
0110111010100010
1001111010110000
1100111100001110
0100100011100111
1101000110111111
1000100100111100
1011010010111001
1011110010001110
0110101000101010
0010111001110011
0011101011000101
1111111110101001
0100111010111010
0111110110101011
0110010010111000
1010010000011110
0001101110000101
0101010100111010
1001011101110001
0111111010011000
0111000101000111
1100000010110010
0100100111000111
1011001010011101
0111001101111001
1110100110010000
1110001110111011
0110100101111001
1111011011110000
0011001101111111
0010110111000000
1011000000111000
0101000010000100
1010010001101110
0101001001010111
1110011001010000
0111111000011100
0011100110001110
0111011011000100
1010101100001101
0001011000111001
1000011010101001
0000110011110110
0111000001101001
0011000101100110
1011100100111110
