0011101000001011
1011000000001110
1111111100111010
0011010111100100
1110111001111011
0010101000011011
1110011100111111
1110110100011001
1000100101001101
0111110100111001
0000010011010110
0110010110001010
1100100110001111
0001110010100010
1000101001101110
1100111011010101
1010010011000001
0111110111110001
0001100010111110
0010111111001010
1010110100010000
0010111110011001
0000010111010011
0010010100101011
0100101100111110
0011111101001101
0000001111010010
1011110100001101
0000101110100001
1100000000000111
0100111001110011
0010111010010010
0111010010000101
1001001100000011
0011011001100101
0000001101001011
1011011010010000
0101011011110001
1011100000000100
1001011111111110
1000001010101111
1000001001100101
1001100111001110
1001101000010100
0000000100111110
0100000001010100
1001011000110100
1001111101110010
0001000100010110
0010101100101010
1000100100110110
1100010001100111
0010000001011110
1000000010011111
0001011111100100
1011001000111101
1010100001111000
0000000100101111
0001111011110110
1010100000000100
1011110011000110
1001110001111010
0111111001000010
1011010101011110
1000000100011000
0101110000111111
0011011110010001
0010000110111111
1101100011111110
0000101010010111
1111100010100100
1000110110101110
0100110111100010
0011110010000111
0100111001010111
1000101000011111
1001000001111110
0011011100110010
0000101101100111
1100011101111011
0111100010110010
1000011111100000
0101000100010111
0110010111010010
0000011011000010
1100010101111011
1110100001000011
1001011111100101
1010100101110001
1101010110011000
1110000110001011
1011011100100010
1001100000111000
1001001100101111
0111010010100110
1010011000100010
0101011100111101
0111010011010000
0011011101100110
1110011001110000
1100001110101000
1101100110110010
0001011111100000
0100010000000001
1101110010100010
1001110011101100
0110011010001110
0100001000011001
0100101100101100
0000010000101011
1101100011110010
0011000110111100
0100011101110010
0100010111010100
1101111010111001
1101001001011010
1111001011111000
0010101100100010
1101110000100100
0000000110111110
0010011001110011
0111101101110111
1011010001001000
0101001110001100
0001110010100001
1111101000010100
0010001100010010
1000100101001001
0110111000001011
1100111110111011
0110101101100101
0011111010010000
0000000011101010
1011111000100001
0011101011111101
1111000110101111
1101010110101000
0001001010000011
0100111000011111
1010000110011001
1001100111001110
1000100011111110
0000110110010111
0100000111001000
0000110100001011
0100101011000101
0101010110100010
0100000110100011
1010000010001000
1011001011010000
1101001000111001
0001000001101000
0110110101101111
0000101111110111
0010010111111110
0011111111100100
1101110111101100
1111011001110001
1011000100100011
0000011011111111
0111100101010001
1000001110001000
0100110111101011
0110011110001000
1010110001110011
0101110100011111
0010011011111101
0101001110001000
0100010101000000
0000011001100110
0011111000000101
0001010101111101
0010100100001110
1100110010111111
1010010100110100
0100111011010110
1100110010011110
0001100110011111
0010111100110101
1010110110101011
0100011100110101
0011000001110110
0100011000011110
0010111110110011
1010110000100010
0111011101001110
1000111011110100
1110111100101110
0110110101011000
1101100100000000
0011011101110011
1111110101100011
0001101101110111
1001110011000101
0100000001000010
1111111001100001
0111011100011110
1010011101101011
1100000100110011
1101011000011100
1010000000110010
1000001100100001
0000011001111101
1011111111101101
0010010000111010
1011001101001100
1001000000011101
0011100100011000
0001010000000110
0101110000000100
1100111010110100
0011001001011011
1011000000100000
1000101000110011
1001001101110000
0111001001001010
0110111000010001
1011101001110000
1001101011001010
0110001111011110
1011110011111110
1010101001110111
1000001100010011
1011010110011000
1000000001100010
1001101100010010
0011101010010010
1001010000001010
0111000011111101
0000111011111110
0111001111010010
0000000010000010
0000000000001101
0100010000111101
0000011000110111
0010100011000011
1011010010001011
1101010001111110
0101110101000100
0110010000010010
1110110100010001
0011011010010001
1001100100101010
1010001100010001
0011110110000001
0100101100101001
1011110101010000
0111101001110100
1010010111110111
1110110101101010
0001011000000001
0100110111000011
1000010010011101
0110011111111101
0101011000100100
1011100010010100
1000111111100100
0000101010101110
0001100110011100
0100010111100100
1101111010101110
0101110000100010
1110100110011101
0011111110001111
0011101101001000
0100011000010101
0010010010101010
1000001101011011
1101110001011110
0001110111011100
0110001010001011
1101111011111110
0011111111011010
1110001010011110
0000000010001000
0110111111111100
1001001001110000
1100101001111110
0101000000011100
0101001110011001
1001000011000101
0101111000011011
0101000111101111
0111001111000111
1010001001110101
1110111111100010
0000100010100110
1110001101101101
0111010011101001
0110010111111111
1001100010101010
1110101001111110
1111100100000100
0110101101011101
1000110000110100
1011101000011000
0010011110100110
0001100011010000
1000000111110111
1100001010111001
0110101111111110
1101110001000111
0111100111101111
0101011100001011
0111111100100000
1101100011101000
1010101011111000
0111011110001011
1010111000001001
1010110010010101
1111010100101110
1111110101001100
1110110101001110
0100100111000101
1010110011100001
1110111011010000
0100101001111000
1111001111101001
0011101111001001
1110110011101101
1101011100111100
1011011001010001
1101001010101001
0111001000011111
0011000101111110
1111001010110110
0011010111110000
0101101000101011
0101010000111010
1101100010101000
0111000001001011
1011101000011010
1000101011000010
0001100101110110
1000100010100100
1100100011100000
1011010001001100
0011011110011010
0010111101011010
1000110100010001
1100111000011001
1010100110000011
0000010110010010
0110111110100101
1110000010011110
0000100110001001
0101101000000001
1011000110000110
0010011111111000
0100111011001100
0001000111001011
1000011100100001
0101110010000011
1000001010110001
0000010101111011
1101001110100101
1110011010001001
1010111010001001
0111001101111010
0011000111101000
0001111010101010
1000101000111000
0110101100101111
0110100110110110
0001111001110100
1100110011100000
1011000010100011
0001011100111101
0011100010001001
1100101100100010
0001100110110111
0100100100100001
1001111000011010
1100011101101011
1111111111101111
1110000011000011
0001011001000010
0010011110001001
1001001111011110
1011110001110000
1111101010010001
0010100010000100
1000001011111000
1000011101001111
1111101110011010
0101100010011100
1010010001011001
0000010100111101
1100110110010001
0000010010010000
1101000110010010
0011011100101010
1001100101001110
1010110001100011
0110010101010010
1001000010000101
1010010110101110
1100010110011101
1111111100101101
0001010011000011
0011100111010000
1111010111001010
0010111011111100
1111101001010011
1101011000110100
0000111010111100
0100101101000011
0110100111000001
0000111101010011
0010010010000111
1011011101100010
1010111111111010
1101010011101111
1000111010001001
1000111111100011
1001111000100111
1101110001000001
0010011001010000
1110111001011011
0101010101011001
0010011110010011
0100111100011000
0000000100010011
1011010101001111
1001001111010011
0110111000011010
1111100101111100
0101000110111101
1000011111011111
1000001110001100
0111111110011111
1001010100001000
1101110100100010
0010110011101110
1110010001110110
1001101100010011
1000100101011111
1101001101001111
0110100101101011
0000000000110011
0011011110111110
1110100000011010
1001100000011110
1100111111000111
1110001011001100
1010000100010101
1010010111100111
0100001000100011
1101001010111100
1110000000110101
1010111000000001
0110000111010000
0111011011000000
1000101010001001
1011111100010101
1101100111100010
1000010110110101
1001110000100000
0101101100011010
1110110000010110
0001001111100111
0011001101011000
1110000111101101
0010101010001010
0011011011100000
1101110000011001
0011001011011111
0010100101011000
1010001100101110
0101000011111111
1100110010101100
1100111011001100
0111010001110101
0111100101100010
1111110110000010
0001101001010111
0110011010001111
1101111110001011
0100000011010101
0111111001010110
0000000101010011
1100101010001101
1110111001110101
0110011001101010
0111001011101011
0001001010111010
1011001101101001
1100010000001111
0110111011011100
1011011001001001
1110110110000011
1111110001100110
1111011000010111
0100101011110001
1110111100000001
1001000110000111
0100111101001110
0100010111011000
1011111000101100
1111000110010010
0111101000101010
1111000111110010
1110001000001101
0100000010101110
1011111010010001
1010110111010100
0001110010100111
1001001000110000
0000100000011110
0011111100010110
0101011010100001
