0001110001100010
0010110101101111
0100001101110100
0000101110000100
1000110111000001
1111010111011010
1111001000011010
0100101011001100
1010000111001000
1010100110100011
1000000000001001
1101011111000010
0111001111100001
0110100101111101
1100010001000100
1100111100001010
0101000010001101
0000011010101110
0101011101010011
0101101010110110
1101001100111010
0001011010101110
0100001001110001
0111011110001110
1100111101110010
1110001101001100
1111011011000111
1000101000011001
1011111011111101
1010101100001110
0111101011111110
1010011011111111
0001110001101110
1100000011101110
1001110010111010
1111110001100000
0100001110000100
0110000110011100
1011001010010000
0001101010001111
1000010010010011
0110011111011111
1011001000010000
0000110111110010
1101000111011100
1001110110110111
1011101001010100
0100100001100011
1011000101011111
1101110100110101
0011000111011101
1010110011110001
0000001100011101
1110010101111010
1101010100010011
1111011000100110
1000101001000001
0110101111100110
1111110000000100
1110110111111110
1100101101110111
0100011111111000
1110101110101110
0011111100001111
0101000001101100
0101110110101101
0000110111111111
0010001000011110
0000010100000101
0011111000010110
1101111000010110
0100111110101000
0011101011111011
0010110001101010
0110100000110001
0011010000111000
0110111010000000
0011011000110011
0011011111110101
1100100110100000
0110100001111010
0000010100100001
1001011101000111
0101000011111000
1011000000101100
0011111101111000
0001000100100110
1011101011111000
0111001111001000
1110111110110100
0010001101001111
0110000001011101
1111000011000011
1100010001010110
0110111100100110
1000001111011010
1110010001000001
1101001001111010
1101001010011011
0101101110001010
0111111110001001
0100001011011001
0111001111100000
1001110001110010
0100111111110110
1011110001011111
1011011101111100
1101010010011101
0011011000111011
1010000110001110
1110101110100000
0001011000110111
0000111000101110
0010101111010001
0101100000111110
0011101001100111
1110101000111100
0111111110110110
1010000011001001
1000001001011100
1111101011000100
1101000010101101
1101111111111001
0000010101100011
1001111111100100
1001101011111101
0110000001111111
0011001100010110
1110001001001000
1111000010001110
0101000100111001
1001100011100011
1011011100101000
1000010100010101
0000011010110110
0101001100000100
1110110110110010
0011000110100010
1010001100110001
0111011001101111
1001101001000000
0110110100111100
0101001010000011
0001001011011011
0111101111001111
0000010010000010
1110010100000111
0000101010111111
1001000111001000
0010001000000011
0011110001100011
0110011000001111
0011001110100011
1111001011100001
0101110111010111
1110011001101110
0111001001010111
0001011100000101
0100011111000110
0010100001000111
0101010001100011
1000010101001110
1101010000100010
0110100000011101
0110011100100101
0011100111010101
0001100001111111
0010001101110110
0010000101010101
0110110001011100
1010010101100111
0010001010011000
0111001000001110
1101101011000110
1100001100010110
1100010100011100
0100101000111101
0101110010000100
1101010101111000
1001110111000001
0000000010101001
1000011110011011
0001001001010001
0111101011011010
1110010001001011
0100101111100000
0000111011100101
1011100100010110
0110110110110011
1100100010000111
0001100100101010
0010101010111011
0111110111001001
1111011000110000
1011110010010111
1110010001111111
0000001110111001
0001011011110111
1011001011011111
0100010001111001
0001111110010111
0000010000110011
1010110011111110
1010101011000011
1100000001010000
0111001110111110
0000101011111111
1001100101001101
1100100010000001
1011010101110111
1110010001010110
0000010111110110
0011111111001110
0111011000101111
0011110011011110
1001111010111001
1010000000100101
1101010010100000
1010110010111101
0001110100010111
0110100010111110
0111011010110001
0110100010001001
0000100111111000
0010011001110000
1110011110000000
0110111011101001
0011110000110001
1111011100111110
1000110011111011
0101111101111001
1100100010111001
1111111110011000
0100011110000010
1010001110110110
0001001011110100
0001000001000011
1000010111100011
1110001110010110
1111111001100101
0000001001001110
0011110001111100
0001001111001101
1100011111010000
1011111110001101
1001010011100011
1000111111110101
1010001010110011
1101100100000110
0000011011101111
1010010111001101
1101011100010010
1110110110110101
1010110000100000
1111101101001001
1010010100111101
1001001101011011
1111110111110010
1000000110111000
1101011101100011
1000010010100000
1001001011001010
1101010000101000
0010110100011100
0000001100100111
0101111111000100
1101111001010111
0000100101011100
0100101001001100
1101111101101001
1000000100111100
0100100000010011
1000011111110001
0000000010001111
1111010011001011
1110111110000110
1110111011010000
0100001001001111
1101000000011111
1110111010111010
1011010001110000
0100011000110111
1110110101001100
1100000101100010
1110111000001111
0101010001011100
1101110110011011
1111110011001000
1000101011100000
1011110111011111
1011100010000111
1110101111010101
0111011011000111
0100010101011011
0111111010000100
0001010001101101
1100001101101101
1101001100001010
1110011101100010
1111110000010110
1010011100101100
1110111101011011
1111110001111111
1011001101010111
0100111111101111
0110110010010101
1100011111100011
0011000110000001
1101111010001001
1001100110011010
1000110100010101
1001011010001010
0111100010010001
1101111110011001
1101001110011010
0111010000010000
0010111110011000
1110100100000000
0010001110101000
0010011010001010
1110101010010010
1010101010011011
0110110001011101
0010010111001001
0101000100101001
0000001100110111
1101001110010000
0111001101110001
1011100110101100
1001001111010010
0011001001000001
1111000101100110
0001110011111111
1010100110001101
0101100010000001
0011001000000011
0001110111010001
0011110101010101
1101100000111011
0111110001111111
1101000011011011
0100010000011000
0101010100000111
1011001111111000
1000100111001100
0000100101110100
0110000100101101
1101001011110111
0101011100110010
0011011011011011
1100000001010000
1110110000001110
0000101000111111
0000000010100101
0001000100101010
0001111101111010
0100101110101010
0000101010011000
1000100000100110
1101101011001101
1111001111100001
0000010000001001
1111001011101011
0110000111001001
1110111001101111
1000010110001110
1010101010111000
1100101000101000
0111001100001000
0011101011011011
1101001100111000
0011111011000001
0011111011011111
0000011101010111
0111110010111100
1100101010010111
1010101100011001
0110010001101000
1111100110111011
0110011010000010
1001011010010111
0001011001011010
0010011000111000
0111111100100110
0100001101011111
1100001011100101
0010100101001011
1101000101111010
1100001110011100
1001100010111001
0010001111111111
1110000111111101
0110001111101010
1011111000000111
0010001111110110
1001010010101111
0101111011001011
1111110011011111
1110110110100110
1000010100001000
0011000100000111
0100110010001100
1101111001000100
0100000110100010
0100000011101000
1011010111101111
1010001011010100
1111101101011000
0000010000010011
1001101010111011
1001000111110110
0000010010110001
0101011100011100
1110010110001000
1110101111100110
0001011000100000
0011101011010101
1001101100000000
0001101011100110
0101011111011101
0110110111101111
1010110001100111
1001001111111100
0010000100111111
1011001101100111
1001100011011010
0100000011001101
0100000111001001
1001001001101110
0100001100110011
0000110100001010
1110000010000111
0111101101111010
0001001001011011
1101011100000001
1101110010001000
0111111110001010
0111100100000001
1001111111111100
1011110100001001
0111101000011101
0001011010111101
0001000110000111
0111011100111010
0010111001110101
0000111111111000
1000101001010101
1000100111110001
1011011011110101
0101100100100101
0000101101001011
0000001110010011
1111000001100001
0111100011010001
1100001100001010
0101011101110110
1110010101100101
1011000001001100
1111011111110010
0000100100011101
0110011010101000
1000101100111001
1001110101111101
1111101011111000
0110010110100101
0110100001101110
0000000110101110
0101001110101000
1100011110110001
1011100100000110
1011110100110001
1001001101000010
1110010010111111
0001001101101001
0011101001101000
0001000000110101
1111111001001011
1111110011101010
0011000101110011
0010111010111011
0010110100011111
0100110101011011
1101000100110001
0111001000010100
1000101101010000
0000100011111110
0010110011110000
1011100010100101
0100010101011000
1001000111110001
1111010010111000
1010100000011101
1100011110000000
1010011100100110
0011101111111111
0010101000000111
1101100011000000
1110000011111010
0010110010110000
0001000001110111
0011001110001101
0001001010110111
0000101111100100
1111000101100111
0010000110101100
1010110001010110
0100010001010000
1010110010011001
1000001100101100
0110000101111100
0001110001111000
