1010001011101111
0101101000110000
0110000100100111
0011111001101110
1100010001011001
0000011101000010
0100001001101000
1001011010111001
1000110001110110
0000100011011000
0110101111010011
0000011000000001
0010010101101001
1100111010100101
1010011101110000
0011000110111001
0011101001000100
0000110000010000
1100000111110010
0000000101010110
1110010100110111
0010000000000111
1001001010001010
0110110000000111
1101000011001101
0111111001101000
1111011000110010
0001110101111000
1100000111001000
0100001111111010
1010110011010000
0010110001111001
1111010110101101
1001110000101110
1000000111111100
1001010011001110
1000001101000000
1010110110111001
1110011011000111
0011011100000001
0010110011110011
0000111110101011
0011101011101011
1100010001110100
0100110100101110
0011010111111010
1101111101111011
1100001110011001
1111110111010111
1010010111001011
0000011110011011
0111111011110000
0011111001101000
0100011010110011
1000110111101101
0011010011011100
1100100001011011
1110100000010011
1011011111111100
0101001000100010
1010010011111011
1010111110011111
0010101010110110
1111000001111011
0000100000111000
1010010100100100
1001011000100110
0100111001110000
1101111101010000
1110101010011101
0010001100000110
0101000000100110
1100000000010100
1001101100111001
1001001110000011
1010110000000111
1110100011011111
0010111011101000
1000011111101000
0100101000110011
0000101100011000
1111111110111100
0001011100101011
1011000100101111
0100100101110010
1110111011111000
1110011100001100
1101000111101110
0111010010110001
0010011000100000
0011110110110101
1001000101101111
0010101001010100
1111001011000100
1101010000010100
1000110001001011
1000111100010000
0000011101010111
1111010000000001
0101110110111111
0011100001001111
0001110101101101
0111100110001000
1100100011000011
1111100111111111
0001010111001111
0001100010101110
0000010100011111
0001001100000100
1000111101101011
1000110100010111
0011001000011100
0011110001110100
1100111100100010
1001000101000110
0011111000011111
1111001010111000
0001100101110000
1100100111001101
1101000010100111
1001110101000011
0011000010001000
1011010011101110
0001110010101110
1110001011001111
1010111001111010
0010011010111001
0001101010111010
0111010110100110
1111100001110001
0001001111000101
1000001110000010
1101111011110110
1111001001100100
0010001010101100
0110001100001100
1101111000001011
0011111010101110
1010100111011100
0010010001000100
1111110101111011
1000110010011101
0010010000001100
1101000010001011
1000000011111111
0111100111001011
0001100110110010
1010111110100111
0011100101001011
0010001101101010
0001101010100101
1110101010001010
0100111110010110
1000010100101000
1011110101111111
1001010001110001
1010000010010101
0111100000101000
0101011101110110
1011011000101111
1101010000001110
1001010111111011
0000101001110111
1011011100000110
0111101101011100
0001110100111101
1011000100110100
1011101000011111
0111100101101100
1001111100101001
1111011101100101
1011100001110110
1010111001101110
0110000100101001
0110110011001111
0101001110011011
0100101000001111
1101010101110101
1001011101101110
1011110101110001
1101000000010000
1110110010011010
0111110011010111
1101100101000100
0000111110000001
0101010101010101
0000010101101001
0100001110000001
0100000001110111
0111111011100111
1100001100011110
0011110100011000
1110111010101101
1000111100001101
1110001011110100
1001001010000001
0011011100101110
1101100110111111
1010110000110110
0001101110110110
1110100111000111
1110001010010001
0110010001101000
0110000111100010
0100101100111011
0001101000011011
0000100110110010
1011000001100101
1110100100101011
0001001000001011
0001111000110111
0010000101011110
1111100000110111
1100111101001000
1000101001001011
0100001110101011
0001111101010001
0011001110000001
0100001110101100
0111001001001101
1000110001111111
0000110010101100
1011000110110001
0000101101010001
1011110011000101
0100010100101000
1000000000111010
1110011011100101
0001111001000001
1010111010110000
1011100111001110
0101010101011001
1110000010000100
0100010110010010
0100011111001000
1100011111101111
1001100001001000
1101111110101101
0111100100000010
0101011010011011
0011001001100101
1100101110001101
1000000011000111
1000001010101101
0101101110011000
0111001010110000
0111101101010011
0011011011011001
0110011001011100
1001100110100111
1001111011110010
0001010011110011
1101000111011101
1101100111001101
0101100000110000
1110101000111100
0000011001011110
1010000010000011
1010110000010011
1000011010110111
0011011010110000
0110100101100100
1010001101000111
1001010000110110
0000101111001100
0010010111000010
1001011001101000
1101000110101010
0101100010001010
1110110101001000
1010001001010110
1111001010011101
1010011101100000
1000110011110000
1110000010110001
1111100101101011
1001011111100110
0001010000100110
0101010000110010
0011110000110010
0100011000001010
0111100111011000
1101000110111111
1010000000001011
1100111000101010
0000000011101010
1111110010111010
0011111011001100
1101101000011010
1101100101101000
1011011000001011
1110000000011010
1001110000001101
0000011100110000
1110001010100110
0000000001110100
0011100011011111
1001100010111001
1011101001011101
0010001011110100
1110010010110001
1000111010101100
1100001110001101
0110100000100111
1110010110110100
1011111010011001
1110000001011001
1110001101100011
0011011100100010
0010001000000110
1011101011110110
0110100000101100
0011000010001110
1100010111000001
1101000100100000
1111101110101011
0010111101100110
0101110111011110
1101000110011111
0000111010110010
0000000100110001
1101010001010101
1101011000100111
0111100001000110
1000101001001101
0111111110100011
0001100000110101
0011110001101000
0101011110101000
1001011110001011
1100101010001011
0011010101101011
1110101011101110
1111101000001111
1000111000110010
1111011010010000
1100010010111001
0000001110111000
1100001000011010
0111011010000001
0001100000110011
0100000110110101
0100001101101101
1001101000011001
0100110101001010
0101110001010110
0000100001110011
0011000100101111
0011001111101000
1111000110111001
0100111111000110
0100010100000110
1100011101111001
1111100010101001
0010110010010100
1010100111000001
0101001000111110
0010010101011010
0101011011010001
1111010110011011
1000010101100010
0110001101000111
0011100110101010
0010111101101000
0010111000111111
0001111100100100
1000111010100110
1011110110000110
1001101100001101
1010110011011100
0100110110111101
0110011001011101
0010110101100010
0010011000101111
1101111100011001
0000001000000010
1010001000111000
0110110110100001
1010000001111110
0010100111100101
1000110010100110
1101111110001110
1011010011110100
0011001111010000
1001010010111110
1101010011010100
0100011101001010
1011101001000100
0100000010101101
0100010110101001
1010100101000000
0001011100010100
1101110101001011
0010010000000100
0101101100001100
1110001111010101
0110001100011001
0101111101100101
0101010001010101
0010100010000001
1100110011001111
0111111001101001
0011110111100010
1100101111100001
1111110001110001
0000011000000001
1101111101010000
0001101100110110
1101000011000111
1100011110010010
1000101001111100
1011001100000001
0111001100000100
0100110010110010
0101001100001101
1100001100101011
0100110000110100
1101010001100001
0100100001010110
0100110000110011
0100111001000010
1011001101100110
1101101011111111
1011001010110110
0010100000010000
1000100011101001
0000001101110011
0010111000101010
0100011111001111
1110101100010001
1111010110010101
1011011111010110
0101011111110100
1100011001111000
0100011100110010
1000100001001000
0110010000010010
0110001001100010
0110000001000101
1011011110001010
1111110100101011
1111001110100100
1001000100111010
1001111001000011
1110101000101001
0110001100110100
0010110011011100
1110011110000100
1001001000110111
0110000011001010
1101011000101001
0101010110101111
1111101100001111
1100101111110110
1111110001110011
1001100000000000
0100101011011010
0000011011101010
1110111100101101
1110001011001100
0101110000000111
0111100000001011
0110001100001010
1110111110010001
1110011011100000
1001010100010010
1110000111011001
1100010010100001
0100011100111011
1010100100000110
1100110100000111
0010001100011000
1011101101111010
1011011100000000
1100011101110001
0110100110100010
0110101110001100
0111101000001001
0101110001101110
0001001000001010
0100000101000101
1110100001100000
0010101101101111
0010101100010011
1110111001101110
1001011000011001
1000100100011101
1111100110010001
1010111011000100
1010011011110000
1110101111011100
1000001000110010
0011101010110111
0101010111110111
0101111001110101
0111100100011000
0011001110010000
1100000100111110
1001011110001000
0000100000101101
0000100101011001
0001011111111001
0111000010010010
1110010001100011
0011110010000101
0100001100100110
0101001100011100
0010011100100000
0010100011011100
0001000110110011
0111110000010011
