0001000111010110
1000010000001001
0001010101110101
0111110011110111
1100001010011010
1011011100000010
0011111000100001
1111110010001000
1011011101010000
1111000101001100
1001011111110001
0111011011011011
0011011011000010
1010000100100000
1110100110111110
1000010100011010
1111001101100111
0100101111110000
0111100000110100
0010010011100100
1010000111111011
0011111111110110
0100110101110010
1011010110011101
0111000011001110
0010111001001101
0000011101101110
0101001111010001
1011101100111001
1001101010000001
1001000011001010
1111101010010000
0100110100010001
0010110001100111
0001000100000001
1101111101011110
1100111010100000
0000011100111000
1010100100110011
1100010000110110
0010011011111110
0110010100111101
0010000011111000
0001110001000101
1011001000010111
0111100110011110
1000010011101100
0101110011010011
0101100010111001
0100011001011000
1111000000000111
1010010111000100
1100100001101000
0001111010111000
0111100100010101
0001000001111100
0100000011000001
1110010000011111
1110111011100100
0101100101111111
1000011111011100
1000100101100111
1100010010101100
0100010010101110
0011110011111100
0010111110010111
1000110001011011
0011110101001100
1010100100111111
0010111100001111
0011011011010010
1101001011101011
1011100111111110
0001010110011000
0000000010100000
1011101110010111
0100001101011000
0010110100010000
0001110110011001
0100101000010101
0100011110111110
0000010100100100
0000100110101011
1100011001111010
1100100010011001
1111010010111101
1110110010111000
0110110011111110
0010010101101101
0100111110100000
1001000000100101
1010001101101110
0101010111000011
0111011111010111
0001011101001000
1110101110100101
0111011101101100
0011001001001001
0100111111011010
1001101100100010
0110010111111100
0111001111011101
1010110100011000
1000110110111101
1011101110110110
1111011011101001
1000011100010001
1001100010111101
1001111101111001
1000001111011101
0101000100100010
0000101000110011
0001001011010111
0010000011100100
0011000110000110
1110000101001001
1101100001100111
0101110000010110
1111001011111001
1001110110001011
0111111110001101
1110111111001100
0000111010111000
1011001011100010
0000101110000101
0001000110001110
0110101100011111
0101110111011110
0001000010110111
0000110000110001
0010011011000110
1000011010001101
0001001001010110
1001110001010101
1110111011010101
1101101010110100
1010010010110000
0010111100111011
1000000011010000
0110001101101010
0010000000010001
1101101000001010
0101010001111011
0111000100000111
1101011000000001
0100111100010011
1010001001000100
0101100001111101
1010000111111111
0111100110110101
1011011111111101
0111101110010011
1110100101001110
1100011011001011
1001111111010000
0010110101110110
1010000000110011
1101001010110011
0100110001011001
0011010111110001
1001000111101111
1011010010011000
0010110111001101
1101000111001111
1000001101000010
0011011110100100
0001111111011100
1110010011110100
1011111110101010
1110111011001110
0110100100001100
0101000101100111
0101111101001111
1101001111011100
1010001110110101
1110111101001111
0001010001011010
1110110000110100
0111010101001111
1010001101000010
1001101110111100
0001111000110111
1101010100010111
1010010110111011
1010111101111111
0110101010011100
1110110110100000
0000000001011001
0000010010000011
1111001100110011
0101010100011011
0010010110101101
1001010011010100
1100101110100110
1100001000111010
0110010110011111
1001010011000000
1111000001100101
0010000011001111
0000001010010110
1000101110111110
1001111100000010
1000111011110100
1100010100000101
1100110001111000
1111011011101101
1110001111111100
0001101111000100
1001111011001000
1011100101000001
0110101100111000
0100011000100110
0111000110010100
0000110010010100
1010000001101011
1110100011010110
0101011100011110
1000010111001010
1101111000110110
1100010000110010
0111001111001000
1101010110000101
1100011111010110
1100101000001011
0000010000000000
1100110001101100
0100111000111010
0101001111111100
0000101010110111
0010010000110000
1000011110000111
1000011000110110
0100000110010011
1000010101010110
0110101011111111
0101101100101111
0100100101110000
1111101111101011
0000111000001100
0000101011101001
0101011010010010
1010101010100110
1000000011000000
1111101000110010
0011011001010000
1011100110111011
1100110110010100
1110100101011010
1000011101100001
0101111100010000
0000001001000111
0011010010100010
1111011011011101
0000001011111101
0101000100010110
0001101010101100
0110100000100011
1101110100011010
0100001010001001
1110100011000011
0010001011100011
0110011000001100
0001001100000011
0100100101001110
0110000000011000
0101000001101111
0110100000110111
1011000001011000
0011111110000010
1001111010101110
1000010100111010
1010101000111100
1001100010110010
0101000100101100
1000111111001010
1000001100111010
0101000001010011
0001001010111101
0010000011010101
0010101010000010
0000000001100011
0111110011011001
0010000110100001
0111001001011110
1001011110101110
0111100010000111
1000011111110111
1110101101010011
1001010001111000
1100011001101000
0011101011011010
0101011111010110
1100100011011101
0100001000010110
0111011110010101
1001100100101101
1100010011101101
1000101101011010
1001100000110101
0001010100111000
1101101010010111
1001111011111001
0110010101101111
1101111010111111
1100011101110111
0101110010011111
0010100101000110
1101111100101001
0110000001100110
1010101100000011
1001010101100100
1011111000001111
0101000111010111
0001010110101101
1101000100010011
0111001000011111
1101001101000001
1010010101101101
0001110010100001
1101101011001101
1100101001010010
1001100101110110
1010011110100110
0001101100001101
1100111000101100
1001000101011010
0011011000111001
0001010011000101
1000111011101000
1111111101100110
0111000010011111
0110100100110100
0101111010000110
0010011001000111
0111000000000000
0001111101000110
0110111001000111
0111001111100110
0010001100110100
1100111010001010
1101000101001001
1100110010010000
1010100110001100
1010001000000100
1000011011011001
0100110001001010
0001101001110000
0101100011011110
1011001110110001
0111010011011100
0011001101000000
0100100101000001
1000011000011110
1111011010100101
1001000010100010
0111011100110010
1111111001101001
0001001110100100
1000000011111101
0111111110000111
1010110100101010
1100000001000101
1100110101000000
0011000110110100
0011110100110110
1001000000000010
0011001011011110
0011000011011011
0010011100010011
0100101110100101
1010000111001010
0010100110001000
1101001110110110
0111000000010001
1011100001101100
1010010001110011
1001011110100000
1101010111010100
1000101100001000
1010010101101000
1111111010110110
0000100110100000
0110101101110010
0101100010011101
1010000001001001
0010101000100101
1100110111000011
0111011010111000
1011000101100011
1001111110101111
1011010110110101
0010111001010010
1001000010010000
1111010010011100
0111100111101111
0000010011011011
1100011010011001
1111011111110001
1111010111100110
0010100101100001
0010101000010011
0111101000110111
0110011001001000
0001010111111001
0110111011110001
0011100111110011
0010011010101000
0110111000000010
1100110010010011
0101101010011010
1110011000101111
1100111000001111
0111001011111001
1111010001000010
0011011011111100
1111110011111010
0101011010001111
1111010011010110
0000011010011101
1001010000100010
0110101001001111
1010001111011000
1101100010001001
0100110011110001
1011100001100011
0000100010000010
1100111010101110
1001101000010010
0011000110000011
1111100100100011
1011111010010001
1010110000001111
1011011110011110
1101011101101010
0110111111010110
1100011110101011
1011010000011000
1110010001000000
0001111100001001
1000011010001111
1011000110000101
0011101001000110
1000111011111111
1100111011110000
0001010010111001
1010111010010110
0110111111110100
1000010100101011
1111000001011000
0011101011011011
1010001001101011
0101101000000010
0011111001100000
1010011011000101
1010010000011011
0101000000000111
0001011001111100
1001000000000110
0011010010010100
1010000101010110
0011101010100101
1100010001001111
0010111000100011
1100010101001111
1111000000011001
0111010111000001
0111100010111011
0000010110011001
1101110000111000
0010111011100001
0110011110011010
1000100100110010
0000101110101101
1010001110011001
1011101000100011
1000010001110010
0111000001010000
1111010000000100
1001101010110100
0110110100010000
1101100101111001
0011010111110110
0110110010111100
0010001010110111
0100100101010000
0000001111101111
0101010001100101
0011001010000101
0011110100110110
0100001100111100
1000000100110010
1101000100000100
1101111110000110
1110010111001000
1101010000110101
1100100101000011
0110011011000001
0110111001101101
0110101110011010
1001110101101010
1101001111110000
1001010010001100
0010011111001011
1110010010011010
0100010110010011
1101101001001111
0100000111001001
0010010010100110
0101010011111001
1010001010000010
0101111010110010
