1000101001100101
0001101101100010
0001100110111000
1100111011111111
0100001110001000
1000000000100011
1100101100001101
1011111001000001
0010001111001010
0001110010100110
0010101101100100
1100010111001010
0111010001010111
0000110110111111
0010110000101100
1100101001001100
1101010010100100
0110001011010101
0011010110110100
1001000111110000
1100010010111001
1101010001100001
0001110010100010
1111001000010110
1001101100001001
1110100101000001
1000110111111101
1010010110110101
1010010001111011
0111100100110100
1011100010011111
1111101001001110
1110110110011100
0101111101111101
0001110111011110
1100110001001001
1010111011110010
1110110000111011
1011101011001000
0101001001000101
0100101111000010
0000011110000101
0101101111011100
1110000110011111
1011000110000111
0111111110111011
1111000011001001
1000101001001001
0111000101110110
1101011101110111
0001011101111010
0000001101010111
1001111000111011
0100101111001111
1100111101001000
0000110100110001
0100111110110100
1010101000100101
0011000110100101
0000101111000100
0110010011001111
1010010000100101
0000011001010010
0110010000010101
1111010001101101
1010011011100010
0000101100101011
1000000001010110
1000100000101101
0011010001101001
0010000001000001
1101100110000101
0001101001010011
0000011010000100
1111010101000010
1000010001001110
0100011011111111
0111110100001111
0100001010100011
1011111111011001
1010100111000001
0111100110100001
0000110000000010
1000001010101010
1011001100000010
0001100100010010
1001101100011101
1000101000111001
0101001001101001
1110100111101011
1011001100110110
0101101111001010
1101101010101101
1110011110000111
1000100000000101
1101011101101111
0001110000110000
1110000011010000
0100100010110100
0000100101010111
0111011001000011
0011011011010001
1101001000001111
0110010101000111
1000110110111000
1011100000110101
0110001101111010
1100110111111110
0110110110101001
1111101111101110
0010100100100000
0010000001110110
0101100110011001
0110000011110110
1111001011000101
1000100010100101
1011010101110011
0000101101101001
0000010011100010
1101101101001011
1000100011110010
1010010001011011
1101011111000101
1011001011011110
1101010000101010
0101011011010011
1001010010000000
1100000100001110
1111100010000000
0111101001100110
0101010100010001
0100001011111110
1010101111111101
0000001011011100
1001100111000011
1101111101100101
0110111010011000
1101100001110110
1010010001011000
1101010100000001
1100101000000001
1110001100111100
0111101111101110
0110011001100001
0100111110111110
0100110011110100
1001110111100001
0100110110100010
0110001111000101
0001110110101110
1110101000100111
1001101000010100
1000000101101001
0010000111010001
0100000001111110
1110100110101110
0100101001010001
0111010101110110
0111110110111111
0010101110011111
1101100011111110
1000101100100101
0001001101101001
1111101110000111
0101011011110100
1100110111011000
0011000111111001
1010101110110000
1111010110100111
1111000000101111
0000010011110011
0011001000011010
1010100101110011
0011001000000100
0111010001101011
0101010001010000
1110100011111000
1100000101001100
1101011011001111
0011011000101110
1010011010001011
0000111010010010
0110001000010111
1001110010111110
1100000110110110
0111110011011110
0110001010111110
0010101110001011
1100010000111111
1101110001101000
0011000001101010
0100001110000111
0101010011001000
1111111010111000
0100010101001000
0111110010100110
1100100110110000
1111010100110110
0010000001001100
0000111110001001
0110000001111000
1101011100010011
0011011000101100
1001001100100111
0000010000111001
0000011100011101
1101101011110001
0000100010111001
0110111101000100
0111010110101101
1100011001100001
0011101001010010
1010111100101101
0000001000010010
1100111110000101
0000001100101001
0101101110111010
1001101101001111
1101001011000000
1111100000100110
0100101101101011
0100010010010110
0101111000010000
1100100011000010
0000011111001110
1001110101100000
1001100100101001
1110011000011111
0101101000100000
0101000001101011
0110111010011110
1111100101000100
0011110100010010
1011101001000011
1010101011101101
1100001110111000
1010001001101011
0010010110101111
0110110110111001
1000110110011000
0010101111010100
0100001111100001
1101111010010101
1111100100010100
0110010010110101
1101011100110001
0111001100001000
1001001111111110
1111111000011001
0000111010110110
1000111111101000
1011010111111010
1110010100110001
0110001010111001
1111001101010010
0001010011001101
1100100001000000
0001010100001110
1110101111000011
0010100100001101
1000000101010000
1101100010110111
0111110000101011
0011001110111110
1111011101100111
0010011010011011
1101100101000100
0101100100101110
0111111011100001
1101001011000110
0100111000101001
0000101101111001
0001101011101010
1110010100001110
0010101011000001
1001001001101111
1111000001101110
0110101101110100
0001111101101001
0011000110110100
0011100001011111
0101101010011001
0110010010011110
1100000010111110
0011000000111011
0100111011000110
0110011111101111
1100010010101110
0010011101111010
0011011001010011
1111110000001001
1100010110110101
0001011110100111
0000011101110000
1110111000011001
1000011001011100
1100110010000111
0110110001000101
1011100111111110
0101010101111010
0101101101010000
1010100110111100
0101000010010111
0100001000001010
1111001101100110
0000110010101000
1100001100000011
1011011001110110
1111011100010100
0101011010001100
0110010111111110
0010110011111011
0101101011010110
1011101100111010
1101101101101001
1011010010001101
1011101011011000
1101110111110101
0010100000010101
1001110110000011
1000100110111100
0011010011010111
1101010100101110
1101001110000100
0101001000100000
1111100011011000
1001010101010100
1101010101000001
0000000110001000
1001011110100010
0010000101110110
1011001111101010
1101010010001111
1110110110101001
1000011010110001
1000001011100001
0000110110101101
0000111101101110
0010001001110011
1011011000011001
1000111110110101
1011001010001110
1000000010110111
1100010000000110
1000101111100111
0101011100111111
1100010111011000
1010011011011100
0011100000100011
0100111110001010
1111010010011001
0110101001111111
1001111101010100
0110100010100001
0100011111111101
1110110110110110
1001010100110100
1101011100100011
1100111111100100
1001110101001101
1001111110111011
0000001010000111
1001100110101011
1010010011101001
0111110010011001
0100000110001010
1000000100011001
0110010100001101
0100110001000010
1001011010000111
0110010001000000
1101101100111111
0000100011000001
0110010010011100
1100111111110010
0101100010101111
1010111100000101
0010101010000011
0000100001101001
1010100011001101
1000100011111101
0000101000100010
0000100100011100
0101101110111100
0011110011011110
1000011011100101
0001101111111100
1110001000110011
0100010001111110
0000011010110010
0101000010000010
1010100110110010
0000011001100000
1111011001110100
1100000111111010
0111111110001101
1010011011011001
0110100101011110
1101111111101000
0110001010010111
0001101010010100
1010010001111100
0010101011100111
1000001111101110
0110101101010010
0111101000001010
1100011000101110
1010111001111110
1001111100010101
0000111111110011
1111010100100101
0101011111010001
1111111110001101
1000010110011101
1111101100010011
1111001010010010
0011010001001101
1100111011110110
1010011001100101
1101100110010000
1001001001110010
1001011110110100
0010101010100101
0000001101101100
0110110010000011
0111110001101111
0001010000100111
1100011011010110
1010111010010001
0000011111101101
0101111010000011
1101000110100101
0000000111010110
0101011011011010
0110010011011101
0100011001101110
0101100101100010
1100111111001011
1010010111000001
0000111000001000
0110100110001001
0100110010110101
0000001110101100
0101010110110110
1011010011101110
1010011110010000
1100010100111111
1011100101100101
0001101001000010
0110100011010110
1101101110101000
0001110111001101
0110000000000010
1001100100010010
0011000110111101
0110111110001000
0001010111111010
1111110010000011
0001100011011110
0111010001100111
1001111111110001
0110101010001110
1101101101110011
0000110101011000
0001100111001011
0010010011110001
1111110100010010
0110011011011000
0001100100011110
0011011011101101
1101100000111000
1000010011011101
1001111110110000
0101111010111001
1111101000101001
1101000001100010
1100100000010001
1001011000101001
1011001001010001
1100001010001010
1111011101010011
1001101000011101
1100100000010100
1110000000011010
1010011000001000
1110110110000111
1101000001110100
0111010011110101
1110001101001101
1101011111010101
0111101101110101
1010000101101001
0010001011000110
0110111110001110
1111110100100010
1111101010001111
0010111101000111
0000001011010010
1110001101000100
1101100001011000
1000101001010011
0001100010111011
0111000001110111
1101001000011010
0010000101011110
1101111011101110
0110101111010110
1101100010100011
1101110000010100
0100000111001101
1000000100100110
