1000101100101101
0001101110001011
0011110000110101
1100110100100011
0101100111100001
1111100110011010
0001000100100000
0100001000101101
1011000100111011
1110000010011100
0111001110101110
0101100111000101
0010011010100001
1011110111011001
1110111101010101
1110100100100101
0101010101001011
1101100010101011
0000101011110100
0110100110111000
1100001001011110
1010101011100101
1010110111100000
1011010101010110
0001101111111011
1100101110001000
1000000111100001
0000110111100011
1010011001010100
0100101001010111
1100101100111110
0010110101011100
1011100001000110
1011100000000001
0010000010100000
0000000001001111
0001100111010010
0010100001101100
1101011001001000
0000010011000001
1001111010011011
0100010100010110
1010110100100100
1111001000011110
0111110101111101
0101001100110011
1001001010010100
1010001110010001
0010000011011111
0000011010011011
1111001001101100
0100011100101100
0101111110100001
0110011000100010
0111011001001011
0010000100000000
1100001100001101
1100111010011011
1010000101111011
0000000110001001
0010011001010010
0011010110010101
1101010110000010
1111011111111000
1111011101101111
0101010010011110
0101001001101011
0011110010001111
1011101010011101
1001100001010100
1000100000000010
0000100011011100
0100000000110010
0011011110101101
0011000011100011
0010101111001101
0001101000111100
1101001011101110
1001001110000011
1101100101101100
1011100010100110
1000110011010101
0000100011110100
0010111011001011
0101000111000000
1000010111110101
1100111110001000
1110101110010001
1011101010101110
0011100110111101
1011101110001001
1011011011101100
0110101010110101
1110001110111101
1101010101101101
1011001100100110
0001000110001100
1101001001101000
1101110101110110
1011101111011100
1101111111111111
1111001011111011
0111010010111011
0111111010000101
0011101101011110
0111011001111010
0011100001111001
1010100100011001
0001100110011100
1110101000110101
1110100110000001
1001011001111110
0001000100010100
0000010110011011
0100010110010101
0100001000110010
1110110011100101
1000110000110100
1001011101110110
1101011011000101
0110101011110100
1110111000000110
0111100111111000
0101000011110011
0101001101010111
0001100010100110
1000011001110111
0110110101010100
0111101110101101
1100101001100000
0011011011111110
0010111101010101
1001010111110111
0110110101110100
1111001011100110
1100011110110101
0000011111101011
0010011011110101
0011101011111110
0010100101101111
0010000011101001
0111110001111000
1010100110101100
0010101101001110
0111110101110000
1101101001110011
1000010110001010
0000111001100110
0010000101101000
0100100111101101
1100100110110010
1010101010101111
1011001110011000
0110101010010000
1110101010001000
0000000101110101
0001100101101111
0000011000000010
0100100011001101
1110000110111011
1010100110110101
0000010110010100
0011110100010110
1100110100100010
0010101110001100
0100101011001110
1100101110011101
1011101010110110
0001001101110000
1000010101101100
0111101011001101
1010010100110110
1011111100010100
0110111100110010
1100001101101001
0101111001000101
1001010100000101
0011111100010111
1110011100101101
0011110101010001
1011110011100000
1111011010000011
1111111001101100
1011011011110010
1101110001111011
1011001100011111
0001011110011111
0000111100101100
0100110001000000
1101111010000100
1111100000011001
0101100010011100
1001011010010011
0010011111111110
1111111011111001
1111110011100011
0100000000101110
0101011101111101
0001011100111110
1000000010110000
0001101111111000
1100010001100000
1010011000001111
1010011010111100
0001111110010101
0010011101011110
0100010010111111
0011000101101101
0111111111110110
0111000110010110
0010111010110000
0011000100100110
0100011000110110
0011101010001010
1010000011111001
0000101001101111
0100011101101100
0000010000111110
0100011010000110
0001011011111001
0100111011011100
0000100101110010
0010100110001001
1110110011100001
0111100101101010
1000000111100100
0100111000111001
0000000010000001
1110110100001010
0001000111010101
0000011110111100
1110110000011111
1000000101011010
0101110110110010
0111111001110010
1110100000011110
1001011101111010
1010101011101000
1000110110000001
1100001110000000
0110101110101001
0011100010000011
1010110000101111
1111001110110001
0101110010100010
1001111000111111
0110010100100001
1101100010100010
1110101010001010
1100101000100101
1110110110100010
1010111000100000
0101111101011110
0001101100111100
1001000111101000
1100111101010101
0100110000111000
1000001110110110
1100010111101100
0100000110000000
1011011101000101
0000100110011111
0010010100110110
1010100100101100
1010111011000011
0001010101000000
1100110101110011
0011011111100000
1110111111111000
0110010101101011
1010001110100000
0110110000110010
1101111111010011
1111010010010001
0001000100001000
0011011011111110
1110101100110101
1011011110001001
1100100000111100
0111110011001010
0001000111001101
0000111110010010
0000110101111100
1010100100100011
0100111000101101
1010100011110100
1010111101011010
0100010000110011
1000111010001000
0000001010010110
0111110011000010
1001010111011111
0010100011100011
1110000010000110
0111000101010000
1000000000000101
1100100001011101
1001001101011011
1101011100010001
1011000011101101
0111111001001001
1010010000100010
1010111001100101
1101110001111001
1000110001001011
0100000110111101
1111011000001010
0000010011011110
0101000110011100
1101100111001110
1110111110000101
1111111000101011
0001101000011101
1101001010011101
1111010101101001
0000100010111010
0001101001010100
1110111100101110
0010000001100100
0011000010011001
0010101010000001
1110110110001001
1100000011001100
0110101000100101
1010010011110101
1011101010011000
1011010100010010
0001101101101010
0011011000111111
1000101011000111
1111000011100010
1111101010000101
0110100010111011
1111000000110111
1100100101000001
0000110110101111
1111001010101100
0000101001110111
0001001000011111
1010000010110011
1100110101010111
1010101010000111
0111100000001011
0100011110010100
1110110011100010
0011100001010101
0010111011010000
1010001010101101
0001111000100011
1110110001101011
1110010110010110
0011000010111110
0101011001110001
1111100110010110
1101100001010001
1101101111111010
0001101101011111
1100001100001101
1001011001010011
1010010101011100
1001101110110011
0111100111001001
1001111110110001
0111001110111000
1101100100001000
1100011101011110
1110111011101011
0001110010100110
1000101000011011
0011110100001100
1110100101010110
1001111000000110
1111001011111111
0100001100010011
0101001111101110
0000110110111101
1010001001000110
1000100111000011
0000100111111110
1111011101111110
1100110010000001
0001010101100110
0001110100010110
1010100011010101
0100111010101011
0100010001111010
1101011110101110
1111011101111101
1101101010010000
1101001101101110
1101011100011011
0100110000111000
0111101010110110
0100111001000010
1110101011001011
0101111010000110
0011011111010100
0100101000100011
1111001000111001
1111101000100001
0101011011111000
1011010111001000
0111000111000001
0101110001111010
0001000000100010
1100111111111100
1111110011001011
1001010100111011
0010000010101001
1100010011101011
1001100100000010
1111101110101001
1001001000110000
1100011101100100
1100001001111001
0001111100100011
0001010100100011
0111100000011000
1001101010001100
0010111001110000
1010111010110101
1010010010100101
0011101011111000
0110001110100011
0100100001010111
1010001010100010
1101111111010010
1000101100100001
0101010000111111
0001100101000111
1001101100100111
0111000111100101
0111000110110011
1111011110010010
0011000110010111
0010011011101110
1001100111111101
0100010010111010
1010011000111111
1001110101001111
1010000011111101
0111100001111010
1111010111011111
0010000111100000
1111001001101101
1001111110001000
1101100101100111
0010110110000010
0000111011011111
1010000011110010
0011110011001001
1011101110000000
1101001100110001
0011100110000000
1011011110010101
1000110110010011
0110000011111000
0010000000110000
0111010100110100
0100010101111000
1101111001101010
1100111000101100
1100111101101000
1010011101100101
1000010100001011
1010000001111011
1111010110000110
1100100011010001
0000111100101011
1110001001010111
1011010111011011
1111000101110100
1000011100101011
1000001111111101
1001011000011000
0000010111001111
1011011100000010
1100010110001011
1010100100010110
1010000100111110
1000100001000011
0110100011000001
1001010111111111
1100011101011011
1111011101000111
0011110110000001
0000000111010101
0110101100011010
1011110101001110
1101100111010111
0000011110000001
0010100001100110
1100111010100110
1100100101111100
0010110100101001
1111101011000011
0000010111111001
0001001001111001
1111000101010100
1111010011011001
1101111011010101
0101011111001000
0111001100001101
0011100110000101
0101111010100111
0000001110100011
0011001000100000
1100001000110001
0011000110100101
1000000111010000
0111011101111000
