0111011011010101
0100110011101111
0000011000111001
1010101011001100
1111010011001110
1101101100111110
0010010111110001
1001100001101000
1111000001001001
1101110110010111
0101011011111110
1111101111010001
1111010000011101
1100111011111110
0001100011001010
1111100010010101
1001010000010100
1011011001110010
1111101000011100
1011111001010010
0111111111100011
1000011110110111
0010101000011010
0101111110100001
1110011111100010
0101111100100110
0111000101101010
0010101000001110
0101000001100110
1010101000001001
0010010010001001
1000100100010111
0101011111101101
1011110101110000
0100100100011000
1000101100000111
0110111010000001
0001010011010101
1011010110011111
1000100010011101
1111101101000011
1001011000100100
0000000111001100
0011010100000110
0010110101111100
0101011010111011
1111001111101010
1011111011000100
1110000110000111
0100100101001101
1111000011000111
0011111110100110
0001010000101111
0001100111100000
0100100111101101
0101110001001110
1000000111100011
1011001011011000
1100101001011100
1100101110111011
0011001011101001
1001111110000111
0010010010011000
1011111000110101
0010011110101110
1010011011111011
1111001101110100
1110001110000011
0000000111101001
0111000100011110
0110011110010010
0010111001010010
1001110111100011
0100011001000110
0010111011101111
1111101001000100
1111000111011001
0010101111011110
0101010111011100
1111111101111100
0101011001101011
1000101111000101
0001101101010111
1000000110000010
1001011111011011
0000001011000110
1001110101011010
0111101110111000
0010000100010110
1010110000001000
0011100101110000
1100011001001000
1000110000111111
1000000000111111
1001110000111000
0110011110010110
0011110011010010
0000111100011111
1011011000110101
1001001011100101
1001110010100111
1111011001100000
0010000001011111
0101000010111011
1000011100111001
0100001011010110
0011000001001001
1001100001101100
0010110110000101
1011010010100111
1101011000011010
1000100110001010
1111000010001001
0000000001001100
1100000010110110
0100011000010010
1101001100010010
1010010000110100
1111010000001100
0000111101111100
0110101101101101
1100010111000111
0011011011111110
1011101100010110
1110100100111110
1001101000100001
0010110010111010
0000001101101100
1011011110000001
1100110110111001
0000100111110010
0100111010110011
1110110000000110
0000001000100111
1010011110010010
0101010000111111
1110111001011000
0000111101110010
0101100100000001
0110000110111101
1110010010101101
0001100000011111
1001001101011010
0000111100111100
0011011100010000
0100011110010001
0110001001001111
0110001001111100
0000101100011011
1100001101111100
1100010000000111
1011011110110101
1010000010100010
0101110010110001
0011111111011100
0100001101111010
0010000001000100
0010101111101011
1000111011111011
0011100110101110
1001100010111101
1000011100111101
1110011110011111
1010011100100100
0010001101110101
1010111001110010
1100110111001011
0010010001101011
1110111000000101
1100010010010100
0101001101011001
1101001111111011
0010001000101001
0011000010000111
0010110001110010
1000100110011101
1111110001011110
1110101101110101
1011101010110010
0101100110100011
1000011110011111
0110000010100111
0101101101110110
1111101100010111
0111000001010001
0110010110101110
0101101010110100
0010000111001100
0110101010010111
1111101110011110
0010100010111111
1000001001000001
1101011110110000
1110100000101010
1100010000011111
1000001101111001
0011101101110000
1111101010110011
1010101001110001
1010100101000001
1000101110001011
0000101000110111
0001011000100011
1100000000110110
1011010110000010
1001110101110010
1000111000011011
1100101010011001
1011001101001000
1101100001000010
0111000100000111
1011101100100010
0010111000110101
0010011111011110
0011110001000101
0111110100101110
1000110010111001
0001111010001111
0111010110110000
1010000001001110
1010011000001110
0000101011010010
0001100110110011
0010001001010000
1111100000100111
0111110110111010
1011101110100110
1001011111111100
1010001010111001
0101011001111000
1100001011100100
0001100111011110
1001000100010010
0010010101101011
0001000010001011
0011111110101100
1001100000111111
0011101110110100
0001101010011010
1110011101011000
1111011111010111
1011110010010001
1101111100100100
0101011011010100
1100001111011100
0111000010011101
0101001101010010
1100100111000100
1000111101000001
0001101101100010
0011010100011110
0010100010100110
0110100100011001
1101111100111000
0001111011100000
0110011100011000
1111110010100010
0110001110111111
1110100011001010
1100101101101100
1101101001011000
1010000110000101
1011001101001001
0000010011000100
0101010011000011
1101001111111111
0110111111101010
1011001011100110
1010001011010000
0110010110011000
1101011110001000
1100010110110000
1001101110001111
0001100101111001
0100000011110011
0111011000110000
0011100100101100
0110100001010011
1000011111000011
0111001101001110
0010011101010010
0011101001110000
0110100110110001
0100001000101011
1001010100101001
0010101011000010
0101001010100011
1001010011010101
1010110101111011
0011111111111011
0000001001101010
0000010110100101
1011101101000010
0101101011100101
0000111111000110
0011111111011100
1101010100001101
1101101010010001
0011111101111110
1100110111110011
1000111101011011
0100100001001001
0101111111010111
0110011011101110
0001001001001110
0001000101110101
1010000101110000
1111011110011100
0111001111110101
1011110100011011
0111100100000001
0001101010100010
0111010110001111
1110101101110110
1001000111101001
1111111101001010
0100000001000001
0101000111011100
0001000011101001
1101100010001111
1101101001111110
1100011110100000
0001100111101011
0100011000010010
1000110101010001
0101000110011001
0001010110010100
1110000001011001
0000011001010011
1110010111000001
1101110001111010
1010011011101100
1001110011100111
1100111000111001
1000100001101110
1010001011101111
0011100110101110
1100100000010100
1111000100010110
0100010000011100
0100000000001101
1111101010101011
0110101000011101
0010001100011000
0001100001101010
0100110000000010
1100100101101000
1001010110110001
1010100011001001
1000011100001000
0010010101100110
1010111001001100
1010010111000100
0111111010011111
1101010001101100
1010101111111001
0011010101011100
1010011111010011
1000101001011110
1101011110001110
0101010101101000
0000001110101001
0001001101111001
1010101000111100
0011000010100001
0011101000000010
0000011011100000
1111110000101001
0000011110111111
0100010000001111
0000000100110101
0111000111010010
0001111001000001
0111100010011000
0011010110110101
1011110001010011
0000001001110011
0010011010011010
0110010011001010
1001010000111100
1000001110110111
1111011100001011
1011110011101010
0001101110101101
1001110000110110
1101100100101101
0011111000001110
0000000100010001
1001111011111011
1110101000010100
0011010001110001
0110001011111111
1000110011111010
0101010110100100
0000000111100011
0011100011011111
0001011111000111
1001010100101011
1111111000010001
1011010000011110
0100110001101101
0010100011000111
0111010101000011
1000100110110110
1111101110110101
1001011110111101
0000010011110110
1000011010001010
0111100001101010
0010001101111110
0000100110001011
1001000111101111
1001011100011101
1000101110001001
1111010000101101
0101100111111010
0100011011110111
1000111100010101
1100110101101000
0000010010010111
1100101000100000
0011010110110010
1010111000010110
1000111111011100
0111111110101111
1011100110001011
1011010010000011
0100000100001011
0000001000100111
1000110110101110
1000100000011100
1011111101111001
1101111101100100
1000101011110010
0000101101100010
1100101100001110
1101001111001101
1101000100001101
1011000101011101
1010110001011001
1001101001100100
1110101010100010
1111001011110101
1101011010111011
1010011100010001
1000010101001001
0011110010010100
0001110011011100
0001100000000111
1011000111001000
1001000000011010
0111000101110100
1100010001101100
1100000011111000
0101011101000101
1001100010001110
0001010100000011
0111110010101011
0010110011111010
1110101010100001
0000011010010100
0011100100010110
1101001010100101
0001110110111100
1111000011111001
1000010111010101
0111110010111110
0001011111110101
1101011011010010
1111101100001010
1001100101111110
1010111101001101
1100011010001001
0100110010011000
1100110000011010
1100001000000000
0100101110001011
0010001000101011
0101011010000000
1101110001000110
0100001110110110
1111011000010000
1001010111111101
1000000101011111
0010010010010011
0010011101100111
1111000111000000
1010001000000000
1000111010100000
0110000010101001
1010110011101001
1110101001010111
1111010000111111
1000100111110011
1111000101101000
1001110001011111
1110010111011010
1010100000110101
1000010111000101
0110010011101110
0010001110111101
0111001000001101
1001010011000000
1010000111000011
0001000100000110
0100011101110010
1110100011111101
0000111111100000
1110010111011010
0010011100110110
0000101010100111
