1001000000111011
0110001000000100
1110001111111001
1110011101101111
0101111111110010
1101100010000110
1001000000011000
0010110010011001
0111110000011110
0011110010010000
0110100110000101
0010001010010100
0111111111010001
0011100010101100
1111000111001000
0111100011010100
1000100111100101
1001111111110101
0111000110100010
0000110011001001
0010110001001110
1010000100101001
0100111001011010
1001111011101010
1000000101000011
0100100101110111
1100011000011011
0100100101111110
0101011010110001
0111100111001011
0010010100101010
1101111111100001
0100000010000101
1101100010010001
1000110011111111
0001101000010010
0010110110011001
0111101100100001
0001001001111100
1000010000011100
1001000110101110
0101101011010110
1101010110000100
1000110010001110
0000110110011110
0010110011101000
1110110101010011
0111010100010010
1000101110010000
1000000111100101
1110101101110111
0001000100011111
1100011010010110
1110010001111001
1000000111001011
1010011000100011
1111011101011010
0010001011110101
0011111110010011
1101010100011001
0011001111000000
1101001110011010
0000111101110110
1001010011000000
0101101100001110
1101111011101001
0101001100100100
1111011010110011
0110100101000001
1010001010010101
0100010000100000
1000010101110010
1110001001010110
0010000001001000
1001010001001001
0001101100000000
1000110100110010
1100010001111110
1011101011110110
0111011100111110
0101101111000001
0001010110100110
1100111101000101
1111001001101011
1000000100101111
1111010100111011
0101000010001101
0010100110100100
1110011011010000
0001011100100110
0011100001111101
0101111100111101
0011011100001101
0011000011111000
0101101000110011
1000010011111001
1000110111111001
1111010100011111
1011111101011000
0010100011011111
1001010101111110
1011101101011000
0001111111010110
0010011111010110
1101111100000110
0100100001101110
0000000111101000
1100100100010110
0010100100110001
1000100110011110
1101110101110110
0100111101010101
0011010110111110
1011011010011001
0111010110100100
0110100111110000
1011001101110001
0010111011011110
0100000110111100
0010000110101110
0000111010000100
0001111100110101
1001000101010110
1010111000101100
1111010111000000
0011000000001011
1000000001001100
1101000010111001
0011001000001011
0101011110101101
0011011110101001
1111101000001101
1101001011110100
0011110100111000
0100001011010100
1111111110110111
1000011110111001
0001000111001000
0001010000010111
1010011111010100
1110011011100001
0110111100100000
0101001100101111
0111011110000101
0111010010001011
1011010110011100
1011100011110101
0011100100110011
1001010000010010
0010100000111111
0011000011011011
1000100010111100
1010011110111011
1011111011001100
1000100010011011
0001001110010011
0011001001111110
1000111110100101
0110001110010010
1101100011110010
1101101100011011
1011000100101010
1101010010011010
0111001101011111
0111000110111110
1010100010001110
1010011011000000
0110011101011010
0101001011100000
1110100010001010
0000100001101001
0010110001000000
1111101101110110
0010100011110000
1110001101111100
0001010011010111
1001000100101111
1100000110010111
1000000011001011
1100011101110001
1010100100001100
0110110010110111
1111010010110100
0010011000100110
1100111111011101
1100100101001101
1010100101111011
0111101010111011
0110110100111111
1111111110101110
1010000001111011
0001000111001011
1100000011001001
0100111000001011
0110010110011011
1010100010001100
1011000111111100
0100001000101110
0111100110100110
1101011011100100
1000011011001011
1000100001000001
1000001101010100
0010111100111010
1100000000100010
0111101010100011
1101011110101001
0110111101000110
1010011101110000
1000000000111011
0110010010111000
1000001000111110
1010011101001101
0010001001000000
0001110101100011
1100011001110001
0101001010011100
0111011101111011
0011011011001110
0000000000110000
0011111011100010
1100011001101110
1000110110101001
0011000000011011
1011100110011010
0101000010001101
1100010001100100
0110000101011110
1101001010010000
1101111010001010
1000101110111101
0001111011101010
1011110100010111
0110100010100111
0100110000011001
1100011111100101
1001110010101010
1011110010000111
1000110101010100
1100000010001110
0110110001001100
0000010101111111
1110110110100110
0101011000011010
0010111000010101
0110010100100000
1000001011111100
0000101011011011
1100010001001011
1100110001000010
1111100110011001
0100101001110111
0110000001010000
1011010010100011
0000100111000000
1111010110000110
1000010010001110
1000100110000111
1100110101101010
1000001011110111
1111111100110101
0101001001001100
1111011010101101
1111011011001001
1010101010001011
1101011011100100
1011111101111100
0000001101111010
1111100101100001
0101110000011011
0101011001101101
0101010111010011
0010110100100001
0111001011000010
0111100111011111
0111101011011110
1111110000001010
1101000111000000
0011001110110100
1011001100001010
1001001001010110
0001110010010111
0010111000000011
1101000011111011
1100011011110111
1110101010101101
1111111011001000
1010101110111001
0111110010100100
1011010010001100
0100100011000101
1001001111010010
0100101010100001
1110001111000101
0110011000011001
1001010010100011
1000110110011010
0101111111110000
0101001001001011
1101001110001010
0110100010011101
1101110010011100
1101100101000000
0000000000011111
0101001011001101
1001010110111111
1110110111010010
0110001100100100
1110110000000101
0000111010110100
1010100101011100
0000111000011100
1001111101101100
1100001110110101
0100010001100000
0111111001011111
1001101001101010
1101000010110111
1001010111011110
0010010111111001
1010010110100000
0110010100011010
0011010010100100
1010100100111111
0100101110011111
1001010100100000
1111111110010000
1010101110001011
1010001110110110
0010101011101000
1000000101001110
0100001000000000
0010100110100010
1010111011011100
0000011100010111
0110110000001110
0110110001101010
1100000100010000
1010100000110001
1111011010111010
0100010001010101
0010011000100001
1110111101001010
1011010110011101
1101000100110100
1000100010010000
0110100110001101
1110100000000100
1011010110100011
0010001001111010
1001110001111100
0110110111000010
1011000001011010
1111000000000110
0011011001101010
0010110010111010
0010011011111000
1100011100111001
1100101000011111
0000011010101100
1001111111100000
1010101111011001
0001000011100011
1111000011111110
0010110100111000
0111000001110111
1100101111000011
1010001000100010
0011001001011011
0001000000101111
1000101110101101
1001100101111100
0011010111000000
0110111000000101
0010001000011001
1001100010100100
1101100110111010
0101011001111111
0001001111110110
1000111001100000
1001000111000101
0001010010111100
1010110111111101
0000101000011111
0000110100111001
1101101101000000
0000000001111010
0110000000110111
0011010101001001
0101001111111010
0100000011010100
1100110110011000
1010100001000100
1100110101010011
0000110010001100
1100110101111000
0011101011111110
0010111110111010
0001001101011011
0010101000110011
0001001110111101
1010001001010001
0111101111110100
1101111111111001
0011000001011100
0100110010100011
1101011010010100
1110100000010110
1100100001000011
0111011010101011
1001001010100001
1010001101110100
1101110000101010
1101000000011111
1101111000111110
1100000000100110
0000010100110011
0000010010101101
0011100000101111
0100000010110010
1101110110111000
1101110011001001
0011100111000100
0110110001100010
0110100010110001
1101100010111101
1001111100111110
1110101111000011
0110011101100100
1111000000000000
0010100000010110
0000101001001111
1101111100111101
0010000000100001
0100011000110000
0110110011101111
0110001011111100
0001010001001111
1001101011010101
1011001111100000
0111011000101001
0010011110010101
1101111110100010
0110111110000001
0100000001110001
1000111101000011
0001001111101011
0010001010101010
1101110010110110
0101011000100100
0000000011101010
0000011011110110
0010111111001011
0111000110101100
1001010110001001
0011100010110111
1000011110110101
1011011110011001
0000011100100000
0001100000100110
0010000011001110
0000000110010110
1000101110100011
0010011100001111
1010101010101100
1100011110111111
1011010001000010
1001110101001001
1000110011101100
1101110110000000
0001000110010100
0000110011101111
0100101111101100
0000011011000000
0111100110001111
1001000000101010
1001101110101101
1000011011100111
0000011110010010
0100010111000110
0001110111101000
0011000110100111
0000001110111110
0100000010011111
0111011100100111
1000100000010010
1110110110110011
1010100101101110
1110000101100011
1000101110001010
1011111000110011
0000101110011111
1011000011110001
1011010000111010
1100010101111010
0011010101101100
1110111010001100
1011110010000111
0110010011001110
0110100110111101
1111111011111000
0100001111011001
0100001011100000
0110000011100001
0011000001101101
1111100000101100
1001010101111010
0101001001000010
1010101101001110
0011010010001011
1111110011100110
