1000111010100110
0000010011011101
0101101100101000
0000100110101000
1100100010011110
1001100111001111
1110001111011011
0110100111111101
1010001000110001
0001001010011101
1100110101000010
1100100101101111
1000100111000110
1001010101111101
1100011011001000
1010111101001001
1101000010001100
1101101100111101
0100010110110011
1110010001100011
0010010011000111
0011001101011001
1100110110010011
1000100110011000
1100110010000011
0100101000111110
0011100100000001
1000100100111111
1101000000111101
0010011011101110
1001101011000000
1001111100000000
1110101001111110
1110010011010100
1011001101011111
1011100101100011
1000001001100101
1100110011110010
0111101101000001
0100111110111010
0011011110010011
0111111000100010
0000010101001001
0100110011010011
0000100110000011
0110010110100111
0111001001000101
0001001101000000
0111111111110000
1010000110000000
1111000010000000
1110100101111010
0111001100110010
1111000001111010
0011001111110101
0101111110100001
0111011011100111
1010001010101001
1010100000010010
0110111011110001
1000000100111111
1000011111011110
1111100110001010
1111111110011111
0101000001100100
1101110100111101
0001000111000011
1010001000100101
1001110111101001
0111111010100110
1001001000000101
1001001110011111
1011011010001111
0011101000101110
0010011001000010
1100011111100101
0001110001010100
0100010110001100
1101011000000101
0011001011000001
0111000000111000
0110010110001011
0010001010110010
0110111000101101
1001101010001111
0000100110100010
1111100001001111
0001101001101000
1110011100101011
1110010001110000
0110101000000001
1100111000011111
0101001111010010
0001001100001101
0000010011111001
1111011000110111
1011110111101001
0011011101000000
0111100001001101
0110011000011000
1010000100111000
0001010010101101
0111110100000011
1001011011010100
1011011001001100
0111100110100011
1111000101001110
1011001111101110
1101111110111111
0101110000101011
0010011110010111
1101101111010001
0010100000001110
0001010110000011
1001111001010011
1111110110010000
1100001010011111
1010110010111110
0000111100100000
1100010110011110
1000101010011001
1001011011111010
0001111011110110
0100100000101001
0100011000111111
1001001001001110
1110011010000101
0000011000000011
0010101010010011
0000111011010010
0011001011001111
0100101011011011
0111101101010000
1010101100011000
1111101001101001
0001011001001100
1011011010001001
0000010001000100
1000011011011111
0100111111001111
1100000001001010
0111110001011000
0110111010011011
0000011101100111
1000000110101001
0111110011011011
1010010011101100
0110000010100101
1111111111000100
1101100000010111
1010110111111110
1110001111001000
0101000001110101
1010010010101010
1111110111011001
0010100101110011
0100001011000101
0101000010111111
1110011111000010
0111110100110010
0000101001001101
1011001110110110
1001001111101110
0011010001010111
1000101010011101
1111111011001110
1011010111101000
1100001000101110
0000111110001011
1101110010100100
0010010101101010
0111011001101001
0000100100101001
1011011111011110
1010000111010011
1000001000100100
1011110111101110
1010000000100000
1010110001101100
1110111000011011
0000001011101001
1111100010011101
0111001010111101
0000111000101101
1111111000110000
0011101011001000
0001000100110011
1000110001101011
0110000010011010
1010101101001011
1011111000110011
0111110010011100
0110000111000110
0111010011101100
0101101000110011
1001011011011111
0001101001010101
0101000101000101
1100000101110011
0101001101111011
0010101100110011
1111110101000010
1011110110001111
0011101101001001
1011000011010011
0011101010100101
1110000100111100
0000000110111011
0010111110010010
0100111110101010
1001100100110100
0010111001011111
1101000011001000
1110010111100111
1110100100010111
1101101000101111
1001110111101010
1110110111011100
0000010001001011
1100101011100101
1101000001110100
1100101111111001
1101111010001001
1011010100010011
1111111011110111
0000111010011101
0110010001010101
1100001010111001
1011101110111000
0110010011101001
0000011010010000
1100010111111010
0010111000111110
0101011000110011
1000111000100000
1110011111011000
1011011110000100
0110110100010011
0010110001001000
1011001100001110
1101011101000010
1000001011001100
0110100001101010
0110010111100111
1000100111001010
1011101010011111
0011001010110010
0000011010001100
1000001000101010
0111110000111001
1100000110000010
0111110111110000
1111001100001101
1100010011001011
1011100110110011
1101101001111110
1011010111010100
1110100111000011
0101000100110100
1111000010010111
0010101010100011
0001100110101010
1001000100000011
1110001010010000
0110010100101100
0001111100110011
1101110011010010
0000101010010111
1001101010010101
1001101100000011
1110111010110111
1011101010010001
1111100001100110
1010100111111010
1010011010001111
0010011010011100
0110000110000101
1000110001111001
0100001101011101
0110011011001001
1101110001001111
1001100111001001
1011101100010110
1011100001110010
0110010100001001
0001101011111011
0110000101001101
1101111011110011
0001100001111001
0101101001101111
1000111001011101
1001110010001111
1010111111101110
1000000101000000
1100011110101011
0110111000000010
0111011010110111
0000101000011000
0101000111111011
1111011011100110
0110001100011011
1001101100000100
0100110011001110
0000100000100001
0010001111111001
1010101110010100
0110010100011010
1001100010010011
0011111001010001
1010010000100110
0011000110011010
0110110111111111
0001100011110100
0001111100100100
0110011010100001
1000110111000000
1010100010010110
0110011010111000
1010101000110110
0100010110010011
1011000111101000
0101000011101010
1001101111111011
1010111101101111
0110100011101110
0100101110010101
1010110001101111
0000011101010010
0110010001010110
1011100010101110
1011100010101100
1110011110101101
0010100100111111
1011001001001110
1101101110111001
0110000011000110
0110001011010000
1111100100101001
1110101111101111
1101001100111000
1100011010000101
0011000000011010
0011000100110010
1101101000111101
1001100001101001
0101101001010101
1101101110110001
1101011101110110
1001011010100110
0111011110110011
0111100100011011
0001010011111000
0011010110011111
0101101001111010
1000111100100111
1110110011111000
0001100000111000
0110111001110110
1100011010101111
0111101000110001
1110001110100111
1011111111110000
1111000101001000
1111111011010011
1010100100100010
0001001001111101
1100011010011000
0111001011110110
0111001000000010
1000000101001010
1100100101001101
0010101011100000
1100110101111110
1011101100001111
0011110000110101
1000000010100110
1011001111001001
0010000001000000
0110111110000001
1111000000011101
0110110111100001
1100000110100101
1001010111010100
0000111010011111
1001001110011010
1110111010000101
0111010011011010
0110010011110110
1001001001011111
0110000000110000
1101011011001110
0110100010000011
0001000111011001
1011000101101000
0011000001111000
1110001101110111
0000100001110010
0011010110110001
1001111000011010
0011010001100000
1000100100110011
1111001000000110
1111010101111100
0111000100110100
1001111011100001
1110100000101100
0110011010000110
0001011101100100
0101100110000111
1111011000101001
1101001010000000
0101011010011010
1010001110101100
0100011000100001
1111000111110111
1001101101111101
0001011111000100
0010101101000000
0101001001001110
1101011011011101
0001100001000000
1000100111001111
1110100111110110
0000001000010100
1010011100101010
1011101000000001
1110110000101011
0110001101110101
0001111110110100
1010011110001111
1000101110011100
1001111011010101
1100011101010100
0010010111100100
0100100011000011
1010100011111100
1011111001111100
0010111000111010
1101000110111010
1011111111000010
0111100011011000
1111110001111010
1100001101011111
1110101010010000
0110100100000100
0011011011101110
0011000010011001
1100101101011110
1110011110011000
0101010011010011
1010011100110010
1011010100111110
0111100101011001
0101100100011101
1110101011000100
1011000001101010
1001100100001011
0110110000111100
1001011111011101
1011000010100100
1110110111110100
0111011001000000
1111100101001111
0111101100111101
0110110101011000
1100001010000100
0001110111111110
1011110111111100
1000100111100010
1101110100011000
0101100101110010
1000111101111010
1011001011011100
1110010110011001
0100100000101101
1000001101101011
1011010110010101
1001101001010001
1100101010011011
1010101101101101
0100100001100111
0011100010001101
0000001111011101
1010000101110101
0111110001100010
1100111111001101
0010010011101011
0100100111001010
1010001010011111
1111001101110100
1011010011010110
1000110100100011
1000100110100011
0100100111110001
0010111111110110
1100110001010101
0001000110000000
0100111111111100
1000101100110100
0011101111111100
0110111000111101
1110000111010111
0000010001101001
1110000000000111
0111111000011101
1011101001000001
1111100100111011
0100001110101001
1100011001011100
1110100000001101
0100100001111011
