1001111110010000
0101010101001110
0011110100101001
0010111010101010
1010110100000111
1110000001000110
1100011111010011
1001010011000100
1000100111000001
0110100010110001
1100011011101001
0000001001010000
0110110000101011
0100101010001111
1101100011000101
1000101111110100
0110010001101101
1000011000101110
1101010101011000
1101101110001100
0001101010111100
1011110100100001
1110110100110011
0011111000101110
0010101001000001
1000000101101011
1010001011000000
0010100010001101
0110110011101000
1110101011001101
1110011100101110
1110100110001100
1111000000111111
1111111100001100
1111101110111010
1100101100111011
1101001000100010
0110101100010000
0110001101100000
0001001010100001
0101111111010001
0110010111001011
0011100110100001
0111001111001010
1100001000101111
1000110110000010
0010101000000101
0000010100110110
1111110100110000
1011100001000100
0011011011101100
1100001111110010
1101000111100111
0111100110101111
1110100001100111
0110111100010100
1001010011011111
1101000110101110
0000001011000011
1101000001011101
1010011000010010
0111010001111110
1111001011001100
1100001011011111
0010000101010111
0010100111000111
1011011100110011
0000110011010010
0011000100100010
1001100100010010
0100000010111111
0010100010111111
0010010000001111
1011101110001100
1100010010011010
1000000100101101
1101001110111100
0001011100101111
0100100111100000
1101001101110010
0010010011110110
1101010100110010
1001100100100100
1100000111100100
0011110000111110
1100011001001101
1111110111011101
1000110001111110
1010101100001010
1000101001110101
1000110000011101
1111010101101100
1011001000010010
0010000011011010
1101000000011111
0001100110100010
1011101011010010
0001101100111010
0111011011111100
1000101100110011
1101101000100111
1101000111111010
1010000100110110
0011101101010101
1001001111101101
0101110010111100
0011101001010100
0110100011000111
0101110010111100
0101000000001110
0001001100110000
0110111110001010
0010111100101010
1111011010011001
0110110101011010
0011110001010001
0011011001111011
0010110111101011
0111100111011001
0000111011111000
0110100001010001
1001000100100001
1011011110110111
0001000101110100
1110001010111001
1100011111001010
1101000001010110
0000000110010101
1101001110110000
1000001001110000
1000001011001100
1001001101001010
1101011110000111
0011100011001001
1110110100100010
1101011000000111
0000100000100010
0110111011000001
1101110101001111
0101000101001001
1001111011001011
0001111000000010
0100000001000101
1111110011011111
1011101001011110
0011110001011000
0110011100100011
0000011111011100
0100010110100100
1001011011110001
0111111110001100
1111011101111010
0000111010100010
0010101010000010
0010011010100011
0100100111010101
1110000110011010
0101111011010011
1111110000011110
0010101101100001
0010101011011010
0111001010110010
1110001000101110
1100101011010111
0011010111010111
0011010110011001
1101010010100100
1110111000000000
1001010100011001
1000110100110100
0011111011100000
0111001101111101
1101110111011000
1111100011011111
1000100011010001
1011101011000000
0110001110000100
1010001010111101
0000001010111011
0111100001000010
0100111101011101
0010101111110101
0010110011001011
0011011001100010
1110011111011101
1010111110000011
0111011111011100
1110110110000111
1101000010010101
0111011010111110
1100111100011111
1001011101001000
1010010110110100
0110100000101010
0101011011101000
1110010111100011
1011101010110011
0010001101000110
0011101100010111
1110100000110001
1111110011101010
0101010101011111
1000110101000101
1011010111011101
0111110000111011
0110010010000111
1010000101001011
1001010001110010
0011111100101101
1000011001011100
0101001110010001
1010100001101111
1011010001000111
1000100000001100
1111100111000000
0000011011101100
1001001110010011
1110010011101110
0101011111110101
0001001011011101
1101011110000011
0101100010001100
1000010010001110
0100011101101011
1111010000110001
1010111110101011
1001001111111101
0111011100101101
1010000111000110
0000101110010111
1100100111000001
0110111110111001
1010001110110111
0101101101100110
0101001101001111
0001110111011111
0000100001101011
1000110101110011
0111010011100011
0010101101011110
0001000101010110
0101010100110010
1011100011000000
0100011010011011
1001101000010111
0101001101101011
0101101110110100
1001100101110011
1101111010111110
1101100111011011
0111100000101110
0001011011010001
1010000101011101
1111001110010000
0100001101111111
0010100001110011
1001110000111011
1001010010101111
1111010111111000
1111111011100001
0111111011000111
1101000110001000
0010011111110101
0110100110001010
0010000101011110
0100011101101101
0011101100011111
1100000111100100
1011111100010010
1111011001011011
1001001110010001
0010011011101101
1101010101101001
0101010000000011
0110001010110000
0011111100000100
1001110110000110
0110000001001010
1111001010011001
1011010001000101
1101010101010101
0011000001000100
0001001100101001
0100101101000101
1111101000100101
0100011001111100
0011101010011000
0001011010001111
1001011101101100
0111011101010101
1011111011011001
0111000110100000
1100111100010001
0010000001101111
0000101100101011
0011111011110000
0010101011110110
0111100100111010
0001001110011000
0101010000100110
0101000111011110
0100010110010110
0100010010000000
1010111111101100
1100100100011010
1111011001101001
0110001110110001
0111111010111001
1010011010010111
0100001101101100
0001111101000110
0101100001101101
1110101001111111
1110111111001011
0010001011110110
0000001100111010
1011000101111000
1111001111011101
1011000010100011
0011000011101111
0101111101000011
0010100001111001
0111110001001101
1100011001111011
1000001011001101
0000001001111010
1111111000100110
0011111001010000
1000100010111100
1010001001001000
1011010101011011
1110110110111100
0010111110001111
0001100111100110
0100001010101111
0001010111100001
1100110110001001
1110001011101001
0011100101111010
0101011000111011
1001000001010000
0100011111111010
1101111011000100
0111101111010001
1000000111110100
0110001110011100
0111100111010011
1100000111100100
0100100001111111
1111110011010011
1100011110011100
1010100111001010
1001100110101101
0001010001010010
0011101001000101
0101001001001101
1111011010010001
0001111101011110
0111100011111001
0000110101101000
1111011000101110
1011001100000110
0111000101101101
1001110010101110
1011111110110101
1110011000111011
1110110110001010
0111000011111111
0111001001010101
0010110111110010
1010010010011110
0001011011110011
0111010101001001
1101101000100101
0000110100011110
1010000000110011
1011011110011000
0111000110101000
1010111111101101
0010001111011010
0001100101111011
0010101101101001
1101110011010010
0000111001111001
1101001111010110
1000100011000101
1110010100110011
1011100110011000
1001001011111001
0011000111011111
1000111011110000
1010100110100100
0001101111101100
0000011010111110
0011001110011011
0101100111010111
1111100110101000
1001110011010111
0001100001000111
1010111001100101
0011100101000101
0010010010100110
1100001011010101
1100110111111001
1010101111010000
1010010000010101
1100000001001010
0111111000010001
1110000101000101
0111100100110010
0100001010000010
0111011010100100
0011100101110010
0101101110111111
1010111010101011
1100010110100000
1000000001110111
0000101000100110
1011111110001100
1000000000000000
1000100001011110
0101110001101001
1000111111101101
1000111000001100
0010101101100000
1011110101111100
0100011010001000
1011011000001011
1101111001000101
1000100111111111
1011110010101110
1001011000000111
0011100001011001
1100010001100101
0111001110110110
0010100111011010
1010101111111111
1111110000010000
0001011100111001
1000010100100111
1111011101001001
1000000011001010
1000000111111101
0001010010111000
0100001000110111
1010101101011101
0110010111110010
0011101111001001
0100111011111010
0011010001011100
0001100111100101
1111101100101001
0001111111000000
0010111101010011
1001101010101011
1000000101101111
1011111111111011
0010011001010001
0101110001011110
1011011000000011
0100001101000001
0000101011001101
1011011101001011
0001001010011101
0110001011110110
1001000000100010
1000111110110001
0101001101100001
1101001100001001
1101110000100000
0011010010100010
1100100011111000
0110000110110111
0010101101000101
0111000100101001
0001110100010111
1101000001101011
1000000001011100
1001111100110010
0001001101101010
0111000110010001
0011001101000101
1010111111101001
0101110000100100
0001101010010101
0101101010100101
1011011000111100
0010101000101110
1110000011111000
0001100110100100
1101100101000011
0010010011100001
0001000111001010
1011111000000000
1110010010100110
0101010000101100
1110001011101001
0110110111101011
1010100000010010
1101011001011110
0000010111001111
1011100010111111
1001001010001101
1011100100110100
1100000101110100
1100010111011011
1011111010100001
1010100111011111
0111011100110100
0111100001110111
0010000101000010
