1000110100110011
0011100100101011
1000100010010110
0101110100110011
1111010100010011
1011111001000001
0100010011101011
1110011101110001
0110001110011010
1000001110010100
0000010011100100
1000010110101111
1101010011100011
1011111100000011
0100111101111111
1011001101111101
1101101110011010
0101001001001101
0000000110011110
0111111001101101
0001000111000011
0111011010100011
1000111111110111
1001001111011100
1001111110100110
1000011010001001
1010110000010001
0000010110100100
0000101101011101
0001101110110101
0000010111001000
1010010010011011
0101101110011011
0010111001011100
1010000110000001
0111100101011111
0010011010101011
0011000010110000
0010100001011011
1010101101101111
1110001110100000
1110111000001010
0100010001001010
0011011001010100
0110010000000110
0101111100111110
1011000000000101
0100000001100110
1100101000111100
0011000000010001
0010010010000101
0010001001101010
1101000010011101
1110110100101100
1100111111111100
1110110011100111
1111001111001000
1010011100101011
1110000011000111
1000000011100100
1011100001001011
1000010001110001
1001010111010011
0000101110000101
0000000101011111
1100001000000010
0000111011010001
1111111010011010
1110111110101000
0001110001010000
1001011101100111
0010001110100011
0110001100100010
1011110101110001
0000100111110101
1110011010111011
0110100101010100
0110101000011110
0111000010101011
1001010000001011
1111001000111001
1010111010110010
1001111000100110
1100001110010010
1100010010100000
1100000111010110
1110010000011101
0101011100000110
1110101001010001
0010000010111010
1101111100010011
1010110011010110
1101000011110000
1111010000010000
0000001001001101
0100011110000111
0101110000011001
0010111011001001
1110100100001111
0101001100011100
0101100001101101
1110011000100101
0011111001000111
1000011110010010
0100111010101101
0011001000100110
0110110010000100
0011011001100001
1110101100001010
0100011010110100
0101111011111000
1011000000011111
1110011110011001
1101010100111101
1010011110100000
0101010101100100
1101000010101000
1010110110100110
1101011111011101
0101000001010111
0100010001011100
0110011000111010
0000000000000111
1001000110110001
0001011000100100
1101011111110101
1001100010100101
0101100111101101
1010110111111011
0111110000010001
0001101100100010
1101111111011010
0011111111110000
1110111111111001
0011110010000100
1000010001011010
0101110100000111
1100001000100011
0011110000101011
0100100011011101
0100000001111110
1111111101100010
1001011001010000
0000111110011000
1011110110011001
1001101111000011
1110001110110100
1101001001001100
1010110100000111
0001010111011111
0000100011011001
1001010111011111
0100011000110011
0001011110101011
0011000011000001
1110101110000011
1100010010010111
0101110110010101
0011000010010001
1001010111000100
0011100000011110
1001110000010000
1010100101110011
1010111110110111
1011111110010110
0100110001011110
0010101011100110
1101110010110010
0111011001111101
0100101011000110
0110000110101001
0000101011110011
0101111110101110
1101111100011101
0000011101100110
0111110000011000
0010101111100110
0111100100001101
0101101111010100
0010110100101111
0101000011110101
1100100001100101
0001000011111001
1000111100011011
1001101111100010
1010110011110011
1010011111111110
1011110010110111
1101001000100101
0101101010011010
0011110011010110
0110010011110010
0001010111001011
1011010000111101
0110011110010011
1100010100011110
1101111000000101
0010110000000010
1100011101001100
0000111001001110
1001000010101111
0011000100000111
1011010110011111
0010100001110010
1111111011110000
1010100101011000
0000010100000010
0100111001000100
1011000100101010
1101111000000111
0111000001101100
1000010011011110
0111111101111110
1001110111100101
1111010101100001
0010000110111110
1100100100100100
1101001111110100
0011000101100100
1010011000111110
1011110101010011
0100001011010111
1100011111001100
0101101100100100
0111101011100010
0001110111101100
1011111101011000
1101101101001011
0101011010000001
1100111111110100
0111101000001011
1110001110010011
1000001111001011
0110101011110001
0101110011001010
1000010000110000
0101001101000001
0001000010101001
1100001101100010
0111010111111101
0101110011010110
1010010111000110
0011001110101011
1111010011011110
0111001001001110
0011101110001010
1101011000010001
1011110101010001
0010001010110010
0001111010011000
0000011101101100
1011010011101011
1000100111000100
0101101110110011
0010100001001001
0111010010101010
1000011101100000
0000000000001000
0101100110000111
0010111101110000
0011111011111110
1101100010101100
0011101010010001
0010110000011110
1010000010001110
1110100010001000
1111101101010011
0000011111011111
1100111110000110
0100000101010000
1111100100100101
0011101001000100
1011011001010001
0010011000110111
1101010101011011
0010110101001110
0111111010110101
0001011011011101
0010011111111110
1001000010100100
1000001110001111
0111100110110110
1000010100000000
0001011011110101
1110010010011011
0011010111100101
1100000010000111
1000100110010111
0000011001000010
1010111011101010
0000011000111110
0000101010010011
1101101100111010
0000111101010010
0010001000101100
0000001101011001
0010111010101001
0101100111110000
0001011101110111
0101001000110011
0000101000011111
1011011100100000
0110101001100100
1100101000111100
0000111101011010
0101001001111100
1100100001100010
1111000011100000
0001001111111101
0110111011011101
1100111000110100
0001001000000000
0000111001011010
1010110111000001
1001001101101010
0110100001000100
1011010111011101
0111111111001010
1001110001001101
0100000001110111
0101010011010000
1001010111000000
0001100101000000
1011001001101110
1000101110011001
1001011100000111
1000010010100011
0101110010001101
0011111011001110
1011001010110111
0110010100001111
1001011101110101
1000000111001000
1111100000101100
1000011010111001
1110011000110111
0000100010000110
0011110101100001
0010011010010101
1111000011000001
0010101010111110
0011101000101111
0000101111100100
0101011101101110
1111010000000101
1010111010011100
0101001010101111
0011110110111111
0000111011100101
0000001110100011
0000001110001001
0111100010101001
0000111111010011
0101101010010011
1101101011111010
0011101011000111
1001101011110010
1000111000110000
0010111111010101
0001111111100001
1001000011001110
0100001100110001
1000100100000000
0000011011111100
0000100010111111
0000001111000011
0010100010011010
0010011111100110
1011010000100011
1100110010001011
1000110111010110
0000001011101100
1011110101001100
1100001010011110
0111010010001111
0000110010110100
1110010101100010
1101001001010101
1011011110010110
0010110001000011
0100001110000001
0101010010011010
0001111011111011
1000101110101011
1100000001110010
1010111000010001
0001101100000111
0001001011000000
1000111000110110
0010110010100001
1000110001000111
0011010000010001
1101101011000101
1001001001100110
1110110111101100
0011100100101001
1110011000000111
1101000001011001
0011001100111001
0001000000001001
1100111010110101
0101011000011000
0010010001110101
0100011001101001
0000110110101101
0110100100000000
1101111101010111
1011001010011100
0011100011100111
0100010011110011
1011111000000110
1011100001101010
1100110000010010
1010100001001001
0111001001010101
0000111100111011
1101000110100011
1011010001011100
0101110100111001
1001110001001011
1100110011100000
0011001011100101
0001101010001001
1101101101100110
0000001001010001
1011010100011000
0001001011001001
0111000001011100
1000001100011010
1010100101001011
0101111101101011
1011010011001100
0000010100110001
1010101000000001
0000010010111101
1011101100011010
1000000011000110
1110010010010111
1000011010010001
0110000000011101
1111111001110101
1100101010001111
1001011000111001
0000111001101010
1001110000100110
1001100011011101
0001000101101110
1001101110111011
1110101010011101
0001101001111001
1000101101000110
1100000000101011
1011011000000011
1011001100000011
0010110111011011
0001101100000111
0000010010110010
0100110111100101
0001100101001111
1000011001011110
0000101100000111
1001100001001000
1100011010100010
1000010101110001
0011000100100111
0101100000100100
0011011000001001
0010111011011011
1001010100000001
1001101011111001
1010001001101101
1111111011101010
0111111101001011
1001101101101010
1111010011100111
0000000111100001
0011010110100001
0011011100010000
1011010011110001
1001111010011101
0000010000101101
0010100010110110
1010110001000111
0011010110001100
1111111011100001
1010000101000000
1000111011001111
0010000011000010
1001111011010000
1000110111001000
1011110000111111
1011100100001110
1011110001001110
0011011110100010
1110110001101100
0001010111011000
0111001000000001
1000111000000110
0101110100110011
0010101111100111
1011110101111111
0101111011010000
1000001101000000
1001110001100111
1100000010110001
0010001001010100
0010000101001100
1010000101100001
1001111010001000
1011000101010001
1100001100110011
