1101001000100101
0111101010100011
0010011011111010
1101011001110110
1011010101101111
0110001010111110
1011000000111110
0101110111101000
1101000101110011
1011011111110000
0111101011100111
1011111001100011
1100111001000111
1100111010010111
0010110000111001
0111100001001010
1000010010101010
1110011001110100
1110001110001000
1110001100110011
1010110101111011
0001100000011111
0111011110000010
0110011000010001
1101100110101011
1111110000111100
0100011101010101
1000100000111001
1011000101010011
0010101011110100
0001111100010101
0100110111100110
1011100010010101
0100010001011101
0111100000010111
1011100000010101
0000010001001011
0101001111000101
1000100101101101
0011001101110000
0000001010111100
0100111011000001
0010001001000111
0110001111100011
0101011000001010
0101000000011011
1011010010101011
0111010100010101
0100111100011101
1111011000110111
1001010000101101
1111101000001111
0000010011011110
0100110010010111
0011100011010100
1100001101001101
0110000110100111
1010110101000011
1111101001100001
0001101000101011
1001111110011111
1111000101011001
1001010110011100
1101010101010100
0110111001011010
0000110000001100
1001010001100111
0011011000111101
0110101111100111
0010010011101100
0100000110001011
0100011110100101
0010001010010110
1100100010000011
0000001111101100
0010110111001011
1010001101001001
1011101111110000
0100110000100111
0111111001011000
1111011011001010
0110000010101101
1010111101001100
1000100100100110
0001111100100001
1000001101110010
0111100111011000
1100101110000000
0010010111110110
0001000000010100
0110101101101110
0001010110100011
1100011100001101
0111110001100011
0000000111111100
0001110110011001
1001001100110100
1101101001100101
1111101111000111
0010101001100000
0111110001100111
1101011011001100
1001101000110100
0101100111010011
0010011111001010
0101000100000101
1010010111011001
1010101101110001
1001110101110000
0011000100110100
1110000001111000
1101111100010010
1111001011101110
0000111100001110
0001001010101000
1011011111001101
1100011010100000
1011001010011010
1011101010010100
0000110001110110
1101011011111100
0110010000111011
1110000100011000
1001101100000111
0010110011101111
0100110101110101
0011110100101110
1101111111000111
1101100101011110
1010110000111100
1001100101001000
1010101100110000
1010001011011011
0110011011101010
1110100111100100
0111000110011110
1011000101011111
0011101101001111
0111000100000011
0101010110110111
0000111011111110
0100110001001111
0001000011111100
1100010010100110
0011110000110111
1101111111001011
1100001000001010
0110010110101011
0010000001110001
1001000110001001
1100110000101010
1010001111101011
1010010001111010
0111110110001000
0100011010100001
1010010100111000
1101000101011111
1100011111011101
0011001111010001
0011100111001111
1001000111000010
1101101101111101
1001110011010101
0011110000100011
0011100100000010
1000011011000010
1000101001000100
1011011011111100
1100000001010111
0100110110010110
0101100011001001
1111100101110100
0010100100100000
0111111111000011
0000101110010110
1001011100110101
0111001101101000
0111011010011100
0110100110110101
0110011001001101
0001110101100111
0010010111101101
0011110100010110
0000111100011111
0011101111010001
0010011100000000
1000011100101101
0011100001001111
0111000111110111
0000001101111000
0100001001010010
1001101110000011
0110110001101101
0111101100011000
1001101010101101
1001101000000110
0101011110101010
0111100111100011
1100111000001111
1001100011010000
0101101010101110
1001000100010110
1000010110100100
1101101001110101
1101010110100001
0100101101011110
0110000000000100
1101001111011111
0110100011110100
0101111011101010
0101010111000011
0100011111010111
1001001000111111
1110001000000100
1011110100010101
0011010111101011
0110110000101001
0100000101100110
1101100100100101
1100001111101111
1110101101000111
0000011000111101
1010000011101011
1111110110111001
1011100011110010
0101011011111001
1000011100101011
1111101011010100
1010011101011011
1110011110100010
0101100011101110
0101011101010001
1101011001110110
0000001101110000
1101001011001000
0110100011000100
1110100000000111
0010101011110011
0111001010101101
1100111011011101
1011101110000000
0111110100011101
1010010100111100
0000111011001100
1110010001111100
0001110010101001
0110100100100001
1011101100110100
1111100111011010
1110000000001010
1001000000011001
0010111101010001
1101111000100101
1011010110100110
0101101100011110
0010001001111101
1111100101001111
1001100101111010
1100101000000100
0111000100111000
1010011111101000
0010000000001100
0001010001111110
1110000000110111
1110111101001011
0100010000101010
0101011011100111
0100000100101110
1100110100000010
0111101110100001
0000010010010001
1001110101010111
0101000010111001
0010001011010001
0011101100010100
0000001010010101
1010010001110000
1001011001101101
0100000110000011
0101001000001110
0011110101101010
0101011110001010
0101011111011011
0001110001100001
1010011101101101
0111101000000100
0000100010111000
0111000111001001
1100010101001010
1000110011110000
1101000111100001
0101010110010111
0111010100001100
0011111101000001
1110001011011001
0110110010110001
0101100111011101
0100010010001000
1111100001001101
1100000011010010
1010100001110001
1010111011011011
1011101110100111
1101101100001000
1000011100000010
1100011111001000
1100101110011100
0110111000101110
0011110100010010
1010001000000001
0100000011010111
0001101000101110
0001100100001110
0101010111111110
0011101100110110
1101101110111101
0001010101010100
1000110011101001
0101100100100111
0110101000011100
1000110011111001
0100010111001100
1111111001101111
1111100001000100
1010100111111100
1000111111000111
1011001000111011
1101101100011001
1110001101111100
0100010010111011
1011101101010000
1001010010001000
1011000010010001
1111111110101001
0000111010000011
0101010000011111
1011001010110000
1000001011000110
0111101101110100
1001111011101100
1000001100010001
0011000110011011
0001111011011011
1010010001100111
0011001110110000
1101010111111100
1011000001110000
0100010011101110
1001101000001001
1011000010011000
1111100100110111
0100101110111111
1101110001000001
0111101010001011
1011011011001010
1011010111110000
0101101001000100
0110011111001001
1011001011000100
1001110110000010
1011011010010100
0000001100110101
0111101110110111
0101101000100110
1111011100001111
0100110010101101
1001111000001101
0101000011000011
0001111011001010
0001111110101000
1000010000101001
1111110000100000
0000101101110010
1011001110101001
1000101101101011
1011011111110011
1011011110001010
0110110011010001
0010010000110000
1111111000111101
1101111000100000
1010000111010101
1110110111111100
0100100000001001
0010010000101101
1110111011100001
1000001111111010
1010001111010010
0000101101110101
0000110000011111
0010011101110110
1111001100000100
1100110111010010
0101111100111101
0011111100100100
0001001110111001
1111001101101110
1000001101001110
1001111001000010
0111111111101101
0000111010000001
0001011010001010
0110101001011000
1100010000101101
0110000000100110
1100011100100010
1011100011010001
1101101001000110
0000111011001001
1000110100001000
1001001011010101
1111100011110011
0001000110101001
1100011001001010
0110011111111010
1011000110011011
1100011101001001
0100001000110000
1111101010000001
0101010010100101
1011001010001100
0000101101001001
0010011001101110
0001100100101010
0001001001010110
0111110100100111
1100011001110110
0001011011001111
1001000000111010
1100000011011010
1100001111111000
0101110110111001
1011001111000011
0111111010101000
1010010011100011
0100101010111001
0101101001110011
1000100111111010
1001000010101001
0101001010110111
1100100011110110
0110001010000001
1111100110110110
0000000100011111
1110011111101010
1010001111001111
1001110110100011
1110111011110010
0001001111011011
0011110110101011
0010111001010110
1011001110110110
0111101010100001
0001011001001110
0011001111101101
0101010101011110
0101111001110110
1011111011100111
1010000111101001
0100010000000100
0011101110111001
0001001111010011
0011010101010111
1110011110111000
0100110101010110
1010011101101010
1011011011011111
0111100011100011
1000111101101101
0011100011001110
1001011111001010
1101110000000011
0001110010001011
1111000000000111
0001110101101111
0010111001011010
0110111010100100
1100100001001111
1010100010001111
0011100011000001
1010101011000100
0011010000100111
1001010000101100
1111100101001100
0000101100010010
0111001000011111
0001101110001100
0101111111100110
1001100101011101
1101011110110111
0010000100101110
0101011111000000
1111100001100000
0101010110110100
1001100110001101
0001001101010101
0100011001001000
0111111001000100
1111000101000011
0111111100010011
0001010010010000
0010100000001010
0101010011101100
0011001110111000
0101100011011111
0101101100100111
1110011010000111
0001010101010011
0111101111110101
1111011011111000
0101000111101011
