0001110011010000
0011011111010001
0110000111101010
1100011011111110
0110101110010010
1010010000111110
1011000111011110
0011101001000010
0110011111101011
0010111010010110
0110011101010010
0110110110110000
0010111100001001
1110110100101010
1000110110110011
0001101010011111
1111110001010001
0101011100000111
0011100110111100
1100001001000010
1100000100100111
0010010110110011
0101111101000010
1010001001111101
1101011001010000
1100000101011100
0000000100110101
1011011101101101
0110111101010101
1101011111001101
0100111000101110
1001110011001111
1110111110001010
1001101111100000
1011101010001111
0011001100001111
1011100101100011
1010010110011111
0011001010011101
1000010111000001
0101100000110110
1011101101010011
0000001011101010
0001011111011011
1000101010010101
0111110101110010
0110010110101011
1010010111101001
0111110111100100
1000110101011000
0111101011000100
0110111101100000
0110100110010011
0000110010100011
1001010110000000
0111101000011110
0011010110010001
0000000101000111
1001100100000001
0010111100011010
0010101000101011
0001001001100011
0111110100100100
0000100010110110
1101000011000000
0011001011110100
0001011001111101
1110001110110100
1001001101001000
1010100101000010
0110010110010111
0000001111011000
1000111001010010
0110100111110100
0111000010100100
1010001001100000
1001101001101111
0011100001000000
1101001010111101
1011101000010010
1110010100101001
0101110001110111
0100101010110011
1100001011100000
0101010100110000
0010101010011011
0000001111001110
1101001000111000
1100011100011111
0011110111000001
0001000010111010
0101001010100110
1100111000100000
1010011011110110
1101000010011100
1011111000110110
1000101001010010
0001110111001100
0010000110100101
1010111011001100
0010001011001011
0110100111111000
1101100110000100
1010110010111100
1101010011000000
0000010001001001
0000101100011110
1111100100100010
0010011110100001
1000011000001011
0110011000010100
0110011011100100
0010101000101001
1000101110101011
1101100111101110
1111111000000001
0000100111111111
1011010100001100
1110101010000011
0101010001010111
1001111111110101
0000101110101010
0101000111111000
1101010010101010
1010110110001110
1000001000011001
1111010000001100
0010110000010111
1001100100110001
0100101000100010
1000111101100000
0110000110000011
1010000011111110
0011111000011001
0011011011101001
1011010001101010
1001010100100010
0001111111101001
1000010001100001
1111110110111111
0100111110001110
1001011000001010
1000001001111011
0100001100011000
0011000010100001
1010100101000010
1111001101011110
0110111011111110
1010101011010001
1010100101010101
1010101110011000
1000011001010010
1001111110000101
0011110100010010
1010101111010010
0100011011111100
0101001110000010
0010011101000100
0110101100011101
0001110111101000
0001000111101110
0000110000010011
1110110010000100
0110000101010010
1111100101000010
1001001100111001
0011000101000000
0111000100110100
1000011001111010
1101011100010111
1011000101000001
0000111011000010
1100111110100111
0011010101111110
1011100000001101
1100111101001001
1101110000101101
0100101110100111
1111001101101101
1000000101110111
1100101001110101
0101100010100000
0010001000100111
1111101111101001
1010101000000001
0100000100101001
1011111101101011
0110000110111010
0001101100110000
0000110111001110
0010000100000011
1110111000000011
0100000000000011
1010010110001101
1001110101011011
1010110001011000
1111011010011111
1111101100101010
0010011101100100
1100101100100101
1101010000001101
0000101110111100
0110000111000011
0000111011111010
0010100010110101
1101110001100100
0011100101011100
0001010101100111
1100111001101111
1111111001110000
1110110010101000
0101110111100100
0001111111100110
0000101111000110
0001010111000001
1011100110000111
1101010000001110
1101011010111100
1000001000001100
0000011010000010
0000111101000110
1001101000010010
0010011101110001
0000001100100010
1010011000010101
1000011011000001
0111001110011001
0010111111011010
1000101110100101
1110100111010000
0010010011111100
1100110010011110
0001110000011011
0111010101011111
1101001010101111
1001110000111000
0111100100010101
1100011011111100
0111111100110110
0011001100011010
0101110111101011
1011101001010000
0011111110100001
0010110010101001
1000110011111011
0100001010000000
1011111001010011
1000001111010100
1010011010001001
0010111111011000
1011100100100111
0110010101000111
0001001001000100
1100100111111000
0101101010100111
1100100011101010
1111110001101011
1111111010000010
1100111111010101
0011100011101001
0111110111101001
1111010011101001
1111100001010100
0001100011110000
1110101000000101
0010111001011000
1011001110100000
1110011100101011
0100000100100011
0100011111111110
0011000001011011
0010010011011100
0100101110001111
0010101111010011
0110100001101000
0001000100001110
1111001000010001
0011001111011101
1011010011010101
1000011100101010
0101011100111001
1100100000111010
1110101100011101
1111011111111000
0101010000111001
1001011110000111
0001010111100110
1000001011000001
0111001001000111
0101101100010000
1101000011100001
1010110110100110
1001100110001111
1110001001011110
1111101110101110
1111111101011100
1101001010010101
1111100110011110
0011110010110011
1011111101101100
1001010100010111
0001001100110101
1100110011111100
0010001011110110
0111101101001110
0111001110111011
0001011010000001
0000110100000000
1100100100100011
1010011111111111
0001010011010001
1101110010001011
0111011111100100
1010001001000110
1001011101110111
1110011011000000
0101101110100101
1101111011110111
1011011001010100
1001110011001010
1101100001011000
1001000010101111
1000111000101011
1011011001110010
1101000001011010
0010100010000110
0110110101001010
0111101111000100
1010111000001001
1010110101110110
0101001101101000
0011110011111000
0010001010110101
1000110010110011
0011011011011001
0100101000101110
1111001001110010
0011010100001001
1110001011110100
1000111100101101
1110100101100011
0110010011100100
1001101011000110
1110111001100001
0001111111111111
0011011010010111
1111011010100110
1001010101100100
0001111011000011
0011101111010001
1100011011010100
0011110101101111
0111000001001111
0011101101000101
0110101000001111
0111110101111111
0001010001000010
1111110011100101
1000001010010000
1011100110011100
1110111001010110
1001100011111010
1101100000010010
1011001001000001
1001010110000010
0111101101100101
0000111001010110
0100100010011100
1000110001001110
1100010110011000
0100110100111010
1110100010011000
0000101010010111
0111100101001001
0110000000011000
0111001001001001
0101010110010100
1001111011100001
0110000001100011
1010010101111011
1100000101110001
0110101010001100
1011111110001100
1000011111000001
0011011011110001
0001100100101111
1011001111011111
0000100111011100
1101010000111100
1110101101000100
1010000001101011
1000110000011101
1101011011011110
0010010110110100
1111100101001110
1010000000010111
1011101000111010
1110100100011100
1110100000111110
0110001001011110
0001101010011111
1011110101110010
0101010001100001
0101000111001000
0111010100100010
1011010100011010
1111100100011100
1011110010000011
1011001101000000
0100110000101011
1100010111000100
1000110110000110
1111010011001011
1101100100100001
0010011100011000
1001111110011001
1010000101111011
1100110111001111
0001101101111011
0011010110101111
1100010001110111
0110001100001100
0101110010010000
1011111000001101
1011000000100110
1101100011001000
1001010111010110
0001010010110101
0011110110010111
1110110100000111
1000001000100001
0010001100001100
0000011100110011
0001111011100110
0100110100001101
1000011010110101
0000111110101010
0110111000000110
1100001100000011
1101001110001101
0010110000100000
1101101011010100
1001111111101000
0101111011000101
1001000100000001
1101010110001010
0011010101000000
1100101101101101
1010111001000001
1001011011101100
0000011000101101
0110111111001101
1011001010001100
0000011011101110
1000011011010110
1100001111000000
0111100111101111
1000010011101101
1000101000101100
0110111010011010
1111011011101100
0011010001111001
1011001010000110
1110100111110111
0100100000000001
0101000100111011
0111011100001010
1010101001100101
0001101101101011
0111101011100000
1011110100111010
1011100110000111
0000100110010001
1101010101110010
0010111101100100
0001111011010000
0011100101101001
1011101010110000
0110001010001011
1010000101000110
0111000101110000
0111000100101100
0111100101011100
0000001000111110
0010111010000100
0110010010111000
0101010010100101
0001101110100010
0110000010011101
1111001011011010
1111101010010011
1001100111111100
0000010111111000
0101011100001000
1001100000001010
0101000111000011
1011000100110111
1101101010100111
1011011110111001
0101111000011001
1010100001010110
0100010010100100
0010100101101101
0001110000001011
1111110010111000
1000100001010011
1001011110011011
1001100111111110
0000010001011111
1011101000110001
1000110111010111
