0010011000101001
1111000110110110
1000100000000011
0011101101010101
0110010100100011
1001011111111010
1100000000110000
0010011010001010
1101111001000110
0110011100110001
0111011101001001
0010010000001100
0000000010110110
1101100100010100
0110110001111101
0110101001111110
1100110110010110
0011001010110011
0101000000000001
1101000011101111
0011001111100110
0010011011011111
1110000101100100
1001101000100000
0001001011110101
0010000110100000
0011010001100100
1100001100100101
0010010000101010
1010000000011110
0111111000000010
0011001100100000
1000111101001100
0110011011010000
1000110001101010
1011011100011110
0011101000000011
1010011100101010
1111101001001011
0110110110101101
0001101000110101
0000000101011100
1110101100011110
0111110011100111
0111010111111000
0011010010000100
0001101000011100
0001111001011011
0111000010100101
1000111000010110
0001100010110001
0101010110011001
1110011010010001
1101100011001000
1100011000011101
0101110010110001
0011001010010000
0100010111011000
1011000110100110
1000010000000011
0010011010000111
0110110010100010
0011100110010101
0100010000010000
0001000101101010
1101101001001001
1111101000101001
1010001001110000
0000101111001111
1000010000110101
0010000111000111
1101101000111011
0010100011000111
0101010011001101
0101100010010010
0010111010111010
0000000110011010
1110111111111010
0010101110010100
0000110111000111
1000011110000011
0010000100010101
0000001100100001
0110010110001101
0011111010110011
1100000000100101
0001111111100010
0111111101011100
0101101010011001
0101101110110110
1011100010101100
1111111010101100
0010110100100001
0111011111101101
1011010000100001
0001011111000100
1000110111100110
1111101000000000
0100100110001011
0011111101100010
1010000000000111
1000010101101110
1101011001011001
0101111101000100
1111100001111010
1001010001010111
1010000010001011
1010001001010011
1101000111001010
0111011011000100
1000001111110011
1011000001001011
0000010111101100
0111001110011100
0010100000000001
1001010011011001
1100001101110110
1000111001110100
1011100111110010
1110100000110100
1111000101001000
0110010110011010
0000100010111111
0110101101011011
1000110101000010
0010100110110000
0101110100101101
1100011011001010
0011001110100011
0010011110000110
0110000011001111
0111111110100101
0100001011111100
1010010110100101
1010100111111010
1001110101000110
0010011011110010
1111101001010111
0111100001110101
1101100111110001
1110100100111100
1111111001100010
0100111001000010
0000100001110110
1000011111000011
0101111100000111
0111110101011111
0000000011110111
0101011101010011
0110111011011011
1010010101010100
0001100000100111
1101011110011010
1001010011101001
0001100011010000
0111000110110100
0101010010000010
1100010111110111
0111010000010000
0100111001100110
0010110111110110
1100000110000101
0010001101000101
1000001110100110
1000001100001001
0010101001101101
1000000110100000
1101100000000010
0101000010110010
1110110111100011
1011001011111010
1010111000100011
1000000001110001
0110001101110111
0011111110100001
0010101111011010
0011011010110101
1100111100011100
1110010010111011
1111101101111111
1011100001000101
1110101110101001
0011111001111001
1100001110110101
1100100000101000
0000111011001101
1100011100010001
1110100111010000
1010110010001000
0110011111110110
1100100111111010
1000110011100001
0011110110011001
0101101110110010
1010001111011101
1011000010101011
1010111011010011
0010101011101110
1100100101010111
0110100001011110
1100110000000001
0001101100001001
0111001100110001
0101101110110100
0011101011010110
0111111100010100
1000110110001000
0100010011001001
0100010101100001
0101101000010110
0011110100010111
1001011110111001
0000100000000111
0000101011010011
1110101010111011
1111011010101001
0101011011011101
1110100010000001
0100000011110001
0110110110100010
0111001110011011
0010101110010101
1011011111111000
0100000011011100
0111111001110101
1000010111001110
1000011101101001
1010010000110110
0011011011111010
0010001010000001
0111101000010001
0001000110101001
1001010000000001
0011110111011110
1111011001101011
1101110010110011
1010111001011001
1110101110011000
0110011111011101
1111111101111100
0011101000111011
0011001101000010
1110100110111000
0111010110110100
1110111001110011
1011110001011111
0001000100111101
1010001100011011
0001111100100110
0010101111110000
0011100111011111
1100011001000000
0011001001111011
1100101110001111
1101011110100100
1001101110100101
0111101010010011
0010111010011011
1010011001001111
1111111010010100
0010010001101000
0111001000000010
0100000111010011
1000011010011111
1111111111100010
0101010010010110
0101001101010100
1110101100000000
0111001000011010
0011100011100111
0001110101010011
1100101010111011
1111101100000000
0111011101110111
1111110110000101
1100011111101111
0100000110011001
1111101001011111
1011110111000000
1100110101110010
0110001011101111
1010011111000101
1111110001101001
0000101010011010
0110100010100100
0011100011110110
0100100001010000
1010111100111111
0010000110110000
0000001000000101
1010111100010010
0100000111101000
0000101101011000
1100101001101000
0000101110011100
0000101100101001
1110000110101110
0110001101011100
1110001111000001
0111110101110010
0001000100001000
0111101100111010
0000011110110010
0001011010000000
1011110110111111
1100010000110010
1100000111011111
0101001111100110
0000101001001000
0001010001010000
0010010000011101
1100101100110010
1111101100111111
0000010111011000
1010110010100001
1101000100111111
0111110011111110
1111111111011001
1001101001111111
0101100000011011
0001000111110010
0011101101100101
0111010001110101
0111100101111110
0010101110011000
0101110010010011
0001110001000101
1001101001111100
0100110111010011
1100111000111010
0001101010110110
1000011001001001
1010000000010110
1010000110100100
1011001011010111
1001110110101101
0010010001100011
0110111000100010
1000000010111101
0010111100110110
0000101110010001
1110100111110011
0001011000011001
1110010110111100
0101001111000000
0110111111000111
1000011110001100
1111110110010100
1110101001110101
0101101000111111
0101101101001011
0111110110000001
1010011111000110
1110101111101100
1010001100000000
0011010010000101
1100110100001011
0100000001011001
1000000100010111
1100101001101100
1100111101110010
1000001001010111
1101001100101011
1001000000110111
0010010010101001
0010111000011011
0001100100010000
1111100110111001
0001011001111101
1001011111010110
0100000000011100
1011000100011100
1100101000111010
1111111100101110
0011001000010110
1001000100001010
0100001110100100
0000110101010111
1100100100110000
1011111011100101
0111110001010010
0111010000101011
0000111000100000
1001010000110010
0011000000110111
1110101110000000
1101000011010010
1100100001010000
0001100000001100
1001001010100110
1001010100011010
0010100111100110
0000100011111110
1001100010111100
0101011001011111
1001000000111010
1101011110111010
0101000110010011
1101011100000110
1010011110100011
0011010100010000
0011101010100110
0000110001010111
1000001111111010
0101011101110000
0110010010010010
0100010010101001
0000001111111011
1010101110011011
0010001100001101
1101011110011011
0110010010011000
0011111001001010
0100010111011000
1111110110100001
0010000111010101
0110010011111110
1111010111001110
1110000100000101
1000100010001011
1000111011100011
1100110001111011
1111111001100110
0110110011011101
0100011010001010
1111011000001000
0111011101110000
0111001110110010
1101011011000100
1000011100100000
1010101101110101
1000010100101001
1100100110101110
1000101101110010
1110101001110101
1111110111101010
0000010001010010
1111111110100010
1011111110100101
1100001001101010
1110110010000001
1010100000010010
1111010000101011
1110101101000010
0111010011010110
1101000101000001
0011001111010000
0101101110011100
1000101000100010
1101000101111011
1010101101110011
0001101010001100
0011010111111001
0011011001101000
0110111100110100
1100110000011011
1000011010100010
1000110000110010
1100111010111110
0000010001110110
1111110111010101
0001110010000011
1011101100110110
1001111110111011
0010010100100110
0110100100000111
1000111100000011
0100011100001010
1001110111110111
1001111011000110
1111000011011001
1111100110010011
1001110110111010
1001111011101110
1001000001001000
1110100011100010
0100101011011011
1010000001010111
1011110010100000
0111101001111000
1001100100110111
1100001111100100
0111101001110001
1101111000110010
0010011101010001
0101011010110111
1110010001000001
1001011000100100
1111010000100110
1110010001110111
1100100010100000
0110110000100111
0110110110101000
0000101001110111
0100010110110000
0001010010101110
1011111100110011
1001110110100010
1101000111001111
0001110111011001
1010110001100011
0111011011010000
1011101001010110
0110001000010000
1111001000001010
1111101010000000
1011100110100001
1000001011000000
1110100101010011
1111100010111111
0011101101010010
