0000110111101011
0101010100011000
0011001000010100
0010111011101010
1101001001101010
1111100011110101
0100010111001101
1001101010011001
0001101010111100
1001111111010100
1011000110111010
0001001010111110
1010000011111110
0111010111010100
0000100010111111
0100101000010100
0010011111111001
1110000001001000
1001100110110001
1000101000010000
0110100110011000
1001010101110110
0000110111100101
1011111010110011
1010001001101000
1000110111110110
1000100010100101
0000110001111100
0010000101101000
1000010001101101
1101110000111110
1100111110100111
1010011010000001
0111001110100010
1111101010100100
0101101101010110
0101100001100001
0111111001100000
1101100001110111
1110101001111110
0000010101101001
0111010101011110
1001001010111000
0010101111000110
1101101101010100
1001010000111111
1101010101011000
0111001000110011
1101101101100101
0101110011010110
1101010001110110
1000010001110110
1010000011110000
1010110101010011
0000101100011111
1000000110010000
1110101011101100
0100000000001101
0111110000010110
0101010110001101
1101111011101011
0010101111100010
0000101111100101
0110101100010100
0010101010011001
1100100000001101
0000001111111000
0100011110100100
0000100011011101
1011001101001001
0011101111111011
1011010000111010
1011010100001001
1011101000100110
1000001110110111
0100000110001010
1100001110101010
0110000111101010
1111000011001011
0001101110111000
1001000001011101
0011101101000001
0111111101101111
1100101110001000
0000011100100001
1110100011010001
1111100111101101
1010111010101100
1101010111110001
1000010111010101
1001001111001101
0010111100001100
1111010010000110
0010000011110010
0100010001100000
0101011110110100
0100000110111000
0100100010010001
1110010111111100
0001111001010110
0001001001010000
1000100011000000
1111101000111101
0111111000001010
1010011101110111
1001110101100100
0110110011010010
0101101101010010
0000100111101010
0011100111011111
0111000000101110
1010111111001101
0100010100111110
0011101011001000
1000001011001100
1001101001000101
0010111100001100
0010000011001110
1001011101110110
0100010100001010
0001100001101100
0010011001011010
0101011111011101
0010110111100010
0011111110100000
1001110011010101
1101111111110011
1110001100110000
0011000100100000
1101011111111011
1011000011110111
0011101111111010
1011100111100111
1000110000000010
0011001100110010
0010000111100111
1001001000110101
0111100000111111
1011100010001110
0010101001001010
0001011110111110
0111111000011100
1000001000010011
0010011000100111
1001110110001000
0100100111100111
1010001101110111
0101000110001000
0010101000011000
1000111100101111
1010000010101000
0100101001100111
1001100010001011
0100011000100101
1100101110010110
0110110110010101
0000110101100111
1000100110101100
0010100001010000
1101110111110111
1101011111010011
0110011001000001
0110101100110110
0111000101001001
1110110000000100
1100100100101101
0110110000111101
1100100100110110
0001111000001101
1101001101111111
0111011100100010
0101010001101101
1100001100100110
0010001000101000
0110010111110000
1100011100010001
1100011001001010
0101110000010010
0100101101010100
0000101000001001
0010010000010011
0100001010111101
0010000100111100
0100101011011001
1101000011101100
0011000110101011
0010001001010011
0111000001100011
0111011011011111
1111100001110101
0101100101111011
1011111010100101
0001010101100100
0000010100001101
0100111000000110
1000111011111100
0001111100001010
1011000110110111
0110011011001001
0110001101001011
1101110101001110
0110100011110001
0010010111110110
0101010010000000
1010101100011100
1101011110111000
0110011000000010
0010111100111010
1000000101111001
0110100100110011
1111000110100011
0100001111000110
1011100011111011
0100110011011111
0010110111111001
1100101111111111
1111100101111110
0010001001001001
1001010000110011
0110000100111010
1101100100011000
1000011101110000
0001110100010111
1110001110010100
1000100101111101
1100101011001001
0000010101111101
1001111000010000
0101111110011011
0111011010101001
0111111110001000
0010000111100000
0100100001011110
1100010010110001
0100011010001010
1010000100101010
1110000001100111
0011000111100010
0011010101000001
1100100100110000
0100001110000010
1000100010001110
0001100111111100
1001010011100011
1101111000010100
0011000100110010
0000101101100111
0101011001110101
1110010100101100
0110010100101000
1110000101100011
1000111001000011
1011100101000010
0011101101100010
1001001100010000
1100011100101111
0010010010011111
0011010010100111
1111110100000000
0001000010100001
0011110000001001
1101000000010100
1011101000001110
0001011010110100
1001111111101000
1111111101100001
0110101001101101
0100000110000010
0110000100100001
1011101110110000
1100101100101110
1000001110101011
0110101011011101
0000111111000100
0101110010000001
0111111011010011
1100011011010010
0010101010001011
1011000011111110
0010111010011101
1110110110001100
0000010101000111
0010101011100100
0010100011001010
0111000101011010
0001101001011001
0010001110001101
1100101010101000
0101001111101000
1000010010000110
0111000101100111
1101010000111100
1100110011011011
1001000101111100
1010010000011100
0111110100111101
1011000101100011
1001111000010100
1010001001110100
1001110011010101
0001001011001111
1011011001010010
1011001011110011
0001001111101101
0010010010000101
1110001010011000
0010011010010011
1001010101010110
1111011111110011
1111110100101100
1110100010111100
1111100001010011
1000011110110110
1101011110100001
0101111100110000
0001011100100011
0000111111101010
0111001111000011
1010111101000000
0000001001011110
1011101010011000
1111101100001110
0111011110001111
0010001110110100
1111000110010111
1011101010100000
0001000000111010
0110001111000111
1000001101001111
0001111010010011
0100101110110001
1011111000100100
1111100011001111
1000001111000100
0001010101000111
0000100011110110
1010000010110110
0110101111100101
0001101101111001
1010101011000000
1101010101010110
0001000001101110
0001011110011000
1110001110110000
1100110000110010
0101010111000011
1101111000000110
0111100110100011
0000010101110100
0111110101111000
0100101100110101
1011011100011101
0000001101100101
0100011001110111
0000011110101111
1100100001100110
1011010111110101
1101011010011100
0100100001101010
1001110101000101
1001010011011100
1001111101101011
1100010100011000
1000110001100101
1101011010011100
0001100101100111
0000110111011001
0001111001111101
1010101101001100
1010100000100000
0010001001100000
1011011111111000
0011111110110000
0000011101011011
1000101010001000
1111011000011101
1111100000000010
1001110001011001
1000101001001000
0100010101100110
1101000010100110
1011001100110100
0100111101100110
1011011011111110
0010111000001111
1000010011010110
0011101111000100
1011111110000011
1000010011100110
1011110100010000
1001100001100101
0101001101010101
1110101110001111
1100000111111110
0101001101100101
0001000011011110
0010010100010111
0011101001111110
1001011000110101
0111100101011101
1111110000111000
0110011011000011
1010000010001011
0111111110111000
0110110001001111
1101111111111110
1100110011111111
0000011010000101
1110001011110000
1010110111101101
0101000111100000
1101111011000101
0111011010100000
1001001101010010
0010001100111011
0110000001010110
0100010110111000
1010001111000011
1101001111000100
0110110111000010
0011000100001010
0101010110011101
1000011000100010
0010011001100111
1101111011111010
0011101110111010
0110111000101100
0001100110000111
1111110100111011
0001111011011101
0101001001000000
1001010111110101
0111001001001111
0011011010000101
0101010100001000
0100010100010011
0101011101000001
1100111000010100
1000011100011111
1111010010101001
0111110111011111
0001100100010100
1111100001011111
0110110010001010
0010011010010101
1111110101100110
1001001010110100
0110011110001001
1011000001011101
0001101101010001
1111010100001101
1111101010010001
1000000111010011
1110011011100111
1110101100110000
0000111111111111
1111010100110010
0110110101011011
0110000110011011
1010011101101100
1100010011101101
0100000100000111
0110101101010011
1101001110101111
0010000001001101
1111000110000100
1101010010010011
1001011001010110
1101010011111001
0010000101101000
1001000101000100
0000001000110110
0011110110100101
1010000010011111
1010110000101001
0000110111001011
1011000111010010
1010001111010001
1011001110100010
0010011011010000
1011100100111001
1111111101100000
1110111010111101
1011101000010000
1000010110000001
1100011011011011
0011101010011111
0000100110011010
1101101001001100
1001110010001110
0010010010001100
0110101100001010
0011101100100100
1000110001001110
1110011011001010
0000001110111111
1110101001101010
1101101110110001
1001110010001101
1111111011110101
0010100011101111
0001011101010110
0110011111100000
0001110110100001
1010110100000101
1110001000100000
1000000010000000
1111001011110000
0100110000000001
1101001110101100
1011011101110010
