0011000001001001
1001010000011100
1000000111001000
0000110001000111
0101001110110010
1101010001011000
0000101010000111
0010010011110101
0001111110101010
0111100011001000
1100010100001011
0111011101001010
0010000101011111
1100001001000100
1100111110010111
0001101010111101
0011001010101110
0010100110100001
0110011010001111
1110010011011111
0001100010100111
0100100001101011
0111100110010001
1010100101100000
0000110001001011
0110100101000101
1001100111010000
0000100001010101
0100000100010001
1111001111000010
1010001000000000
0000100011010010
0001011100101011
0010011100010000
0101000011101100
1100011000111111
1101011101111001
1111000011011100
0110001101101101
0110101111010000
0011001101110001
0100111001010010
1010010011101110
1011000010111010
0110101101011111
1110110011101101
0000111101010010
0111001101111111
0001100000001011
1000110110101011
0010011000001000
0101110110010111
1110111111011111
0001110011100101
0110100101110101
0011001101000000
0110000001100101
0000101100110011
1001011001101011
1100000110001101
1011101011110000
1010110011111100
1000011110111010
0010110010010111
1101010000101001
1000100010100001
0110101001001100
1110101100111100
1000101011011000
1101011010101111
1101011101001100
1011010011000001
0010100101000001
1001001011000110
1111001000101111
1111011010000010
0100001101100000
1111100110111010
1100101110000000
0101001111110110
0011010111000111
1011000001101011
0001100000110101
0111101000101110
0001111101010111
0011010001101110
0111110110011001
1111011011100101
1100010001010000
1011010110101111
1100111011010110
0111001101010100
0101111000110111
0011000110100000
0111101011100101
1101110011100001
0100001010111001
1110101010010011
0100011011111101
0000110001010011
0101000010010010
1111011000100110
1000111001100001
1101011000001110
0001010011100011
1001100101100001
1010110000111000
1101111011001101
1000011111000001
0110001000001000
0100011001010001
0111110000010011
1111110011000001
0101011010111001
1011111111100000
1111100001110111
0110011101011001
0101101110010001
0000000111011111
0110011000101001
1101010111010001
1001010000000100
0010101100000000
0110101101101011
1001010110111010
1111100000110000
0000101000100001
0111001010010101
0111110101001101
1001101110000100
1011001111110100
1100000000101101
0110101010101001
0000001001001001
0111011010100100
1111011010000110
1001101110000101
0110101100010100
0000100001101110
1110001101010100
0011011111001011
1000111110100011
1010111001100001
1110101010010011
1111000111110111
1100010110001100
0100100000110000
1000001011111100
0100111001011000
0010001001011010
0111111000100001
0001110100001011
1010011000010010
1101011101111010
0010100001010000
0000101100000111
0100011000101100
1011001111011010
0111000010100011
0101100111111011
1011101101111111
1110101111110001
1110011110001000
0101011001000011
0000111100101001
1001001100011001
1000010100011010
1000111001000000
0100010010010111
0111110001100100
1000001111111010
0001100011111001
0010110101100000
0100110001011111
0110011011100000
1001010000111100
0001111100010100
0000010011110111
1101001000000000
0100111010101111
0001100111000100
1000110000101010
1100111101100111
1001110001100000
0011010001000111
0000011001001001
1010110011001010
1111000011100000
1011100011111101
1010001111111011
1101110100010100
0011011000101101
1100011011010000
1100000100110101
1100110001010101
0000011100001111
1011100111001110
1101001111110100
1011010100001100
0000011110000101
0010000000000001
0111001001101010
1111000000000001
0001001000100111
0100001101100111
1011011011010000
1111100001110001
0011100100100110
0111110010100000
1010011011011001
0000010010110111
0100001000101000
1001000100000000
1111101010000110
1111010110100010
0110010111111100
0000010111000011
0111110011101101
1110010010101000
0001000101001011
0011100011111011
1010110000100100
1010110010110100
0101101111010101
1110011011111101
1100001110011001
1001010000000110
1110111011101010
1100111000111000
1001011011110110
0110010001001110
1111110111101010
0101100110110001
1111010001001001
0110010100110010
0111110101010010
1110010111010110
0101111011100101
0111110111010110
0001100111110000
0111000100101010
0110100011100011
0100111100101110
1111000011010010
0010101001110001
0001111111110111
1000000000111011
0110111101001011
0001011100011001
1110101101110100
1000000111011011
1101011111000110
1101110010010010
1101101000111101
1100000011001010
1101101101011100
1011100001111111
1011111111011011
1000111010001010
1110000011101000
0000010111111011
0011010101000100
1010110110101000
1100100011000000
1000111011010111
0000100010001101
0000001011011101
0100110001000110
0101011100001010
1011010110100011
1000101011101001
0110001100000011
0000011110101100
1001010000010011
1000000101000110
1010000010010101
0011001111110110
1110011000011001
0111111110001001
0010011000111101
0000101110001110
1110100010101001
1011000000010101
0111110111010100
0101011011111100
0010111100110101
0011111110111111
1001100010011001
1000110001111001
1011001111100001
1110101011000111
0100000001110010
0001111001011000
1111011000011111
0101011110110001
0110001011000101
0110111001000000
0111000110010110
1101001101110001
0111101110110110
0011100010010100
1101110111000100
1101010000001111
1100011111010000
1011000001010000
0000000011001100
0111000111110011
1110011011010110
0010000010111010
1011110000100001
1101010001110001
1000111011001100
1011010111001011
1000110011001100
1101111011001001
1100011101110101
0010110010111100
1000001010011110
1111111110001011
0101101011111100
0111101111010010
1001101001110000
0100001000000100
0001110000001101
1011010100010001
0101110000111001
1100101010011100
0101110100111001
1101100011000101
0111100100010010
1011110000101010
1001010111010001
0010011100010111
1110001000101100
1011111010000100
1100101101010110
1101010110011101
1011110110100101
0011110100110011
1110100010010011
0011100110011001
1100110101100001
1100111011100110
1100000100100110
1011001111111001
1111111100111011
1010011010101101
0000111011010001
1011001100101001
0100110001101111
1001100110010010
0010011010001010
1101001011101100
1101010001001000
1000110111111000
0100101100110100
0011110110000110
1101000110001101
1010110001111000
1010110000110011
0100011110001010
0001010110010100
1011111111011100
1010100000011000
0110101101110110
0000011100011110
1100001011000010
1011100001101010
0111101000011101
1011100100010001
1010010001110100
0101001110011011
1111001101001011
1100001101001111
1111001010001111
0111101011110000
0010000110110100
0011110000101001
0101000011011000
0010001011011111
0010111101110111
1101001110001110
1000000110101011
0011101110000010
1001010001011111
1110111010101110
1001011100101101
1000010010100101
0110101000001111
0110100001001111
1111111010101001
1110111101011100
0111010111010000
0010010001011000
0001111001101001
0010111011010011
0001110100001101
1101001011001100
1110010101101000
0101001101111001
0101011011001100
0100000010111010
1010111100101011
1000010110001111
1100100010001111
1101001110011111
0011111011001110
1010100101011001
1111101111000001
0000010000010001
1100100001100001
1000010100101010
0101001110110010
1001001000100010
1100010111110011
0000110011100110
1111001101001111
1100010000000000
1010110110000111
0000000101100110
0001111011000010
1001001111100110
0100011100000011
1000001111110101
0111110110111011
0010111000111000
1101000101110010
1101010001001100
0001011001000110
1110100100011000
1111111011000111
1000110111100000
0010010011101100
1111011000000000
0011110000010001
0111011100000110
0000000000111001
0001111111101011
0001011001010000
1011011001100010
0100010010110001
0100101010100100
0111110001111100
0111000111111011
1100111010010111
0110001001001011
1010001110111000
1100011010000001
1001100110100010
0101111011110001
0100111111101011
0011111011000111
0111100010001111
0010011110011100
0010000011110000
1001010001011011
0011011111000000
1011100101010010
1111111100101111
1110110111101101
1010010001100010
0101101001100110
1011110000111100
1111111100001010
0100001011100111
0011011011110010
0010100011100010
0101100011101001
0111110100110000
1000011100100110
0100001011011100
0100011010111010
0011110100001100
1111111011011101
0100011010100000
1010111111110011
0001011111110101
0100101011010001
1011111110111101
1101011001010100
0110101100110000
0011011011011001
1100000011111100
1010000110111101
1001110111100001
1010011000100101
0100001100000100
0001010011011010
0000111110001001
1110101100111000
1111111010110111
0001110011111110
0110101101001101
0011011010101001
1100100100100101
0010011110100100
1011110000001010
1011000010111111
0100101010100110
0000100101000000
0111111110110101
1110100001110101
1001010100110000
1011100101100000
0010101001010101
1000100001000010
1000010011110000
0000111100000001
1101001111010010
0110101001101100
0111100001101000
