0001101011011010
1110111011111010
1100101011111001
1011001111000111
0101000110001011
0000010000110010
0111110101111100
1010010110010100
1110010110011001
0010000110001100
0001101010100011
0010011010110101
0010001110011111
0100011010000101
1110001001001000
0001010110100101
0010110001000101
0011000101110001
0010111001101111
1010010001100010
1110110110000111
0110000101111110
0111100011010111
1000010101000010
1111000101011011
0011110101010111
0011000000011110
0111111000100111
0000101001001111
0111101000001100
0110101101111100
1001000010011000
0011010100101110
0101010000010000
1100111110111110
1111100110100111
1111101101000010
0100110110101001
1011111110011101
0001101100001101
0011100000001010
1101110001010100
0100011000101101
1011100100000011
0010001101110010
0000010010110111
1110000010111110
0011101000101111
0011000010111001
1001110000001110
0000011100111011
0010010101011001
0001011111100110
1011101000010110
1100100101111000
0011110000111111
0111011010110110
0101111000010010
0001011011000001
1111001101100010
1010110110111001
1010110000101110
0100101011101011
1010001001111001
0110111001110010
1000010011100111
0100011111000110
1011101110111000
0110000111010010
1100001111100110
0001100000110001
1010010101111100
1000111110110100
1111010011111001
0100000110111001
1111101111011100
0101111000100010
1010100101101111
1111111111011111
0101111010111010
1110110101000111
1101110100010110
1100110100011010
1100000111010110
1111100010010010
1010000001001111
0111100000011101
1000011101101111
0001011000000011
1100010001111001
0111110000101000
1011001101111010
0111010010110011
1010100101000110
0010000110100110
0011101001000101
0100100011001010
1100011010011101
1100011110011111
0011100111111111
1100010001100100
0101110000010110
1001001111111101
1010101011001111
0010110100100110
0001010101100001
0010001011100111
1101010001101110
1011000111000000
1100110011001111
1101111000011110
0010010010111111
1010100001001011
0011110100010101
1101000110000010
0100010000100000
0101011010100010
1111110000001010
1001001010001001
1111001000111111
0111110000101000
0011100010110010
1111101100000100
0010111110101101
1010101100010101
1011101110110100
0010111110100101
1110110100000000
0101000101010111
1010100001110110
0011111011100101
1101001001100100
0000000010011111
0100010010100110
0000100010010010
1001001001111010
0101111001111001
1110011011110010
1010111110010001
0100000011011010
0110010111100111
1000110011010010
0010101111101001
0010011001100000
1100011100000111
0110110111010011
1011010101010110
0011101000001101
1001001010010110
0100000111001011
1110001101111010
0111000000000010
1011100100100110
1101110010001111
1010101110000010
1110001011000110
0011010000100110
1101011011010101
1100101010011001
0100111011000010
1110110110110010
0100111100101111
0011100110111111
0110000111011101
1101011000110100
0010111111010000
1011011000111101
0101101010111001
1000111100000010
1101100010111100
0111111110011010
0010100110101011
0100010101001110
0010110110100001
0010110001001000
0111111000110000
1110010101100001
1000110001010011
0110110001110100
0011010001010111
1011111100000111
1000100110100110
0001111010000100
1111010011101111
0000011111100010
1111111011110101
0100001011110001
1001000111101111
0010000010111010
0001110000110111
0010111001110101
0010111000011011
0110011010101111
1111111100111100
0010010001101001
1001111100011100
0001110011100001
0101011101100000
1100100000100001
0011000111011000
0110000000101110
0110011111000111
0100010111010100
0111101110010001
0000001100111111
0110011101010100
1110101100111101
0011100000001101
1010010011110011
0110000101010010
0100100001010101
1110011010010111
1001101111001011
1110001110100001
1110010100100011
1000000000111110
0000111011011011
1000011001000011
0011010000101101
0011010110010010
0001010011101110
0000111101011100
0011000111100110
1011001101110110
1010011000001110
0101011111100001
1101011111100000
1001101011101001
0100110101110010
0110011100011000
1110011010111110
1001001010110000
1000110000010010
0101101011100100
0010111000101011
1001010101100011
0111000010000001
0101011100011011
0000011111000010
1010100010010110
0011011111011101
0101111110101101
0011110011100110
0111011001000000
0111100000110000
1110000110100100
0011100101110011
0001111101001001
1001101010100100
1100011111011000
0101101001010001
1101111000011010
1001000110111011
0111011010010010
0010101010110001
0101100011111011
0000101100011100
0101101010101001
1000001001100001
0010101001111010
0101001101110100
0101100010111011
0001000001000000
0001000001011101
0101101000101000
0111010010001000
1100000100111110
0001011110011111
1011110011100010
1011000100110110
0101111011101110
1001110010101001
1011011011110110
0000010001000110
0000000110100001
1010100001110000
1110110011001011
1101100000011011
0000110110011000
0110100111010110
0110100100001100
0000110011011001
1011101100110111
0001101010100111
1110001010011001
1101000110110111
1101101111011010
0000101110011010
0010100000100011
1000011001101100
1000100110000010
0010100010001110
1100100100111010
1001000001000111
1111000110011010
0000100111110010
1011100101111010
0011110011000100
0010000000110001
1101010000100110
0001010101001010
0110110000011001
0101111110010100
1010101011111100
1110111100111110
0100111000001101
1000001110101001
1100010011001101
0000100010000101
1111011110111011
0001111001101101
0000011111010001
1010110100001000
1110111001000110
0111111111110100
0001000101010111
1011101010100000
1100001011000101
0100010111101001
1101100111100100
0101000111110011
1101110000110101
0000000010110010
1110010010001100
1001101101000010
0100011111010011
0101011110001011
0000010110011011
1101011100010010
1011010110001111
0000001010100000
0001100110011110
1110110010000011
0100101110110111
0000110110001000
1100011000101100
0010001001000001
0110011100110000
1011011001111100
1010100101100110
1110110001110001
0110000101010110
1110000010111000
0001100011111011
0011010011110101
1100111110100001
0000001010101000
1011001010010001
1101100001010010
0101000011000010
1100010000110110
1000111101001110
0011010100101010
1110011010001010
0111010000100101
0100101010101101
1000101011010011
0010010110111100
0100001010011111
0000101001010011
0001100000001011
0010011101100101
1001000101101000
1011010110011100
0100011101111000
1111100100001100
1010100010010101
0110001111001110
0001111011101101
0100010111110101
0110001011100100
0001011111010111
1100001100001100
1011010000101101
1010010101101000
0100101101110000
1100100011000011
0011011111101110
0010101110010101
0000111101111101
1100011101111111
1100010010100010
0011000101010000
1101011100011110
1000011000101000
1101101011111110
0111000000001100
0100111000011110
1000110011111011
1000111111100010
0111100000001011
1001111010010011
1000011010001110
1011111111000111
1000101100011110
1100111001100100
0000010000000011
0100111001111000
0101100000110001
1110111110101101
1011100000100100
1000011111111001
1000010100000010
1110101011001001
0000110001010100
1001101011101011
0000001110111000
0010001110001110
0111110110010011
0001101010101101
0111100000111000
0110010100000011
1001011000100101
0011010111110101
0010010111010001
0111101110001101
0111001110111100
0101011111101010
1110110101000110
1111101010010111
0100100101000000
0000111011101000
0110101100001000
0010111000100000
0110101100100111
1001001101000101
1000110011010000
1111011011010001
0000010111111101
0011010111101100
0001110011110010
1101010111100110
1000001111011111
0100101010010110
0110101011110001
1001111001110111
1110001101001100
0110000010001100
0001011010100000
1001111000010100
0111110000000010
0010000010101110
0101110111111101
1110011100010011
0101100000000011
0111111100011001
0100100011101001
0100010011101010
0100000011110000
1100011010000001
0011100011100011
0010010001010100
1011101000100110
1110010100000110
1100101110100000
1001000111111110
1110110101001011
1101110111111000
0010011100111001
1111110000101001
0001000111111101
1101001000011010
0000010000110000
1011101110101001
1110101010100010
0111100110100001
0010111100101000
0010000001100101
1101011001100100
1100001101111110
0101001101010000
1101110110111010
0100100001000000
1011000100101110
1100111010100110
1011110111011010
1111100001110010
0100101000101100
1001010000010010
0000001010000110
0100100000000111
1101011000101010
0110110001010001
1110100101110110
0011011011111100
0111001111100111
1100100001100101
1101110110110001
1110011101100111
0101111000101100
0111000100011000
1101110111000101
1101000100001100
1110100111010001
1100001000010011
1111001100111010
0010101101101100
0101011010011111
1111110111100111
0100100011111111
0101100100111100
1001110101101101
0110110010010101
1000101000000111
0011011000011100
1000011000110000
1101001111000010
0010001100001100
0010011101111011
1000111110100110
1101101101011110
