1001100100101110
0011010100000010
0111110001101011
1000010001100000
1111001010110011
1000010011110011
1111010011010111
1000111110100110
1001100000100010
1111101010101100
1010111001100011
1111001100111111
0001011000111101
0000011111111100
1010101011010010
1101010100010010
0101011000111101
1011100010111110
0110011010010010
0010101011100111
1010000110101101
0101010010100110
0011011011100000
0000101100000010
1001010001110111
1001100111011110
0100010001110000
0001011100000000
1100000000010101
1100000010011000
1001000100011111
0010010010111110
0100010010100110
0111110011001010
1101010101100111
1001010011011000
0001000111101110
0110100010111111
0100101011001001
1101100101010101
1000100001001111
0000010001110010
0100111100100000
1010111001101001
1101101001000101
0110000011000110
1100011101001100
1011011111111100
0110001101010101
1111100111001000
0001111110111000
1000101100101111
1111101001100001
1011000111110110
0011010010110101
0100000001010100
1101111101100111
0110011101000110
1110010110101110
0110110110110101
0010111100011010
0100001110000100
0100011011110000
0101111011111100
1100000011001101
1000101001010010
1000010010101000
0100011001011100
1100000011110100
0001000000000001
0101101011100010
1001010011100101
0001010011000000
1010100000001110
1011101101100101
1100010011110100
0010110110111010
0111100100010101
1111001001111110
0010101011000011
1110010010100110
0000110010011110
1110100100010011
1000000010001101
1110110111011010
1010001111101001
1001110011001011
0011001111111001
0111111101101001
1001111000010010
1111101101010111
1000011000100101
1111010001101001
0101001011010100
1010011100011100
0011100011010000
1000000010100011
1110100001111000
1100001101101101
1001000000110011
0011100110011011
0011100000000001
1010011101111001
1010011101110110
0000100011000101
1101001001001010
0011111111111000
1101110000010010
1010111000000011
0101101101011111
1100101000110100
0001000100000010
1101000001001100
1110110001111110
0010110011100101
0111010111110111
0011001110010011
1000001101001101
1001110001100011
0010101000011100
0011010100011011
0101000111010011
0100000011010111
1001110110000111
1001011100101100
0100111110111011
0010010110101101
1000000100001001
0100001011000010
0011010100000100
1000110011100101
0010001111100110
0101010100111100
1101010100011101
0111100011000111
1000011000101101
0011110010101101
1011000000001110
1010001000000011
0101111000110001
1110010000110001
0101010001000111
0001101110001000
1100001011010010
0010100000010000
0101010101010101
0001011100010001
1111100000011111
0001010100110010
0011111101111110
1100100110101101
1000110000000000
0010011100110010
0000010111110100
0001000111101011
0011111110101001
0001110101100111
1011000001011100
0100101001111101
1111011011100110
0010001111000011
0100001100101001
0110111010010111
1101111100010001
1001010011001011
1001101101010110
1000011100010101
1011101110011010
1000100000001101
0010110111011111
0110101101011110
1001110011111000
1011101101000000
1100011101000001
1001011101000111
1100100011101011
1001101000110101
0110011000010000
1001101110001101
0111010010100100
0111001011110100
1011001110001110
1110111000101000
1010010011100100
1101000011011100
0101100100001101
0001101110000110
0001100110100101
1011110000110010
1011011111010101
1010010100100111
1111111100111101
1010011010101000
0110101110011001
1001000010001100
0000010010111010
0001010100111110
1001010101000101
1011110000000010
1011111100111011
1100100100000000
1011100111110110
0110100011011000
1001010010101011
0000011001100011
0111111000001111
0111001111000110
0101010000110000
0111011010101110
1110000111100001
0010101000100100
1010100101010010
0000011000011011
1001111101100011
1011011101110000
0000111100111001
1000000000011101
1100101100010101
1001010010111101
1100000011000101
1101010111101000
0011011100010001
1101001111001010
0011000100000110
0001000101000110
1101111000101010
1010100000111101
1001011101010000
0100110100000110
0101101100100111
0000011101100101
0011010011101011
0111110111110111
0101011101001111
1001000110001000
1001000011101110
0110011001100100
1011110000011000
0111010101110101
1011101111100000
1110011000100100
0100011100011101
0110000101001111
1110100011001111
1101011000111011
0011000001000011
1011111001000001
0101110111010101
1010111010010010
0000110010001101
0110100101001000
0011001111000101
0010100000001000
0000010110011001
0101101010101001
0011001110110001
0101011110011110
0000101001110010
0101000000101111
1010110000111010
1010000010111110
0100011011011010
0100110101101111
0110111100111000
0000010101001001
0011110010110000
1110110111011011
1000110100011010
0110001100111011
0001011001101001
1111101110101100
0010111100011100
0001001001111000
0111001011001001
0111010110001101
0101011110010101
1100001001100100
1111001010110101
0100011001101010
1000001010100001
0000101101110000
0001101111011011
0011011010010001
1011111011100100
0111111010000000
1100101100000111
1100100101111100
1101110000111001
1110001100111010
1101001101111001
1001001000101110
0001101100101011
0000101111010110
0111010110111100
1010001011100011
1010011100011101
1000010010010011
1000011100011110
1110100010001100
0001111010100001
1001100100001011
1001110101110111
0111010011001000
1110000101011101
0000010010001110
1010110000000111
0010001010000010
1011001100011010
0000011000100000
1101100001100001
0100111011100011
1111100110101000
0101010000010010
0110110111111101
0000011011011000
0110111101111010
1010000010010111
1110010110001001
1111001110110101
1011010111011001
0110110010010010
0100001011101001
1000110001001001
0111101110000011
0100010011010011
1010000110011000
0111100110001101
1001110011011010
0100100011111011
1010010010011010
0101111110000111
1101111001010100
0100100111001101
0011101101110100
0111010110000001
1001110110011101
1101100100000010
1111011010100110
1101100111001100
1100100110101010
1111000011001101
0110010001101101
0000100000111101
1000101111000010
0010101000000011
0000010010001000
1010000101101101
0000000100111000
1001011100011101
0110111110111101
0000010111000111
0101100110100101
1011000001101110
1111011010010010
1001001111110111
0010010001000010
0100111111100011
0011010011010100
0001110000110110
0110000010100100
0010111000010111
0000110100000100
1101011001111101
0011011110100001
0011010000010101
1011011111111011
1000010100111100
0011110101010101
1010110000111010
0000010100111000
0000001110110101
0011001000000011
1111011100110010
1100110111100100
0001001011111110
0111001000010010
1100001110001010
0010111101011011
0011000111110011
1000110101100101
1011011101010111
0000101001110110
1010000000110000
0101110111010000
1001011111001101
1010001101001101
1010110000100011
0011100111101001
0010110011010111
1000010001100001
1101011110110111
1001000010010000
1100010011101100
0010001101110110
1000100010010111
0100111100100100
1111000000010001
0110011010101001
1100011101000011
1111111001110111
1011011110000010
0010011101001001
0110100010100111
0011010101111001
1110100110000100
1100001110010000
1100010010011111
1111101111000001
1111000010110000
1011010011000010
1001110110111111
0011100110110101
1011110101101011
0011101010111011
1111010010100101
0001010101010101
1010110000011010
1100111110011101
0000001101000101
0011111101010010
0111110110001011
1111111000001000
0110000001101111
0011011000001011
1001111010101101
1010101011010101
0011011111110111
1010001101010110
1100110101001001
1011101110110001
0101100100001100
0101010011101101
1100010011000001
0010010110100001
0111110111000001
0111111011010101
0101000001000111
0100001010010111
1100011011111101
0010101100010101
0111101111101001
0001011011010000
1011110100111011
1100101010100110
0001111110101101
1001010101101110
0011110111000000
1011111000110101
1010100101110111
1000111110111101
1011010111101010
0101110101101010
1101010100110101
0000000110110111
1000010001000101
0010000000101100
1100111001111000
0100000001101111
1010000101011011
1100110001111010
1101001111111001
0111100101100011
0100010010101110
1010011111100110
1000111111110100
0110100110000100
0000110011001000
1001001100011000
1100101110101001
0101001011100111
0110100101110001
1110111101110011
1001001010011110
1010011111100111
1101010001101011
0000111010001101
1101111000101001
1000000010111000
0110000001100100
0001110111010111
1100110111110110
1000011101111011
0011010100000100
0010001110100111
0010111100000111
1011111011001000
1111110011000111
1000111101111011
1011110111011011
1011100001101101
1010110100101101
1000110001010010
1110000011010010
0110101001111011
0010000110100101
0010110100010011
1101100011111101
0101001101001110
1000110000100001
1001011001111111
0011110001010110
1000010101010101
0111011111010100
1101000001011001
0010110101101110
0000100010101000
1111000001011011
0101111011111011
1011001011001011
0110111100101010
1011000110111101
