0101110110111110
0000100101111101
1110011010011011
1011101000000001
0010010100010110
1101110001101011
1011001111000011
1111000010101001
0001000000111111
1010111000110110
0010111011100111
1000011010000110
0111000111010001
0010111101101010
1100110011110111
1011101100011001
0111000111011011
1111110001101110
1011010011111010
1110100001010010
0000000000001110
1011010110100010
1101101000001011
1111100011000100
0000011011111010
1100110001010101
0010001011010110
1111101101010010
0110101100001001
1000011001111001
0110011101101011
0011011011001000
0110011011001100
0010000100001111
0111111000000111
0011101111111101
1101110101011001
1101111111010000
1010110001001100
1010001110010100
1001001110110100
1100011110000000
1101100111110000
1010010111101111
1000001011111101
0000101100010101
1001011100000000
0011000000110010
1100011100001000
1010100010000011
0010110001101110
0110001100110010
0011101001101010
1111111110100111
0110100110100011
1001111010010100
0100100111110110
1110011011110000
1100010011010001
0111010101100011
1100000101101110
1100011111111000
0010001001111100
1011000000000101
0011100111110000
0000111001100000
0000000000010000
1110100010100000
1111001010100111
1011111011110110
0100101110110010
1001101110101011
0101010111001100
0100101101000010
1101100100011000
0001000110011001
0000111011000101
1010110111010011
1011110101000000
0110100110011000
1111001111000110
1100111111101110
0010100101000000
1111011011110001
1011011111111001
1001100100110010
1001110101001101
0001110101111111
0010011100010110
0100101001010111
1111101000010101
1001001010111010
1101100111111111
0101110101110111
1110101111101101
0111011010011111
0101001010110110
1111010111000011
1111100111011001
0000100001101111
0001001010010111
1011101000101001
0001010100110111
0110000010001111
1100000011100011
0010001010111111
0110110100010100
0001000011010100
1011110101100011
1001010010001001
1001011101011101
1010010110100101
1110101000100010
0010111011000111
1101100101101110
0001110101111010
0011110110011110
1001011011000001
0001001111011100
1100010110111101
1110110011101011
1000001101011110
0111100010011001
0101001010010110
0000000111010010
0011101011010010
0010110101100100
0101011000000011
0000110101100100
1110110100101100
1000011111011011
1100100011111101
0100110110110100
1001111100010100
1010101101111111
0011111010110111
1110010110001001
0011010000001000
1001101010011000
0000111110001000
1111010000000011
0111000111111010
1001011011111100
1100111000111010
0111111001011011
1100000110110100
1110011010001100
1100100110011100
0101101010010000
0001000011100100
0110100010011101
0111101111111111
0110010110111110
1010100010001010
1100100101101000
0101001001010011
1011111101110100
0010010110010001
0101101101011111
1001000000011101
1001101001110111
1010101110001111
0101100111000110
0100111110101000
1101010100010010
1000110001101101
1011101101011110
0010100110010010
0100000010000000
1100000010100110
0100101011010001
0001110101010010
0000001011111110
1010110111010011
0010111101110000
1010100101110100
0101010111100001
0001111000111001
1000101011011111
0011001100001011
1100011001111010
0011111000011000
0010001111101011
0011100010110111
0111111010101000
0111111000010110
1101101110110001
1010000111110000
0110100101000110
1010001101110101
1100011001100001
0010101010100110
1111111100001001
0111111001101000
1010000000100011
1111110001001000
1000101001100010
1000011110101011
1111000011000011
1110111010100100
1000110001101101
0111110001000111
0010001101001000
1111010111001111
0001111001101100
0011000111010110
1011011100111000
1010010111111100
0011110100100001
1100001010111000
1110000001111110
0010100111010110
0000111011001011
0000011101000010
0010111110010000
1010110110001100
1111111011111000
0001111110011010
0100100101101000
0011001010100010
0010101010111010
0110011100001010
1000010110100010
0001110110010010
0100001010110010
0110011000000001
1100011000000000
1001011111011010
1010100011000000
1010110000011101
1101101111001111
0101111011001110
1110101100001011
0010000000110000
0100000101000001
0111110010111010
0100011010000111
1011010111010111
1100000010110001
1001010110110011
0011001000000011
1111111101101111
1000110101010001
0111011110110011
1001001011110111
0110101010011101
0011010111111001
1001001001001111
0001110011001010
1110100001011110
1011111110100101
1101101000001000
0001011001001101
0110010010101011
1010011011111010
0010110111001100
0010100000101101
0100101000010000
0100010110011010
0001100010010111
1110110000000100
1001101010011110
0010001100111111
0010111000111111
0111010000001000
1010001110010101
1101111100000101
0001100101100010
0110100001100010
0110100001110101
1100110110010111
1000110101110100
1111001111000010
0111011101100001
1010100011111110
0111100100001110
1010110110010111
1011110100011110
1101111110111011
1101100000111000
1100011110110110
1110000111111111
1101101101101000
0100110110101100
1001110100000010
1101000111111111
1010011100100100
1100110100010111
0101011011110000
0110110111101111
1111110111001011
0011011010100111
0011001010010101
0010011101000111
1110100111110110
0110110100000111
0010101100000000
0101001100001000
1000101111000010
1001010011111010
0011100100100011
0000101110000100
0010000000111000
0011010111100010
0000111100000110
1110110000000100
0000000001101010
0011011001110110
0010010101011000
0101000010111110
1011101011001000
0110111000011110
1101110000101101
0011101010011110
0011010001111001
1101010011000100
0101111011001000
0101100111111110
1110000001101101
0100001000101101
1010011000011001
1010000010100101
1000010110111111
0111000111110001
1011010100000101
1101010000100001
0001010000011110
0001010101110011
1101100011110110
1000000000110011
0000000111100001
1110000100111101
1011011010010111
0100100100101010
1110010110001001
0111001100100101
0001111110010101
1011010001000011
0010110111001010
0111010011001010
0101000000111001
0110110010100101
0111000010111010
0100101010111111
0000100100110000
0010101100011111
1000011110111011
0000000000000001
1100000010001110
0101011111000110
1001001011011011
0110110011000001
0010100100000111
0001111001011001
1111000100100110
0011100001000111
1111011011011111
1011110000101110
0010001000110001
0010001000101110
1001000101001010
0000101011111110
1000001011110111
0110111100001001
0000011111110011
0101100011100000
1101000011011101
0011000100010100
1110011110110100
0110010111011011
0110010010101000
0001110011000010
1011110000101111
1101011010011101
1011101111010010
0001011011101011
1111110011100001
1100001100011101
0010011110001111
0010001011000001
0100000100100101
0100110100011010
1111010100101010
0001101101000110
0111000111000101
1101110001010110
1100010101000110
1101011001101100
0001011110010001
0110101011001110
1111111000110100
0010101110010001
0110001111110001
1100010100000101
1110111001101100
0111110111101100
1111000111001100
0100010101100000
1010000111100011
0011101111100101
0100011000100111
0000000000110100
0100010101000110
0011111010011110
0111111011011011
1000100011000111
0110100000101001
1110111111100001
1001111111010101
1000101010110011
1100000000100100
0100010100000100
0001111010101110
0010011110100001
0010000111001111
0101000100001100
1011100011000001
1111010100111001
0110011001000111
1011101011001000
0100000010001010
1111001101111011
1011000110000011
0010100000011100
1000111011101011
0100101000011011
0101010000111000
0001001001110001
1100100011001001
0001111010110100
0001110001010001
1001111000101101
0011010010101110
1011010100111011
0101110110001110
0000001010111111
1110011011011001
0111001000001001
1011101100001100
1000010011100011
1011000110110110
1111101000110010
0101011011000000
1001010010101101
1001001110111001
0011100010010100
0001011101111001
0001010000111001
0010001000110101
0010001110000100
1000010011110100
0111101001011011
0101011100101000
0010011111000110
1010010100000011
1011001101000010
1001000001010100
1001100011000010
1110110001101111
0100001100101100
0110100000011000
1110101111001111
1011011000101110
1000010101100011
0111010010111001
1010100100100100
0111101110000000
0000011011100001
0000011011011001
1001110111101101
0100001100110100
1111111110010000
0100110011100010
1001100010010011
1110101111000110
1101101101100011
0100000010010001
0011100101101001
0011000000000111
0011111011000011
0110101101011000
0000011010001010
0111011001110010
0100001010101111
1000110110110110
0010101110010010
0011101110010011
1010001110000100
0010001111110110
0111101110100100
1000000110111100
1010001010010100
1110011011010011
0101101101000101
1100111100111101
0011101010110111
1101000010001000
1010101010001110
0010001111001111
0010000001000011
1100110011000000
0011101101000111
0011100110100000
1000100001011001
1110011011000111
0111001100001110
1000101111101001
1010100100101101
1110001001010101
0100101111011111
0100101000111101
