1111000010110010
0100010011011111
1011100011111100
0100100111011011
1100001011000000
1110110000110011
0001001010110000
1110100100100100
1111001110011111
1111010011100101
1100000010111001
0110111001000111
0000010001111100
1000011010011111
1010110001110010
1101001100010001
0110001100101101
0100001100110100
1011000011000100
0111001101000100
1001010101011110
1001010011110111
0100101111010000
1100111000011101
1011011011111100
0001100010001010
1110011011100111
1011111000101100
0001001000010000
0101011111001000
1010101010111000
0101100001101011
0001101110100000
1100111000001100
1000011110001111
1001010110101001
1100001011111110
0100101111111111
0100000110000101
0110111110000001
1111000110001001
1111101100110111
1011011101101100
0010010100111100
1111011000000001
1000011101000011
1100001111000010
1000100101101001
1001010010001111
0111011110100110
0100101101010110
0010110000010110
0010101100010001
1010110101010111
0100001010110000
0011011010110000
1001011111001111
0110111111101111
0010110111000101
1110000010100111
0011011100101010
0111010111001110
1000100111111100
0110000100010000
0011010110000111
0111010001111100
1110000100011010
1011001001111111
1011110000000111
1000100010100000
0011010000100011
0110011100100000
0010010011010100
0110110101000101
1011011111111000
0101110000001100
1010001011011100
1000110011011100
1110110101111000
0010001111011111
0100011001100110
1100010101001011
0011010001011110
0011011001000011
0111000011100100
0001010100010001
0101111100000100
1011101110110100
1101001011011011
0100101100111010
0101101111001011
0011001000110001
1001100101111000
1010111100000000
1000011110101100
1000010110010100
1110111100110101
1100000011010010
1010000110010111
0011011011001011
1011100111000011
0111010011010001
1110100100100100
1001110000001010
0101100001010011
0100101010011111
1111101000000001
0110000011110111
1000110010010100
1000111010001011
0001100110011000
1100110011101010
0101001000010101
0110011010010011
0010011001001010
1001110111010000
1011011110001000
1000110110010001
1001001001100100
0000011101000100
1110101101010111
1111010101010110
1100011001101011
0111001011000101
0010110110000011
0100011101101110
0111111000010001
1001010111011100
1110101101100000
0100001101010111
0100101000010011
0100110100110110
0001011111010110
1100100101011001
0000111011001101
0100011001011110
1001111111110011
1000101011001011
1010110110000111
1100000110011010
1001110010001011
0010000000001010
1011000001100010
1101101010000011
0010110000000011
0100010100110001
0000010111010001
0000110001010100
1111001100110011
0110010111111100
0111101101010111
0110011011110111
0110110010110111
0011011100101001
1101000110111110
1111001010111010
0100101111101101
1011111111101011
0010010110011010
0011010111110101
1101101110010001
1010000001010101
0100001101000111
1100110000001011
0100010111011011
0101000001011010
0000011110110001
1110110001101111
1010010100110000
0111110110110000
1000111011111000
1011111111111001
1001111000100001
1110100101111100
0101100001111010
0101101100011011
1010011011001001
0001000000101100
0001011010110010
0001000001101010
0111000110010100
1111010010101100
1110101000010011
0100000111010000
0011000011111010
1101111001100001
0010001110101011
0110001000000001
0110100110101011
1010000100111000
0011011101100110
0001010000110110
0000000111010110
1011011000100000
1000000111010011
1100110110100100
1111100000011000
1100110111001111
0011101110000100
0010001110011101
1010000101101000
0011001011001110
0111101100101010
1010110000100011
1101111110001110
0100000010111011
1100101100000001
0111111001000011
1010000100110101
0011010000010110
0101101010101111
0011100100100001
0101110100001000
0101011100011101
1101111001000110
1011101100001000
1110101001000110
0000110011011010
1111011010011111
0111110001111111
0011010010110001
0101110001011100
1110000101010011
1001111111001111
1000011011001111
0100110101010000
0001101011111101
0010100111111101
1011111100100000
1110000100111110
0000101011100101
0010101011001001
1111000010111001
0111010011100110
0000011100101100
0100010000110001
0111101101011100
1100000000110101
0011111110111100
0111011011100010
1001101010000010
0000001011010011
1011110000111110
0110110001101000
0001001010100010
0011010011000101
0100010011101111
0000110111111101
1011100110110001
1000101011100010
1101101001110100
0010010100111000
1111001110101011
1000011000100111
0111100111111110
0000001100101001
0010001000100001
0111011010111011
1000011110100110
1100101001001100
1100001100000000
0100001110111100
0011001011000101
1010000101110101
1111101110111100
1100111001011001
1110010010111100
1011001011101001
1110000000101001
0101110111010110
0000011000111000
1010101001001001
1001000111001101
1010111010000001
0111110010010100
0110011111011111
1000110001010011
0110111001110010
1001110000011101
1101110100000100
1000101111101110
1101100110111000
0111011110101011
0010010001101110
1010101101110110
1101001000101000
0011010101101110
1100010110001001
0010001110101110
0000101000010101
1110101100100111
0110011000100001
1101000010111010
1010000100000111
0111011010010011
0010010010010101
1110000100110011
1111010011000011
0000001010111110
1001010000100001
0101100000101011
0011011101011111
1010000001111010
0100100111111011
0111001111111011
0010010011001110
1010101000001010
1010101100111011
1000011111110001
0011110001111011
0011111111011010
0010111101100111
1100101111101010
1000110010010000
0100101110000011
1001100101110101
0100001110000000
1011110000101111
0100001010001010
0001110001100001
0101111000010001
1001110101000000
0010111100011011
1100110010101101
0010000001011001
0010111001111111
0010111011111101
0011000011100001
0001010101001100
1101101101000010
0011100101100110
1000000000101010
0111011110100110
0011110101011110
0100011100000001
0101011110001011
1001001101100011
1011010100100011
0000100100010110
1001010100000110
1010001101000111
1110110111111111
0010011111101011
1010001001101001
1110011000111001
0100110000000110
1110100111111110
0010011101010011
1000011001001101
1001101001111011
1001011111100001
1111001011111011
0110110110010011
0000000001110000
1011101100011101
1001000110010110
0111000100010101
1101011001100101
0010000110101100
1110001001001100
0001101101001000
1000111110101101
0111110001110111
0101110000011101
1000010001001000
0101110011111100
0101001000101101
0000001100101100
0001111111000010
1110001101101011
0101010010010101
0111100010000010
0000011010100111
0010111101000100
0101000110110111
1110000001000000
0110000100011100
0110010000101101
1000001000101111
1100100101011000
0000001111100010
0011010011001100
1110000100011001
0011011110011001
0000010011110100
1000011101100000
0001111000011111
1111001000101110
1100001100100110
1011010000000010
1010101010101100
0010100001110000
0000011110110100
0001000010001111
1001101001001111
0000101001001110
1001001100000101
1111001100011101
0010110000001111
0010101000101110
1001001010010111
1110100110110001
0110110100010110
1100111110111101
0110001010000000
1100010011111101
0000101000011100
1110110010011101
1111111101110000
0011000111000111
0011011111110001
0011110100100011
0001110100010010
0011010010101001
1100101000101100
0010001101010011
0011111101010101
0001111000100001
1000110011110100
1010000011000101
0100110101100100
0000000001000000
1010010000111110
0110111110001101
0010111101010010
0100011111100100
0101100100000010
0001000101101100
1100011010100001
1101010010000001
0011010001101001
1000010111010110
1100111011100010
0111000111010100
0100100110101111
0101001111010101
1100110100001000
1111111000110110
0010001011010001
0011110100111011
1011000011011110
1101010010111100
0110001100100011
1001101111000100
0001101000001001
0110110101010000
0010001010110010
0100110001001001
0111100000110100
0011111111001011
1110100000111011
0001001010101101
1000010111000010
0010001111100000
1101011110010011
1010101001100101
1010010010101111
1111000110000001
1000111000001111
1000100110011110
0110111011110111
1101101110001110
1101100110011111
0110101010110100
1010011011100101
0000101010010110
1111001111111010
1010000011111100
1101000011100100
1000111110011000
1011000001110111
0100010011011110
0010110000010101
1101111010110100
1110011110011010
1101110000100100
1100001111101001
1010101000010101
1110110001010110
0000111101101101
1110110000110000
1101011011011001
0000101100110111
0110100000011010
1001001000101011
0111011111011011
0101001100110011
0010101110011010
1111101100101110
1001110101011001
1011011001000111
0110000000101111
0001100101001110
1000101110110010
1100000001100111
1111000010001000
0100110111000111
0111011000000100
1011010100110100
1000100111010001
0000100011000010
1100010110010001
1010000101111001
0001100001000001
0011101011111101
1000101010100110
0100011001010001
0110010000011111
0111010101000001
0101111101011110
1111001100000000
