1000100111011100
0011011111110101
0010000111010000
0011010001111111
0000110111001100
0101001111101111
1010111100101110
0000101011100010
1110010101001000
1000111011011001
0100101110001110
0110111110000111
1011111100000011
0001100101010110
1100001101000010
0001011011000010
1100010000001101
0111111001011010
0011010101110100
1100000010110110
0101101100101001
1111110011111110
1011110000000010
1011000011001110
1011101000011101
0100100000011111
0010001100010010
0010100101011101
1011111111010101
0011000110000011
1101110110000010
1001001101110000
0100010111111100
1111101001011110
1000111100110000
1110001111011001
0001110010110010
0110000111110110
1001011011110011
1011101000111111
0010101101111110
0000110100011110
1001110110000010
0011010101111100
0100110100011010
0001110101011001
0111000000110000
1001001010110111
1110000011101000
1000111000000101
1100111111110010
0000000110011110
1011001011011011
1010111000110010
0101101101110011
0101111011101010
1111011010101100
0000111001100000
1101000001110100
0000110001010110
0100001100111101
0001111111110010
0111010000100101
1011010011101100
1110100001010101
1101000110010101
1110001111001010
1111010111110111
0111001100001100
1111001111101011
0100010001110110
0001110010110110
1100101111100010
1100101110100001
1011001001101100
1000110110011111
1010001110100111
0010100111110100
0011000011010111
1100011010111001
0111111000010111
1001010101000101
0010000001111100
0001101001011111
1010101010010100
1001000001111110
0001100110010100
0111010001100010
1110101111110111
1110111001001100
0101101011001011
0010110000101110
1100110111101010
1000110110100011
0110010001101110
1110011000111110
0101000000010010
0100010100110001
0000111000100010
0110011101010011
0011100100100110
1100101101011100
0010000010110100
0101010111110011
0000010010001001
0000001111110111
0110100100001001
0110001010001011
0001110001111100
1110001101011011
1101111010011101
1010100011100010
1110010111010001
1101000000111100
0111111100111010
1010101101100000
0000100011001011
0100011001101101
0001110101011100
1010110000010111
0111001001000010
0011110100011110
1001110110000000
1100101111011110
0011001001011011
1101100100111000
0111011010101110
0100111110010100
1111000101001011
0000000101100000
0000110101100101
1100100000010100
1110011010011100
1110001001001010
1000010000000000
0011101101111001
0001111101110100
1011111110101011
1110111010100101
1111100100010100
0001001010111111
1011110111101010
0010101101101110
0000100101001101
1110000010101010
0110100011000010
0111100001010000
1110101001111111
0100010010001110
0101000010111011
1001101111000010
1100111011000011
0111111001110100
0100111011010101
1010011111101101
0101110011011000
0110000111011100
0000101100110100
0010101011100010
0110010011110101
1011111101100110
0111001101110110
0100001010110110
1111000001101000
0100111000010110
1011001110000110
1100000100010010
0110110100110010
1101111101110000
0100000000100110
1010110001101111
0010010110110011
0000010011010101
0000100000101011
1000001011100001
0001001001010010
1100100111001010
1111111111110101
0101101001001010
1111111011000101
1001100101111100
1101101001101010
0010100011111010
0010111001110111
0111000100100001
0000011001101010
1010000101111010
1010011110000100
1000100000100010
0110111000100110
0011011010001110
0100111011011101
0000110000000101
1111010101000100
1110110010100110
0100111011100010
0101101111001100
0001100101110011
0110110110100111
1011011101111110
0101111000101000
1010100000101100
0101011110011101
1100101011000111
1111000111111111
0001011110111101
1000011000100001
0111001110110100
0010100011000010
0001001111100000
1010100111110111
1011001110110101
0100100001111001
1101010101010000
1000110110000010
1000100110010111
1101101101001010
0100010011000100
1100000001101011
0110010000101100
0101100011011000
1111010010101101
0001110010010000
0010010111111101
1100101011101011
0111100011111000
1101100000010001
0100100100111001
1100101000010101
1110011011101101
0101001010000110
0110111001111000
0010011000110001
1101000110110110
0010000010011100
0100101101001000
1010000001110001
0000001101011011
1110001111110011
0001110100011101
1000111100001111
0110011101011000
0100110001100101
0101011011110001
1011010100110010
0001001100000111
1110010011100100
1000001000110100
0010100000101111
0111001100110010
0111011110001011
1110100111111100
0100011111100011
1000011000001010
0011100100010100
0000110000100110
1001010100101011
0010011110101110
1010000101001111
0000000010000101
0011000100101010
1110110000001001
0111001111001010
0111011101111110
1000000001111000
1000100101011111
1111110010100111
1010011110010011
0011001001001101
1010010001110011
0001110011100001
1101010001011011
1101001101110100
0100111100100100
1100111101001010
0010101101000011
0111001101110110
0011010100100000
1101011101101001
0001010111100111
1110000011111100
1000011110111100
1101101000001010
0111010100000001
0000010101001001
0100100011100101
0111110100111001
1000011010101111
0110011111110010
1101001010011000
0001000101111100
1110111010111110
0100111001111000
1001111011101011
1010111110000010
0100010000010111
1110100001111100
1101001110101011
1001101111011010
0111110111100001
0101000100101011
1110011101110000
0100010000111111
1101100101111110
1111001110111000
0111110100010100
1010010110110000
0010100001011100
1011011000000100
0100011100011110
1010111000010101
1111100110101111
1111101011011111
1100100100010010
1000000000100011
1011000110011011
0110111000101100
1111110111000001
0000001010110001
1101111100101101
1111010010010101
0011000101110001
1100011001010000
1100100100110010
0000101111111100
1111101110101001
0101111110111100
1001100010101110
1001100110110000
0000101011110111
1111011011000100
0000111011011001
1000100101110111
0000001011001001
1011100000111011
0110011010001101
0001001000011111
0001000111110011
1100010101011001
0010000100000010
0000001111110010
1011001001011011
0101010110100100
0111100110110011
0101000000111111
0101000010000110
0100111100111101
1010100110011011
1001111011000110
1011011111110110
1001011101100101
0010101001111111
1101010001001110
0011111101101111
1000110010010100
1010000011100100
1001011111001001
0111011011001100
0100100111010001
0100011101101011
0000000100100010
1110100001101110
1110010011110101
0010011100101011
0101100010101011
0011100010000000
1000000111101110
1010100101000111
0000001010010010
1011010000000001
0101100010101100
0100011101011011
0001010100110011
1110111111110101
0110001110100110
0101011100111011
1110011100011110
1100011000001111
0010101001100000
0110110110010111
0100001111111010
1011100110001000
1000111110101111
1101110001000010
1011101111110111
1110110010101001
1110000010010001
0111010011011110
1011100010101010
1111100001000100
1001011000011000
1101101101110101
1111010110110101
0111100011011010
1101111101010101
1111010110101001
0011001010101000
1010000011100000
1110001111101011
1111101011101110
0100011010000011
1111010010111110
0000011000111010
0110111101101110
1101101001010110
0011110000110110
1010010101110010
1010101100010100
1010000011110001
0001001110011010
1010010011110010
1010000011011010
1111001110010010
1010011110011100
1010000110110111
1100010100101101
0101010001011100
1010010001001110
0010000100100110
0010101000000111
1010011011111001
1100000101110100
0011100001101101
0011111110110101
1010111011101001
0001101111011110
1100011000100101
1001101011011000
1110000001010011
0101000010001100
1001011101110001
1110110001110010
0001010100110000
1100011111000100
1111111010101110
0000100100111101
1010010101000010
0111001110011100
1001001110101100
1100000100100001
0010100100101110
0011001100010011
0111110100100111
0001010100010111
0001101000011000
0000011110011110
1111000111010101
0010111000111000
0101111101100111
0000011100011101
0111100011011001
0010000110011100
0001101011101011
1100000000101001
1100011100001101
0101101110100101
0100111000000010
0011110001111110
1010001010010111
0100011101001100
0101100001100100
1000011100111110
1011111100001001
0000110100010110
0100111111110110
0001100110110010
1001111110111110
1110111010011011
1001111101111010
1000111100011101
0100000001011110
1001000010001100
0101100001010110
1110110110110000
0111111001101100
1101011010111000
1111010011001011
1010101010001100
1001010001100011
0101011000101100
0101011100111000
0010010111110011
1001010111101101
0001010001110111
0011010001010101
0000110010100101
1000000010100010
0010001011110110
0100101001000101
0101011000011001
1011010000101011
0101011110011000
0101110110000011
0110000011011111
1001011101110101
0111101011011000
0111000001110000
0111101010111111
1000110111110101
1110001101000001
1111111101011001
1001101110001010
0100110001111110
0000011111010000
1110111100100001
1010001101010101
0100100101110000
1111011011011110
0010010000100111
1010001011101000
0011000000010001
