0011010100111011
0001110111000110
1111101001100100
0111111101011110
1001011101101111
0001011011110001
1010111111010101
0000100001110111
0101101010010111
0001010111111110
1010110111100100
0110011011010010
1010100101110111
1000011111110100
1000111001111101
1110000110000000
0101000010010101
1011010001000011
1010101010010110
1101111011010111
0010101111100110
1001111100001011
0010111011001011
1101111100001001
0010001001100011
0101101110010110
0000100111010010
0011000111101111
0011111110101000
0011000111101111
1010000001111010
0111111100001110
1001101101110011
1111101000111010
1111110110011110
0111001010110011
0011100110110010
0110101010100001
0010010110101100
1101001110000000
0011110010011110
1101101010000101
0111111001001001
0111101011010001
0000110011110100
0110110111111000
1110100001100001
0101011011011001
0101101110011111
1001000001000010
1001111011000100
0100010101100010
0100101101101101
0111010100001010
1001011100110010
1000110101000011
0001011101001001
1001000001000010
1100011001000001
1111101001100010
0011001110110000
0000110111000010
0000101000110110
0001001100111111
1011111001110000
0111101111001110
1010100110000010
1100110011000011
0100111111110101
1101011110110000
1101011001001000
1001001100010100
1010110001011010
1011010110000001
0001001101101011
1010000001101110
1000100100111100
0111101100111101
0111111101101010
0010000101100000
0111011000010101
0010111100110111
1000000001100011
0010101100110101
1101010111111111
0010011010001100
0001011111110101
0011010000100100
0110101110111010
1101111110100001
0010000111110101
0111011011010100
1110101111011001
1011110001000010
0001100001010100
1111001011010110
1010101000100011
0000110011111111
0010101110111110
0001110111100000
0101110100001011
1101110011011011
1111100001010000
1110101011010001
1100001111110111
0010100110100111
1100010110100110
1100000000100101
1011000110110111
1111100110111010
0001101101111100
0110011111011010
1101010000010001
1001110111110101
1101001110000000
1011010110000001
0111000100111101
0011100011101111
1111001111111110
0000111011011001
1110000111010001
0100010110010010
0110110011100000
0001101001000010
1010010100001111
1111101101010011
0111010000001011
1101011101011001
1011010111001110
1000011001111100
0000000110001100
1001000110001000
1110101001010000
0101111011111110
0110001000110011
0000110101101111
1001110101101111
1000100111101100
0000100100111010
1000111010010110
1111011100010100
1001011110100101
0011001110101011
1000001001110010
1111110111101100
1001110001100100
0011101010001110
1111100100010011
0000000000010100
1100110101101110
1110101111000111
0111101101111110
1100100000011111
1001001011010111
0111110100011100
0111111111101010
1001000101100110
0011101111000010
1011010001101101
0001010111110111
1000101100001110
0100001001010101
1001110001010011
0000010000011000
0110001100110110
0000001010000101
1100011110101001
1011011011111011
1001101111101110
1010011011000010
1100111010100010
0001001101001111
1011101000001001
1010000101010101
0110001110001111
1111001001011010
0101000000111000
0100000110000001
1111010001001110
1000110101011000
1111101100100000
0111010001101000
1010001110011110
0100011000111111
1110010100000011
0101100011100100
1010001000001100
1001101000101100
1100100011100101
1100110010001100
0010110000100100
1000110101010001
0111110110010101
1100110001101011
0111110100001011
0011101011111111
0101001011000010
0101100110011101
0001101001110001
0100101101010011
0001100110100010
0100101010000001
1001010000011101
1000001010110000
1100110100001100
1100011111110010
0110100110011000
1010001010111001
0100101001011010
0010010011010100
0110000111000110
0011010000011001
1101101110001111
1011000111111101
0011011100011000
1101110110010101
0100001010110101
0110101001110001
0100111010010010
0001000010001010
1111101111101110
1010101010110110
0010000000000100
0001101011001101
1100110100100111
0010110010110001
1001110110000110
1000011001000100
0110000100110000
1000100001101000
0001000101101001
0101101011110000
1010000000000111
0001001101110110
0110000111100111
0001001011000110
1101101111000010
0010001001100011
1001011010001011
0001001100101110
1111110110100111
0111011001100001
0101100000010110
0101101001001010
0010000011110010
0011101110000110
0010011101000100
1000001011101110
0111000101010011
1101111001001101
1110011001011011
0100010001011110
0100101011000000
0010101010111100
1110000100011100
0111110011010101
1111111110010110
0001000011101000
0010110101011101
1100101010100000
0111111100110001
0001011111101100
1111110010101111
0101110001000010
1111111111001001
1000100001010101
0010100101011001
1101011011110010
1101111100000111
1011100110001010
1000101011101110
1111101010111011
1110111111110001
1100101000110101
1101110110000110
0110100101100100
0000100111000010
0111101001110001
0101111011001000
0101010000000101
1010010101101111
1100101101010011
0010011011010100
1111100001111111
1001101000110001
0011101011001101
0011010111001100
1001111101110011
0001000101110001
0000010010110001
1010110011101101
1110100011100100
1011000000110111
0101000011111110
0111110011111001
1010001100100011
0010000101010000
1011100000000101
1110011001100100
0001101011101111
1110010010001010
1100000111110100
1100100001001010
1000100010100110
1111100010101111
1000101100010011
1101010110011110
1110010111001101
0111111100101011
0111110001111000
0111101000110010
0000110010010100
1000101111011111
1110001100011001
0101100111111100
1000100000101001
1010110000110011
0000001011011010
1111101001111010
1010100110110100
1000110110010001
1111101111010101
0001100001101110
0011111110000111
1010010000100101
0001010111111011
0000001011000100
0101110000110010
0000010111001000
0011011101000110
1101111000011110
1111001001000011
0001000011011000
1110001111001110
1110011110000111
0111100011110011
0001000111110100
1110001010001010
0101010001110011
0111110101110101
0011101100110000
1011010100101100
1000011110101001
0111111111010010
0010100000110111
0110110101001010
0101001110000110
1111110100101111
1101111000110101
0101100010011000
0011010100111010
1111101000010110
1011000010010001
0100101000101011
1110101101001010
1100001000101111
0011011110000001
0010101110001100
1111011101111101
1101101101000011
1101011011101010
0110110110101111
1011101000001001
0110101101010111
1111111111110011
1000110111000001
1000100111100100
1010111110010100
1101111000000000
0100110100100110
1110011101100010
0110010011001100
1110000101110000
0000010100101000
0001111000011100
1110101000000111
1000100010111010
1110000111001010
0101110100010100
1000101001111011
0001100001011000
0000111011111000
1100000011110101
1010110101000100
1111111011100000
1101010111111111
1001111111000110
0011010001111010
0100010000010110
0001100111001100
1110011001001110
0010000111011000
0101100011111001
1110000100010110
1101101000111011
0110101111000101
0000000010110110
0110001100110001
1010000110101011
1101000110101011
1001000101100101
0010000110111110
1010111110100000
0011000010111100
0111101011100111
0011111000011100
1000110011110111
0100011011100010
0100001010011100
1001011101010010
0000001010111011
1111100011001111
1101111010111111
1111011101001101
1000000101100100
0000010000001001
1111000101011110
0001100010000010
0110100000100110
1100010011110100
1011110011010011
0010111101001011
1001011011011010
0100111010100100
0110111110100011
1100101100110000
1111101100001000
0010111101111001
1100010110010010
1011101111100001
1110000101101011
1111101010010111
1100100111001110
0100110101100101
1010101100111111
0010101110011000
0011011101110100
1111001110011110
1111000110110000
1110111000111101
0000000011000100
1000101000010101
1100000011000100
1110110111100111
1010011001111011
0111110001000101
0011101111001100
0111110010101001
0101011101100011
0110010111111011
0011001000011011
1100000010011010
1001011011101110
1001100110110001
1100001011111011
0001010001101100
1011111001000001
0111110000011100
0011111101100000
1100101111000011
0110100001001100
0010001011001110
1110011010000110
0111110100100101
1000010101000100
1010100101110001
1101011110111010
1001111100111011
0100000111010011
0000001011110010
1011110100000011
1010110010010100
0111011100010101
1100001100001101
0011111100010101
0101001111010110
0000111110011101
0101010110111011
1101010010111111
1001000110111000
1111011000101011
0000100111000100
0001111101011101
1111101010111111
0100111000101000
1001101101010001
1101010110000110
0011010101000100
1000100110001110
0011001001110011
1001101001110100
1111011000001001
1110000111111100
1101110010000001
0111000111011111
0000111000100010
0011011010111101
1101001111011001
1001111110100011
0110011010111111
1000001101001011
1111011111001111
1000001101011101
0110010011101011
1011001100011111
0100001001100101
0010111110110011
0100010000111101
0110101011010101
0111100101000010
0110100001111011
