0001001100110101
1011011001111100
1001000011000100
1110000011100001
1001011111000001
0110001100100001
1010101100100011
1011111110110111
0100001000000100
1100011010100110
1101011111111110
1000011000010010
0001011100010111
1111100011011110
1110100000011001
0011101001011010
1001001011110001
1111110001001101
1001001000100110
1010010011100110
0100111001000010
1010101100000000
1011111000000111
1101101111001111
0110010100011001
0101101111000001
0101100100101011
0111100100110010
0101001011111100
1011111010001111
1011111101011111
1011010100001110
1101001000100000
0011011101110000
1011100101101001
0110111011111000
1111011111111100
1001100011001110
0101011001101000
1101011001010110
1010101100111010
1011001111111001
0110110011111111
0111101010100110
0010011100111011
0110100010111001
1100001001000000
1111100111100001
0001110101001010
0010001011111100
0001100011001011
1011111001110010
1110011000000000
1001100111101001
1111011011010110
1011101100010000
1000110101101010
1100101110111010
1001110101101011
1010110111101111
1000011011001111
1001100110101010
1001001100000000
1100110010011000
1111010011100001
1100110100001110
0000111101111010
0111001100011010
0101001011000011
1011100001000111
1010001100010001
1001010100101011
1001000100101001
0111001110000001
1011111110110010
1100111100111010
1100011110101000
1100111101100100
1101101110100001
1110111100111111
0101100111000010
1111000010110001
0000010001100011
1000011001011100
1110000100101110
0110001101000011
0001011000111111
1001111001001011
0001110011101100
1001010011000111
1100111000010111
1101001000011101
1001100010101101
1000111110100011
1110010101101000
1100110011000011
0101100111101110
0000000010100110
1111010101001001
0101010111010111
1011010001000100
0010000001100100
0111100001110010
0100110001100110
1010000011010110
1111011000110000
1000011101011011
1001001111101000
1010111011010100
1111101110000101
0110001001110010
0001101011110011
1110010001001000
0111011111101100
1001100100101011
1101000111101010
0011000101011101
1001100000000110
0001010000000010
1110001000010000
0111000100001101
0000110101001101
0001010101001101
0110101100000000
1101011110111101
1100101001011000
1001110100000111
0100100111101111
1101010011101110
0111110101000000
0011000011011011
0010010001111011
0011100000000011
1101010000001100
0011111111001010
0000011110111100
0100000101111100
0111111101111001
0010100110011100
1011101010011010
1111001111100001
0111000011001100
0101100100010000
0010001010011011
1001000001011100
1111001100101111
1111101010000000
1001001011111101
0100101000100010
1100000111111110
0110010000110110
1101001101110110
1011110111001100
1010010110000000
1010111101100100
0010101011100011
1111001100001011
0001111100011111
1100001111110010
0100111010111101
0011011001001011
1011111000000110
1110110111101000
1010011110100100
0101010100011111
1111101000001111
1010001011001110
0101011010111100
1010010101101010
0000111111001111
0001110010111000
1110010011101111
1001010101101001
0111000110001011
0101110000101101
0111101100111100
0110111000011100
0011111010111000
1010101100100010
0101111000000001
0011110000101111
1110100101001100
0000001001110001
1011001001110111
1001011100101101
1100001001001111
1111110000110000
1000111011100101
0101000000111001
1001011011110000
1100101111111001
1110101110011100
1001011000001011
0000011001110110
0110100011000001
0100101000111110
0011010011011001
1100100001011100
1000010010101000
0000001001000100
1000100110111100
0110110001110011
0001100000001000
1001111101010101
1010101100101011
1010010011111010
1010110111010010
1101001111001111
0111001010111010
1010011101010101
1000101010100010
0101010011100101
0011100001100111
1010101010010111
0100010000011110
1001111111011001
1011010000000100
1100000011110001
1011010011111111
1111001101110110
0111010111111011
0101101000110110
0100001000111011
0011010111010001
1000101101101101
0001001001111000
0001001010010001
1101101000101001
1010011111000111
0111011000010001
0110010010001010
1100010010101110
0100111101011000
0011000110111000
1100010100010010
1111110101001100
1111101101110011
0010000111010101
1011110101010101
1110110010101001
1111000000010010
0111101110100001
1001001001101100
0101100010110011
0011101101001111
1111011010011001
1110010001111011
1100111010111101
0001100001100111
1001100100111110
0000101000000011
0011001111011011
0000011000010100
1000010110000001
1100100011100101
0001110010111001
1110101010110000
1101011100100011
0110011110110100
0110111111010000
1000011010111001
1101001111101010
0101100101110101
0001001000110100
0111010010000010
1110010010011010
0110011111000010
1001000011100111
1011010111000011
0000001101110010
0010000000000010
0110001100110111
0011000110010110
1001001001110001
0001110100001010
1111011011010101
0111000101100110
1010111001010111
1000100101111000
0101001001111010
1011011100000011
1111010110100001
1011011110111010
1101110011010100
0111001010111011
0101001100010011
1101000001001100
1000110011011101
0110111010111010
0111101001011001
1111011111001101
0100000011010011
1111001100010101
1000011000111000
0110101010100101
1101100100101101
0011000110001101
1011101010000010
0000100001010011
0000110111111010
1001010100110111
1100110010000101
1000000110001000
1101000001011110
1101010101000101
1000101010101000
0010110001111001
1010001001111110
0100000001101010
0010110110111001
0101100111010110
1111001110000010
0001110101001111
1001010010000100
0000100011010101
1011000000100100
1100001110110011
1111011000000111
1001101000101100
0101000011011101
0011100111000101
0100011001001111
1000001101010011
0111111110101100
1110101101101011
0100000010100111
0110111101100000
1101111100111100
0100001101011111
0000111001011001
1010111100000010
1001111011010100
0111100110001001
1111100001101100
0111011111111001
0011010111001010
0100111011011101
1101111010111110
0010001111011010
1010001010010101
0011000101001110
1000111101011000
1011001001111001
1000011000001001
0101001000110111
1011000100101011
0011011100111000
0010101100100101
0000111000111101
1011100111100101
1101001101001011
1010101101011110
1000101000011110
0100111001000010
0010101000100011
0111110001000010
0110101000011010
0111111011110110
1010001000000010
1111110101101101
1100001100011101
0001110011110111
1111000010010110
1010101011111110
1001111101001010
1110000001110001
1101011000111000
0011010010111111
1010100010000000
0010010111100101
1100100111001100
1000100000011010
0110000111011000
0101110111011000
0100101010000101
1111001010000010
1010001101011100
0010011011110011
1100101111100011
1010001001010011
0111111001100001
0000010110000101
0101010010000011
1101011100011010
0100011101000000
1101100010000100
1011101101111100
0010110001010110
0101000010000001
0101111011100001
1111110001111110
1000010111101000
1010101010011100
0010000000001111
0000001010001111
1110111101010011
0110101110110110
1000101100110110
0010000011011100
1010011110000110
0011111001101111
0010101001010101
1011111110110010
0011001111110100
1101110101010111
0011011101001000
1111100100101010
0010100010101100
0111010110010111
0000001111111100
1111001001100111
1010100000010001
1011001111110010
0111000000100001
0101011001000001
1101101101010101
1000011100011010
0101011100110101
1010000011100000
0011101110010010
1010011010111000
0101111100110001
1101110101010010
1100001001011101
0001001001010000
0011011011011010
0001000111000100
0110010011111001
1101100010011110
0101111000001001
1100001100000111
0011100110010011
0100000101111000
1001000000000001
0100111110011100
1010010100101010
1100000100100011
0100110001110101
0010010101000110
0100000101111111
0001111110101010
1110000010110000
0111001110011011
1111011000100001
0110111101010010
0011110110010011
0001001010101000
1000100100001001
0111100100100111
0000000000100100
1001110010000010
1001111101000010
0010101100011111
0010000001001000
1001010101000100
0010100001101101
0000100111110100
0111001110111001
1100101110111100
0010111111101110
0000100001001010
1011100101010100
1010101110001110
0010111111001100
0111001110110000
0111100100100111
0001010101100111
1011111000001111
1111111111011110
1111110111100001
0010101110001101
1101100111110011
1000001010111000
1000100000011011
1110100110111010
0101110110001111
0010011001100110
0000010111101011
1011111001111100
0110110001101111
0100001101010111
1100111111100101
0111011110000100
0111111011011111
0010000000100100
0000001010000110
1011011110100011
0101111111101100
1100001011111011
0100000111001011
0011010101111101
0100001100010001
1011011110010000
1000110001010010
1101111010001001
0010101000011010
0011101000011010
0101110010011100
1111010111001011
0101011110011111
0001100100100111
1000000010010111
1100010010011000
1000110001001010
0000010111000111
0000001111011010
1001110011111110
0110000001100110
0100111011100011
1110000001000011
0100111000110001
