0001110100000010
1000001100100100
1010110011110000
1011010110011100
0101110110010100
0100100111011100
1110111100010011
0001000001111001
0000101100110011
1010001101111100
1000111000011011
1010010100011100
1110000011010110
1010000100101111
0010111111001110
1000100011000111
0010111101010111
1101110101000100
0000011001001111
1101101100011110
1110101100101100
1010110110000101
0011001110000101
1001010000101110
0110110010000101
1001000001011001
0101011011010101
0000011100001000
0100111011111000
1010110110000110
1001100110010100
1001111111110010
1100010010111011
1010001000011100
0101111111011000
0010001000001110
0000111111111101
0000110000101000
0011100010000100
0010111001001001
1001101100100110
1001100111110111
0000111111011110
0111100000010011
1111100100011010
0101111011000100
1010010000100001
0001001011010011
1110111101011001
0110110010101111
1100011010100001
0101100100010010
0000110001110011
0101110101100101
1111101111010111
1101100100100000
0110010011011001
1111110110101011
0000111100110110
1100101010001001
0110001111110101
0110111010011110
0100011001111110
1110101111010101
1011001010001100
1100000001111111
1010101000011101
0011100011001110
0000101111000101
1011101000000110
1000100110001101
0111001010010000
0001001111100111
1110001001110010
0101111000000110
1111101011100110
0011011011001000
1110000100100010
1011010011001010
0000100101110100
1110111010010111
1110010010101000
0000001001010111
0111010010011011
0001010001010001
0111001111110010
1101011010110001
1010100010100010
1000001100001010
1001000000110000
1011000100001011
1010011011000111
0101010010010101
0001000111000010
1011001110101111
0100010110101000
1110010010100111
1010110110011110
0010010001100000
1110001111111000
1101100111100110
1010001111100010
1011011101001010
0011001100010100
0010110101000010
0000110010101100
1110110111011101
1101000100000100
1000011111000111
0001111010101100
0010000101000100
0011100010100000
0011111010001110
0101011011100001
0011100110011001
0100001001100111
0111100110001010
1010110101000010
1110001010010010
1000011100100101
1001101001001111
1001000010110000
1001010001001001
0001011110111110
0110100100100010
0000001000010111
0010100001101011
0110011111110000
1000111010010011
1111101101001000
1011111111101001
0001101100101011
1001101001011001
0111010110011000
0100010011010100
1000001011111010
1101010011010111
1110001001101011
0010001101011110
0000110011110110
1000111110101001
1101011111011001
0111011100010101
0000110011100111
0000011011100100
1101000001110011
1110101000100001
1101010011110100
1100101001011010
1001000000001111
1101110100111011
0010111000000010
0110110010010110
1110100110000111
1010001010100011
0110001000011111
1110100111101100
0100111011000110
0010110101110000
0000101110000101
0011001001001011
1011011000101001
0100011011001110
0110010010111100
1111101111100110
0111000001000110
0101100000000011
0111001100000100
1010011110101010
0100010111101101
1000110110001101
1000111100011111
0100110000001111
0001110011110011
1011100100001101
0111000000000000
0100101001101001
1100101010110010
1100111010101000
0100100111011100
0110100001001001
1010100000001111
1101000110111011
1100110101110101
0101011110010010
0010100110101011
0011111011001101
0011001011001100
0100011001110011
1000000100110110
0101011011101010
1101111010110000
1110010110111101
0101110100100100
1000011010111100
1011100010000110
1101111010100111
1000110111111100
0001000001001110
0001000011011011
0101000110010010
0101111100010000
0011100110011101
1011010001011010
0101000001100110
1110010110110100
0101100000001111
0111010000001000
0110010000010100
0100111110100101
0100001000010110
1000100111110010
1000010100100100
0011111101011010
0101101111110101
1010100110010000
0111111110001110
1011110001010000
1101000101110100
1101101001101101
0000010001001001
0010111000101010
0001100111000101
0010010110001101
0000011111101101
1111100100101001
0100000001000001
1100000010101000
0010100111101100
0010110111101010
1010011101100111
0111001001000010
0111000101100100
1001101111000110
0011110101011011
0011010010010111
0011100110000110
1101001011010000
0000010011100101
0001101011010000
1000011001000101
0001111000110001
0011011110000001
0010010010101110
1001111000111110
0010011000010010
0110010101010101
1011011000100001
1000010100100101
1101011011001111
0111111001011100
0000010011101001
1010010001100100
0110011000100110
1101000010100001
1010101000100011
1011110110101111
0010000000110100
0110000111001110
0000100110010000
1111011001011011
1010010011100111
0100010111001001
0010100110010101
0110011100100110
0111001111101001
0100101101111011
0101101111110001
0011110001011101
1010110010111110
0011001111111110
1000010111100110
0101001101010010
0011000001010101
0101000010101100
0111000010011110
0000011111101011
1101101101100000
1000000101100001
0000011000110010
0110010010010010
1110010110110001
0010110000110001
1001010100101011
0110001101000100
0011110001010101
1111110010100010
1101101111001001
0100101100010011
1101111110100001
0110000101111100
1111110100111110
1010010111000111
0100011111000100
1010011010001010
1111110000011110
0111001111101110
0100100101110111
0001010110110001
1111111011000110
1011011001101110
1100010100001100
0000001101111111
0001011000011100
1010010110110011
0010110011001111
1010101011001010
0101010000110111
1011110110001010
0011110111010011
1000010000001111
0010101110101110
0101011010100110
0010100101100111
1110110011000010
0011010000111010
0100001010111111
0110110111000111
0000110101010011
0010000011001001
0110111010011111
0110001011010000
1100111111110110
0000101101000001
1010011000000110
0000101111011001
1001110101001000
0010011111001011
0000110110100000
1101000001000010
1111111100111010
0000001001110101
1100100110001001
0010001000000100
1001100010111110
1000101101011100
0011011111101100
0100110001100000
1000110011111101
0011100101100111
0101101001010100
1000011101110001
0010011010111000
0011011011110111
0010010111100110
0000000011010001
1000000000010010
0000001100101000
0111011001011010
0100110011101011
0010110000110010
0101000101111101
0011001110111100
0001111100001111
1111111010100111
1010000101111000
0100111011101111
1100110011000000
1101110110000001
1011010110000101
1011010101101010
0011000010000011
0110100001001101
0000111110111100
0100011001001011
0100001101111110
0010100101000000
0100110001011100
1000010101010110
1000101111010101
1110101010010000
0001101001001101
1101100010011000
0001110111110010
1010001011001110
1010011101001000
0110001011001011
0110101111110000
0101000101110101
0110011111101000
0110101000011110
1100111011111000
0010110011010000
1001001101100001
1011010001010100
1110000011011101
1001111001110010
0010010000100111
0110111000110010
0101100001101100
0100111011110000
0010100101110111
1011101001110001
1100011110011001
0000011010000111
0111010010101010
1110011111110011
0000100000001011
1111011111110110
1000011100010001
0010110000111111
1111001110011101
1101100111010011
0001110001001110
0100100111111111
0010001010000110
0101010111001000
0001011001010001
0111001100111101
0011001011010100
1100100110111001
1001001101011000
0000010100110110
0100101010010001
1101011011000101
0010110110111000
0011000100001110
0000011111000100
1000000101001101
1100000100110011
1001010100100010
1010100110010000
1011010001011011
0001010110010011
1110010101010101
0011011110000100
1100000111011011
0100010000010101
0111000011111000
0001111000100001
1111111101011001
1000001010011011
0001011011010111
0101001101011001
0000101011101101
1000001101000001
1110100010111101
1100010001010011
0011110111111011
1110001011100001
1000001101100011
0000011100000001
0000110000100101
0010011111100101
0100100110100111
0100100011011110
0100101111000000
1000010010110010
1110010110001011
1101010100011101
1001000011000111
0101011110010000
1000011000010110
1111000011001111
1011010000101100
0110010011010000
1100101110010110
0010101000110100
0010111101000010
0001000111011011
0001000111000000
1011101010000101
1100010110010000
1110010110011001
1111100001001000
0101010111111001
1111101111100010
1100100111100010
1000110011111000
1100100101010101
0011001111011001
0101101100010101
0011110110111101
0101110010010111
1010011111101100
0111010110011111
1011000110011011
0100011011101110
0101011100111111
1110000000101110
0010001110110111
0101111010000101
0101010101110110
0100000001001111
0110000100101100
1000000001101111
1011111110001000
0111010101101000
0010100011111000
1111001010001000
1111010110101100
1100001010101001
1111111000011011
0001111000010110
0000110110001100
1101011110101000
1001001100111100
1111100100101010
0100010010001000
0010101000101000
1100100000000101
0101001001001001
0101011100001110
0000101011000100
0101010000101111
0011101000011001
0000010101000000
0101001100111011
1010010000110001
1000101000101011
0010100011011100
