1001101011111111
0100111011000000
0101001001001011
1000100000011100
1111010010100001
1000000101011010
1110101111110101
1100010000011001
1011001100011111
1100110110010010
1111011010001011
1101001111001111
0001010100100001
0011110011110011
1101010101001001
0000100100101110
0110110110010000
1000000000101100
1100100100110011
0111111100110001
0101010011011100
0111001111101000
0000100000000110
1101110100101011
0110110000011101
1110101100101111
1001110010001000
1100111110100100
0010011100101101
0000001011100010
1101000100011011
1000001010100101
0100110011011010
1111011010001010
1100001011111100
1110110110001101
0000001001011011
0001001001001011
1000011000000101
0011001000010001
0100110000111100
1111110101101101
0101100110100010
1111110010111000
1001111111001110
0100010000100001
0011110111000101
1001100000100011
1000001011101101
0000100101101101
1111111011000100
0010101000111001
1111101111001110
0110010101100101
0010000011011111
1011000010000100
1110111001101011
0010001011100000
0100011011110001
1101011100010011
1000100110001010
0010100011000100
0111110111010110
1111100101011111
0101100001101101
0001100001011110
1001111110101010
1111110011101100
1001111010110111
1010110010000101
0011000110110110
0010011010001010
1010011001110101
0101110001001000
1110000000000100
1101101001110000
0011110111011111
0011101010111011
0011101001100111
1100110100110001
1011111001000101
1001110000011000
1001011111110000
1110000100000000
0000000010101101
1110011101011100
0110100010010100
0011101100011011
1111100110001011
1110100001110011
1011000011101101
1011101011110011
0101100101111000
0000110000110010
1101111000000001
1011000011110000
0011000000111000
0110100101110100
1011111110000111
0011100000000110
0001000101111101
1011100011011111
1100000100000000
0101011000010011
0001000110110010
0111010100001000
1111110100111011
1100101101110110
0000001101011101
1000101111111011
1110110010111011
0011011101011100
1101000011001000
0100011110101000
1001100000001110
1111000100000011
0100011110000001
1110110000000001
1011001000110110
0100000101101000
1011011101000111
0000000000101110
1100000011101000
1001011010100000
0011100111010110
1011011001100111
1111001001011101
1001000111011101
0000100100111111
0011111110100110
1111011110111001
1010010010011010
0010011100000011
0011110100000110
1011111010001110
0000101101001010
1001111101110000
1010111111110110
0110101100101011
1111101011001100
1100100001100010
1111110010011110
1101011010011111
0000101100100010
1111011100110111
0011001110100100
1110001111011100
1011010101001100
0111101111010011
1000100010110100
0100011100101110
0110010110111001
1010001111010010
0100001101000000
1110001010011101
1001010000011011
1101001110111101
1000011111110011
1101010110011110
1011110100101110
0001010101001111
1011010001100000
1101111001000111
1011101101111100
1001000010101111
0000010100010101
1001000000001111
0001001110101110
1010011111011000
1001010110000010
0100111111100111
1000100111010111
1011111111011110
0000011110110101
0010100000011111
1010110111011010
0000101111111010
1100100000110010
0001011011110110
0011000001010111
0101101011100100
0111000001101101
0010010101011110
1101111101100000
1010101010111001
0100011110101010
0110000111100110
1001111001001010
1100001000011001
0111000101100111
1111010111100001
0011010100010101
0111001000011010
1111110111110101
1111011000111101
0101111100011011
0111010010111100
1101111000100011
0010101111101111
0000100101101101
1100001110111011
1101110110110110
1111000100111100
0110010100100010
0010011101001010
0011100011110000
0010010100101111
1011111111110010
0000011111101000
1111101001110101
1110110111010010
0110000111000111
1101100001001010
1100001011100001
0001011111000101
1001111011100010
1010010111110010
0001001100111010
0001111001110100
1110101001100001
1111000101110000
0001011100011100
1000011101110111
1111101101111110
1010101010001001
1110100100010001
1101101101101110
1001110000101110
0010001011010111
1111110000111011
0110000110010000
1000111111000110
0010101111101011
0011111111101101
1111011001011100
0111010000010111
1000000000000000
0001010110101010
0011100001100000
0011100010000011
1111011011001111
0110100111110001
0000100000011111
1001000010001111
1011110111011000
1010000100100000
1101001001000000
1001011110010110
1010110100111001
1101011001101101
0100010001110110
1101111010001110
1000111011110001
1100100110111100
1010010110110000
0000111110100000
0011001000000111
0101101101010011
0010000010111001
0001100110100000
0000110000001001
0110111111011010
1001100111001000
0011001010111011
0111111111010001
0110100011011010
1010011101010010
1001101101110100
0100111101011011
0100000110001001
0011001010101110
0100111111001110
0100011111011000
1001110001111010
0010110110110000
0001100100010001
0010111001110001
1011110100111111
0101011010101100
1011101111110010
0011111010110010
1011010110011011
0101101001010011
1001000010101101
1000101011111011
1000111101010100
1011100000001111
0001001001000001
0010001100010011
1011010100110010
1101101100111110
1000000111001010
1101110000000011
0010111011100110
1101000101110101
1000011101110011
1010000010011000
0010000000101000
1100101111110110
0100010100111001
0100110110001001
1010101100011010
1001110111010011
0001010000111110
0000010111000000
1000101101000101
1000100010111001
1010111010100000
1011101010110110
1110111111011111
0101011011110000
1111101001011000
1111101010101101
1010110010010000
1100011010000100
1011101001010011
1100011000011101
0100101101011011
1111101111010111
0011010000110111
0001111001111000
0001000001111001
0110010111111111
1110110101110010
0001000100011001
1000001011110100
0010010111001001
0110011110011010
1101001111000110
1001000000000010
1111110100111011
0000100100000011
1110010110100100
0011000100010010
0110001101111101
1110100000100111
0001000111101010
0000001010011101
1100010011001111
1010110101000101
0111000111111011
0100011101100111
0110010110111000
0010100111001000
0101110100011011
1101110010001000
1100010000011100
0110010100010010
1100001010011110
0001100110111100
1110101100000110
0100010101110001
0001001001000100
0010001111101001
0100010010000010
1001010111111100
1011111000000010
0011010000000010
1100101111001110
1011011110110001
1101100101001111
0011001101110000
1111011111110000
0101100100110010
1111110001111101
1111110010100001
1000110100011000
1110101110001101
0010101011001011
0010001101000010
1010010001111111
1001001011010001
1011101100110100
0101100000000001
0111111110101100
1101111010001000
0100101101110010
0110100110010000
0101111011010100
0111101010011011
1011111111010111
1101001101011111
1110011010001100
1111101110110110
1111000000010101
1011010001101110
0000011100101011
0001010010110001
1111110110000001
0001001011100000
1100000101100000
0010100111110010
0001011011111110
0011010110101110
1111100010111000
0111110001111111
0111000010010011
1000100010100100
1011000010101001
1001111000100010
0111000011110111
0011111110001001
0101101100000110
1111111100101111
0111100001111110
0001000111110110
1101111110000100
0100101111000100
0100100010101011
1110010010111001
0110100101000111
1001000100011011
0010100001010110
1000000010011000
0111111101110010
0011010100000011
1101000010000000
1000000110111101
0011001111011101
0000101001000010
0100001001011011
1000001111010111
1010011001100111
1010010011110101
1011000101110001
1011011110111100
1101100011110010
0000001101101011
0100100101010111
0000001011011101
1111001110111100
1010011100100101
1111001000011011
0000100011000111
0100100010001000
1011010001111111
1000010001000110
1011010011110001
1001011011000110
0011101111010000
0010110110110001
0000011010110111
1101111010001001
0000011100000001
1011100101110101
0000110010100111
1100001111010101
1000111111101011
0010110000010000
1100011010111010
0000010110000111
1011101010110010
0011000100111001
0110001001010101
1111001010101110
1000110110001111
0111001101101110
0001111100101010
0011001010011011
1011100001111101
0110110011100001
1001011110011001
1001101000100000
0010001000011110
1100111000010101
0011111010110100
0100111010110000
0100100110100011
0110110001001110
1101110101100100
1011100010010000
0111000111011101
0111010000101001
1000111010000100
1100100001001011
0010110010110000
0101000100101100
1000001101111011
1100001000101100
0100110111110111
1101110111111011
0110001111001000
0011101111011010
1101001101000111
0011011010101100
1101110101001100
1010111010111000
0100111100010011
1010011010000100
1110010001000111
0001000000001100
0111100000011011
1000101010011001
1010101011011110
0001111011101011
0000000111100111
1110111000111111
1110110010100101
1110011001011101
1000011110111111
1001110111101001
1101011110001001
1100111000100101
1000010001111101
1100001000110000
0110110011001110
1101111010001101
0010000111000011
0110110100111010
0101010011111111
1111100100110100
