0011101110110100
0010001010110110
0100001000110001
0000101001101001
0100010101011100
1001010001100001
0101111101100001
1000100100110001
0001001100110100
0000001100101110
1000100000100010
0000001010010000
1011011111100111
0001011000110011
1100110011111001
0111000001101100
1000010100011011
0010001001101101
0000101011011110
1110001101100001
1011010000000001
1001101000010101
0011000100110000
0010000001010001
1111011011110010
0101110101100001
0100100111001000
1001101110110011
1100001001000001
0011001011001011
0100010000101100
0001011011100011
0111011010010001
1011101100011111
0100110000000010
1011010001100001
0111111000101111
1111000101010110
1101111011110000
0011010100010111
1101110111000101
1111011111010111
1000001110000011
1111100111100111
0010000001000001
1000000000110110
1000010111101011
1110111100001010
1111111100111001
1110000111100111
0010110010111111
0011001000011101
1100110110101000
0111101100011001
0001110001011011
0111000000111111
1000000101000101
0111100111010010
1000111010111101
0111101001100110
1000011000011011
1111100100101100
1101011001111010
1010011000010100
1101111010001000
0011100110101001
0010110010111011
0110010011010100
1100111001010101
1011011000001010
1001011110110011
1111110101100110
1111011000100011
0010011101000000
0100101000000001
0010110100110110
1111000111110101
1011100111001100
0110011000111110
1101111000000000
0101111001111110
1100010000000000
0011100010010100
0001000010001000
0110010110110010
1011001010101100
1001100110010010
0110000101111000
1000111101011011
1010101011011010
0010010101110111
1000101010111011
1000100100011010
0001101110101011
1100011100010000
1111101000100101
1011001001111110
1111000111001000
1000011100101101
0100101111010111
1000000110101100
1000000000000111
1101101011001100
0011100101101101
0110011000111011
0100100100101010
1001110101011000
0011111001110100
0011000101010101
1001111101101111
0010010011111010
1100010110110110
1010011000101010
1111100000001111
0101000010100000
1001111001111011
1010010010000100
0011010111011111
0100110110110011
0001111000101011
0100111010000100
0001001111111010
0010110101101111
1000011111110100
0011011000101100
0011000010111101
1110000010011101
0100100110001100
0010111001011010
1101010100011010
0000011110101101
1001111001101111
1011001010111100
0111111001001111
0010101100110011
0101010011000001
0001011110101101
0101100101011010
1001001100011000
0110100101110011
0101111100000101
1011001010010100
0001000010010001
0110110110100111
1101000000100101
1000001010111001
1111101100000011
1111000100110101
1001010101111000
1000000000100011
1010001110011011
1011010010011100
1100100100110111
0111100000100100
0110100010011100
0001000010011100
0001000110100010
1110001000111110
0101111010111100
1000101011001100
0010011010101001
0001000101000001
0010011000110000
0011011111001010
1110000010001000
1011000011001000
0000011101101111
0000100110101111
0100011101100111
1011011000110100
1100101101000011
1110111011011010
0011101011011110
0111001011110100
0010000010100111
1000001101111111
0011011001110011
0010001100011110
0000111000101001
1100111000101000
1011100010100100
1101110001101100
1110100000010100
0111000100001000
1110101101001001
0101110100000001
1111001111000000
0001111011101111
0011000101001101
0100010001111000
1110101100010110
0110010100010001
1000100011110000
0100000111010000
1001110110010101
1111100101011111
0000101111111110
0010111010111010
1011000011110101
0100001110100100
0001001111010111
1010011110001010
0000110000110101
0000001111001000
1100000111001111
0110000110000101
1011001110100001
1111010001001010
0110111110000011
1011101011111011
0001101100111010
1010010011011111
0000010000010010
1100000011010000
0101111000010110
0011110010001101
1111100100001001
0000111100100110
1101001111110100
1011000101001000
1101000000101100
1110101101111100
0011110110011000
1001001011000001
0010010010100001
1110010110001101
0100110101100100
0110000001010110
1101010001100010
1000100011000010
1001111100110010
1000110011111111
1011101100111000
1111001111101111
1011010001101000
0111001100101101
1101110001011010
0110001011001010
1000100001111001
1100011111111111
1111011111110001
0101101110101000
1011110111000011
0000100000100010
0010100010101100
1100000011001001
0100110110111100
0011101001111110
1001000010010000
0110011011010000
1101001111000101
1001111101000001
0000000111100000
0100010001101000
1011001000101000
0001010100000101
1001110100101001
0111101011111100
1100110110000110
1101011110010000
0000100101111011
1011011110001000
0100111110010111
1111001111001011
0000011110101111
1100000010010100
0011011110101100
0100101111000110
0011101001110101
1100100100011100
0000011010010111
1111110010001110
1001100110101011
1011010010010101
0101100000011001
1011000111100000
0101111010111100
0111100010000110
0001100111100001
1111111001000111
1011110000001000
0011011011001010
0110110001100000
0001011100101101
0100100011011001
0010000001111100
1001000010010111
0001110101100000
1011001000101110
0110010001000100
1011001111000010
0011011000000000
1111000001100110
1110100001100100
1011000011011000
1001100000100100
1100100111011010
1110111001100010
1001110000010001
1100110101001000
0100011010010110
1101000011001001
1001110100110001
1001101101101010
0010001010000100
1010010110010010
1011011101110110
0110011110001101
1011100010110111
1111100100001100
1110111010010011
0011110110000010
1010010011110111
0111110000000101
0000100011101110
0100111111100101
1100111100000100
0101111100101111
0101001011101011
1100110011100000
1001101010110111
0011001011100010
1000000110100110
0100000101001101
1101111011100001
0011011001000100
0100101100111000
0000000001010000
0100110101100001
0011000010110100
1101111011010110
1101001100110000
0100110101010100
1011110111101110
1010100100101001
1101000101001010
0101000111111101
1101111010000110
0100111110110000
1011111001110111
1001010110111010
1111110100010100
1101011010001010
0000100100100010
0010110110000010
0101101010110100
1011100010111001
0010000101100010
0011010111110001
0011010110001101
1001001000001110
1100000001000000
1000111001110111
0011100100000001
1110010101110000
1011000011011110
1001001000011111
0000001010110100
1011110010000100
0000110011001111
1010010011000011
0010110001001010
0000110000000000
0100110100010011
0010001101011110
0000101011110100
1111111010101010
1011111101011010
1111010111100010
0111110100011111
0001101011001101
1100110111011001
0011011010101101
1101011100111000
1100110000010000
1101000000011011
1100001110011100
0111001001110001
0101110000111100
0100111011100111
0100000110100101
0010101000011100
1011011010101110
0010000001100010
0101110010001001
0110111011111101
1010011110111101
0101111011111010
1111100100101110
0000000101010011
1101010000101101
1000100110010100
1101010001011010
1110101000010100
0100100101010110
0111000101001010
0000110100011000
1010000001100100
1111001010100110
0111010101011101
1011010010000001
1100100000101000
0011111000110000
0111000110101010
1101010111110111
1011110011111110
0011100000011100
1010001011000001
1011110111100011
1000001100000000
1110010101011001
1000111011101111
1111000011010110
1010100011010000
1000111010010010
0011101110000100
1011011100011010
1011100100101100
1010010010010100
1110110000101010
0001010000010000
1011100111000011
1011101110111111
0101010100100110
0010011100001000
0111001110011111
1101110100111010
0000001010110011
1011100010110101
0001100011001100
0111110010101000
1010110111101110
1001000001110111
0100110101111111
0001100110101111
0111101011011000
0000111001101100
0010111100011100
0010001100011111
0110100100010101
1101011101001010
1000110001100011
1110011000001111
0111100111010000
0000000110001001
0101001101010101
0111010101110110
1100110011011111
1000000001101000
1101110100100100
1101000011111011
1111110000001001
1111000111001000
1000100011001111
1100111011111010
0001010111010001
1100101100101111
1001010011100100
0101001000001011
1000110000101111
0111010011001110
0010010000001010
1011010000110011
0011110000111000
0010001000110010
1100101011101100
1011111010001011
1101000010000011
0001111100111111
0000011011100010
1100111010001100
0001111001100110
1000011000001010
0100001100101001
0100111111001010
0111010101010101
0101011110000010
1001010010110010
0110001100010111
1101010111010110
0001100001100111
0110101001011110
0100100111011011
1100100101101000
0100001001001011
0001010101010100
0011011110010110
0111011001111001
1101111011001100
1011110110001100
1001110101101011
1010000101000011
0111001111010110
1100111101010110
1000000000011000
1110110100110000
0101000010111110
0111110110110111
1111000001110001
1111110001000010
1011001100100011
0110100001001101
1010100101011010
0011010000011010
0101101000101110
1100110100010011
1111111000011101
0011111101111100
1011001110101011
1111011111100001
0100011110110110
