1010001110001011
0110110111110111
0001110000110100
1101100011101010
0011001010100111
1001111011001101
0010100111110100
1011010100001001
0000100000001011
0011000110111101
0010110010001100
1010000000111100
0001011011110001
0110111000101100
1000000101010011
0010111111000101
1000010101011010
0101100011010110
0001101110010000
1101010100010001
0101100111101000
1110111110001011
0100000010110000
1100001000110101
1010101011111011
0011010111000101
0010110100100000
0110001011010111
0110111000110100
1000001010010100
0011000011010101
0001111001100001
0011111101100010
1000110111100101
1101010111100011
1111101010100110
0011111010001000
0010100100011100
1001011110110100
1001001101111011
1001111100100100
0001111101100000
1000001110001011
1110100010101001
0001000110001101
1101010001010111
0110110010100111
1001100011000101
1100011100000001
1110000000011100
0101000101000101
1001001000000111
1001101100001010
1110000011101111
1000111100001001
1111101111100010
1000001100011010
1100010111011000
0011001100001011
0001001011011010
1100011010100100
1010010110001010
1001100010010100
1100101111110111
1101110010010001
1110110011110000
1000010011101010
0110110100111110
1001100011101100
1100101011101100
0001100000001100
1111110001100111
0111111110000110
0111110100100011
0011010110011101
0011001101110010
0101110101001101
0011001111101100
1101101101010010
1011111000000000
1111000010011100
1101000101001000
1111010010011011
0001010011111011
0010001000010101
1101001101100100
1011100100011100
0111001111100000
1000111000111000
1110000111000101
1010011011101011
0000001100010000
1011010000100110
0001111011100010
1101111101110001
1111000011101110
0111010000011101
1101101000010111
1101001010000000
0010100001111100
1111010001100000
0011011001001010
0011111010011000
1011001000111010
0101001010100110
1110111100100101
0101001001010010
1000001101100011
0100010010011110
1011110100001001
1000101110110101
1011010101101100
1101110010001001
0101101100000011
0100001110110100
1110111001000110
1000011000101110
0011011111110011
1101001001100110
0001110000000011
1110110011011010
0111110000001011
0011011101101000
0100111110101110
0011011010001001
1010011111101010
0101001111001111
0010111011001100
0100101110110101
1100000111110001
1001111101110110
1110111001101110
0011100001010010
0011110110111001
0011011010011111
1101010011110001
1101011101111110
1100001001100101
1011001101010101
0000001101010101
1100000000010001
1001000100000000
1111110001101110
1010100111001011
1111110011111101
1100000101100111
1110011110010011
1010101101100101
1111111011110000
1000101010111011
0100111101001110
0100011001010101
1011110000011101
0111010110011000
1110101100101011
1110011000111110
1110010110111011
0110101110001000
0000001101101111
0010100011111000
1111100011111000
0011101111000110
0110010000011000
1101111110101011
0101111101111100
0111010101000010
0101001010111011
1000111011001101
1010111101111111
1101010011110111
1111101010011000
0110101110001010
1010101011000111
0000000010010100
1110010011111101
1000000010110101
1100011101100010
1111100011110001
0010010110111011
0110101001101111
1111111111101001
1010010000101010
1100100100010000
1111100110000010
1011111101101010
0101000101000110
1010000010001010
1100111101100100
0100000100101110
0011010000101111
0101000001110001
1011001010001100
1011111101110000
1110111100111001
1110010100111001
1011000111111010
0101001010001111
0001110011110010
0101011101101100
0101100101011100
0111110101110110
1101101000100010
0001011111011000
1100011111110100
0010010101001000
0001100110011000
0000101110110110
0011111100101000
0111100001100100
1110111101100011
1001001011010000
0101011101110001
0010001111001100
0001101111100100
1101010110101101
0111010111100011
0101110111001111
1001000000101001
0111111101010000
0100000111010010
1011001000000110
0101000101010100
1100101000011101
0001100110100101
1011111001110001
1011010010001100
1001111001100000
0110001001100001
1001001111011110
0111100101000011
0011010001001100
0001100100001011
0010010011100110
0000100110110011
1100001011110011
1110001010110010
0100010111011111
0101100010100011
0000011000100101
1101011001111010
1010111001011100
1010100101111100
0001011011111110
1111100111000001
0001010101111100
1101000011100101
1111111000001100
0000110100010011
1011111101101000
0010011010011011
0100100111011101
0110110111100011
1010100011100100
1001000110111111
1111111110110110
0101110000011100
0001001101011011
0000011111011001
1011100000101111
0110100110100011
1000110010000000
0110011000010011
1100011001101111
0101101001010100
0101110111000010
0100101100100111
1011100100000100
1111011010001011
0111100000100000
1010100000000100
0101011101111111
0100010000001000
1010010101000010
0111000101010010
0111101000101100
0000110101001001
0010111010101011
1110101010110011
0110111101111010
1000001011111001
1000010110011010
1110110010011010
1001111001101100
0011111110011101
0000001100011011
0000100000100010
0110001001010100
0001101000101011
1000000101101000
1110010101101000
0000011100011010
0101101110100000
0011110010011100
0000010110001111
0010101110101000
1010011010111100
1001101011100111
1001011011110001
1011001110001101
0010110001010011
1011010011110101
1010101100000001
0111001001010001
1100000101001011
0000101100110000
0100101001000110
0010101001101001
1001011010001010
0011001011111000
1111101111011010
1000010101111010
0010010100100000
1101101010001110
1010110101001011
1000000000000010
1110100010011111
1101111001010000
0100101011000000
1001001011011111
1000000110011011
1111011011111011
0101101011101001
1111010111011101
1101110110110011
0000001001010000
1011010111010110
1110110100010100
0110000100011111
0000010011111110
1000011111100101
1001011110001011
1101110101000010
0001111011010000
0011111011010101
1110001010101011
0111100000011111
0110100001101110
0001010011100101
1110111110111110
1011011000110110
0001100001100101
0101100100100100
1000000110111111
0010110011010010
0000110000101010
0100100101111001
0110110110001011
0111011001110010
0110011010110100
0011101000011011
1100101101001111
0110100000001000
0110000000101100
1110110011111110
1111000101011010
0110111011100100
0000001111001111
0110001010011111
1010011101011111
0010111111101011
0010000111100011
0110011100110000
1010100110110010
0010101101000010
1001001111100100
1110110010011100
1011011101011110
1101100011011101
1101100010100011
0011011101001011
0000110101110101
0111111001101111
1010000010011110
0110000011110110
0000111010000101
0101001100011101
1001001010110001
0000001101110010
1110101011001011
0000000111100011
1100110111110011
1100011000011010
1011110000001101
1001000100011101
0110010101011000
1101001111110010
0011010011111101
1011101111000100
1110110011011001
1000010000111101
1100010101111011
1011000001101001
0001111100111110
0110111011110010
0001100011100010
0001111110011001
0110001101111110
1101000101111111
1111000101100111
0000000111101010
1111111111011110
0100010010010010
1101110101001111
0111111111111000
1111011001111001
1101101011111000
1101001100110101
1111010100010111
1010000000001001
1100001101001001
0011110100000000
0000000011001001
1011000001101110
0001010001011110
1111110100011010
0110110111010110
0111100110000001
0011111010011011
1000101111110000
0000010011000000
1000010001001101
1101110011000000
0110100100001010
0011110011111000
1001110001000001
1101000001001111
1111000100010111
0100110001011100
1001011101010110
1001101000010101
0010010100001000
1100000011101111
1100000111010111
0000000110000100
1111100111011000
1110101001100010
0000001010100010
0010010100101101
1010111001111001
0100000010110111
0111010100100101
0011011111100001
1101110100100011
0101110001100100
1000000101110100
1010010100111101
0010110000111001
1011010110100000
1001000011010110
1101101111001001
0001001100011001
1100101011000101
1111001000010001
0100100100011100
1111111111001110
1110100001010001
0000111111101101
1010000110011100
1001110101001110
0001101101011111
0011111100000100
1101000110111101
0100001010100100
1110100110111010
1000101011100100
0101101000111110
0111001101111110
1011100100000000
0101101101000111
0100100011010110
0110000001100011
0101010001100100
0011010110110000
1000010110110001
0000010100000011
0111110000110101
1111100111101011
1000101111001111
0011010010111110
1101110001000110
0000011101011111
1001111111011100
1001111011010111
1011101111001010
0100001101011110
0110111010101011
1101001000100111
0011000001011111
0110111110101111
1101010011100010
1101011001010110
1011111100011011
0001000011000001
1110100101010010
0001001100110100
0000101110101011
1010001100110101
1111111010010111
1000101011100011
0110001000100101
1111101011000011
0111010011110011
0110010101011011
1101100111010001
0000011110001011
0000110011010110
1100000110001111
1110100111100000
1110100000101010
0011101001101001
1001111111110100
