1111001000000100
0011100001101111
1111000000011101
0101011100010011
1111100001000000
0011111111001111
0010011111000101
0010011011001101
1010011000110010
1000010011111111
1000110111010011
0011110000100101
1111011001001111
0100001010001011
1110111010010011
1101101010111101
0000011111110000
1010000110110010
0101010100001001
0010101010110111
1101001010101111
1101111100111110
1010000100010001
1011100110101100
1011110100111010
0010010000111100
1111000001110011
0101001110001011
0111110001101011
0101001001000100
1000010010110011
0010010000011110
1100100001100101
1111000111000001
0100111001010010
1001010010110011
0110010110101010
0101000001011000
0100110101011010
1101011110101100
0101111101110100
0110010001110110
0000001011111010
1001011001100101
0011111010111010
1001101010100101
0001010011101101
1010010100001100
1001000101110010
0011010101100100
0110111101101100
1100001010001110
0011000011001000
1111001000101100
1110100111100110
1011100100011011
0000011011111011
0110111110000101
1000111111101110
1000100100101011
1101100001000010
1111110111010010
1100110100011011
1101101011001010
0101010111001011
1101111011011010
0111000101111101
0011001100000100
1011100110000001
1001100000000100
0101010000000011
1110001001110000
0011100111000010
0010010111100101
1110010011011111
1111000101100110
0111101001101111
0101001011111000
1100100100101111
0101010101110000
0110000001010001
1001111010111010
0110001001100011
0010100101010010
0000110001001000
1111101101001000
0110010110001001
1010000101000011
1110100000000010
1011101000000001
0011101011010011
1000000110010100
1011110011110111
0000010100010001
0101001010100001
1011101100011000
1100001110111100
0110000000110111
1101000010011001
1001001010011100
0100110111111000
0111111100011011
1110101110001011
1101000011001101
1100100110010100
0000110000110101
1110111100101001
1111000100111001
0001001011010011
0111011100010111
0011101000011011
0101111111111101
1011100001110001
0110000111010010
1100101111110001
1000001001101011
0000000010010010
0110101110100111
1000101111011010
1101001000001011
0100000111111111
0001011000100101
1110111011110000
0010111101010000
0011100111010000
1010010111100001
1111000001010111
1100100011111001
0000100100001010
0100111110101011
1011110101100100
0101111000000100
0001000110011010
0011110111110000
1010101000111001
0001101101011100
1000100111110001
0001111111010001
0000001100101110
1111010001000111
0001101000000100
0111100101011100
1010110010101011
1001110111001011
1011111010001000
0110001011100101
0100101011000000
0000111000011001
0010100000100010
1001100011010010
0000011111011110
0000111000100001
0001100001110011
0010101010010011
0101011000110000
1010011111010110
0111100010001101
1100010010001111
0001001000000110
0111101000001010
1101000111110100
0100111000101000
0100000000111111
0101000011010011
1100001110110000
1010001011110101
0111000101000001
0000010011110111
1001110111110111
0010000110010001
1000000101110101
1101011111001001
1101101111101001
1111000011100011
1101100110110111
0000010110100110
0011001100000001
0111000000011010
1010010110011001
1010111011110011
0110000100111000
0001111000000101
0110011010001001
0001011011000110
0100100000110111
1000010000101101
1010001011011011
1011100100111100
1101011110110110
1101010011000001
1001010001011010
1001110000111110
1000000011101101
1000001101101001
0101111010100111
0101010010000011
1110110111001111
1001001001111011
0100001010011100
1101001111001111
0001011101000011
1101001100010110
0001100101010001
1001001011100110
0110111100001110
1111100100111100
0011101111010010
0100101000010011
0010101010001100
1110110000011011
0110010111111110
0111010011111101
1100100100001000
1010101011111011
0000010010111101
0001010110101010
1100001100001100
1011111100000011
0111000111011110
0101111010111001
0100100001011100
0011111010101101
0100001111110011
1110100111100011
1111110101001010
1111010100101011
0011101001110010
0101000101100010
0011101000101100
1110101110010011
0100110110101010
1001001010101100
1111010000111011
0010011110101101
0111100100000101
0101101100011100
0001001011101110
1000100000001101
0110110001110001
0010011000110110
1010001111010111
0100101100000000
0100011100100001
0001000011111000
0100010100101101
1101100010100110
0010000110111110
1111010110100100
1100010100010010
1110100110010001
1111100010000101
1000101001100010
0000000101010001
1101100001010111
1100010100001000
1000101101010001
1100000000001011
1111101110010000
0100100001100101
0001000111101001
0001011111001001
1001001101110011
0101110010110111
1011100011011000
0011001000110110
1100101011110001
0111111000101001
1110101111001011
1010001111110111
1100100001000110
0100101011110001
0011111000010001
1001100001110100
1010110111111101
1010101001010011
0001001110100010
0010000110111011
1111011010011111
1001110100111100
0111001010111011
0010011010100011
1011000110110111
1110100111001110
0010100011010101
1010011011101011
0100000111011100
0100111100010011
1011011001100000
0000000011001110
0111011000111011
1010010100001001
1010001110111001
0000100100010000
0010111001101110
0011100011111101
1101111111011011
0001101001111010
1101000100111110
0101011110011110
1011001000000101
0100111011101001
1011101100101101
1010010101100110
1000100111000001
1110001101101110
0111101101101011
0101101101111011
0110001011011010
1010101101110101
1000011011001101
1100101110111111
1011100011001100
0101001011101110
0101110101110110
1110000010100101
1110011011000010
1010110011110011
1000011000111110
0111110010001100
0000011110011010
1100000010111101
1011011110010010
0111110111000110
1001010100111110
1100011000001010
1010011000111110
0000011000011101
1001011101011010
1101110111110110
0001010100101011
0111000101100011
1011111011001101
1011111101110101
0010000101000000
0100010111011001
0000000011001000
1000011111111001
1000111101000111
0011110011111001
1011110110001101
1010111001001010
1010000011110100
0000001000000111
0011001010111000
1111011011010111
0100100000111111
0001011000101011
0100101010110000
1000110000100110
1011100011111000
0110001010110111
1100101010001010
1010001101011110
1010111101100111
1001101110010001
0010001100001010
0101000001100011
0110000001110011
0011100110010000
1111110011110001
0110011111001010
1001010000101000
1111001101000100
1000100011001010
0101000100000011
1010000110000111
0000100101000011
0010101010000101
1101101111111000
0100001111100000
1001011000101111
0001010001100010
0001111001000011
0101011000111100
0111000010001101
1001100000010011
0000000100011100
0110000101001101
1000100111101010
0011101111001101
0000100010001111
1010001100000011
1100011111011010
1011101010110111
0110011101001111
1110001000010101
1101110100111000
0101001111000100
0001100010111000
1011010101101000
1011010110110001
1110011001010101
0001000011010110
1101001110101011
1000010101010010
1101000100001000
1100101010001010
0000000001101100
0000000011000111
0100100110011010
1101010000011100
1010001011010011
1101101011011011
1101100111110010
1111010010111011
0000001100101011
1110000000001111
0101000010101001
0101111000101010
0101011010101010
0100101110110110
0011110101110100
1000111000010110
1100011001000001
1010101111011111
1111100101111111
0000000011000001
1011011111000110
0001011110111010
1000000111001001
1111100110111110
0001000011100111
1000001111101110
1101111001100100
1000101100100001
0110011111001110
1001110100111010
1100100010111111
0001111010010001
1101101110101100
1000110000011100
1100110100110101
0100110001000100
1011100101011100
0001001010100101
0001111001000010
1011011011101100
1111000111101111
1100000001011100
1001100110000100
0001000001100101
1010011000010101
0110100011010100
0111100110111000
1101110000000010
1010111011110010
0000010101000100
1101111000010100
1001110111110001
0010100010111101
1011000101000101
1010100010110100
0110111100001101
1010101011001011
0110110011001100
0101000000001100
0111110111011011
1110010010101110
0010010000010011
0010100101011101
0001010110001110
1010101100011000
0010000010111101
0000100001100010
0001110101100100
0101110111111010
1000001001000110
0101110101011010
0010100011010101
1001001000010110
1111111100100100
1110111101110011
1000101100110000
0000110011001010
0100100010011010
1111010111101010
0101000000100111
0010101010011000
1000000010000011
0001010001111100
1110110101010101
1010101001101101
0110000110111011
0001011000100010
1101110010101101
1100100000011011
0100111011101001
0001010110110011
1101101101110011
1000101000111011
1010010100100110
1010011011111010
1001101101010111
1110001100100101
1101111001101110
1101111001100110
0101100110000100
0000101100110111
0100101001000011
1000110111100100
1011100100110100
1101110001000001
0000000111100101
0000011010011100
1111011000110100
1000011011011000
0101000100001110
0001110000101101
1100000011100101
0111000010011100
1111001011110100
