1111101110001010
1111010101011100
1100010111001001
0001100101010100
0010001110101100
1011001010010001
0011100111011000
1001110001111111
1000100100010011
0110100001110001
1000010000000111
1001101010101100
0000001000111110
1001111000110111
1100001111101100
1000110000011111
1000101111000101
1100011110001001
0001111001110011
0000111111111100
0111100100000010
0111000111111011
1100110101100111
0111011011010011
0100110000110000
0011000010000100
1111100111000011
0000000101110000
1000001101011111
1000011000110111
0010110001111001
1001011001000111
1011111000110101
0111010011000100
1111111011000111
0011111001001110
1111101011100110
0011110100001101
1111000001110101
1010010101111100
1011110100001100
1111010100110101
0110001111100001
0000111001000011
0101000001000100
1010100110101000
1000000010110110
0001100100100000
1110011101000111
0001111111011101
0101101111100110
1100010010010100
1101010011111010
1011100000100010
0011010101000110
0000010001010111
0011101010001011
0010110000000010
1110111011110101
0011001010111111
1110101010111101
1110111001001111
1111001110100111
1010110101110000
0001100000111101
0100110101111111
0011100101101001
1001111101011011
1110011100110100
1001011001010010
0110010001001000
0000111011001011
1100011111101000
1011111110011100
0111101010000101
0010010111111001
0000010110110000
0101010100111001
0001101110100101
0111100111010110
1101111000110101
1011111011011100
0100101011100001
1000110101000101
1010010000110100
0110011110101110
1101011000110010
1010110100000011
0010110110001000
1011010100110111
0010111111110100
1111111010100011
0100011110000000
0101101100000000
0010001011100011
1010111101111100
1101101011001001
0011100110100001
1010011101110011
1011110000111000
0101000101010100
1000010001011001
0010100010000011
1110110100100100
0110100111000101
1011011000000011
0110101110110011
1011000010001101
0001000111110100
0000101001110101
1101001101001001
0001100100100101
1100110111010101
1101010111001000
1010001101001111
0101101011000010
1000010011111001
1111000111100111
0111010011101100
0011100110110111
0010010001110010
1111100010011111
1010010000001001
1110101101101001
0110011000010011
1111111010111110
0000110110000101
1000010011111010
1110001101010010
1101000000010011
0100011101111000
1000001110011010
1110111101010100
0001100010010000
1011110010100001
1000110101110011
1100001101110011
1000000101011101
0101111011001101
1011110001111100
0000001110110111
1111001001100101
1010001110011010
0110110011110011
0110100010100011
0011100011010001
0100000011010011
1110111101100101
1001111101110101
1110101111011000
1001111111110010
1110100101001000
1101101101111000
1011010110010100
1000101001001010
0001101001011110
1111010010111011
0111101100100111
1100111001111101
0011001100110110
1110101011111010
1110001100110010
0111101110001111
0000001001000011
1010011001000001
0110110010001010
1101101101010000
0000111111101101
1001110111111000
0010001011101010
1011001111010100
0011101110110101
1000011000101010
1110010100100000
1101011011011100
0000011100110010
0010100101101111
1101000110010010
1110001100011101
0010001011101001
1011010011011010
0010110100101111
1110001001000100
1001001100100110
1110001011011111
1101001100110111
0011011100001010
1010010011001010
1000001111011101
1101011010101100
0011101111001011
1000001011011101
0010001011011100
0000000111011101
0110100100100111
1000110110010000
1001010100100110
1101000011010100
1111011100000110
1011101110110000
0011101011111100
0101100011000011
1000111111001110
1010000111010000
1001000100011110
0001010100000000
1011010010010111
1101010011111110
0000010100000111
1011100001010111
0111001111001011
1000001001110011
1100000111111100
1010001011011000
0110011111010010
1101111010010100
1100000000100101
0000100001110000
0001100010001111
0100001110101000
0111110110011000
1011110100000110
0101111010111100
1110110001100001
0011000101011100
0110011011110011
0110110011001110
1011110100101000
1001001011110100
1111000101011010
0001111000010101
0010001110010100
0000010010100110
0000100011111110
1100001010110110
0110000100011101
1000010111010010
0110001100100110
0011111100010100
1000001011001010
0100001001001010
1010011111100000
1000011010001001
0100101101001101
0101101100000001
0101001110011110
0111111110000011
0110111000000010
1100001001101010
0001100111100111
0101001111011001
0111000110011001
0011111111000111
1101100000101001
1010110101011110
0001111111000000
1101100011010100
0010111111001010
0001110111010110
1011100010001011
0100100000101000
1101100110010101
0100011111110000
0010100011001101
1000101010111010
0101101000010101
0000010111101111
0110111110001011
0010111101001001
0111011101011101
0001000101011101
1010101001111010
1100001111010010
0101100100001110
1000001000100110
1111001101001101
0101011100001101
1101111010000111
0111010011010100
1101011000101001
1100110111011011
1000010100111101
0000000101000001
0010000110010000
0001100100100011
1100000001011010
1000101001110110
0010110101100100
0011010011100011
1110001011101000
1111010011001010
1011010111011011
0101111010010110
0101001010011010
1110001111100111
0010101110000000
0001110101111010
1110100111010101
0100001100010011
0111101111011110
1110110010000011
1001101001110111
0010000111011101
0001000010100101
1100000000100010
1110011101010010
1101001101110110
0010101101010000
0101101100010111
0000000101011101
0011010100011011
0001111110011110
1001111010001010
0010010101101011
1101000110100101
0111000111010010
1100101101101110
1010001000011001
1110001110001010
0111001100101001
0010010000010111
0101110111001100
1011111010010010
1000111000010110
1111010100010111
1110100111101001
1000001001001110
0001111101000001
1000111010000011
0010011011011011
0101000110000000
1111111110011000
0011111110101101
1001011110110001
0001101110001010
0111001110001101
0010111101101001
0000010000111110
0111000101000010
0011100010100111
1010010101101000
0100011001011001
0010100101111010
1010011110111100
0100100010101011
1011100000010110
0110100111110010
0000110011000000
0001011110011101
0010010001110111
1000010101111001
1000010001011111
0100001011111100
0010100111001000
1010100001000101
0111101111100011
1111101000110100
0110010110010100
0101011110000110
0100111101011100
1011101000110010
0011110100011100
0000100011001011
0000110110010111
0000011101011101
0101001111000000
0010011101000100
1101000100011001
0010000101010011
0011010111011110
0011010101100110
0100011100100111
1110000100000011
0100011000011001
1010101001110000
0101101111110101
0001010101011000
0010110000110010
0100100001001000
1010001010101001
0101100110111101
0001111111111101
1100011111101111
1001011010010001
1010101100110011
1100001100111000
0101101010101110
0110001110010001
0101111101001101
1101100001101001
1111111011110010
0101111110000010
1000001111111100
1000111001001100
1001101011101011
0010001111001101
0101001011100000
1110001100110000
1000001000000111
1001010100111101
0000110000111110
1111101110011110
0111010011101001
1100101000011000
1100110110110110
0010101110101111
1000111010000001
1000000100100111
0110010001010011
1001000100011110
0110111110001110
1101110100101100
0010000000001010
0110110011100001
1111011001000001
0100101010011101
1111101011000011
0111101000000101
1001101010110001
1110011100010010
0100010001100110
1101100111110100
1001011100110110
1111110100110000
1000011110111011
0010100110101111
0010001111010001
0001111000110001
1110110100010101
0010101111101010
0111111001110000
1010100000100010
0000101100010111
1111000101010101
1011110110000110
1011010000000111
0101010010010110
0011101000011100
1111100100110011
1010000101011110
0110110111101110
1101000110010111
1111100000111011
1110010000010010
1110100100110100
0010000111111111
0011110111010101
1011001101011001
0100010110001011
1110011011100110
1100110100001011
1110000011110010
0100000000001111
0111010101010110
1011100101110000
1110111111001110
1011010111001011
0100001011110111
1000011100011011
1010101010110111
1000011011111011
1111011000110000
0110111110100010
0110010110011010
0010100011011001
0011110001011101
0110010001101011
0110111100101101
1101001111100100
1001000001100100
1011010111101011
1101010101110000
1100110001010010
1001110011100001
0100100110000010
0111001110010101
0001101000010000
1000011011010001
1101001111101100
1101001000010000
1010111011100001
0000000111000011
1111101001101111
1110101101101001
1101000000010000
1100011011100011
0010001011011110
0000100000110000
0101100111010011
1110110100101101
0111011010000101
0111111010000001
0001100100010110
1110110010000011
1100001111111100
1000000001000001
1110111000010100
1110010100101000
1000000100000001
0011110000100101
1111010010001100
0000010011010011
0111111000111110
1101010001100111
1101100001100101
1001010010110111
0001000100010100
0001011100111111
0010011100100101
0111001010100100
1111010001110111
