1111101000100110
1110001010100101
1111110000101110
0001110111011001
1011100110011101
0011000000100010
0101110101110101
1110011000011011
1111101100110000
1001000000000001
1110010111010000
0011001000001011
1110101000110101
0000000111011010
0110001011001011
1101111000111100
1101100011100000
1010000011111101
0111111111001001
1011101110000100
0111100000101101
1100100101010101
1110101111010010
1001001111001011
1010101001001101
0000110000000001
1100010010101000
1110111101100100
1000001000001011
1111111111000011
1110110000000101
0000110000011000
1001000111001100
0100110011010001
1100101000100111
1001110000101001
1010001000010111
0101011100101001
1111000101101110
1011000101100000
0110101100101101
1111110000001100
0001010110111011
0000000101010011
0101111110100101
1011001011111101
1111110111110011
0000101001111000
1011110001101001
0001001111011001
1011000100100111
0101000000010101
0110110111111001
0110001000000101
1010001110010100
0100010011001000
1010110111001101
1111110111011000
0110101010001100
0110110000011011
1011101111000001
1000111010001101
1000001001001101
1000000111100101
0100011111101110
1110010101101110
0101011110100010
0000101001001100
1111111011001100
0110101001101001
1110101100100100
0110111111000111
0011110111001000
0011000100001101
0001000010011101
1101011010000101
1001000010001001
0010111011110001
1111111000000010
1000011000001000
0100111011110111
1000100001000001
0101011000110110
0100011101001101
0010010110001001
1100101011000011
0101001101110100
0011011001111100
1000011110011111
1011101110100100
1000100101110111
1001010111101110
1010001101111011
1111011011101000
0000000100001111
1000001010000011
0100100010100000
0100000101001101
1001001001111111
1011011100101111
0110110101101111
0111000100110101
1101101111000101
0111100011110001
0101111001001011
1001111111001111
0111011111010001
0111100011010000
0011011001111011
0011001111110010
1010100100010100
0111110100010110
1111010010100110
0110001011000001
1010110101100010
0111000110111100
0110011001001111
0010000100011010
1111000110100011
1010110010110110
0000101111100110
1000010111101110
1001100111011001
0010101010001111
1110100011101010
0000001111110001
1000000111100111
1101010101100111
0010000011110110
0110101101111011
0100010010011100
0010110100101111
0010001111000010
0110101110010110
0100111000111111
0011110000110010
0110100110000000
0011011000111110
0100110111101100
0111111101111011
1101111001100111
0110100111110011
1011011010110010
0000100011011101
1010011000111100
1001000101110111
0101110001101111
0011011100001001
1110111110000010
1111111101000100
1110001001001000
1100001100010000
0001011000111010
0001100100101001
0101111101111110
0000111001010010
0000111010101101
0010110101001100
1111010000001011
1111101000000110
0101011011011110
0101001001101110
0101100110111001
0111001010110000
1011110111011001
0001111010100100
1100100010001010
0100011101100110
0111100001110111
1101101110001100
1001001101101011
1000111011000111
1101100100010010
0000011110011101
0111000100100000
0111010010110011
0110011101101000
0100001111010011
0111101110111100
0111000001001101
0000101001111100
0010111011101000
1101101010011001
1111011011010100
1000000001111110
1110111011111011
0010010111001101
0111110001110000
1011010001011010
0111011111011110
1100000111100000
1110001010110010
1010011010000000
1010000100011010
0011000111111011
1101101011010101
0101011101101001
0000000000100000
1010111110100000
1110101001011011
1011100010110000
0000100111011101
1011011111011011
0111101101011010
0001000110111111
1011001010111111
0011010000110011
0000011111110001
1010011101101001
1010000010010101
0100001011001010
1110001111001111
1011111110100011
0101110100000010
1111100100001010
1011011001100100
1001101101110101
0110011011001000
0001110010101011
0101110011000110
1000000110011001
0110100001111101
0111101100011110
0100100011110000
1110110000111000
1011010000010010
0010001110111101
0010101010000100
0010110110010110
0110001000001100
0111001011100111
0101011111100000
1111110101011100
0001101010011011
1010010000000010
1010100001000100
0011000101001001
1011111011100010
0011010111101110
1001000001111011
1101001000110101
0110111101000111
1011100110001111
1001111101111100
1110111001011010
0011110011100001
1011111100100001
0011101001111001
1111001111100101
1011100111000001
1111001000011001
1100110100010011
0100001001001111
0000011000001010
1010100100111110
0111000000001000
0000111011101110
1000101001110110
1010100011010111
0001000110110001
1011011010110111
0011110111001000
1000111111000111
1010000001010111
1001101011110001
1011001010000110
1001100000001011
0111000111100110
0011000100111000
0010111000001010
0111101100001110
0100011010110101
1010010100011111
0001100111001010
1010110110111010
1110100011000101
1110101000011001
0110000010111110
0100001110101100
0110111110000001
1111111000001000
1011111001001001
0111100110010001
1011110100001000
1010111010001110
0111110111011100
1000010101010011
0100010000001011
1100010100011001
0110101110010111
0101101001101001
1101101010111101
1100000111011000
1110010010111111
0101100010111011
0001111010111111
0011100010000000
1000111101011100
0010011111001110
0001001110011011
0011000101101010
1011110011100011
1000010011011010
1010111111010010
0001011000111110
0001101110000111
1001010001100011
0111111110110111
1100011000100011
0011111010001000
0011011110011111
1101110000100011
1000111111110101
0100000101101100
0101000010100011
0111001100000011
1110110010101000
1011001001001111
1001011000000111
0000010101101001
1111011111010011
0101000100110001
0000101110100010
1100000000111010
1000111111001101
1010011100000101
1011001001110011
1101001001111010
1111111101101010
0001000101010110
1001101100101100
1100011001101000
1101000011110101
0100101100001111
0010101011100010
0010010111001111
0110101011001100
0001100010101101
0101100111101001
0101101110001111
1000011100011001
1010111100010101
0111101001000001
0100100101001110
0001110110111010
0000010110111000
0101011101000101
0100001001110111
1111001010011011
0111001110000010
1111101010001011
0101101100101110
0000100101110100
1111100000011010
1011011011111011
0110101100011101
1101001010101100
0110101000101000
0001101101100110
1011011011000111
1110101000100100
0000101011111010
1110011101011111
1010000000001001
0101000010101001
1010010110110111
1000110100000111
1101100000110011
1010111101010111
1001000000000001
1101000101110100
1000010010110101
1101101110010001
0011011101010000
1011100111000110
1110101111111101
0010011100000100
1000000000000101
0111010110101001
0111011100100001
1111101110101101
0110010010001110
1110001111001111
1010111001111101
0111111111001011
0111110001111000
1111111100111110
0000011110101001
0111110000110010
0111111001101011
1011110011110011
0100000011101100
0010011000100010
0011000100011110
1100001110011000
0100101101011011
0000000011110010
0100100000110101
1011001010010101
0111110101110001
1100101111001101
0111011111110010
1001010001001001
0101111100101001
1011001001010001
1011001001000110
0011101111011110
1100110011111001
1111011010000110
1010110100100011
1110101010101001
0010110101010011
0100001001100001
0010001010101110
0001110110001001
0100001111111000
0001110100001010
1101101010010001
0101110000001110
1111011011100110
0111000010101001
0010011011011111
1110110010100010
0111011110110001
1001011110110001
1100011101101111
1101111010111001
0000101011111001
0111001100011011
0111101111010000
1011110111111011
1011100100111000
0000110111011110
0100111010101101
1100101101010001
0100001101101100
0000101101110010
0111010100100001
0101000001001100
0011110011000100
1001110101100100
1110100011011101
1110110100100100
0101000010101110
0001000111001001
1011111110110001
0010000011000000
1100100011110111
0010110000011001
1100011100101011
0000111110001010
0111010110011101
1111101101011010
0000000011010001
0100000111010000
0101111101110110
0110001010011111
0101110000100000
1010010001010011
0000110101000001
1000001001000100
0011011100111101
0111001011110000
0001110011000001
0101111111101111
0110101000100100
1101111110101101
1101101000110111
1100101000011010
0011011101111100
1110001111000000
1000001100000111
1100001100110000
1011110011111100
0110000010010001
1101110011001110
0100110011100111
0000000100100010
0111010110110101
1001000100100111
0000100111110110
0010101110101101
1011001011011110
1000000100111110
0001001111000101
0100111111000111
1010000011011001
1001111000000100
0011001001001001
1000001000111101
1010001100111000
0000110111011001
1011001001011000
1000100111000100
0010000010010001
0000110011010010
0110001000011100
1010101101000000
1110001010101011
0010010101111101
0010000000010100
0000101110001010
0101100001110110
1001110001111001
1010001111000000
0001011011000011
0000010001000000
1100000000001101
0000111110110010
1010010110101000
0001000110010100
