1010110111010111
1111110000101110
0010110010100001
0011010111110111
0011101110110110
1001010100010111
0100100010001100
1111101000100000
0111101001000110
1011110010011000
1001011100111110
0000110011111100
1110111001110110
1101101000011100
0111001110000100
0011101100111000
1100101000011100
0001111000010111
0001100110010011
0011100001110010
0110001011101101
0111011100101001
1010101001010000
0011001101101011
0101010011111110
0101101001111111
1110000010111110
1111000011111010
0010110010011010
0110001101000101
0101111011010110
1100000101110010
1001100100001000
1000110010111111
1111001011001000
0010110100001011
1011101010101001
1010000101101110
1111001110101101
1111010100010100
0111000100010110
1010111001101100
0000000000011011
1000001001100010
1111000111010000
0110010001011000
1001010101000111
0111010001110100
0110000110001101
0111011101010000
0000010100101111
1001101110010011
1100111000101000
0101010010011011
0100000011001111
1010111101001001
1010101100101001
0001110111010100
0011001000100010
0110101101100001
0001010101110111
1010111000110000
0100010000111111
0101101100111110
1110011110101111
1101111100100010
1000110011011001
0001001000100111
0001101001000100
0001010010110000
0100100101010011
1011011100111001
1100010011101000
1011001000010010
0100100101111010
1101111111110100
0110101011100100
0011101001110100
1001001111111110
0000110011010101
1101110101111110
0011101100111100
0100110110110011
0011101100011001
1101000000101101
1001101100101110
1010011011010001
0001100110111111
1000110101111010
1001011111001001
1100010111000011
1111111000011011
0011011010110001
0011011011101010
0000010110010100
0001000110110111
0010000010001000
1001001000100111
1001000011000000
1100100110100110
0111001000110000
0100000100011010
1000101110111100
0100100011000010
0110010100101000
1001100110100001
0110110111111010
1110100100111111
0000110101010010
1111100100001011
0000111011010000
1001110001110001
1000111000101101
1111010110011000
1000101100110101
0000101011000101
1001010110000100
1111101110011101
1100100110111000
1001000100110100
1100101111011011
1111100110111111
0111010010011100
0111100100101100
0101001010010001
0110010011101010
1110111111100010
1110100110000001
0011100110110010
1010111011010010
1001010001010001
1010110101000011
0110000001100010
1000101111100111
1001100100101110
1101010111100101
1000101110011100
1010010001001111
1010011000101111
0011111000000001
1001110000101100
0100010100111000
0000010000010110
1111010110100111
1011101101101110
0001000000111010
0100011000000010
0100100110001101
1100001111111000
0010011100110100
0111100011011011
1010111111101110
0000110000000000
0010011001010100
1011000101011110
0010011010110011
0101011010001000
0011011110111101
0100011111110001
1010101101001011
0010111110100011
1110001011100010
1001100000001000
0100010001110000
1010001001100001
0010111000000111
0101000110110101
0110100110110100
1010100001001010
0011011111011110
1101101000110010
0000010000001100
1011010001001111
1100011101100011
1000000011010110
1001101011100011
1101100110111100
1110111001011100
1001110111100110
0101101101010111
0100110111110110
0111000000011111
1111110100011010
1110101110111101
0100100000000001
0000011000101011
0011000101101110
0101101111111001
0000101101111110
0010100000001001
0100000011011010
0101011110100111
1011101110110001
1100111100011010
0010001111100100
1001000111111110
0110111011110100
1000111111110010
1100011100100111
0001001111100110
1010011000101110
1111000011001111
0001100111000010
0011001110000010
1100010000100010
1000101000101010
0011101100100110
1100011100101110
0000000000101110
0100011001000110
1001100101110111
0101111110001010
0011111111011110
1111000110010100
1111100111100111
1101110011100110
0101010101001110
1101001010110011
0110001110010110
1000111101111110
0001000101001001
0001100110010110
0100111000111100
1100010001110001
1111101101011000
1110100010010000
1111001110110011
0101100111100100
0011010100110010
0000001110100000
1100011010110110
1011001100101110
0101010000010110
0110011111011001
0101110101011000
1001011111100101
0010000010010001
1110100001111011
1011101101101000
0001011101011011
1100010101001001
1101111000111001
1010011111111001
1110000001011101
0010100111100010
0001010011111111
1001011111000110
1010011001010010
1000010001100100
0100010010101101
1000001101011000
0101111110001101
0111001101101011
0010011110101001
1101011010110100
0001010100010110
1011000101011101
1110001110110110
0111100001111111
0000111001111101
0010100111101010
1110110011100100
1110100111101100
1111111100000101
1000010010010010
0110010101010000
1011011100111011
1001111111011111
0010100101011111
1000000111001000
0010100100110101
1011011111100000
1101000110101001
0110010101111001
0101110101100111
1101001001101110
1111000010101100
1111110101101001
0001111010011100
0110100011001000
0111111110011100
1001110001100001
1010110110001001
0111111110011110
0011100010001101
0110100101000000
0110110001010011
0100100100000001
0010110110100010
0011101110101001
0011001010000100
0000001101111000
0001110010001110
1101001111000110
0101110101101000
0111110000010001
0000000111100011
0011111110110000
0011110010101011
1101110110100000
0010000001100100
0101001111110111
1111111011100111
1000001000111010
0110000111111011
1011111100010101
0110011111110010
1001000001010111
0010000101110101
0111100110001010
0001100010100111
1111011111010111
0110110011111010
1000111010001100
0001110110010110
1001111100000000
1000011111001010
0011101001110000
0000010011001100
1001010001100101
1110111000101101
0001011001100011
0100000101111110
1111010100101111
1101000010011100
0100101011101111
1001001001000110
1101001111111010
1000100001001011
1011001111100000
1111110000111101
1110000100110110
0010110110001011
1000110000011011
0011101101001001
1010110010110110
0010010110000001
0110111100010011
0010110001000000
0100111010011000
0111100101010101
1110001011001010
0100100000100100
0011011001101101
1010010000000110
0011110000100111
0110110000110111
1000000101011101
1101010111011011
1001111101111111
0000110000011100
0101100001001010
1100011011010100
1100010100101111
1000010100000100
0010100010111111
1011101010101100
1110011001101001
0000010111000010
0101000010110101
0110000010110110
1010111111010101
1101100100110001
0100011111000110
0100010001000100
0110011001110110
1000010111100010
0111011101101110
0110010001001100
1011001010010110
0101100100000100
0001011001101100
0000010101000101
0100010011000010
1110001101000001
0101000101101101
0011011111000010
1001100000110100
0001111000010111
1111010010001111
0100110011000100
0101001011100100
1110110110001001
1011000000001001
1100111110111011
1011111010110001
0001000010101111
0000111000010010
1101100101110001
0110001010001111
0101011000110000
1010111000001001
0110101100000000
0001010001111101
0110000111100111
0110100010110010
1011111110010001
0111001100011011
1011100100100001
0111101111111011
0010110100000101
1011001111011010
1110011010100100
1101111011000011
1111011001010000
0011001000010101
0110011101011011
1111011001011011
1110111001000000
1100101001001101
1011000101011100
0101010111010000
1101100010010000
0000010000110000
0000001011001000
0100011100001100
1000001000100000
1000001100001010
1010010101100011
1001000010100110
0101111011100011
0100110101011011
0111100111011001
1000101100011110
0100100110111110
1101010000110100
1000110111110001
0111010001010010
1011010101001110
0010000111110111
0111110000100000
0010101111010110
1111111001010001
1010011101111111
1111111101100010
1001001111000001
1001101010011111
0100101000011100
0001101001010111
1100110101101011
1011000010001000
0011010010111101
1011100100011010
1111001001101100
0000101101011110
0100100010111110
0001001110010110
1111010101001100
0010111001110010
1011101111111000
0001110111011111
0111100101010100
0000110000100011
0010110110100000
0001000000011111
1010010111101010
1101000100011001
1100010010011101
0010001101111110
0101101101101111
0000110111010111
0111111010110011
0001001110010001
0001110001011110
0001100111111010
1101110100011010
0111101010111001
1000101000001101
0110101010001001
1111010110011011
0111100000110000
0100010100011011
0001001011101000
1011111001001100
0000101100010111
1111010110101100
1100100011010100
1111110100000101
0110010110100001
0001100010101111
1011101011111100
1111100001000101
1011110100010101
1101110101000100
1110101001111010
0101011010010011
1111110101100010
0111100110000101
0110110110001011
1001111111111111
0110011011100100
0001101111111011
0100010100010000
0001100001000110
1001101010001111
1110001111010001
1101001011001010
0110101010110010
0001001011100010
1001000111101100
1111001010010100
1111110001010011
0111011111011011
1000101000011000
1000110011101001
1101001111000111
1101011011101111
0010000000010010
1011101000101101
1110111100110110
1000100110110110
