0000110100001011
0000100111111011
1101000111110101
1100110000000001
1100010111111010
1011101100100111
1000111010100001
1010110000011110
1011011110100100
1010011101111001
1011110011011101
1101011011000101
0101111111011011
1001000000010110
0010011101010010
0000010000000110
0101100110110111
0101101001010000
0101001111111000
1000010111000001
0000011101010111
0110000000110100
0111011110001110
0101011000011001
1010010001100111
1001101110010000
0001001111101100
0101011000101100
0000101111110101
0100111100101011
0001000100001011
0011000101100011
1001001001000101
0000001011110100
0010101010011100
1101000000010101
1111111010001001
0100100011110101
1110101111001010
0101111010001000
0111111010011100
0111100010100000
1100111001000011
1010011010111010
0100110101110110
1010011101011101
0100101011000000
1000010101111100
1110010001101101
0010111011010001
1000000110001001
1100111100110111
1111000000110111
1011100001101001
0111110011100001
1011011100101001
0101100010011101
0011000001110101
1000010011101110
0100010100100110
1110111100001001
1010101110010101
1010010101100001
1001011011011011
1100100011100100
0101110100010011
0110101101000110
0011101100011000
0001000000011001
0010000010100001
0001011100100000
1100100110100101
1000111001001000
1101111100001110
1011010111000001
1100010100010001
1011011011011101
1101110000100011
0101100010100100
0001111001100101
1101111101010000
0001010011011110
0001111110110011
0011011001010101
0001111001001000
1111011101111000
1101101011001010
0111100100111100
0101011011010110
0111110110111110
1010110100110111
1100111011110001
0010000101111101
0100110101111101
0000001000100001
1010011110010100
0001111011010100
0010110000101101
0000010111110000
0100010111000011
0000001010110101
1001110010111010
0010100011101000
1000111100111101
1010000111110010
0001101011101011
0010010011011011
0111110011001110
0101110011010111
1001100011000001
1000110110001101
0110111000101001
1101100001101110
0110110111010011
0010101010001101
0110001000110011
1011001100111100
0010011110101111
0000011111100111
1100110110101010
1011000011101101
1111110101110111
0001111011000000
1000111011100110
1000001001001111
1010101110000110
1010111010001000
1010111111010010
0111101001101110
0111100110101110
0101000011101010
1111110001000101
1111001001100001
0011000000010110
0100101110000000
1110101011011000
0010101110110110
0100010001110010
0000110001111110
0100110000101010
0110111110111010
0111111111001000
0001011111110010
0001011000000100
0001011101100000
0000000010111110
0100000011001000
1100100110001111
0100110000010100
0001101001000100
1101011110101000
1000101100111101
1101111000111001
1010000100000101
0110001000001001
0111011000001100
0011100100100010
1011011111001000
0001111111101111
1010011100000000
1110000110100110
0110011111100000
1001000101100001
1010000000000011
0111010110000101
0111000111011001
0111101101111111
1010011010001101
0110001010101010
0000101010111111
0111000000001010
1000111011100111
0100110100101000
1010110011110111
0000001000101101
1010111000101111
0010010110001110
1000000110011011
0010000100011011
0010111011011000
0011101100010101
0100100100001001
0111111011010011
0100111000010110
1100110100010101
0000000101010011
0101010001100100
1000001011100000
1000111011001101
0100011000000000
0001011001011000
1111101110101101
1100100001000001
0001110100010101
1001101110111010
1101111001100000
0111101100110010
1001000011010011
1111111110010110
1010110001110110
1101101110110101
1001001001001000
0011001110000100
1111010100111001
0110100010010111
1101100101000010
0000001000001011
0111110000100000
0101100101111111
1001001101101000
1011101101010111
0101010101101001
0001100010011111
0001101110000111
0101010110110010
0010111010110100
0001100000111000
0100011000110100
1011000010010011
0101001011010110
0100101100110000
1011000000100010
1100111001111110
1001011110011011
0011010110110011
1111010100111100
1110111001111010
0000010010101110
0001110010000111
0101111111110000
0111111110100000
1101010001010110
0000010010101101
1111111001101100
0000100010101100
1000011011010101
1001010011011000
1100110011010010
1101001110001101
1111000110111000
1110011011110000
0100000010111101
1001101011011111
1110100001011001
0011010100111111
0100010001010101
0111100000010001
0001101010110010
0101111010001000
0011101110011011
0000101010000101
1010001001001011
0111010111100110
0001101010110011
0110111110001110
1010011010111011
0000010110001010
0000100110100100
1100100001010000
0111110001110111
0001001101000101
0011010011111110
1111101000101110
0001101101110111
1111111011101111
0000010000001011
1001100000101100
1011000001010110
0101111110101011
1101110110101010
1010011110011110
0011101001001101
0000000010011111
0001110111011110
0100011111000000
0111110011100010
0111000110110110
1010010001100101
1010110001111001
1111000010011101
0110111010110100
0011011010110010
1000110101110010
1000110111100011
1100101011001110
0101010001000101
1110001101011010
1000001110110001
1000111110101010
1011011001101111
1100010010110111
0111101110010110
1010011011111010
1110011100011101
0000110001111000
0111001010111000
0000100100010001
1101010000101011
0111100001010111
0000011111101011
0001000001000101
0000000001010010
0111001000001101
0000000010010011
0100000001011100
1111111010000011
0011010110110010
0101011001101001
0110100110001011
1100111000001010
0110110001011011
1000001111111110
0110100111000100
0111111111010110
0100010101100001
0110010110110111
1100100101101000
1100110011111001
0100001110011111
1101001001001111
1001010000110111
1100010111000000
0100011110010010
1111001001011101
0000111001011111
1001000000111011
1010000101100101
1001011010000001
0011101001010111
0011100011111011
0100111101010000
1001000011100111
0000001001011110
1110000010011010
0010110011110101
1110010110111001
0011000000011110
1110001100000000
0110011011000010
1011001101001101
1001110110111001
1111010010010101
1101010111101010
0011011010000001
1011000010100011
0101001001001100
1100010101100101
1101110001000101
0110010110110110
1010101010110011
1010011001110111
1101001110111111
1001111101010100
0100111100111010
1001101000110001
1100101001011110
0011001100011100
0010111110100101
0101000011111100
1011000111100000
1000111100101111
0000111011110001
0101000111110001
0110000001111110
0000000011000101
1101011100001000
0110011010001010
0011011110001111
1111101111111010
1101001000101000
0101111000101001
1010001100100100
1100111001101101
1100010100110000
0001000110011010
0001101110110001
0101111100011101
1010100000000000
1110010111000100
0101000010101011
0010010100010001
1110011101111111
0110111010001110
1110000100111010
1101111111001100
1011010000000101
0100011100111010
0011000011110100
1001111010100101
1101010000011000
0111110000001001
0110000000100101
1110101001011010
0011000010011111
1001001111110101
0110101001011101
0110000110110101
0010000011011111
1111111110110001
1001110101000001
0000001101011111
0000110101110000
1110010100000111
0000011111011110
1001011000000001
1111110011110010
1011001110001011
0110000001110101
0000010110111101
0011010001101011
0111111101110111
1101010100101110
1110100010011111
1110100111010010
0001000101010100
0010001110110000
1001110110100001
0110110011101110
1010011010011000
0011011000001101
0101110000111111
1110100110011101
0101101101000011
0110010110111111
1011001111000110
0001110010111000
0000101110101110
1100001100011001
1100110100000100
1010111111100000
1101111111100101
1011001001010011
1000100111101111
1010111000010011
0011000011001111
0000001100100101
1000001110010111
0110000001110001
1001011100000101
1110010010011111
1010111110011100
1000101111100010
0011101000001001
1111001100100001
0011000000101001
0001100000110101
1001100100100111
1010000101001100
1100101110001110
0010001001010100
0100101010000011
1110110000000001
0110100010101111
0111101000001011
1110101100000010
1110010010101001
0101001111011010
1101011011000111
0000110011001101
0110011000000000
0100011101001000
0111010101110000
1100101000011001
1001011111101110
0010111001000100
1001010101010100
1110110010011100
0100110100010011
0101010001001001
0111010001011111
0111100100011000
1111000101111000
0101100110100100
0000101101111001
0101001001011010
0001001001000110
1110111000101101
0110110110011110
0010100100000101
0100101000010010
0001010110101000
0110001100100101
0010111101001111
0110111100000001
0001001101111111
1111101111100011
0000111001101111
1010000000000101
1011011010111000
0001100100001010
0111100110011100
0101011010001001
0000000100110100
0100011000011101
0100101101000100
0110100010001111
0101111010010101
0100101010000001
1100111000011000
0010110001010001
0111010011111101
1100100000010100
1011001011001101
1010010111101000
1000001111001011
0100100111111101
0101110010010010
0110110111111000
0100010000110011
1011101111110111
0001011110011001
