0111011001010010
0001011001110011
1011110111101000
1001000001111011
0101110010001000
0100011111001010
1101110101111010
1000011010000011
0101100000011100
0001011111010001
0101111011011101
1010011100111100
1110110101100011
0010000010011000
0000110011001110
0101100000100111
1110100001111111
0010100000100011
1010101000011110
0110000001011010
1010010100101000
0010111111000011
1110110101111000
1111100001011000
1110000011001111
0011000010111111
0011001000011110
0110101101101011
1000001100001101
1101010000100011
0001001010110000
1110100010101110
0111101101011100
1110011011100110
1001110010111000
1001011010110011
0111000011111001
0000010100000000
1110001111111010
0000101110011100
0110100001101111
1001110000110000
1000011000010110
1010111111010011
1101101100100001
1000001100011001
1001100010000101
1100000110100000
1100110101000000
1011001000111101
0011000011001100
0000100111100011
1111110111110101
1000110100000001
1010001111100011
0001010100110000
0001100011101111
1010010011110111
0010101110101000
0100110100001111
0100001001010100
1001111011110000
1010011001101000
0000000000111110
0001110101011001
0001010111110001
1011111111011000
0101011110001011
0011110011110000
0010110000101101
0101000011000111
1010100100111101
0100101010000001
1011101000011011
1101000001110000
1001010101001000
1111110011100000
1111111000111010
1111111001101100
1000001100111100
1010000110010101
1010000111010011
0011010111001100
1010110001000010
1110111111010000
1110000111111111
1111100111101001
0101101101111010
0000101111010001
1001110110011111
0001110000010001
0101000110101100
0100000110100011
1001011111110011
1000010100100011
0000010111101100
0010110111001111
1010001110010010
0110100101100010
1110111010011000
0101011001110011
0011011111011111
1110001101001110
0111100110010000
1001101101101100
0101011100101001
1011010101000011
1110100010000110
1110000000110000
1000001011110111
1011111010011011
0010101011100010
0000111100100100
1001100001111000
1110001100010011
0101111001111000
1101110101110000
1111110001011010
0101011100001110
0110100001010000
1010011000011111
1001101000000010
1101110111001000
0111111110100101
1100010101101010
0111001110100111
1100111000010001
0000010010010101
0010000001001100
0100100001011110
0101101001010000
0100010010101100
1010011000001010
0000011100011100
0001000001010011
0110100100000001
1011111100001010
0000000111110111
0000110101101001
0110101110010001
1101000111011100
1000111011110001
1111001111101000
1010011100000110
1000111100101001
0001111111100111
1100011100110100
0101001101010101
0001101010001000
0111011011110001
0000000010001110
1111011101000001
0010100000101000
0001100010101000
0110000100111010
1000111010111101
1100010101000010
0000011100001111
0001100101011001
0110010101011110
0100001011110010
1100000010110011
1001000011010111
1101010011010100
1111011001001001
0111110110001001
1111100101001110
0100000111111101
1101111110111101
1010100001011100
1111011111000101
1101110110100000
1000100110100111
1010011010110111
0011110111100111
1111011010101101
0010100100010101
1101010111001111
0011011100000011
1010100100101000
0011100011110111
0100111000100011
0000001101011111
1101010001101011
1011111001101100
0110010000110110
0000000010000110
1100110111010001
0010101101001101
1101010001000001
1000111110111001
1001011111000110
1111100101110110
0111000100010100
1100010110111001
1101110010001110
0100001110001100
0000111100101001
1000101000101010
0000001111001100
0010000100111110
0000100010010010
0101011011001101
0110110000000010
1111101111101101
1111001011111010
1011000110001111
1111111001000010
1100010100010111
1000111000111110
1100111010100011
0011011111010011
0101010011111010
1000001010101001
0110101110100011
1101010001110001
0111101001101100
1101100011000110
0001001010010111
1000010110011001
0111011001100011
0011111111101001
1011110101010010
0000111011101011
0001011110000000
1011011001010000
0010011101001111
1111001001110110
1010100011010000
1000100101110101
0110111010001111
1111011010100111
1011100100001101
1110111011101100
0011010001101001
0110000001001001
0000001001011110
0001000010100010
0110101101000000
1001101001100110
1000111100011010
1001011001001010
1011011101001101
0100010110011100
1110001100000100
0111000101101000
0100000001001010
0001100000010010
0100010101001110
0010000010111100
1011000100111110
0100101110100000
0011001011110100
0011101110010100
0010101011011010
1101011101001101
1110000111111010
1101101101010011
1111000101100010
0001010110001010
0111100100001100
0111000010001010
1010111111000010
1001011101101010
0010011011011110
1110000001011010
1111101111001011
0111010110100101
1000010111000010
0101101000101011
1100110111111010
0010110010000011
0001100111101000
1011101001011010
0010111011101010
1101001100011100
0011101111110000
0011001001100100
0110110100010010
1011111011010110
1101010110100100
1101111011100001
0110110000011001
1000100111101101
0100000101001001
1111010101001000
1100010110011100
1001100100000100
0101100110110101
1110101100100111
0011001100100001
0100110001101001
0010100000110000
0001101000000011
1101001101011010
1110100010110110
0101111111100001
0001101011111011
1010100010010100
0000111100000110
0100101000010010
1000100011100001
1011100001010100
0001000100011010
0101010101010011
0100000011001110
1000100101010100
1111111111100111
0110010010100100
0010111101100101
1110010110110010
1011010000111001
0001011110111000
1010010110011111
1101101000000101
1111101111110010
0100010011000001
0100110100111111
1001100011000111
0001100001001010
0100010011100100
1111011010010000
1000100111010111
1010111100101100
1000100101000001
1010010000111010
1110001111110111
1011000101100101
1010111000001111
0111101001111100
1000011101010010
0001000100110100
1101100111101110
1001010001010010
1000010110101110
1000001010001011
1110011001001101
0010011000001110
1010000111111010
1111010110010011
1000000011101110
0111101110010000
0000001010010111
1101110100111011
1011110010101101
1101111010100001
1100001111000001
1110010110011010
1110001101010011
1110001001000000
0110001100010010
0111010010100001
1010001101100101
0110110000011011
0011011110110101
1101000110111111
0011010100000010
0011110010111101
0111111110001101
1010010010001011
0101111001010100
0001110110000100
0111111000100000
0010110000100000
0101011011101000
0100001010101100
0000001100111011
0111110101001010
0100110001000000
0111001011110011
1011100001110001
0111101011110010
1010011001011000
0100010111000111
1000001101100100
1010110110010110
0111100100110110
1001000100001001
0010000000000011
0111001011011100
1110101101001011
1000110011101000
1101001001100010
0100110001010011
0011100100111110
0010110111010110
1111000000100010
1000011000110111
0011100001101101
1101001011011011
1101101111100100
0001011100010001
1010001100101101
0011101100100111
1010111111000010
1111101001101000
0010111011101100
1101000101010010
0101010101100101
1100100001101010
1101110101111111
1011101110011101
1011101011101001
0110010010101001
0110100100001110
1110110110100110
0001011101100110
0111110011011011
1011101100111010
1100110100001100
0100110011010010
1011001001000110
1010010000111111
0101100101101010
0101001101010010
0110011101001010
0111011000100101
1010110101100000
1101111101110101
0101110100011111
1100111100111100
1001010100000101
1110011111101010
0010101001100000
1101000111100000
1110100111010010
1011001010100000
0000111100011101
1100001111100110
0110001111010111
0110010110000101
0110000001000011
0011001100111101
1010101001001000
0001100101100100
1001011010111010
0100001001001100
1101100110010010
0000000110111011
0110100101001000
1100011001101100
0101111100010001
1010100010101011
0111101110110011
1111000100001010
1001001111101110
0000110110101001
0011010000010011
0101111101111010
1100111110010110
0100011101011000
1001001110101001
0100110101001001
0101100111111110
0010001001110111
0001101100100101
0100101001001000
0110100000111111
1010111101101010
0101100010001111
1101011100001010
1010010100011010
1000000111101101
0110001111100100
0011000011001111
1100011111101000
1011011110100011
1001100010001010
0111111111011100
1101110010110011
1101101111001101
1011000111100101
0111101111111110
1100001001000000
0001110110111101
1101111111010000
0001111100000111
1101101011001000
0001111110100011
1011010011110001
0001100001001010
0011100001001100
0011101101111101
1001111001111111
0101010001111010
0110100010100100
0001010010111100
0001100101001000
1111000000010011
0111010001001010
0000100010111001
1110111010101101
1010010101011010
0000011110010111
0110110111100000
0110001111000100
0100111101101010
1000010111011011
0100100000100100
1111111111110000
0111101010110011
0011100100011101
0101110011101000
0000101000011010
1110101001000011
0100101111000001
0101111011001110
1011000111110101
1110110111010110
1101010001011001
1000000010001010
