1110101011000010
0010101001010001
1100101001111111
1110101110000111
1010010100000101
0101111000000110
1011011101010000
0110000110011001
0001011010001001
0100000100000001
1011011000100101
0100010110111000
0001111011000011
1001100110011110
0100111001100011
1111011011010111
0111010111011001
0000100110000010
1011000001101000
0000010011010110
0101101010101100
1101101101000100
1110010010101101
0011100001111011
1010110000100011
0011011111100010
1010011110100010
0001011010100001
1010011111111110
0001010001001000
0010101000100001
1111000000101011
0001101010111101
1011100110111101
1111000100010000
1000001101000001
0000011011111010
0011001011101010
0100000000100011
1010001001101000
1100100100010101
1111100000100011
0111001001011000
1011001111010101
0111101011111011
0111101000110011
1101001110010101
1011001000001101
1111011010101000
0110111001111100
0000111010111110
1010000111110100
1000010110001110
0010110010111110
0110110000101000
0010001110101000
1111110000111000
0110000010110111
0100000111100110
0001100110011011
1011011110101100
0110000111001011
0111110100000010
0010010000011000
0100010110011100
0110011100000001
1011010110000000
0001101111010110
1000111111011001
0101011110001110
0001101110100010
0101110110111101
0001011011000001
0110001110001110
0010100110010101
0010001100111111
0110110100101010
1000111100000011
0110101110100000
0101111100000100
0000100100110000
1000011011110111
0011111011010110
0101000001011111
1001110100001000
0110110111001010
1011001011001000
1101101101010101
0000010110010011
1100110100111101
0011001110101010
0011001110000011
0010010010011000
0100110100101111
0001101110111000
0000100110101001
1111100100110001
1001110010111011
0010001010001111
0101010101110101
1001000000101011
0000010000000001
1001111011100101
0000001000100100
1101010011110000
1001001000111101
1000001000010100
0000001111010111
1011101000001110
0110111001000001
0101000110111000
1011001011000001
0110101011001100
0000100000010110
1111011001110011
0010100011101011
1110010011100101
1000001101011011
1001010100001000
0010101110001110
0011100001111001
0010011111101000
0101110011001001
1011001100110010
1101110001101001
0110000000100110
0101001001100001
1101000000101000
1101101001000001
0110010000010010
0100001001111101
0100011110110001
1001000011011111
0101101011100001
0000101000001001
0011111000011010
1010100001111110
1010100011101011
0010010001111101
0101111001101000
0011101111000110
1110000010110001
1100011011100101
1011000111000010
0011001010111011
0001111001110010
0111011000001100
0111000001100101
1101110010000001
1001000000100011
1110110011000111
1011001111000101
1110110000011101
0101010110101000
0011101110101000
0011001010101111
1111101100010110
0000100011100110
1100101110110101
0111100000101101
1100001001011001
1100001000100110
1100001110000110
1001101000011110
0001011100110100
1000110000100100
0010111011100001
1110001111101000
0100001100111001
1000000000001100
0000011001100001
0100001000010001
1111000001110010
1001010110100101
1100100000101101
1111010000010101
1111101001100001
1001011001001010
1110110110110110
1100011011010000
1110001001011001
0111011110111011
0011111010000110
1001000111100101
0111000101001100
1101011111101010
1100000110111010
0111000111100000
1101110101110111
0001000001111001
0011011010011101
0110110101001000
1011011010010011
0100111111000111
1011100000110101
0001001101110000
1000001111010010
1011011110010110
0110111111100001
1010000001110101
1010110011001011
1101111110101101
1110110010011111
0111111001111100
0110011101101111
0010101111101000
1111011100101010
0010100011100010
1001110001000101
1000110010010101
0010110101000011
0001110011110010
0011111110100100
0111101111110000
1100000000100110
1101111100000111
1111010001101101
1100111101010111
0111001010010011
1000001111101110
1101111001001001
1100000001110101
1110010101101100
0101100111111011
0110011001011001
0000001011101110
1000110010000001
0011100000001011
0010001011101100
1011100110111111
1111101010100100
0100000110011000
0010101000101101
1010001101001101
1101001011000001
0000110001001111
0101111010000100
0011011100001101
0001110110110101
1110110011111100
0100010110110100
1110010010100101
0011000010010100
1011101100110010
0101011111110010
1011010111111001
1001101001001101
1011111010011001
1000110001100101
1011111011001101
0001111110110001
1101000100010110
1001111001001010
1101110100001000
0000001111111010
0010000001010101
0000001001110100
0010110101011010
1000111111000100
0001110110001011
1110010101100010
0101100100111011
0110111110100001
0000110001010111
0001101100100000
0101110000111000
1101111110111011
0000011111010011
0010101000100101
1100011111011111
1111101010000001
0110110100001001
1100010011001000
1000100111001110
1001111011010110
1000000110100001
0011010101011110
0001100100101100
1001111000101100
0001010101010110
0111001011100111
0110000000101011
0101000001100011
1000000100001101
0001101111001011
1000010011110110
0010001000111001
0011111111111110
1000100111101001
1111111000010010
1100100010010010
0010110000001101
1000111010000010
1000010010001010
0111011101011001
0111001001001110
0011000011001100
1110100011011000
0000000101010110
1010100010111100
1101101011110101
0011110110101001
0001001111100011
0111001010100111
1111101001010010
0010101111111001
0001010011100110
1001100100101001
1011100001001110
0010011000010110
0111100110101101
0110000111011001
0011000101010000
1101100111100011
1000011101100111
0010101111101000
0011110101111001
1001010000110000
0001011010111010
1110101101110101
1011100010010011
1111001100110001
0000100111100100
1000110001111101
0000011001000000
1011101101111100
1110101101101110
1010100000001000
1001110000010010
0110001111001111
0111111000101000
1100000110011001
1010100100011001
1001101101100100
1101011111100110
0000011100000011
1011100101111110
0100011011011101
1101110111010000
1100110010010111
1000110001110000
0100111010111001
1101011010000001
1010110000100011
0111001101001010
0001111110111001
0011101100111001
0010001000010111
0000100111010010
1000110010101000
0000001011010001
1111011111110111
0111010011101011
1000000110110011
1001111100001010
0100000101000100
1100111101001010
0001001110100010
1110010010111001
0001011110101101
1010001001000000
1011100010101000
1011001000000001
1010110110100101
1100110010001111
0110000110101011
1001011101100100
0010011010011000
1010100100100011
1000001001011000
0011000001100011
1100011101010010
1110010110100110
1000100100011000
0001100101011101
1000110101010001
0111000011000000
1111100001111011
1000011100101111
1001110110000110
1010111011000011
0010011001100110
1111000011101010
0111100001001010
1011101100000000
1010000001111111
1110111000100101
0011010001011111
1101001111001100
1100101011111000
0001101011111011
0110001111011011
1011001110000101
0111111001011000
0000110001101111
1001110011101100
0111000110110111
1001000100111110
1100001100010101
1110110111000011
0010101011001011
1110111010110101
1011101110111010
1100111100101000
1000011001011100
1100010010100010
0010010100011110
1100000101000011
0110110111001111
1000001111101101
0111100000010110
0111000010011111
1111110111110001
0110001100011101
0101001000100111
1001110011000101
0001010000100000
1001111001100100
1101100111110100
1110001011100110
1111010000110100
0011011010101110
1110010000001001
1111001110000010
1011011110000001
1001010101000110
0111110110000011
1101111111001110
0101000100000010
0110001100110011
0100110010000011
0100100101101011
0000001010010101
1111011010100001
1000110011110011
1101100110000000
1001011100111000
1001000101110101
1000110010011011
1111011110100001
0000011010011011
1010110100110000
1011110011100100
0100001110000001
0110011111111011
0110001011000111
1000100100001001
0001001010100001
1010110011000010
1011011101000001
0111000100100111
0110001011101111
0001011110001001
0101011101001010
0010100111110101
0101110110100100
1001111000001100
0010001100001100
1011001010111001
0101111000100011
0011001011111000
0000011101001101
0110011100110110
1010111101101110
0000001100000100
0111111100101101
0110001010001011
1010100010100010
1110010111010001
1100011111000111
0101100010010001
0100100010111010
0000110010011010
0011011001011011
1010011011110110
0100010100010101
1100100100000000
1111010110000010
1111010110110001
0101011111100101
1111100010100100
0100000101011011
0001101010100100
1011010110010001
1000101111000101
0000011000100101
0110010111001011
0100010000010010
0110101011101110
1111010010011111
0110001010010001
1000110010010011
0001101011111111
1000010110101010
0010101100001101
1011111101001011
1111000101000111
1101111101011000
1111100011100001
1011111101100001
0101000111100011
1100010011100010
1110000110011100
1010001001100100
0101011001111100
1111001010100010
0111110011101110
1000010010101001
0000001100011010
1100011111100110
0001110100111001
