1100000010000101
0100001111110011
0001100011011111
1000111001111110
0110111011110101
0000100100111011
1100101111010001
1010110000001110
0100111001100011
0000111010000100
0110100001000110
0000000110100101
1111010111010111
1001100110111100
1010010001110110
1111100010000111
1100101111011110
0000011000110101
1110110111011101
1011111011100110
0100101100010001
0010111100100011
0011110110001110
0100010110000011
0011001001101001
1010111010001000
0010101100110110
0011111101001001
0110000100110010
0100000000101000
1011101001001010
0011111000011110
1010010100000101
1000011000011000
1010110011111110
1011011011001101
0000001110110101
1110101111111100
0110100100000110
0101100011100000
1110111000100101
1111100011000000
1100000001111001
1110010010010010
0001000000111010
1100111101101101
1001010101001011
0111101000000100
0100110011111101
1100000000000011
0011010100100011
0100001001011001
0011000000011111
1001100010101111
1111100111100100
1011100111110101
0011100001110010
0111111011111100
0111101101110010
0001101100100101
0100010100111001
1100110101111110
0111011101110110
0000110000000011
1110001101001100
0101110100010001
0001111110111110
0111110000111111
1001010010000111
1001011000110110
1101101000111010
0001000100111010
0110100000010100
0011101111100010
0010011001011111
0101100111101011
1001110110001100
1101000111101100
0001100000011000
0101110110100011
0000010101111010
0000101101011100
1011011011000011
0010010001101100
0111111011110111
1100001010110101
1111011010010110
0010111110001000
1000001110001111
0010111001001111
0000001001101010
1010100110000111
1100010011000111
0010100000001100
1001000100111001
1101010100010010
0100000000011011
1100110001010001
1100100111000110
0000101101010011
1010000100001000
0101001101110100
1100010100111001
0110011110110000
1110011001101001
1111110000101001
0011110111110011
0010111100100000
1001000111000101
1001010100010101
0110011001111000
0000010010011001
1001011100110110
1111010110011100
1001100010101011
0010001100001111
1010001000101011
1100111100000010
1111110111010111
1010010111111111
1101000111010100
1011110000101010
0001111100001010
0100001001101011
0010011101100100
0011100001010010
0100001111001110
0001100100110100
1100101000111011
0111110110111010
0110101011001100
0001000001101100
1110011110100001
1110000001111010
0110010000110101
1001000111100001
1001000010101101
0110011011011000
1001011110100100
1001100000000000
1101100101000011
0001011101100010
1100011011010011
1001001110011101
1100101001110100
0010011100110110
0101100011110100
0110011110001100
1011001101100110
1000101000110001
0000110101000101
1100101001000000
1010101001111000
1000011001100001
1110111011001011
1000111011111101
0110101101111111
1100011011111100
1010100110101101
0110111110100000
1110010110011010
1001111000011001
0011101111110110
1111011001101001
1100110010011010
1110110010111101
0010111100101101
1111011001011110
1010001011001111
1101100001000100
1011000111100001
1000001011000010
1100011011111010
0100011100100001
1010101000100000
0111011100011001
0100011000110101
1001111010101011
0100101010111010
0110110101101111
0001001110110001
1000011011000110
1110100001010101
0001110010001010
0001101111110110
0111101010011110
0101010011111111
0110010010111001
0111100111011100
1110101110010101
1101001011000110
1000111100100111
0000000010000000
1000011110100000
1100001100110101
1010011100011010
1110001001001000
1010000110100111
0110001000010001
1100110011100111
1111011111110111
1100111010000010
1111101011001110
1110100011110100
0001110100111100
1011111011001100
1110101010101111
0001011111010100
0111000111111101
1010001001000000
0111011010010001
0111001101000101
0101101001111011
0010010110011010
0010010000110100
1111111011111100
0011110011000100
0001011110000110
0011011100001000
0101011000011000
0101000000100111
0101011001001000
1100101010010001
0001001001011100
0101001111100100
1011011100101010
1011010011010111
1011110111010010
1011001101101101
0011110111000000
1101101001010111
0100111011011101
1010001010001000
1010110010100100
0101101010000110
1001001101101101
0010010101100000
0010001011010111
1011011010101010
1111001011101000
1001010000010101
1000100100101110
0010101110011110
0011011110101100
0001000111111100
1011111111010000
1110000001010111
1101000110001110
1111011001000010
0111111111000101
1010001001101000
0100000010010001
1010011000110111
0000111111001111
1010101110011000
1011101100100011
0100100110010000
1011011110001100
1011000110101000
0101101010110111
0100101101100000
1110110010010101
1000101000001010
0000000000100001
0110001000111000
0001011111010000
0111111001101001
1111001100011100
0011101100101011
1100101111000011
0100111111010010
0000010000000110
0010010001100011
0100111101100110
0011110001101111
0111001001110011
0101101101111000
1111011010111111
0111010010000010
1110001000001100
0100101011000000
0010010110100001
0100100111111111
1111001101110100
1000011011101010
0100011010110011
0110101110010110
0000100001111100
0011111010001111
0001110011110011
0101001111011010
1101000111110110
1001110111010011
0110100000100100
1110010111011110
0000011010101000
0101110111011001
1011001111000111
0010000110111100
0110100010010010
0000001110110100
0011011001100001
0110000100001000
1000011101111100
1001011111011011
0100111000011101
0111111001000011
0100001000001101
1001111111001100
1101001011110010
0110001100001000
1101110011001011
0100000100100011
1101000101100111
1011111010000000
0101010111011101
0011011100100101
0111001111011011
0101100110010101
0011101011110010
0010101001010010
1011100000010111
0111000110010010
1111110100100110
1100111000010011
1100000011000000
1100100100000100
0110110100110100
1110100011111100
1110010000010101
1101100111011101
1111100011100010
1101001111101000
1111000001110100
1001111001110111
0010010001011100
0110101100101000
1011001111011001
0010000100111101
1110110110110111
1110000110101000
0111010111101111
0111101011011100
1101101000010101
0111110101101101
1100100001010010
0001001000100001
0011011000101111
0001011101011011
0011111110100111
1000010101001101
0000101111100001
1010100010000011
1101001001011101
0111000101010110
0001100001011100
0000100101110101
1110110011010010
1110000000011110
0010000110001011
1001110001011001
1011101001010010
1001110110010111
0110100111100101
1001000010100110
1011100000101011
0100101011001110
0100001111110111
1111111111000100
0110101101000111
0000110110000110
0110011100001111
1010111100011011
1001000011001111
0100001001111101
0011100100110011
0110001011100111
1101001000010010
0000101010111100
1010011011101010
1011101010011100
1110110110111011
1010110001100011
1111101011110101
0011100000000110
0000010100001001
0011010010111111
1101001000111011
1010011001100110
1100111100000011
0111110101000100
1010010011111100
1110101111101101
0110100000011001
1100100110101101
1001110100010110
1101111101101100
0100010011100110
1001101011010101
1010110001100110
1110010001000000
0110000010011111
1110100100000011
0000011010001110
1000011010110010
0000011111100100
0100001111001011
1101000101000001
1001001101111000
1010001010100010
0000010010101100
0010111110111010
1010101011100001
0010111000101101
1001110011100000
0100111101101011
1010010011100010
0000100010011011
1011001111000011
1011011001101100
0100010000000100
1010000011000100
0011100101000001
0001101110111110
1000111001000011
0001001110010010
1011101010011011
1011000110110011
0011111010000100
0101010000111001
1111101110110010
1011000111000101
0100110001110111
1111001001101101
0100011110010101
0101100000011101
1101000100010101
0110111010110101
1011101000100100
1110101011011001
1010101110110100
0100000010000100
0011100010010001
0110000110011001
0010111111011111
0101001001011011
1000111010101101
0010000001110011
1011010101110001
0000101100001010
0100100011000011
0010101000010011
0010010101110010
0110010101001110
0010100000001001
1110110101100111
0100100111110111
0001101101001101
1001010000010111
0011111010011000
1110010011100011
1010010010000000
0011000011111110
1111111111000011
1001101010100110
1001001110010110
1111101111111110
0100100100110111
0111010010011001
0110101001001011
1110011111111001
0010011111010000
0101100111101000
0011101000011000
0101100000111111
1111110001100010
0100011110011100
0011100110101110
1101000110001001
0111110010101101
1000100110000000
0111010111010011
1110011100110010
1101100110100110
0011000110010101
1011010011000000
0111101110001011
1000000001101100
1000010011010001
0100000011011111
0011111101001110
1001111101000110
1001011101111001
1001101010000001
0000011110111001
1101111111111000
0011001010101101
1101011010100100
1011001111000000
1111111111111001
1110010111000011
1011001001110011
1101001111011011
0011101001010110
0111010010010101
0110010111111001
0100011101111110
0100101011010000
1111110011110110
0100111000101101
1000110000001100
