1011010010110001
0100100101111001
1001101111001111
0000101100111110
1011010011100111
1101001010010000
0100001000001110
1010101110100000
0011000101011100
1011001001110110
0100001000000100
1110101110101100
0011011001101010
0100010110010100
0011111101100101
1101101010111100
1110000010101011
1100100101101001
0101001001010010
0110000011011100
1100001111011100
1111111010110110
1010100011101011
1101011000000010
0110000101111101
0001001100110000
0110011011000101
0000010110000110
0111111010100001
1000111011010011
1001110101110000
1111101010111000
1101111101001000
0100101100111010
0000000101011000
0100110000101100
0010001110100010
1111101011010011
1010110010100101
0000001000011100
1001000110000001
1100101001001110
1110111010100111
1100111000110101
0110000101000101
1010010001110111
1111010110110110
1111011010110111
1101101100011000
0100110111100111
0111100110000111
0100111011001010
1010110111010111
1000110001010001
0101110110100001
1110100010110110
1101111101011100
1101010111110100
1100000111110000
0111110110000000
0111100011011010
1010000010100110
0011110010011011
0001100101000110
0000111111110111
1110011101000101
0010011110101001
0110100110010001
0000011111101111
1010111101000111
1110001111001101
0111011001010001
1110110011110110
1101001000101011
1110110100011010
0110011000010111
0100111110110011
0110100000111110
0100110101101001
0010011010000101
0111101111100101
1101011000110101
0101011101001110
0011000001001010
1010100101000011
1110000101111010
0110101000000011
1011101011000001
1000101101111101
0000101110100001
1100010001100011
0101010000000010
0000110100101001
0110001110110110
0011001101111100
1011110111111010
0011001111110101
1110100000001100
1111000100101000
0010111101001010
1111000011101000
0011100001001101
1110101000100011
1000100100111110
1000110010110001
1110111101101010
1001010011111001
1110110000110111
0100010001111010
1111010111011111
1001010100001001
1010001101000100
0000101101001001
0000111101010101
1111100101010011
0001001011011001
0011100000100111
0000001111011110
0001010011010110
1110001111101111
1100010111111010
0100011010010001
1011110100110100
1111111010001110
1100100001111100
0010111011110010
0001010000111010
1010011001000001
0010010010101010
0010001000010011
1100000101011001
1101100011010111
0001111011100111
1001001000100100
0011100100001000
1011111110001111
1110000110011000
1101001101110000
1110111011111010
0010111111111110
1011000111100011
1000011001110100
1001111111101000
0110100100000011
1011111101110000
1111000011101000
1101001101000110
0101010101111001
1000001011101001
1100011001110001
0111111011011010
0011000101110111
1100011000111001
0001001011001001
1001101010110111
1101100110000111
1110010100001111
1110011011110110
0000001110010011
0100100100011110
0001011010111111
1000111100100101
1010110111110010
0011111001100010
1011011001001000
1100011000010011
1111101000011100
1001100110010110
0101101011101100
0100100000000010
1010100001010000
0100100110111111
1001101011011101
1110101110001011
1110101011011111
0000010100010001
0110110100111111
0100011011000001
0010101000110101
0101110011111010
1000100001000010
1101101101001000
0000000001000111
0101110110111110
0111110011001010
1011010010011111
0000011010111001
1001011000100101
1000000100010000
1010000010100010
0010110011010111
1001001110001101
0010110100010000
0011111001110111
0001000111101100
1001101111010011
1000000010010010
1110011110100010
0111001110001011
0011110101011101
0101100000111111
1110001011011001
1101101110000001
1010000111110100
1101000011101000
0001111111110100
1100010101010110
0111101001111001
1000001111110110
0111101000010110
0111000101001000
1101000110000001
1100100000111001
1010000111110001
0110010101111100
0110000000010010
1100000010010101
1100101110101010
1001100100011100
1011110010111111
1100001010110101
1000111000000010
0000101110010000
0111010001000100
1111000101011100
1100110100010000
1110001000011101
0011100011010001
1110011010011101
0001001001110001
1000101100001100
0001011011010110
1000111001110111
0101000001100111
0110110100110110
0111001101011001
1000000001001000
1011000010101111
0100101110110110
0110101110111111
0001000101010001
0100000110101110
0011001010000001
0111110100110110
1110010000110110
0111001001100110
0101000011101001
1011111011011101
1000110011001010
0011100000000001
0010100101000110
1000010110001011
1111001111111101
1001101011100001
0001001110111000
1000011010110100
1000110000110001
0111110001101011
0010000001101001
0100000001001001
1100011111001010
0011100001111011
0110001110000101
0110011111100001
1000111010110100
1111101001001111
0101010100011111
1010110000110111
0111110110001010
0101011111001111
0100100010011101
1010011111100100
0001000000010101
0100010100010101
1000000011001010
1111100011000110
0011100101111010
0000110101111100
0001001010000100
0011011111010011
0110100011100110
0101100110010101
0001110000010110
1110001000101011
1010111001001110
0110001101011010
0011111101111110
1100011101011111
0010111101010000
1010110000111010
1001000101110010
1101010010010100
1001011101110101
0110001011010001
0101011111111101
0011001110010100
0101110101011001
1111101110101011
0010101000011100
0001010101101101
0001000100001111
1110000110100010
0011110100001111
1010000001100111
1010000111100110
0011000101010000
0001110010101000
1110001001100011
0010110101100110
1000011010001100
0010011111000110
0101010010010001
1110000000001011
1001111110000000
1101011101110000
1001011001011110
1111100000011011
0111000000000111
1101100100010110
0101000011000001
0001111001111011
1111100001101100
0111101110010001
1110000100010101
0111010000100010
1100001001101100
0111000111010011
0011000001011101
1101010000010001
1111000100100000
1100111001100111
1100001000010101
1101011001000000
1011101011101111
1010000100011000
1111011110000000
1010101011110101
0101110110110111
1001001001100100
0000000011011111
1100010101001000
1111011010111010
0110101010010110
1011000110011001
1111011101010111
1000011000111010
1111101010000110
0111010100111100
1010100010010010
0000011111110101
1001111001111110
0010101000111101
0110100000110110
0110101110111101
1101100001101001
0000110111100101
0100110000101110
1000000101101100
1111101100100111
0001100010100111
0011001110110111
0000101001100000
0110111111100000
0011000010000000
1000101010100111
1110010110101100
0010101011100000
0000111000101000
1111110101111101
1001101111110000
1101010111011011
0111010101101101
1011111100000110
0000101001011000
0110011001111101
0000100001011000
1101101110100101
0111111111101000
1000000001010000
1001011110010001
0110110001010110
0011001010101110
1101110100100110
1101010010001110
0111000101111010
1100011111111111
1000100101101000
1111100101001000
1110010111110111
0110111111011101
0101001011100110
0011001000000010
0000100001010001
0010110111101001
0100111111111111
1110111100100010
0011111011011100
0011000011101100
0010001101010010
0001101010101101
0001111010111010
0110110111000011
1011000000101001
1011001111001000
1100000101001111
1011100111110011
0010011001011110
1001111100011101
0101001010000001
0001000111010000
0100010110010101
0100101111011100
1001101010000001
1101000101100111
0011100010111111
1111101010010010
0111000101000110
0111110111111000
0110101111111101
1011001001000001
1101010101010000
0010111100010111
1010011100101010
0100010001100101
0011011110001010
1111000010000000
0101100110010000
0100110000111110
1000001101111101
1011101010101011
1110010101100110
0000111110110101
1101101000011001
0110011100100111
1111101111100011
0001100010110001
1000101001111111
1100011000000101
0000101010010100
1111110001001110
0010100111101100
0110011101110101
1101010111111010
0101001111101110
0010001111111010
0010100111011111
1001100001110110
0100110000011111
1001100001001010
1110100011110100
0111011100110111
0001100100100000
1100011001110010
0110111000011011
1111010101110111
0101011101001010
0011100111101100
1000101101100110
1001010010001001
1110011100001111
1100100100000111
1101001111100000
0110001100101111
0100000000011011
0100011000101010
1000010011001101
0100010101101100
0010011110101100
0001011100001001
1110100010111110
0110111101001011
1101101010010111
1111111010101011
0111010001011010
0001110011010010
1111111011101001
0000111101100001
0010000110100000
1010001111010100
0001000111111110
1100100011101011
1100001000000111
0011101011011110
0011001100100011
0101010111111111
0110011011001100
0010000000011001
1111111101111111
0010110100011000
1101101001100010
1101001101001001
1101100011111010
1110001010100010
0111111111011001
1111001011101100
0010100101111000
0000001110000111
0000011110110011
1010011111001011
0100111100011011
0011111110100101
0111101010111111
1010011001000011
0101101011010110
0110101111010100
0100111101000000
0111011101101001
0100110000011111
1110000100000001
1100000010111000
0110101011000111
