0111001110001000
1110111100001110
0001100011101000
0010000111111011
0110001110111101
1010111101110111
0100110010010010
1000010001100100
0001001010111010
1100001010111000
0101101001000000
0001001011100001
0111001000110101
1010010111100010
1000100000111101
1111000101111001
1110000111100101
0011011000110101
0000110010110000
1000010110001001
0010111010010000
0110100101000101
0110110101111000
0100010010011110
1100101000100101
1010111011000101
1001111101011000
0111010001001101
0111000010001111
1010010001101110
0011000111111101
0011011001010000
0101000110000000
1110001110011001
1000011001000001
1101101111011001
0000010000010110
0001101000101111
0000000010111110
0010111000011100
1110100010100100
1011100000101101
1010001001000001
1011011100100000
0010010001001101
1110110100100001
0011010110110000
0001100001011100
1110111100011110
0100111011111011
0011101011001010
1011101001001111
0011110001001011
1001101100110011
0010110101101010
1110101101110101
0011110111111110
0011001100001110
0111101111101000
1101011111000101
1101011011101001
0010110011010001
1100111010100111
0100001110000100
1101111000110010
1100110010100111
0000110100100101
0011101111010011
1101111000110010
1001010010000101
1001110010010111
1110000100000100
0011001001100100
0010101111110010
1111110100010001
0110010100101000
0110111000010100
0010010000101000
1101000001010111
1111110011011010
1111111010000100
1011001010110001
0010100101110011
1010011110011101
0001101000101110
0111110101000100
0110110001110010
0010011101011101
0100000010010110
0010000111010001
1101011000100100
1110001110011000
1100001010111000
0010000110111011
0001111010101110
0110101101110101
1101000000111001
0000000110111001
1000000111011111
0010001010011001
1111000001000000
1000101001010111
0111001101110001
1010011001100111
1111000001011100
1011111000000111
0111001100110010
1011011001000011
0010110001000000
1011101101100101
0110001001110001
1100001001101110
1001000011001111
1010001101100000
0001001100011000
1001010010011101
1101011111000010
0010000011101010
0110111010100000
1010001010010011
1000100001100110
0101010101101110
0000100100000011
0011111010110001
1110001111000000
1000111110011011
1011110100001100
1011001111110010
1011100011101010
1000011000111111
1010000101000011
1011101101011100
1100011001000001
0000111101011001
1000111110010101
1011110111110101
1100101110101101
0010110100100011
1110111000000111
0100100100011110
1100101101001100
1010011000110011
0010100011011100
1001011111000101
1001010110000111
1111100011100110
1101000011101100
0101100100000100
0111000010101100
1001100101101100
1110011111010101
0110110011110110
1110101011001000
1010000011011101
0100111010101110
0011100100110010
0100001011111100
0001111001010111
0100100010100110
0000101011011000
1110100010000100
0001110010010000
0010100010000010
0111001010101111
1001101001010101
0001111100010010
1111110010111101
0100100100010100
1111110010100010
1110111001101010
0100110010011001
0111000101100010
0110110100001001
0000110100001011
1001000001100100
0000100010100010
1101101011011011
1001101000101011
1011110111110110
1000101101011101
0111110110110111
0010001010101001
0100010011011010
1011110010101110
1000100000000100
1010100101101100
0111000001101011
0000110100010110
1111110101100000
0000111011101000
0101000110101011
0011000001000001
0010001101001010
0010001000101010
0110001010110011
0101111010111111
1010100100111100
1101111110111001
0010001100000110
1110010111001010
1001110100101100
0101101010111010
1001111100010111
0110011110100011
1010111010100100
0001101011001110
0110000010011000
1111010101001010
0011111111000001
0001010011100101
0011110010011110
1000011010000001
1001111011001001
0100001111001100
0010001101000101
1111111101110111
1100001011101111
1010000000011110
0100000100011101
0110111001100101
1100111000010101
0100101110101000
0100100110101110
0111110000011010
0101001001101101
1110110101111000
0101010011001101
1010110011011110
0001010100011101
1011100100010000
0000111011000000
0100111011110000
1100101010100000
0001000100000100
0110110110010011
0001110001110000
0101101000110011
1001011000110000
1111100101110001
1011000110010110
0010111110100101
1111101111011011
0101001111011000
0110100000010100
1000111100100110
0100110010010000
1011100001110011
1000001001010110
0001011010000110
0010010110010011
1000010001100100
1110111110011011
0010101110010101
0001010100011001
0010001000000011
0111010001111110
0000001101111101
1100100110110011
0011000110010111
1101110100101000
1111101100110101
1100100011100011
1110010011010111
0011000100001101
1101101011011000
1011010010010010
1100100100011100
0000010111100011
0010010000001100
0011110010101110
1000100000101111
1101111110101011
1001010001010110
1100101111010010
1001000101010111
1010110110011000
1001110000101110
0101110100101000
1000101111111011
1010111000110010
1111001011101010
0111010011111011
1101011100100110
1011100100100100
0101000011101010
0001001011101110
0001110100110111
0011111010011010
0011000001001100
1011101000011110
0101111110100111
0100111000100011
1000101110010010
1100100100010010
1011101011110010
1011010000011100
0011100000100100
0001111110101101
0000010001001100
0101011000101011
0110011110000101
1111011110000110
0101110000101101
1110010010011100
1111001001010010
0110110001100010
1011000100111001
0110111111000111
0001101000001111
0011010001010111
0101010100011000
1011000011000001
1010101000000110
1010011111010100
0010001001000000
0011101011001100
1110011111111010
0100101010001110
0111111101001000
0001101001001100
0001101010000100
0000111000011001
1100100100000001
1011001001011100
1100001011110110
0011110101111011
1111010011100110
1000001011111010
1101110011010011
1010000010011010
0000010011111110
0111100100110110
1001100001000000
1100000010010011
0100001011001010
1010100001001100
1110100100000000
1000010110010101
0000101000001011
1001000111111100
1111000101010001
1011101011100100
1000000100011011
1001100000111111
1111101011000010
0011111001001001
0010011101000000
1000110001010101
1111110001111010
1101101011100001
0001010101101001
0100000100010000
0000100011100001
1100000110101111
0010011100111000
0100001101100001
0000001010011111
1011010101111000
1011111100001011
1111111010001010
0100010001100111
1110010001111001
1111111000111001
0001001111011001
0111101000101101
0110111111101000
1111101001111011
0111001010110011
0001100111000010
1100110000001101
1011011100000111
0000111010111111
0001101101100110
0000110110001011
0001001010110110
0001101101111100
1011001110110000
1101011010010010
1011010110010000
0010001111001001
0111010010000010
0100100110101100
0000111010100111
0011111011011110
1011001100100000
1101000011110100
0011101000001000
1100011001011001
0010101011101110
0010001110111010
0101011111110111
1100011010001100
0001110010000001
1011111100001111
1011000101000011
0111100010000010
0110101001110110
1101011010100101
0001000001110110
1011111000100101
1011011100011000
0100001000000111
1001011111100011
0001001101000001
1110100101100110
1000101100000011
1010101110011010
0111111111110011
0000000110110000
1011101000000100
0001000000111011
0100010010100110
1011001001100000
1101110000010110
0001100011110110
1010011110000011
0011101011001110
1110010110110110
0110011010001101
0110011110010110
0010001100010110
0000111100000011
1001100110101001
0001000000011100
1010101100001010
0111011110011001
1001001010100100
0100011011111010
0001101000100011
0001001111101011
1100001110011011
1011100100100100
1100011000110111
1001010011001110
0101111011100011
1101000110111100
1101010001011010
1010101100111001
1001101100111100
0000111001101011
1111000110101000
1001100010011100
1011110010000100
1011100100001000
0100001110111111
1001111010111011
1010010011010000
0101011011101110
0000011011101010
0100110111111100
0000100000111110
0010101011111010
1100001011110001
1100111000101000
1000111111111101
1010000011000111
0011011110011011
0011000100110011
0100110100011010
1010100101010110
1001110011100000
1101101000111100
1011000111111000
1001001100010101
1110000001001000
0001010101010101
1101001000001010
1100010100111110
0011111000100000
0110000110111110
0000011101110110
0101010111001100
0001101011110001
0111010010111001
0000110010011001
0000001001010101
1010101010010001
0100111011000000
1001110111100111
0001011001100001
0001000011010011
1001110100111010
1010011001010010
0010001101111111
0010010000111000
1010100101110110
1011101001000010
1010101110010100
0001010101000000
0011010001001100
1100101110010010
1110110010010101
1011011010100111
1101001010011000
1001101101001110
0110110101100100
0001011011010101
0001000011110110
1110011010001111
0010101000110000
0000110011111111
0111000100010110
1101011110001101
1010101010011100
0110001000010001
0001010100100010
0111101110101001
1110000001100010
0010000111111010
1110110011011110
1110011101010000
