0100111001110110
0000100010000101
0010101011011110
1000111100111111
1011001000010101
0010101110101001
1101110110000101
1001100010001001
1010111010000101
0110111110110110
0000110110111011
1111110101110100
0001110101011111
1100111001011011
0000010100111010
0000011100011101
0101000010011010
1010011100001001
1110110011010010
1111010011100000
1000000011010110
1110101011100011
1110110101111100
0111111011011110
1100010000100011
0010001111001100
0011010100001110
1100100010010000
1011011000110011
0001111110000111
0110110101001010
1101100010100000
1001011111001011
0000001000000100
0001001110110100
1011101100101101
1100000001001011
0100010001100101
0001100000000110
0000101010110011
1001101001110001
1110000000011100
0010100110010100
0011000001001100
1101001000100101
0010001111111011
0101111000000010
1100110000010110
1111001000011110
1001011000101010
0010001010111110
0101000100110101
1000110100011001
1110010000001000
0001001100011010
1010000110001101
1110000100110110
0111010101001001
1110111011000011
1011011111100111
0101100001011110
1101001101000011
1000001000101001
1000011100000101
1100111001000010
1101101001111101
1000000111110111
1100111010011000
1001100001110100
0011101010000100
1110111100001010
1110110010101000
1101101110001010
1100000100010110
0110101010001100
1100001100111111
1010001001010100
1001000110111010
1011110011000001
1100101101110000
1001100100111100
1111111110000101
1010101111000011
0001010100010001
1001110100011111
1101110111100110
1001000100010000
0000011111011111
1001011100100101
1110010011110000
0001011001101010
0110100000100001
0101011011111001
0011001110110111
0010101110111000
1101110011000000
1101011001011110
0110011111110010
0001111011111011
1111011010000010
1011010111001000
0001011001110100
0111100101101110
1101111000011001
1101011010011010
0011001010110100
1110000101000101
0001010000111011
0000001100101110
1011000101101110
1100101001111110
0100011110111100
1000001001110011
1101010111001101
1001000100101110
0110000101001010
0101111100100101
1011100001110100
0011010110110100
1100101000011110
0101001111010101
1010001111000011
1011010111001101
1010011011000110
1110000000010000
1000111001010101
1110000011101110
0111001111101111
1000001011110011
0010010001110100
1001010011110010
1001000100111110
0010110101010110
1110011001110010
0010111110100010
0101111100011100
0010010100111011
1100000110110110
1111011011110100
0111001001001001
1110001110010110
0001100001001110
0000001111101010
0001010000000111
1000110000110001
0011110101101001
0111001011101010
0100011101010100
0011110010001011
0011000100100111
1111000101010101
1101100000110000
1101101101001110
0111000011110101
1101001010000001
0011101000110001
1111101010010011
0011111010101001
0000010001101111
1001111111000101
0011110100011010
0000000011000111
1100101010111001
0110101111100011
0011100111110010
0111010111111111
0101100000110001
0100111011101111
1000101110101110
1011111001011010
0101000000111101
0000101111010010
1000110111111111
1100001110000010
0101100111111010
0010110101101001
0000010101010011
1000010001110101
1110111100000000
1100110100000001
0000100000101110
0001110100011010
1111110011100100
0001100001001001
0111001110110110
1000000001001010
0010110101010111
1101000011101001
1101101010001011
0100111010110100
0110100110010101
1001001010110010
1001110011010011
1000100000001011
0110111110101010
1111011101001100
0101110011001110
1010000001101101
0010100011000001
1111011010010001
1001001010101000
0100100100111001
1100111000001000
1110110000011011
1101100100100111
1110111001011110
1100111110000001
1100010111011010
1001011010111101
0111111110001011
1001011011100010
0000101010101101
0011101010111111
1001010001001100
1111101011101000
1011001010110110
1000110000111000
0011010101100001
0101001000001000
0010100110101101
0110111111111000
0110111001100111
0100000011101000
0100010011101000
1010101100001111
0110110010011111
1111111010111101
0011011110001011
1100100001011001
1111101100000010
1010110110010000
0110000011011000
0010010000101100
0011001101010111
0011101100001010
1000100101101101
1101000000100101
1101011100111011
0111111110011001
0110101110010110
1001111000101000
1010011000000010
1001011001100101
1110001100001101
1001111110100000
0100111100000111
1010100000010001
1101001100101111
1101011110001110
1110011101111000
0110000110101011
1101001010110010
0100100100111001
1010000111010110
1001111011011001
1011101101000110
0111101000010110
1111000011110110
1110010110111010
1000111111110111
1110100001010010
0110101000100000
1010101010111000
1100100000010001
0000100111111010
0100001011110100
1001101101010000
1111101101000110
1110011101101010
1100000000001110
0110100010110111
0011000111000110
1111100011010011
0100111110011010
0111101011110011
1101100000100000
1000000111100000
1100100000111010
1101100001001111
0011110011110011
0010110110001101
1110001010010101
1011101100000110
0100111001010000
0101111101100110
0111010011111100
0000101101100001
0100110000111100
0000001101110000
1001010111111010
0101011001001011
0001011010111001
1010101100110111
0101110001000000
1101111001100011
0101001100111111
1100010000101110
1010101001010110
1110001100101110
1100011100100000
1111100110000010
0000011010100010
1001110011001000
1011010000101111
0110111000110100
1101010010100101
0101110110100100
0100100101110001
0100110101010011
1101011000001100
1111100110001011
1011001111110100
1000001010010111
1001101101010000
0100011000111000
1010110111001100
0010011000100001
0010011101101010
1001101000011001
1110000100111100
0001000111000100
0100111101111011
1010000111111010
0110011011000100
1111011000010001
1001001010100000
0100010001111000
0100101100110001
1001100000101001
1001110100111001
0001000011111011
1111011010110000
0010101100001001
0110010001100111
0100100101001001
1110101000111011
1010001000000110
0111001101010100
1100011000101001
0101011011110011
0001011001010010
0000010001010000
0010100001100100
0001100100101111
1010010010011111
1010001101100111
1110101100011100
1010010011011011
0100100110011101
0100000101111111
1010111110100100
1110111010100011
1011001101111011
0011000010010111
1101010100111101
0010100000001111
0001111000011011
1000111110111101
0110110001010011
1001101110111111
0100111011011001
0110000000000100
1101000110110000
1101000100111010
1011100001000100
0101001111100110
1110001111110100
0111110001100111
1000011010100000
1101111101011010
1010100011110011
0110000100100000
0101111011110001
0110000001011110
1100000111011100
1010110010010101
0110100001100000
1111110111111010
1101010111010111
1101010000011000
1100101000010110
1010010111101000
1001001000100101
1110100101000100
0001000100010101
1101001100100011
1011110100011111
1001001110101011
1111100101010100
1101011001110010
0011010110111110
0011100101111011
0001000001110001
0101100000010010
1111100101011001
1010010110010110
0100100011010011
1100000101111100
0101011011011011
0110000001010101
0001000000110000
0011111001010011
0010010111110100
1101001100010011
1011001000111111
0101000000011111
0101011101010010
0001010011010001
1000101110010001
1110101111111111
0110001010001110
0010001101000011
1000010111011010
1000101101111101
1100111100110110
0011000010110100
1100001011001011
1000011110110011
1011101000100011
1011000110100000
1011000101110000
0010000101111100
0101111011100000
1100111010111111
1111011100100011
1001001010011011
0011100001100011
1101100110111010
0101111111000001
1011010101011010
0001000111001100
0010101010001010
1011100010010011
1000000010100110
0110101011100110
0010011000010011
0001111000001101
0110100101000110
1010100110001100
0111001110101010
1010011011000110
1100110000111010
0100110110000011
0010011110101010
0110101011011011
0010111111110111
1101101000010000
0001110010000101
0001101101111001
0000100111010011
1001100011010100
1111110000000110
0010100010101101
0110000100000101
0010100011111101
1100110110111110
0101110101011110
1101011011111111
1101110100110110
0010001001101101
1011001001111001
1000101111110000
0110001101011000
0010001111101100
1111100001001110
0000010110100010
1000010000000101
0111011100001101
0101101110110001
0000001111101001
0010100000110010
1111101011100000
1110100000100011
1011101011111110
1101011010011010
0010101110100000
0011111110111011
0111110001100110
0000110110000011
1010010110010101
0000100001101010
0001011000110110
0000011011100000
1101111011000011
1001000110000110
1110100000011000
0100111100010011
1111111001101001
1100010010011101
0110101100010000
1000100111011110
1010101010010010
1000101010011101
1010110010001011
0010001100011000
0100010011100111
0101010110011010
0000101101010011
0001100111011011
0011011111010101
0111011100100011
1111110000101011
1000110110111001
1000000111000001
1100101101000001
0010001110001010
0110001110100001
1100101011001001
0110100000011100
0110011010111001
1110111001000101
