0000011011010010
1011110101001011
0111010001111111
0000010011101111
0100010100011101
0000110100110111
1100010101010111
1110100001101110
1000111111010001
1011111111100000
1000100111001111
1001110001011011
0010010101000110
0001100110100111
0010101101100000
1011101100101100
1110101111010011
0100011101011010
0100111010011110
0100001011111111
1101000001010011
1010110100111010
0111000011111111
0001001001010010
1110011001000110
0111000110101111
0011101101000101
0110101010000110
1110011110100101
0110000100111011
0100001100010010
0010100010111100
0100010011010000
0000100000100000
1101010011011101
1110101111010110
1101001101110001
0011101110000100
1100100111011110
1111010000100001
1000111101011101
1000010011111001
0000110100001010
0100001100110110
1101000110111110
0101101001000010
1101001110111101
0001000000010010
0111011010110101
1001111111000111
0111111010011100
0011111001110110
0101101000001110
0010011100110101
1111101101101011
0111100011111101
0110110101001010
0010010110110000
0100100100000110
1010111111000101
1001001101010000
0100101101100101
0011000010001010
0011110110010000
1101011011001011
0100110000111110
1110110011110111
0011100110100111
0101000100011011
1110111111001100
1101001100001111
1111111000111010
0010111111010000
1101011101010001
1111110101100011
0101110010101101
1100110010011110
1110001101000100
0001011100110110
1101100000101001
1110000100000100
0100010110110010
0000101010101110
1001100111010000
1111101010110110
1001001000000100
0110111011111111
0010011001000010
0110011001101110
1011001110110100
0010111111101000
1011100100101110
0010010000010010
1110011100101101
0001111101110011
1100110100100010
1011001010101111
0101011100111011
1110011011110101
0010001110010001
1011010110101101
1010100100110000
1111011101110001
0010101011010011
1001101001011110
0100011111011011
0010001011011000
0010011101111011
1110001111011100
0101000001111110
1110000010110010
0001110001011110
1000110011111101
0010110100111100
1000010011100001
1111001001001001
0001111001011110
1100010000000101
1100100100010110
1101001000100001
0001110100010110
1111011101111010
0010100111000111
1100110000010011
0010010111010001
1100101011111000
0110101101000000
0010101100100010
1110000001111100
1110111110101010
1011110001010111
1111110010101110
1110000101010000
0101011110101100
1001000111011111
1010111111111000
0111001011001001
1010101011111111
1111000000001110
0111100000010101
0101111010001101
0100110111100011
1100001110111010
0100110110110010
0110000110101000
0110101110101010
0101000000000001
0000010000011110
0111110110000100
1101100100000011
0001101001000000
0001000000100101
0000111011110110
0000101100010010
1001000011110011
0000000111010000
0110011110011010
0111000010111110
0010000111110010
0010011001011100
1010000110000011
1011100111011010
0001011110111000
1011010001000101
0000100100111110
0010001100100101
1011010000110111
0100011001100000
1000111010101110
0000011011011011
1011110011000000
1001101101010111
1000111000101011
0000110000001100
0101010110011101
0001001111001110
0110110010100010
1011101101100010
1101010011011000
1010100100011100
1011011001001100
1101100000011010
1010001111010111
0111001101011000
1000010101100001
0011100110111101
0100101101001001
1010101011101100
1101010011011110
1001001100101010
0100001010001110
0000100101011110
0000101110011100
0000100011011001
0010111001111110
1111010101010110
1011010100010111
1000101110000111
0001010111100100
0111100000100110
1101101010010010
1000000101111010
0010111101110011
0111011001111110
0111101111010110
0000111101000011
1111001110111110
0011111010011101
0010111000101100
1010000110101101
0000010100111101
0011011111110110
1111010001000110
0000101100110110
1000111001010001
0100110000101100
0111000010101001
0100010101011111
1010111101110010
1100010100100010
1000101010000100
0001011111100100
1011111000011000
1110110011000100
0010011100000010
0100000010101111
1001110011010000
1010001111010010
0110101110100101
0100100101111011
1101111010001001
0011100100111001
1100100110110111
1100001101010001
1010111110110011
1100000111111001
0111111101110111
1111001110111001
1100110101100100
1100001111101011
0011100000101100
1001101011010100
0111010100001000
0100111000101111
0101000110110000
1001110100010010
0000111000011011
1011110000101101
0000101000101010
0000110001000101
0010101001001110
1010001011111011
1110010011000101
0101010011010110
1110010101010100
1001001101100000
0000101101111000
1101111110110100
1100101111101000
0010010110110101
0000001010110110
0110000100000101
0011110011000001
0111011101000101
1001000111101100
1101100100101010
0001101100000111
1010110001101110
0100101111000111
0101000101000101
0000111101000011
1001110000000010
1100000010001001
1111101011111111
1010101101110001
1011101000111000
0010101000111011
1011001010100110
0011011001010101
0000010011101100
0000110011010111
1001010111111001
1011100101101000
1100001000100101
1010010101011010
1010000010010001
1000010111110000
0001101011110100
0010110011110100
1001110100011010
1000111001100110
0000100011001100
0010000010111010
1101010001010101
1101110010000111
1101000111010101
1100010010110010
0011010110001101
0101110000011100
1110011100000001
1100000111001110
1100011111101011
0010111111111100
0001010100101000
0000000000000010
1001001001100111
0011000101010011
0100011010010110
1010100101111101
1000001101100001
0011000000010110
0100100111010111
0000011001110101
0100001111010000
0111101000110001
0011110011111110
0100011101010111
1000000011011000
1010111100001110
1001111001111000
0111010101000011
0001100101110110
1110001101000000
0000110010110110
1011000011010010
0100110110101100
0011101010100010
1001101001000001
1101000000101010
0101010101110000
1111100100101101
1011110011010010
1111111011101100
1010100111011100
0111001011101110
0001101101000010
0010011101111110
1011001110100010
0010101111010110
1100011100010011
1010110111110111
0001110111001100
0101010111111011
1011111101011011
1000011011111011
1011000101111011
1111101011001010
0000101010011001
0001000101001011
1100101111010000
1000010010111010
1011110101000111
1001000101001111
1011001010011101
1010000001001011
0010101111100001
1011100110100011
1010000000000010
0011111011001001
1001011111100011
1101000110100101
0010111000100010
1100100110001000
0000111110100010
1111010101111001
0000100000011101
1100101110010010
1110010001010111
1111011100110011
0111010000000001
1000100010110111
0111001110001111
1110000010111010
1011000010010110
1001101101100011
0101110100111111
0110100111110011
1101000001110001
1000011101011011
0100000110100000
0110110111001010
1000111101001110
0001111001101111
1001000110110011
0001001111101010
1000000100000001
0110010111111110
0101100000001110
1110101011010100
0101001110000001
0101010101111110
1110110000010100
0101100101001100
1100010010100010
0001011010000100
0100100101011111
0111100000111001
1100001001100111
0011110111100001
1001010000101001
1100010111010000
0001011000100110
0110110100010111
1111010000010110
0101100100000110
1010011001101101
1000111100011001
1110001110110001
0011101011100001
1100001110010101
0100010111101101
0001001011110001
0011100010010100
0101011100011011
0001000001100101
1111111101111101
1101001101001101
1100100000011011
0010001000111000
0111000011001000
1110101100010000
0111011101100000
1111111110011001
0001010011101100
0000000100001011
0000100010101110
0010000010111001
0011111010101000
0101110001101101
1001010111111100
1100101100010001
1011000010110101
1100001111111010
0011001100001010
0110010100001111
0001001110001001
1010110100000111
1100110110000000
1000000000000001
0111111100100000
1001001011110001
1000101000100101
0100111001110000
0111110110110111
0011100100101111
0011010010010101
1001011101111101
0001000010001001
1011010100010000
1100011000110001
0101111110000010
1010010010101010
1000111010011110
1010001100010101
0011111101010000
1010100111001110
1101010010100001
1100011001100011
1001000010111100
1000100100000111
1011001010001010
1011100110010110
0010111001010011
1101001011001001
0000110100010000
1000101011000011
1001111100000001
1010111000100010
1011111101100101
1100101110110001
1110100010100110
0011011000001100
0011011101110010
0101111101110100
0111100010010010
1011101111010000
1111110011101011
1010101111110000
0010101001101011
0111000001111011
1011110000011110
1100111100010110
0000101001010010
1101000001100101
0111110111111101
1100100001111010
0011000111100110
1100111101000110
1000110110100111
1111101110011001
1110111101100110
1001010101000100
1110110010011100
0100101010100011
1011010011111010
0111000010111111
0111010100110010
1111011000001101
0100111001111111
1011101100110010
0011011000011011
0001101011101000
1100111100100101
1001110100001101
1011011010000111
1110111001010001
1101000110100111
1101111110111010
1010100001100100
1101010111100100
1011011100011101
