1010010010111111
0010011111101011
1100000111010011
0111110110000010
1101111011010011
0010110110110011
1101111011100110
1000010100011000
0000100000010100
0111010101100100
1101101100011010
0111101100001100
1011001110011111
0010001100110111
0110110000010111
1100100100101011
1011010000001110
0101111001101101
1001000000001111
0101010011010100
0000100111000111
1111010001111011
0000010101111101
0011110001011101
1000100100110000
1111111011101010
1010011100111010
1010110010001000
0100000011100101
0001010010011010
0111011101111000
1011011011110001
1001001111111010
1000110000000000
1010001101010100
1110010010011111
0101011111101100
0001011110100010
1111010000001101
1011000100101110
0111101111110110
0000011010110011
1100010001000010
1010100110100001
1101001010001100
1000000110101111
0011000000101111
0000110000010010
0100000000101011
0111001100001001
0001110111011110
1100110101110001
0011011010001011
1000101110011100
0111111110011000
1101111010001011
0000011100101010
1100000110011110
0101001101001001
1100111110101101
0111001111010011
1111110110010001
1011100001000001
0101101100101110
1101100100000011
0011111110111111
0100001011001011
0011011001100101
1010110001101100
0011101110000111
1110000110110001
0011100100101011
1100011111001000
0001001111110110
0101011111011100
1000001000001000
0000001000000011
1101100101000010
1111111011110111
0110110001101011
1010100011100011
1000100011010100
1011010101011100
1100011001100001
1111000101010111
1000000100101101
1001111000111111
1010011001010110
0110110001111110
1010011110100001
0111110000010111
0010011100101100
1111100100111010
0010100100100010
1110100011110011
0101100100100101
0001011111000011
0100101110111000
1100101101101010
0001100100100000
0110100101001100
0100111001100001
1010100011011110
0100001101000100
0100110011111111
0101000111011110
0010100001111011
1000101010011001
0100100101010010
0101110100000101
0010011010011100
0000100011011111
1000010000110100
1100000001001100
1011100010000010
0000000001001000
1010010001111001
1001011100010101
0101110011011110
1111100111001100
0011101001010010
1001101010110111
1111010011011001
1111100011001110
1111111110001000
0001000000110000
1011000100111001
1011111100100111
1011101000111001
1101011011110110
1110110001100110
1010011111010011
1110111100100111
1010011011101100
1010011100101100
1010101010100000
1101011010011000
0101110110001010
1000111001010010
1100011010011010
1110011001100111
1011100000110111
1011111100101111
0111010111110010
0011100000101100
0001010100110000
1010110111111000
1100001000100100
0010110110001101
0000010011101010
0001100000010010
0010111100110110
1100000001001100
0101101110110111
0010010111001001
1000100011011011
1011110011000111
1111101110110010
1010011100100101
1101010111111011
1010101111111000
1001010010000100
1101101110101011
1110100000011110
0000000001001010
0100101000110111
1110000100011011
0111001100100010
0100011100000001
0001011111100100
1011101001100000
0110011111100011
0001011000001100
1101110011101010
0100111011001111
1001110100011011
1001011011110000
1001101010111101
0111010111010011
1100000000111011
1110101110010010
1101100100001110
1000101001100001
1010001101011110
0100110111001011
0011111001001000
0010111100010100
1010001011100000
1111011001000001
0111011010010001
0000001010000011
0111000011010011
1110101110100101
0011100110101011
1010100111010110
1100001001011110
1101011000101001
0111010111100011
1001001111101111
1111010010011110
1011011000000100
0101111010111111
0000000000110101
1111011011111010
0010001110110100
1111110001001011
1011101010011100
0100000011100011
1001110101111111
0010101100000011
1100111100011000
1010010011000111
0110001011111101
1000110111000101
1001001000000100
1010101011101000
1011100000001100
1101011011100110
1101001110000001
1111111001010001
1010011000101010
1000000111000110
0100111000001111
0001010110100110
1010011000110111
0110110101001000
0001001100000010
0110000000000101
0001100101001010
1110010000000101
0010101000100101
0010111110011001
1011011111111000
1001100100010001
0111110100100010
1010101001000010
1110000010010011
0010110010000011
0100011100010111
0001110000100101
0011101010010001
1000011110110011
0010001110000110
1001011001111011
1001010110100001
1100001110000000
1110010101110110
0111000000111010
1000010111001011
0100000001001100
1010101001011011
0000110001101011
1011111110101000
1111100001000010
0101101111011110
0110000000101001
1110000001000010
0111100000111011
1000011010111100
0001001101001010
0100001100000110
1001100010100110
0110110110100100
1010000011111001
0010001101101110
0010000111101110
0111110001100110
1110101101100010
0000111100110101
0011011101101100
0000111110101001
0110010110011011
0010110001110010
0000110000000111
0011001100011010
1110010010011001
0011111011000101
0011001111100110
1100010000110011
0100101101111110
1100110010010101
1010101100100111
1101110101011101
0111110111001101
0010000001111101
1001010011111101
1111101010000011
0001111011001111
1010100101100010
0101011100001110
0111010111000111
0010000101010101
1001110001100001
1011011110101001
1010111000111111
1101001110010011
1001011001110001
0100101001101110
1010011011010101
0100100111010011
1011100110000111
1100010100010011
0011101001001101
1011110000111100
0101100001110011
0010000111001010
1101111001010111
0001001000110100
0000011000000011
0100000101110010
0001001001001011
1001100100001010
1011010011010010
1000110000011111
0001001110001110
1000110100110010
1010010000101101
1110011110110111
1100001111101110
0010000101001011
1010111010011111
1111101111100001
0000010101001111
0001001110101100
1010110010011110
0110010111101000
0011010000101010
1000010011001111
1001110101110000
1111101001010101
1111010100001110
1110011010000011
1110001100111010
1110010010000000
0101111011010101
0100101010100110
0011111110101011
0000110110100100
1011101100010110
0010100100100011
0001110010011111
1101111110010101
0001011001001111
1100101110010011
0011000001010001
0001000010011111
0110000001100000
1111110010110101
1000111010101011
1101100100011000
1110111100010010
1000011010111000
0111101001010101
1000101110001110
1001110001010000
1101011011110110
1001000111110010
1001011001001110
0111101111000100
1100001011000101
0111111010101100
0001001100001010
0011000111001101
0000010000000001
0100000111000010
0100001000010010
0100000101101001
0000110011111010
0110001100011011
0101000010000100
0111000110011000
1111100000010111
0000111011111110
1111110000001011
1111010010100101
0011001000001010
1110001100010001
0010010001001001
1110000100010111
1010000001011111
0100100100100000
1011000000010110
0101001001000100
1100111010010001
1100001110101001
1001101001000101
1101111100111011
1000101001010000
1101001010001100
0111101100100110
1011011101101011
0111110011100100
0100011001110111
1001111001110111
1000000101100101
1101010111000001
0011001110110011
0100011111000000
0110001000010101
0111100011010110
0010110001100110
1011101100111111
0011110001100000
0101011111100101
1001000010100100
0001110010100100
0101110011110011
1111110011001110
0010000000010110
1010001101111111
1110010110100011
0111111000000011
0010000110101101
1010101011111100
1101000001011011
0010101100000111
1011011101001000
0100011101001010
0111010000110110
1110001110011101
0000110100001011
0111110100101001
1011100100101111
1100011000101000
0110000111011000
0101100011000100
0000010101100010
1111111110001011
1000110100001101
1111010100111000
0110111100010000
0001011010101001
1111100101010100
1011110010111011
1001010011101111
1011000111011001
1100010100011100
1010001100000011
0000100110110101
0001001110001000
1101000011010111
1010100111111000
1000011000001001
0110110010011111
1110000000010101
0001101010010001
1001101001001110
0100101101000100
0110100001110010
0001111110111111
1000111001111010
1000100011000101
0010011011100110
0111011011000001
0000101110010001
0110011100101000
1001010100110100
0000110100011100
1011110001101110
1111010101101110
0001110001111100
1001000110001100
0110100011001110
1110100010110101
1111110110011111
1100000001110001
0111101100011111
0010110100110011
1011011101010100
1101011011011011
0001110111001111
0000010100001111
1001101010100111
1011110110010010
0110001111010110
0100110010011100
0111110001011111
1100100110100001
1101000101100000
1000100010000010
1111100001100111
0000010001111011
1000001001111010
1111100110000111
0011001011001000
0001110101001010
0001010110111111
0011101011110011
1001111110111101
1001110110001010
1000100001111110
1000101000110010
0101100100100101
1100110000101111
1100110010110111
0001110100011011
1000000111010100
1001101000000111
0011100100110011
1001010110000110
1101110110101001
0010101010110101
1011010000110111
0100110000000001
0011000001011101
0010000001010101
1110111001110101
1011101010110001
0111000001011011
0110101101010110
1110000000011101
