0010001010100101
0111001101001010
1101000011110000
0110010000000001
1000101001101101
0101111000111100
1101011001110011
0010000100100001
0111010011110110
0001110100101100
0100101010001100
1111110001010000
0000110011110110
0110110001001100
1001010001010000
0000110010101101
1111001010010101
1101011000110001
0011000011010000
0010101011111010
0000000000000100
1010010100111010
0011100001100111
1110111011111111
0001101100011010
0000001100111000
1011100110111111
0011100001111000
1011010011000001
0111111111111111
1000011000101011
1011100001111011
1100101110110111
1011010001110110
0111110000110100
0010100011011001
1101100111000000
1101100011100101
0001001100001110
1101111110011101
1100010010100110
0100100111100010
0001010001010001
1011010111000010
1111011001101111
1100000001100000
1001110100000001
1010100101010101
0110101101001010
0111100110001001
1101001100001100
1110110001011000
1100010010011100
0100000010110001
1110011000000001
0100111111101110
1100101001010011
0110101000011011
0010000110001001
0001010111111110
1110100000101011
1110010111100100
1101110111010000
1011011101110100
1101001011101110
0010011011111010
1001011010010011
0110100101100000
1011111101000110
0111100100110011
0110010110101111
0110011001001001
0010001101111110
1001001000010111
0100000010010000
1011001001111001
1110100010100000
0101110110111100
0000100000010110
0111101000110000
1101010100011010
0000100100111000
0001101011001001
1011100100010011
1000011101000101
0100101001011111
1100100111001111
0111111110101001
0011100001010010
1010101011001011
1000000010111010
1110011101100010
1001111010101110
1111101000101101
1110000100100000
1111000110011111
1100000111111001
1000001100001110
0011111110101100
0101011110001100
0011010010011111
0010101001111001
1010010010111000
1000001100010111
0100101010001001
0000000001110000
0111111010100011
0111011010110011
1010010011110101
0000011010011001
1101000110010010
0001100000011111
0111100111100011
1010111100001111
1100000000101011
0111101000010000
1010000101000001
0000101111110000
0010111011110001
0110111100110010
0110000101010100
1011010101111001
1111001101000110
0001001111010011
1101010100011011
1001111001000111
0000111000010110
0110011001000111
0010101111000111
0001010001001110
1010010111101010
1010110111001010
0011110000110001
1111110110100011
1000000111011101
0011101011000010
0110111101110111
0001000011101100
1011011111100011
1011001001100110
0001001000100100
0011100110101100
0110100110010110
1100101101001001
0001000110111100
1111001101000100
1000000010001001
1111111011011010
0110001100110000
0101111100000011
1111110100100010
0011001000010001
0100100111110111
0101101010011000
1011010000110010
0000110011100000
0110111111001000
1010101010010111
1001101011101100
0101101011000110
0111100111100110
0111110011011001
1101011011011100
1001100010100011
0010001111011000
0101010111100000
0000101011110101
1111010011101111
1000110010010011
1000001011001111
0010010001110110
1001001110101100
0010001110101010
0001011100011001
1110011111001000
0001000111100001
1110010100001100
0111011011011001
0001111111100001
0000100111011111
1101011000110111
0000000010011101
0000100001000101
1001010111001000
1100111001110110
0101010111101110
0100100001000001
0010010001101110
1110001100011011
1011110101100001
1011101000110001
0011001001010110
0101111101011100
1000001000010100
1111111001100011
0001011011110110
0001001001010100
1011010001001100
1100000011011100
1110100111110001
0000010100101010
0101101010001101
0100010101000110
1101101001000000
1010111100001001
1111100101101101
1011100101011010
1101111010010111
1100000100000010
1000100100110011
0110111001100000
0010100010010100
1001111001101100
1000011100000010
1001001010011110
1011100100100111
1101110011110010
0001000011101000
1001000110000000
1000101001011011
1110101010000011
0100001110110001
0100010111011101
0011101110001010
1001011110011110
1011001111110011
0110010110011100
0110111011111100
1001111110001001
0111110100010010
0001001100110000
0101110111010000
1001000111011010
0000111111110010
0000011011000100
0110000000100101
1011010101011100
0010011001110001
0000011010001000
0001011100110011
0100010011010110
0101000011110101
1111011000110010
0101000010111000
1101101011001000
1110001111001100
0010100001010010
0111011110001001
1001011100010111
1111010101010110
1111111110111001
1010001110111100
1001101101000010
1011000110011100
0011111111110000
1010110110001011
0011101000000011
0110000100100010
1000001001010100
1100011110111011
0110111000011110
0001000011001110
0010101100110111
0101011111010010
0001000111111101
0001100010110111
1000010111000010
1011111001010000
0011100000111010
0010010110000001
1111010001001000
1011010111011001
1001101000110100
1011101110111000
1111001110110011
0101010011000001
0111000100011111
0111101110010101
0111010000001011
0011000100010100
0111101011000001
0011110111010111
1001000101101101
1010001110000010
0100010000000101
0110111011100000
0010111101110110
0100110110101100
0011100100000011
1000011011100011
1100010111001000
1000011111110000
1000111000001100
0000101101010001
0100111110100110
0111000010100110
1101110100000101
1100011000101100
1100101010111110
1110101111111101
0011000011011110
0110111011011011
0111100011101011
1011110001111110
1101001100011011
1110011110111100
0010111110011111
1101100101000001
1001101100110000
0010010000110000
1001000001011110
0010100100100001
1110001011011011
0111011011001000
0001000111101110
1000011010100101
1000010001110110
1000000100111011
0110110011010011
1011100100111001
1111001011000111
0010101100001010
1000110001011101
1010000110001000
0011000101011011
0110111001010100
0001111010111011
1100100100010111
0010101111111011
1110010000011110
0001101100001111
0000100110101010
1111110011110101
1011010110111111
1101000111011110
1110000010111010
0011100001100000
1000010011101011
1111010010001010
1001111100101101
1011001000000100
0011010100000011
1100001000110011
1110110001100000
0111000011100000
1010001001110011
1001000110110010
0000110011010010
1110111000110101
1101111010000000
0111010001011001
0010011010011011
1011011101100000
1111001100111011
0011001111001110
1110100011001010
1101101000111000
0011101101011110
0110001001000001
1001110111101001
0010010100010011
0011000000100101
1011001000101001
0101011111011111
1110100100100101
1011011111000100
0011110000111010
0111001101101101
0100001010011010
0001101010010010
0110010001010001
1011001111001101
0011110100001001
1111001110011110
0010100010010100
1111001011100001
1011001011111000
1011111001111000
1000111110101101
0011000101101111
1110101101111011
1111110001000001
1001011101101111
0000000101010100
1110011110101110
1111111001010001
1011011110010010
0101110110110111
1100111111110101
0100010001100011
1011100011010010
0001001110101011
0101110000010111
0010100110011010
1101011111010000
0100001010100011
1100101101011110
1001101010001100
0100111000101101
0011110101100010
0111010011010100
0010110010110000
1001000010001100
1110101000011000
1011110101011011
0111110000101111
1000010111000010
0111010101100011
1010110101011100
1100001011010011
0000100100111010
0000001011001000
1010000001001110
1011001101101001
1111100110111000
0001101011110101
1001101010011000
0101010000000110
1011001111011011
0101001000000110
0000100011101101
0000001101001011
1101011111100110
1010011111110000
0101100111011001
0110000110010010
0111010111110010
0011101000111100
1000101101100111
1010100101000101
1100001101100110
1100111110111111
0011101001110000
0001000001001110
1100111101000010
0110011111010101
0110001111000010
1101111000010011
1111110110100011
0010110111101000
0100100001001010
1000111111101000
0110101000110111
0111001011011110
0101100110001101
1000100100001100
0000000101110100
0110110101100110
0101000100100000
0100100111100101
1001100101111010
1110010111100011
1101000111010111
1111110001101011
1010010001010100
1000110100001010
0001110100111001
1001100111101100
1101001101010001
1010100011110101
1111011110111101
0100010111101110
1110011101011110
0010101110110010
1000111011001000
0101101001010000
0111101110010001
1110010011111001
1000001010000101
0111111110011010
0110111100001111
0101111000111011
0001111100000101
1011000011101101
0001001101011000
0010101111011110
1110010001001100
0100111101000001
1101010011101010
0011001101011011
0100001010010111
1101011101100000
1110001110101110
1111000010100100
1011100010010000
1101011010000001
1010010100000011
1011001110111001
1111100111101101
0101000111110101
1111101011000111
0000010001000010
0111111111111100
0001100001111101
1110010010100111
0000010111101110
1010000001011000
1001011111111011
1100010111001101
0000100000100110
0010010100011100
0000100111111111
1101111101001101
1100000001100100
1101100010011101
1010001010000101
0110110000101010
0001001100101101
1100010100100000
1010011011001111
0000010010011011
