1001011110001010
1011101111011110
1010000100000100
1001000010110110
1001101110010100
0011101010010100
1001011011000110
1100111010000000
0111100110000100
0000111000111000
1101001011110011
1000100111111001
0011010000001001
0000100110000100
0110000111111000
0011111100111111
0101010010101101
1011010001001000
0000010111110010
0101001000001011
0110011000101011
0110010011010101
0100000100000000
1101010000000110
1101011100111001
0111111101011011
1000001001110100
1101000001100101
1001101001101011
0101000010000000
1011011010101010
1101010100110001
0111110000010000
1110100110001111
0110110111110100
0100110011100001
0111000001100100
0001011000010000
1100111000110111
1110110000001010
0100011101000101
1111000101110011
1000100010001010
1110100001111111
1110110001011010
0010100011100010
1000111011010100
0011110111101010
0101110001000101
1010101110111101
1100010100101100
1001011110000001
1001001111001010
0000000001110001
0101100101101011
0000011100101000
0101010111001001
0010000110110000
1100010100111110
1101100010000011
1000000011101011
1110010101100101
0010100100001001
1110001001101010
1101100111101100
0111010100010000
1101001000100001
1001011111100110
1000010101001101
1010111111101000
0010110111011101
1111011100001100
0001001001110110
1101111110110111
1011100011000101
0111111111010101
0100110100111110
0110100011011110
1101000111101111
0111100110101000
1010110000001011
0101111010111000
1001011111011111
0000001100101001
1000001110101101
0100000000011101
1000111110010011
1110001111111110
0001011111111000
1000001000100110
0110011101111011
1000011011000000
0110100100000011
1000000111011110
1011001000111101
0100100000011110
1101000011010000
1011011001000010
1101010101001111
1010011001101100
1011110011000110
1110010100010001
1101000110011110
1001101111010111
0001111101011010
1010000111110110
0101000100100101
0001100000010000
1110000000001011
0110010001110001
1101100101111000
0111011111111110
1000001011100101
1011000001010001
0101000011111101
0011110000010111
0101011101110110
0101000000011010
1100001001110010
0001110110101010
0001100010001111
1011110101010101
1001010111110000
0001100110000101
1001110111111010
1110000100111111
1100010100010000
0101000010010100
1000011011010101
0000110111000101
0101011011111110
1111001001001101
0101011010111001
1001000000001110
0010110001101100
1100110010001101
1001010110001100
0100000101001111
0101000110101001
0001101010001011
1101100101001111
0000010101001110
1010010011111001
1010110001100011
0110100010010111
1100111100111110
0101010100001110
0100100111010000
1001110110001111
0000010010110101
1111111100100001
0110000010001000
1101110011100110
1000111011101001
1011100010111000
1100101100011000
1001011000010000
1111100000011110
0001110100101000
1011100101111100
0110001001000001
0110101101010001
0110010010111000
1100011111010001
1011011101101000
1110000000111101
0001001100001001
0111011010001110
0100111100101111
0000010000100101
0001100011000111
0110111111001001
0100001000011100
0001011001011100
0010101110001100
0101101011101011
1001011111101111
0000000110011100
0010011100100000
0100111111100010
1111010110110001
0010101001111101
1011010101001111
0010011011001010
0010001001101111
0010101100101101
0000100001110001
1010100001011011
0011011001000011
1111000111110000
1101111011110001
1010100000000000
0001011100000111
0000111010011101
0000000001110000
1000001111101011
1011000010000011
0100011110100111
1000001011100000
0000001101001000
1101001100100010
0001000100100111
0101110111000110
0011101111100001
1100001011101011
1000111001111101
0001000101010011
1100011000101110
1100100000111100
1101010000001000
0001010111110111
1110101011011101
1010111101101001
0101100001110000
1100001011100110
1010101100110000
1011000101001000
0011111000010001
1010010100001111
1010001100000011
0111010100100001
1111010101111111
1010100110100100
0001000110101011
0001010100101101
0111100100000111
0101010110010100
1011110011010000
1011011100000001
1100100101101000
1110111111011001
1110011010000111
0101000011001000
0011101100000011
1111010100111110
0011100011001111
0010011011111101
1101011101010010
1011110101111101
0001001011000111
0101110000111111
1101001011000000
0111101100110010
0110100101010010
0011101100100010
1001011111111011
0110101000100101
1010001110011101
1110011011000100
1100111110000001
1110110011101001
0110100000001011
0011000110111001
0101110000111101
1010110011110110
1011010111010000
1000000101101010
1001001010011011
1111100101110010
0011111101000111
0010110111110101
0001011110000101
0110101000110000
0101110010011000
1110111000110011
0110110011011110
0100110100000110
0100110001010011
0100010011001101
0101100000100111
1001001111011011
0100001001100011
1101000101101000
1100111101101000
1001011000100011
1111011111010010
1000100111110000
1000101100111000
0010001111110000
1001011111110001
1010100000100000
0101100001001111
1110111100001111
1111100001001101
0010010011101010
0101010111110000
0111110111001101
0100100000010101
0111111111000000
0010001011001101
0110011000011011
1011000001110101
0000011100101000
1001110111000101
1100111100011000
1110101010101101
0111001000101010
0010010000100110
1000110100100000
1011100010010110
0111011010010110
0001010111010011
0101111101100010
0110110101010011
0110001001100011
0111100110111110
1000001001010011
1100101111101011
1000001111000110
1111101010011011
0001010010000100
0010111000110011
1001110111111001
0101010111111001
1110010011111111
0101010011101011
1001001000101110
0000010011000100
0111111111010000
1010010110001000
0100011100111001
0010011001111001
0010100100010001
0011111100110010
0010001010010101
0111010001100110
1110111000111110
1100100011111110
0000111100111111
1111010010100010
0000001011000011
1011100111010000
0001100111111000
0001101110001011
0011111001111001
0111001000011011
0100001001010011
1110100110100100
1001011010000010
0101011000011111
0110000000001110
1101100111101101
0010000010001001
1111001101101000
1001011110000010
1110101100110101
1100110110010111
1100000001001010
0101000011111110
0111001101111000
0010101011101101
0011111101111011
0101001001111000
0000000111111100
0001100110111100
1111011101101111
1000100100010100
1100010111001100
0111000001101010
1100110100000101
0010100010101011
1110001010100001
0011010101001010
0111111110001111
1100101111111111
1111011000101100
1001000010101010
1010111010100000
1011000111100001
0111001101010111
0000111111000011
1100011011111100
0110111101110010
0111011101011111
1010100000101001
0001000011100011
0100010001001101
0011111111011111
1110000111111111
0010111001000100
1010011110001100
1100101101001111
0010001000000000
0111010011010111
1111111000010101
0110101000100001
0100000111101001
1000010100010110
0100010110100101
1000010010101011
0111000110010010
0001101011110101
1101111001100100
0001101001110010
1000100010001001
1111010100001011
0100010000000011
0001110111000101
1000100110100100
1110011100000001
1100010000110011
1101110101001101
0111111000110001
1101010010011001
0100001101000101
0011010001111000
1100011101000000
0101000100001010
0101111101000000
1000011001001111
1101011111001011
0001011000010100
0111010111010001
1001110110100111
1110001101010101
1100101010010111
1111010110100110
1010101100101110
1100101000001001
1111011111011101
1100011100000101
1001000101111010
0110111101011011
0100001101010110
1111110101111100
1111100001110010
1010100011010101
1101100101101100
1011111011100000
1001000110111110
1111101101000110
0100001010110010
1011110011001101
0011000110100011
1001011100000100
1000110100111111
1000001010111010
1010001000001000
1000100000111000
0110010010100001
0101010111100100
0101011001000000
0001100010111001
0000011110011011
0001100100001110
1100111101111010
1111011110011101
0111011010110000
0100001110101001
1101001001110000
0010001111010000
0010001110001101
0001001111010001
1111010010010100
1100001110100111
0101111011010111
1110110111011101
0110001111000110
0011000110111111
0101000101111001
1111101111111001
1100111010010010
0010010001010000
0101111110011100
0100010111110000
1111100111101111
0000111101000011
0111100110101111
0110011101001011
1111010011010100
0110111111100010
1001110111101100
1100001101000000
1001001100101100
0010111000010100
0100001010000110
0111001011111110
0101000001010100
0010010101001100
0000111110111101
0001000011100011
0000011000000001
1111100100011000
1100011111111001
0000010011111011
0111110111000010
1111101011001001
1011000000011000
0001100100000101
0001111001101000
0001111011110011
1010010011101110
1101111010101001
0010111111011011
0010110100110110
1000101110100010
0110110100100101
0111011100000000
0111110101111001
1110101100011101
0011111001001010
0101110011111110
0010110001000101
1001110101101100
1100111101110000
0101001010001010
1000011110111010
1001111010101001
1001110000110010
1011011001001101
1110001010101100
