1101101111010001
0001001000010101
0101101010001001
0001001100100101
1111111111011000
1110101110100111
0111010000001101
0100000101001000
1100101010001011
0001011111110010
0110101110011011
1001010000000101
0100110110100111
0110101100011011
0110001010100111
1011101001001100
0011010100000001
0100001010110101
0111111001000111
0011001000111011
0000111110110110
0000111100100010
1010001100001001
1001111101100000
0110100110111101
0001101110000000
1101100110101111
1101001011000110
0001000001100010
1010110100101000
0100100100001010
0101100110000110
1001011101001001
1010011001000110
1011000010001110
1001101110000100
0001110111111011
0001101110100111
0011101000000100
1100011010111101
1111001010010110
0000011000000111
1010000100110101
0001100101001110
1001110001000001
0001010101001101
0100110001001111
0011100101100110
1010001110011111
1000101010000101
0111010100011100
1001101001110110
1101001011000101
0001001011010110
0101101100001000
0001100101010000
0001001100100110
0000111100110001
1101000111101001
1111100001011011
1011111001110000
0010110110110100
0110101100010011
1010111001000000
0100101010001111
1011010011010010
1010111011000111
1010101000111000
1101000101111000
0101100010001101
0001000010011001
0001110100011010
1010101110010011
0010110010110101
0100101111100001
1101111111011011
0100010000000000
1110110010101111
0110111000001010
1001100001010010
1011011011111101
0101011000011000
0011011010010011
0100011100011100
0100011001100010
1010001001101001
1001101110101000
0010101001010011
0011101110111010
0100111010100010
1010101111110101
1100001011010110
1000000110101111
0100101101100001
0110000110001100
1011000000100000
1101110111001000
0010110111001101
1010001111011001
0111100110010001
1101111100011000
0011101011111111
1010111010000000
0010001011111010
1011100001111010
0011000101101001
0100100000100111
1010011000001010
1011111110101001
1010000110111110
1101101100110111
0000010110111011
0000101000110011
0101100111000111
1011100100010011
1011000011010001
1000111111010111
1010101100111110
1111110111001010
1000001010110110
0100001001011111
0011010011110011
0100110010111110
1100100001001101
1001101001100110
1000001011111111
0101110101010011
1101001110100010
1111000110000100
1001100101110101
1111000001101111
1111011100101111
1001110010001111
1101110110000110
0000001011110111
0110010011110000
1001100011011011
0011111001110001
1101100001001111
0101000001001000
1011000000010101
1001001010110000
0011100000110011
1010111010010111
0100110001010110
0000110111101001
0011000101001000
0010000101000101
0111001010100010
1110011101111010
0101110100001110
1001011110011010
0000000001100101
1011010100110001
0001000010100011
0111011110110110
1001001100100100
0010000101011111
0111010111100111
0000010000100011
0001001111010001
1010010101101101
0001010000100000
0010010010110010
1101010000010101
1000011111100111
1000110010101100
1000101001111101
1000000001111100
1110000100011010
1101010100100110
0001001111111000
1110000111101110
1101011001011011
0100110011001101
1010010101001111
0100101100101010
0110001011101110
1100111101001010
1011101000000000
1101100111111101
0010110010011100
0100010110110111
0000110001101101
1011000000011110
0010111000000000
1011011000001100
0000110100010010
1001110101100111
0100100010011101
1110011011000111
1101001001001110
1110011100110000
0000101010101001
1111001010101010
1000101011001101
0100010011110011
1011001011011101
1100111000010101
0001110010011011
1100110000110000
0111001011011010
1001101111101000
1110111101010010
0011100010110001
1000001111000100
0010101001001011
1101100100111100
1110000001010000
1000001010110010
0110110010001000
0110010011011000
1011100110010001
1110010011000000
0000100010100001
1000101010000110
1110110010010101
1100010011011101
1010110111010011
0001100101101110
0010111101100110
1010000011111001
0101011110001011
0011001011110100
0100000110010011
0110110100011111
1111001001111011
0000111001110111
1010000101101000
0010000010101100
0010100011100101
1001111111101100
0011111001101100
1010100101110101
1111001110000001
0100000011000111
1000110110101100
0101111001001101
1100101101101011
1101011111111100
1011111000101010
1000001000000011
1001010001000011
1110100110101110
0111011111001110
1001000011010100
0110111110000100
0100000110001001
0000011010010101
1100111000011011
1100110110111010
1000101010010100
1100111111010010
1101110000110100
0011010011100100
0101001110011111
0000001110110001
1110011011011001
1100111111001111
0101101100111100
1100111010010101
1100100011101000
0010010010000000
0101111011110000
0011110011010010
0001011100110111
1100100111100101
1010101111010101
0010110000110101
0100111100110101
0110100101000001
1111011100110101
0011010001101011
0110111100011010
0110111100110110
1100111101110001
1100010011100010
0000101110011111
1001101011000100
0001000011011111
0000010110110111
1100000110100110
1000000000100110
1111000001101110
1011001000100110
1011011101010101
0101100110110010
0101010000001000
0011111011000011
0101110011001001
1010011101100100
0000100111000100
1111111010100100
1101001010101001
1000011001011011
0111101001111110
1000101010001000
0011011011011010
1010111111011001
1100101010101001
1110101110001100
1110111000111010
0100110001010100
0011100100101011
0010100101001000
0000010100011111
1001000010100000
0100001010101000
0000111101100001
1011111100010011
0001000111011111
1011110101011010
0101010101110100
0110001101110111
1100101001001010
0010011000111001
0011100110101000
1001101011111110
0011000010110000
1101110011011011
1100000101011000
1011000101100101
1011001100000010
1100011100111111
1000110100110100
0100110100100111
1011110110111101
1001000101101010
1001110001000001
0100000001111000
0101100111001111
0110001111101100
1100101001111010
0101110010110110
1100100101101001
1100101000000110
0010000101110100
1010100010000001
0010100011000011
1100011111010001
1000010110010001
1111111001101010
1100111000110001
0010000010110110
0111101110111000
1001101000100011
1101110100010100
1100000111010101
1011110111010111
0000101011001000
0011000110000100
0111100101101100
0111011001110111
0010111101011010
1110111000100000
0000111001100010
1101100100101001
0110101101000001
0011011010100110
1000100110101001
0101101010100111
1000110000011110
0000001001011101
1101110111001010
1000100010000010
1111111011101010
0000101001011100
0001011111001000
1001001011101111
0001101011110111
1110000101001000
0001010110100101
0110010101000001
1000000011110111
1110010100111100
0001111111101110
1001010101110011
1001101010001110
0011001100101111
1011010101001000
1010001110111000
1010101111010101
0111011001010110
1010001010011100
0100011100001010
1110010111001001
0001000100000101
0001001001110110
1001111011010001
0001110111110010
1000100011111010
1001000101010111
1100111110101101
1001011110110100
0010100100000010
1110110101001001
0110011111010011
1101100110100110
1011001001010100
0111011001111011
1001000011011010
0111000110011001
0001011011100010
1000111000111000
0011100001100100
0000110000011011
0111010011010110
0101011110100101
0100010000100111
1101000001111001
0100001100011100
1111000000110011
1011100100011100
1001110101000010
0101100110011000
1011011000110101
1111000111111000
1011101110101000
0010010100011111
1111111011111100
1111111000001100
1101110010110000
0111001100010110
0110101000100101
0010001010000010
1110010110100010
0010111100100010
1011111101101111
1011000011000000
0010001001111100
1011001010100001
0000011000111000
0100111010011100
1010011101001100
0110100011110111
1110010111100110
0001111100011000
1111101010100100
0111011101100011
0101001110010100
0000111011111000
0111101100111101
1011101111111110
1111001011011100
0000101001111111
1001000100111011
0111000101001111
0100101111011110
1000100110111111
0011010000100101
1111100010101010
1001110011100010
0011011100110111
0010001101111110
0011111100101010
0100110000100010
0010000101000101
1010011111010111
0011101011111001
0011111110100111
1111100010110100
0010100000100100
0010111110110100
0011001000011111
1000010010010000
1110101011100000
1010000001001101
1111001011110000
1001010110010101
0001011000010001
1100000000101111
1101000000000011
0011001111100101
0011011100001100
1010000010010101
0011111001001010
0001001101010111
1000111101111010
1111000010011001
0011101101110110
1111010111101000
1111011100010110
0010001110001111
0100110000110111
1100110100001011
1010111101110100
1000000101010010
0111000010111101
1110110011010011
1100011111010110
0100110010010111
0011011010110000
0010100110001110
1100010010111100
0101111011111100
1111010111010111
0100101111001001
1111011110110110
1011100110111111
0010100101101000
0111100000001111
1111010001110010
0010111010110101
1011101111010000
0111010000110000
0111010110110110
0101000001101011
0011011110000101
0011101000110000
1101011010001000
0000100100011010
