1001011110101000
0000100000111011
0101011101010100
1100110110100011
0000001001100011
0001011110100010
0110110110001111
1111011101110100
0111110100010001
0110001010001000
1101000110001110
1001001111010000
1101110010001100
0101011010011100
1010011101001011
0111111100011110
1111111010111101
0010000001000000
1011101100010111
1101010100100101
1100100001000100
1000011000011111
1111000110100101
0100000010110111
1111001101110111
0100001011011011
1111011010111101
0010110010101111
1100000111010101
0000100010001010
1001100011011011
0111000101101111
1101110100000000
0100110001100010
1001011110001000
1011111010010110
0100110010011100
0001001001110111
1010110011011111
1010110111011100
0101100110101111
1011010010011000
0100100100000110
1001110110001011
1100101000010011
1011011010100111
0000110100110100
1010111100001011
0101111010011101
1000000110001000
0110111001011100
0111110010111011
0000010010011011
0101100110101010
1101101000001110
0111001110111111
1000011001111000
0010000110001000
0100101010000001
1110101111010011
1110011111011011
0110111100100111
1100110101000111
0011110110011100
0011011101000100
0000000000000000
1110111110001101
1110000000110100
0101100001111010
0010011001101001
0100111010011010
0010101001000101
0111000111100000
0101010100111011
0001001010111111
0000100111000101
0010000110100000
1110011110110101
1001001100011110
0001011110101111
1011110000001111
0101000010001000
1010111111011010
0111000110000000
0000001111110001
1011011111110011
0011100011011001
0011100111101111
0101101110000101
0111011100010010
0100010010111111
0010011110110111
1111011001000000
0001001011000001
1100101010101111
1001111100001101
1101100100010100
0000100000000000
1010101110001000
1011010010001000
0000010011101110
0010111000101010
1010010000100000
0100101010101111
1010000111001000
0100011000010001
0101101111111001
0111011101010000
1010001000101101
1000011101000010
0111010001110011
0101000101011001
0000101010011011
0100111001000011
0111001001110011
1111111101001000
1111011011011101
0110110110100011
1000110111101011
0111110000101110
0001011010010011
0001110011001000
0101000000000001
0101000010110100
1100110000111110
1111110010101110
0110110101010111
1001101001101101
1101010100011100
0011011110010010
1010111110111001
0000011101011011
0101001011010111
1011111100111010
1001010011100110
1111001110101110
1001001000010011
0100000111111100
1010110100001000
1010010111010110
0110111111100101
1111001111111101
1000111100111111
0100011011101011
0110001011000000
0001000100000111
0110001000111011
0101000011111110
0101010101100000
0100101000111101
0111101010111101
1001000111100110
1110010100001000
0010010010011100
0101100011100000
1010000011010101
0000100001011110
0111000100001010
1011001101001110
1100111010101011
1011010110011101
1111011001010001
0001000010111001
1100111111000111
0010000100010010
1100111001101001
0001011011101000
1101010101111011
0100001011010000
1001100111110100
0100001000100010
0011101000101011
1001001110011111
0110001110010010
1010000011001000
1001011100000110
0011111111101110
0101010011111111
0001011101110110
1101110101110110
1111101010111100
0011111001011000
0001101100101011
0001110001000010
0000001010111010
1100001101000111
0101110001001110
1000110011100010
0000100000010101
0101101110100010
1011100110011101
0011110110110101
0101010001100010
1010001011100011
0100110100001011
0000100111100101
1101111010111110
0011100001011100
0101001000111101
1101000101110110
0110001011100001
1010010011000000
0000101000100010
0110100110001110
1011110100110010
0000000001110110
0011011011010011
1000000011001000
1101100000100101
1010000111010111
0010100111011110
1101101111100101
1111001011111110
0011011011000111
1000010111010000
0100011100011111
0010000100111010
0000111111100100
0011101000100010
0101100101111101
1110100111011001
0001011110011010
0111101010011100
1111110011100000
1011101110001000
1100101110100000
0000101010101110
0100000101100100
0110101110001110
0101110000011110
0100000001001011
0001011011110100
0010010011010100
1010000110111001
0000001110011110
1110001011110101
0010111011001000
0010000010100100
1111111010011011
0011010010011000
0000100001000100
1011010000001100
1101111101110000
1100001000101100
0001001011110000
1100001101111001
1001011110010110
1010110100100010
1010000110101100
1011111011101011
0100110101101111
0101101111110111
1111001110001000
0100001000101000
1101111100111001
1010011110110011
0110110010100110
1100111101000011
0010111011010000
1000000011100101
0101010110000001
0011100110001100
1000111010111010
0111001110110101
0011001001011001
0010000001001000
1011010000011101
0111111100001001
1110101001110000
0010100111111011
1010010000100100
0000110101001011
0010011000101010
1000000000001101
0000011001011110
0010100101111101
0001010111110100
1111110001110001
1001000111100011
0110000110011001
0000010101010101
0001110111101110
1101000101111111
1110110111110100
1010010101111011
1111101010101110
1100100110111111
0001010101101111
1000101101010111
0010001110111000
0000110110001000
1000001111110001
0110110110111001
1011011101110010
0110110010100110
1100111101110000
1100100100001001
0000000111100110
0100100100000010
1000101100010110
0001110111011000
1010011011011100
1110011001010110
0010000000011111
0011011100010001
0010110001000000
1101100011110101
1001000101000001
0110011001001001
0110111010110001
0110110001110101
1101101101100101
0001010001111001
0110011011011001
0110100100100100
0001111000011100
1011101000010100
0101111101101111
0111010010110001
1000110001101100
0010100000001000
0001111000000101
1010001101101001
0100110011111100
0100110110000001
0011000010100011
1011001101001100
1111110100000011
0001010101100011
1110110010101000
0011101111101101
1001111000011101
0011111111111000
0110100110010101
1000111010100000
1001000111000010
0111010000110101
1000010011111101
0101100110010001
0010101111111110
1100100000101001
1011110010011001
0101001111011010
0100010010101100
0101110101001010
1001110100100111
1111001001000001
1110001111011111
0110000000001101
0001010110010010
1000010101000010
0011110011101010
1110110001011010
0100110001000100
0110100100110011
0001110101011001
0011010011111110
0010111111100101
0000100001001101
0010001000011110
1100101111011110
1010101101010111
0111010101110000
0000011110010000
1001011100111101
1110100111001001
1111010101011010
0111011010011101
1110100110001111
1111110101001100
1010010011001010
0100001100111111
0010011100100011
1010010111011011
1101011011000110
1011011010000101
1100001101000000
1101010011010000
0010100001000010
0001111010001010
0101100100011010
1011001110111101
1100000001111000
1001100110001101
0110101101110010
1100110110010000
1011011001111100
1010011111000010
1101100011011001
1100110110001100
0001110000011100
1100001001111011
0111000010100100
1010110101111100
0000100011001011
1111011111101000
1101111101111101
0001110001100010
0100110000000110
0001101010011100
0001001110110100
0010101000001011
1101000001101101
0000001010011000
1011000000010001
1000001111000011
1100101101110101
0001000001011000
1000000001111111
0011011011011100
1000101100010100
0100001101001000
1100000001111101
1100010010111001
1100111100010001
1000010101100110
1110001010000111
0011001111000001
0111000101111101
1001011101110101
1001001110111010
1100000101000011
0110110010010111
0011000111101001
1000000011011011
0100001010010101
0100010010011111
0011000000101001
0010100011101101
1110100000011000
1110011010110110
0001010001101001
0100010100001001
0001100100101100
0000000010000101
1110111110110111
0001000110010111
0010011111110011
1111100011010100
0101110111010100
0011101000101000
1101000111000110
0100000101110111
0111111100001010
0001010110101101
0001011111001100
0101011110100010
1110011110101100
1110100101000011
0111111000000001
1010100101100101
1110101100010010
1011011010111000
1001111100101100
0000000110011110
1000111110100011
0111010111110011
1110111001000010
1000101100110011
0111010110100000
1010000111010000
1010110100011000
0010110011111010
0001001110001111
1000000110000011
0101111100111110
0011001010011111
1011001000101101
1100111010110110
0000110101110110
0110101101111010
0011001010111110
1010001001001110
0010000000110111
0101110111111111
1001001001011100
1010110011111100
1100010110110011
0001111111001110
1010010101111100
0111000000001110
0010101110101111
1101100011110100
0011010000110000
0101100000110000
1001000110100110
0001010001101101
0101100111101001
0111110110110010
0010000011100111
1111000001000110
0110110010101000
1011001110010001
1010001000011111
1010110011001101
1010000001100101
0011100011001010
0011110110110100
1110111010000110
1111000011101100
0001110011000011
1100011010001011
1110000101011001
1001011000111101
1001101000111111
1000001000111010
1110101010101111
1000010001011011
0000111011001010
1000011000100100
0010110111000000
