1110101001000100
0011000111000111
0000100111100100
0101110011001011
0001010010000111
1100011110000100
0011000001100100
0100000111000110
0011001010101000
0000100001100011
1110011111111011
0100000001110110
0000110110011011
0111110001101000
1011011000011010
0101111101100000
0110010001000100
1001111010110011
1111101100101100
1010010110001010
1001000111001110
0000110001011000
1001110101110010
0100101001101011
0101111110010000
1101110001001010
0110011011110101
1111101111001001
0100001110000010
1110100011001111
0110101111001000
0111101001001110
0011001111011100
1011010111010000
1101011100011011
0001011111110001
1101101101101101
0110110000111011
0101001111011011
0101001001001101
0010000110001011
0101110010110001
1101010000110110
1111000101010001
1101111111110100
0010100110000111
1010011000101100
1011001100001010
0100101100000010
0011000011100110
0010000010010101
0111101101011001
1110100100111010
0001000110110000
0011101010000111
0111101111110111
0111010111011101
0110010001000001
1010110001010101
1001001010111111
0001000001110100
0111100000001111
1001010001001101
0001101000000010
0100111110010100
1111110001011011
1000001100110000
0100001011010110
0000001000111101
1001101011100011
0011100111101000
0111100011011010
1101011001001111
1111110001001100
1011010100010110
1111010111101000
0011001110001010
0110001001010100
1100111100000011
0011101000110110
0110010100101100
1101110010100110
0010000011010001
1101000111010011
1111010110101000
0111010000110010
0011100101110101
0100101100010111
1101010011011111
0011011110011010
0111110011001111
1010001110010111
0010101001110000
0100100001111100
1010001101100110
1010000000000010
0110111111011111
0011101000001000
1101100101110001
1011011101011010
1011000010000101
0000111111101100
1000110001101001
0000100110101011
1101100111100100
1100101100000001
0011001001101000
0111110000000000
1101000111100111
0001111100010100
0000000001000011
1010000101000100
1001101000101000
1110101010000111
1111100011001011
1001011110010111
0101111011011011
1000101010110001
0001000110101110
0010011000101110
1100000100101101
1011000111010000
1111010101100011
1101000011001000
1010101101010011
1111101101000010
1011100000001010
1111100000010110
1010010110101001
1000101111101010
0111011100000110
0010110010001010
1111101111110110
1101111001010010
1011111000011000
0000001000011110
1101010000101100
1111100010110010
1110110111011010
1011011100001010
1011101010110100
0001111011111100
1100110011001011
0111000111101001
1110000100011101
1010101011010011
1100001010101101
1110000000010000
1001101111110010
0100011101010010
1001010011011010
1000010110011000
0111100011001101
0010001011111000
0000111101101010
0111101100111000
1111111001110000
0011100110111101
1010010011110011
0100100011000101
0100011101001001
1101111010001100
0101110101010100
0010101010011100
1101001000100111
0000011110110111
1101100110101001
1110010001101100
1000101110000111
1011111110111001
0110000100110100
1011011010111100
0001111111010010
1010010110001010
1011110000100010
1101001000000010
0010111111001110
1110110001001001
1101110011101101
1001110100010110
1000110110010101
1000101000111111
0101110100101111
0100111001111011
0101110110111111
0001101011101100
0010110001101111
1100111111101101
1111101111001101
0101110001010111
1100001001111101
0101110101110101
1001011100101000
1010011000001001
1001001010011100
0111011100100001
1111111010010001
1111111010011011
1101000011100010
0100000000110011
1100100101100010
0100111001101110
1001101100001010
1001001010011000
0010110011111010
0110111100010000
1110101010000111
0110101100101001
1101101011011100
0100010011000101
0111110111001011
1101101001111111
0010111010001010
1000100111101100
0000100001111000
1010001010001101
1010101011101111
1010010111000000
0001001010111000
1010111001010101
0101000010101011
0001001100110010
0001011101101101
0001000110101101
0001110100100101
0111011001110001
1111000111101001
0101011001100000
1000101110111000
1100110011110010
0000101101000110
0111010011010001
0000110111001010
1110001001000100
0111011100111010
1011001111010111
1011011101100001
0101000111111001
0101100011010111
1000011010101110
1101111100000011
1011111001111111
1001011100100011
1011110101011010
0111000011111111
0101110010111111
0011111100100010
0010101101111100
1100101001000011
1011000011110000
1011101111110101
1000010111000011
0111000110001001
1001100011010101
0001111110001110
1101110001100000
0100100011101110
1000000111001100
0000001111001001
0101100101011000
1111111000100110
1101100111111110
1111100010100001
1101101110010001
0001110100011000
1000111100111010
0111001001001000
1101100110111010
0001000100100111
0101001100000100
0001001111001111
0100101000010111
1011111011110010
0000010011101101
0010100100100000
0000001111001011
0100010110011101
0010100010010011
0000011101111111
0110011011000100
0111001010000100
0110001011111001
1101010011000111
0000000100001101
1100000000010110
0101101110000001
0010110100100000
0011110111100111
0000101100010011
1001111111110101
1000010000011101
1101101001111100
0100110011010011
1000100000010100
0100111100001011
1000100111100101
1000001010010110
1110001110101000
0110011010000000
1101010010011000
0100111000010111
0011110111011001
0010000110111111
0010111110011110
0110001001011010
1100000101001101
0100001001000110
1100011101100010
1001000011000001
0010110000100011
1101011000000101
0111111101000110
1001010001000101
0011000111111110
0010111110111111
1110101110011111
1001011011111110
1101001111110010
1100101100101111
0001001001110101
1111101001011111
1000111111110000
0100100111100000
0011110110011010
1001100111001111
0011010101010001
0110010100101010
0110100001000111
0110110000000100
1111010001001110
1110001101011110
1100010010010100
0001011110001010
0010001100100101
1000100010100110
1110111100001110
1001110010011110
0001011110101001
0011000011111111
1010100010000010
0011011000011100
1110011010000001
0001011111111111
0111100001110001
0011101111001001
1000001110111111
1100001011000010
0100101110100010
1001101011111001
1101000101011111
1000000110000110
0011011101001110
1011111010010001
0101110100100001
0000000111100000
1000010100010000
0001010001110011
1000110011110110
1100111010110101
1110101001101001
1100001100001001
1001001011011011
1011010111010111
0000100010101111
1001000001111100
1000101110111011
0110101100111010
1111111110110000
0000000101110001
1000000001101000
0101010110010000
1001101011000001
1010011100100101
0000000001010101
1011000110000001
0100111101100111
0101100101100001
1100100110100010
1101000000101110
1001011001000100
1101110001111000
1111101011000011
1101110101011110
0000011010000011
0111111000000110
0110111101001011
0000001000100110
0100010011011101
0110001000101101
1101000010100000
1010100011011110
1101001010010000
1111100010111001
0000111100001010
1010010100011011
0101100010001001
0011100111110110
0111101001110111
1100010101110110
1010010101010111
1000001110010101
1001111001111110
1100101010000001
1101000000100111
0100001001100101
0011010111101000
1010111100010011
1110101111001110
0101110101011001
0000001100011111
0000110111101101
0000011001011011
0010001101001100
0010010100100101
1011010110001000
1100111100110010
1000010001110010
1111110011011100
0101011111000100
1100000010100110
1011100011001000
0000101111101011
0000101100110100
0101011001001010
1111111000000100
0010011111001001
1010010001100101
0111001111101101
0111100110111010
0100010011011000
1010010010100000
0110100001110010
1001100100110100
0111110111110100
0111101011010001
1001110100100101
0111101111101010
0100010011111101
1011010000000101
0000011010101000
0111100101101000
0101111101001101
0100101001000101
1111011110010010
1011000111011011
1010011010100011
1011010101100101
1100101001101110
1110000001110001
1111111011001111
1011101000110010
0001110101110001
1010101101011010
0000100111111100
0010010100001111
0011110110010011
0011011110010010
0101010010100010
0101110100100011
0010110001000100
1100100111100111
1001011100100101
1101101100001011
0110010110111001
0010001101000100
0100100100100110
0000100110001001
0110100110101100
0000110000100010
0001100000111001
1111001011011011
1101011010001010
0110101010110010
0011011111100101
1011100011100010
0111110110110001
0000100010011111
1010001111000001
0100000100100101
1010111000110110
1010100010110100
1010000010111010
1000101011100100
1110101101011011
0111001100001001
0001011010110001
0000100110011011
0000011111111101
1011000101111010
0001010111000011
1001001000110000
1011001110011100
1001101110100101
1111101101001010
0011110000101010
1001111101101001
1010001100110110
1000111110110111
1000010101111101
1110001111001001
0001001011100001
1100010001110111
1000110110000001
0001000111101101
0100111010001011
0001011000000010
1000101101000101
1100100111000101
0011111000010000
0000100000101001
0011011000011111
