1101110110001100
0101110100100101
1111011001101011
1001000101010101
1110000000010000
1101010011010000
0111001010011110
1101000101111000
1010011100011110
1110100111110011
1000010001010111
1101100000011000
0011010111100010
0110001100011011
0111000000101001
0010011111111000
1010011011010100
0001101110110111
1001000110001001
1010110100000010
0010010100101101
1001001101111111
1110111101111011
1001100100001001
0001010001100100
1010111011001001
0111100000000110
1000111110111001
0010011111110110
1100011001000010
0010001110011100
0000101100100011
0010110000010101
1100101010011011
0011001000011000
0010111111101001
0101101000111101
1110100100111101
0100111110011110
0011101000001000
1101110011010110
1101000001110010
1100111100010010
0001010111000100
0011000110101101
0101010010101111
0100111101110101
0100011001010001
1111001101100101
0100100110011010
1010000011001010
1011010000100100
0000101111000110
1110001110000000
1011111101001111
0001111111010101
1101101011001111
1100111111011001
1101111100011000
0110010001000001
0110110010100010
0000101001001000
1101001001100101
1110111000100110
1000110110100011
1100000101010101
1111001000010001
1010101011101110
0011101001010000
0011110110011110
0010100110000101
1000101000101111
1101100101110011
1111100111100111
0001111000010001
1100001111111000
1110000110100000
0111011111010111
1010010000110000
0111110000001001
1111000111101011
0011100100011101
1100001100011001
1111110011110011
1110001100010010
1100111101111100
1011111110101110
1110000010001010
1000110100010110
1110101000100100
1110100100100110
1101111010111001
0001001110100010
0111000100111011
1001011000100000
0100000001010011
0010100010100011
1011011101111111
1100001010100000
0011000011010001
1000000100011100
0010101000110001
1101110100010001
0111011000100100
0110001010100110
0010001101110101
0011101001011010
1101101110000110
1011111001000110
0010011000010011
1010111010101011
1010011000011110
0101110100100111
0010010111101001
0011010101110010
0101010011100100
1011101100101010
1101101010101111
1111101010001110
0101100100011000
1100101110110111
0110000010101010
0000100100001101
1111010101101011
0110110110010000
0101010010000011
1001101110111000
0100000101111010
0111110111101010
1100011111001001
0111001011101110
1010000001101100
1000011010110111
1011110000001000
1101001010100011
0001110111100110
1011001100110000
1110001010010010
0101111110000101
1011100010110001
0110011000101100
0110110101011010
0111100010110100
1110011110011000
0110111111101111
1100010011101100
0110010000100001
1011111100011011
0111001101010000
0111111111000111
0100010111000111
0011100010000011
0011001100100100
1000000100011001
0010010110101110
1000000110110000
0100011111000000
0111100100011101
0010101000110010
0011010011100000
0000110001000110
1000101100110110
0111101100010100
0011101101001001
0001011010010001
0001111010011010
0011100101010110
1011110111001010
0100100110101110
1101000110011111
0000001011001110
0001110110000100
1101011010010110
1001010010011010
1110101101101111
0110001100100100
1111010010010111
0110001100000100
0001111111110110
0100000011110010
1110111110111001
1100100010001001
0101100000101110
1000101111111001
1010011001010110
1010010110001111
1011101101110001
0110101011111100
0110000000110001
0111001000000000
0100010011110101
1110010000011100
0000101010101011
0010001011000100
0111000011001111
1000101000111010
1010110101010101
1010001101111100
1000101100100110
1001010110001111
0001000100111101
1010111110001000
0010010111101000
0000101111011001
0010001100001001
0000101000001001
1110010001011000
1010100001000111
0000000001000100
0010100111110110
1110111101000011
0011101000000011
0000101000111100
1010101000001100
0110010011110000
0011001101100011
1011000001010111
1111011110000111
0001111110011110
0001100010111111
0010011100111000
0110010110011001
1011111111000011
0001110011001000
1011111110000100
0110111101110010
0010001011010110
0001010011011010
0100010001001001
1100001100010100
0011101011011110
1000110100010110
0000010011110111
0111011000001111
0100011000111011
1101011001110100
0000010110001010
0010110111000010
0000110111011110
0001110110010001
0101100101111101
1100110000100110
1000101111000111
1111101000000101
1000111111111100
0010001110011000
1100110001011111
1100101001000111
1011001110010010
0010000110100111
1001010111010001
1010110001100000
0110101100101100
1101011110000001
0100111001000010
1010100001110011
0010110000111101
1111110100110011
1110111010110100
0111001001010110
0000110010100110
1000011010101001
1010111001001001
0011100100100011
0100000101111010
0101111100110010
0101011000101110
1001111011001101
1010101011001011
0111111110010001
0100101101010000
0011011110011011
0111000100101000
0111000110000001
0011111000000010
0110111111100101
0001000111010111
0000110010110110
0111110011011100
0111000001010000
0001110101111011
1011011001010111
1001011101110001
0000000011011000
1000100011000011
0111101011101011
0011101100010110
0011000000111101
0011011100001011
1010001111111110
1010001001100010
1101001110001011
1111110001111101
1101101101111001
0000100011000101
0110010101000001
1111011000100000
1100011111101101
1000111101101001
0001100100001101
0000001000110111
0101010001011000
1101110101111000
0110100101101110
0100101000111101
1111011100001111
0100111011101011
0110011111100111
0100010110010011
0011001000100001
0010000011101000
1010000111010001
0100110111010110
0100101000010110
1011111101101100
1110100100100010
1011001110100100
0100110000000100
0000000101111011
1111111100100101
1000100100010101
0011011011001001
1101101001101000
1010010101010110
0100100011110101
0011011100011110
1101010000000101
1000000000000101
1001101001010011
0100010100010011
0000110011110110
0001100011101110
0111111101000111
0000110110010011
0001000100001001
0101100000101110
0010111011111000
1111011101000011
1000010010100011
1110001010010010
1110110100101110
0011001010111111
0111100101011011
1110110001010001
0011101101101010
0111001000101001
0100100101000010
0011001110111011
0010010111101110
0101000101011110
1000011000101011
0000101111000110
0110001110000101
1010000011100000
1010110100101010
1010010011110000
1110001101101010
1000100010101100
1111011010101101
1101111010100010
0101111001110001
0011111111110101
1100110100001001
0000101010010111
0101000100001101
0101001011000011
0110111101010010
1000101011010001
0111111010101101
1010000111001000
1001111000011000
0010001010011111
1001101010100001
1000010101011100
1011010010011111
1101010101101010
0010101101010101
0110100010011100
1011100110000001
1100101011110011
0010111110011011
0010001111001110
0100111111000001
0001111101100010
0110011000100010
1011000001100111
0011010010100110
0101000111011111
0011011111001010
1110101011010100
0101100010001100
1111011001101110
1110111001100010
1110010101001111
0010111100110011
0110001000100100
1110011110100000
0001010100101001
1110000001001100
1110111100010011
0111101101000011
0111111011001010
0001110101010001
1111000101111111
1110010011010010
1100000010011101
1101000101100101
0101100101101100
1011010000110010
1010010001000110
1001011000100101
0111100110110001
0100101110010011
1111001110000011
1010010110101010
0100001001001001
1000000100100110
1101010111101000
0000101000011011
0101111011100100
1100110010101001
1101110101011100
1001100101110010
0000001100110001
0100110100101100
1001000101111000
0101100001110010
0111000000010010
1111111011101100
1110110000100110
1110100000001001
1101111111111111
1011100010110100
1001010111000100
1110011010010111
1010011000100010
1100111001011100
0111010110000111
0101101100001011
0000000001111011
1111110001100000
0000111101001111
0011100011011010
0001001001010111
0011110001100101
1001100110010110
0110001010010000
0001100110100000
0111011011111110
0110100110010001
1000110001111100
1000010110010010
1011010111100101
1110100001111011
0111101010100101
0111011111101010
1110111001100010
0111010100111110
0011110100101010
1001011011000001
0010100010111010
1101101010001001
1100110010010010
0101000111000100
0111001110110111
1101000101000011
1010101001111000
1101101101110110
0000000110110111
0111011111011110
1011110101000110
0101101000100001
0011011000010000
1111010111001110
1011011010111001
0001011111010011
0010111010100111
0111101011000001
0000010110101000
0001001000110011
0011101001111001
0100100000100010
0001000010000010
0000010101110011
1001010011010100
1000011010101010
1110100001011011
0010100111010000
0000010011100100
0100010100101101
0001011010101010
1011101001110111
0101000100010110
0001001011101010
1111101110100010
1011101111110100
0010000000011010
0010011001010101
1000110000001101
1000101101010010
1010101100110100
1100100100111000
0000001111110110
1110010011100110
1001110000111011
0110000101101001
0111000010011101
0000001001000110
1011011101011101
1110000010100011
0010010111111001
