0010101111110111
0101101011100001
1000010110010110
0111110110110011
1110110011111101
1111110011100110
0001001110011101
1100111010110011
0100111000100000
0110101010010111
0011001101001011
1100001010101000
0001000110110001
0000101001101000
1011000100001011
0000100111101011
0010111110111000
1000011111001110
0001111000001000
1100001000001100
0100111111100000
1111101001111111
1011011110110100
1110010010001110
0010010010011010
0100010011100000
0111100001011000
0100111101011110
0101011101000001
0001101100010111
1110011110000110
0001101001110010
1011010101001011
1110011101100101
1001111100000010
0101100000000110
0100000000111011
0111101010010011
1001010111011100
0000000000011111
1110011010100010
1000110110001100
1000111011100111
0111011010011011
1011111111010101
1000010010111100
0111000001111000
0010011110100011
0101010000001000
1000110000011101
1100111111000101
0001100001110010
1001111001100111
1011101010111111
1111000001111011
0101110001111110
1111110011011110
1110110011111000
1111101101000000
1100110111101110
1100100001110110
0010101000111000
0110110111001011
1011110011111011
1110100001001110
0010110101011111
0100000010010110
1001110111011011
1001111011100011
0010011111111010
0011110001010000
1000110001001101
0100001000001110
0111100110000010
1111000010001100
1110100100011000
0001110101110001
0011100000111110
1011010010011000
0011011000010111
0100011010101111
1001100110101011
1111001110011110
0110011000110111
0111010111001110
1110110110110010
1111000111000011
0001011100100011
0011101111101001
1010101110001101
0011101011110110
0101111001010101
1001010100000110
0101100000011001
1011000110101100
1111111111110101
1000000110111000
0110011100000110
1010111101101101
0010110000000011
1001100011000110
1010011000001101
1100111111000010
1111100001110100
1000100101100000
0000010111111100
1100101001100000
1100000111101001
0111000011000000
0101011000011100
0111010011000100
1100100100011000
1000000000110111
1011000100100011
0110100100110110
0111111010110111
1001000101100000
0000100101010101
0000001011111111
0000101000111001
0111110100110010
1000100101010001
0111101001110101
0000101011101110
0000110011010111
1010011011010010
1000110011001111
1010010011100010
1010100011000110
1100001110000110
1010101011011111
1110010100101000
1101010011000011
0100010000001100
0100011101110110
1110111111110001
1110011010111101
0001010010010011
0001110100011010
1010111110010011
0001010000001000
1001110101001100
1010000110101100
0110000110010010
0110101111110000
0111001110010110
0011001110010001
1110100010001010
1111100111011000
1000111011101100
0111111001110100
0100011100001001
0011111010110011
0110001010010011
1100011110011010
0111110110101100
1010110101011010
0011111001100000
0011000010101111
0110110000111101
1000011001110100
1010101010010101
0010011001010000
0000111100010100
1111110101001111
0011010110001111
0100101100100010
0010110100101010
0111001101111110
1100110000000011
0000100000100001
0010011110101101
0111110101110110
1111000011110110
0111000000000110
0111111101011010
0110101100101111
1100000011010111
0101001101110000
0111111011111001
1011001000111001
0111011100001111
1010011100010111
0001011000001000
1110010010110110
1000001110101010
0000111000000000
0000000111001101
0111011111100010
0010011000111101
1110101110100111
0101111010001010
1110011100010100
0001000110101100
1000111101101110
0100101000001100
1011100100001011
0011101110101101
0101100111111001
1111101110011000
0101001110110000
1011110111001101
0000111010110010
0110011110100110
0001111000101101
1101101111001000
0100100100101110
1110001101001110
0111001001111110
0101110000100110
0001000000000011
1001101011100110
0011101000111001
0101101111101001
0110010010000001
0110001010001100
0100101010111011
1010100110101101
0101111011000000
0110000000100101
1111101101111111
1111001100001001
0111101101110101
1010111010001100
0111011001011111
1001110011101011
0000101000110011
0001100100101000
1000101100100111
1101100001011110
0110001101001011
1011001010010111
0101010111101000
0101010000010111
1111111111011000
1010000100111101
1011001111010001
1100010000010011
1000110111100100
1100110111111000
0111100010011000
0011110010011110
0100101110100001
0001010001000100
1111111111101111
1000110010111001
0100000100010101
1010001100001000
1010111001010110
0111101101111011
1011000101111010
0100001110110001
0100011010011010
0101000001101101
1001100101010101
0000111001010011
1110011110010111
0001001101000010
0010000010101000
1011110100010110
1010001011001000
1000101110101001
0111101101011110
1101100101101111
1010110101010001
1011000100111101
0101001111101000
0110000101101111
0010100001110000
1101010000011111
1010000010000101
0101101011100001
0001000100011011
1111110001011111
0000100110001101
0000010001001000
1011011001111100
1011101000011010
0100111100110100
1100100111110101
1010101001011110
1110010111010111
1001100000101111
0110010001111110
0100000011111000
0011000110101010
1001111010010010
0000101011110001
1001010011011001
0001010110011000
1010010101000000
1111111000010011
1001011101110010
1011000101011110
0110110011101110
0010011110100101
0010100100110000
1001110010011111
1111010000000111
0010111111101011
0010001010000011
1000100111101111
0100001110111110
1011000011110110
0101100011010001
0010110110101001
1000110001111111
1110000101010000
0011110100011011
1001111011100101
0101101110111011
1001000001011000
0100001110110001
1101010010011100
0101110000011000
1100010000100000
0100111110100110
1011000100010100
1000110011110000
0111100011011011
0111111010101000
0010110011010111
0111111001100100
0110001010100011
1010001010110110
1110000110000010
1001100111110110
0101110111101110
0110100011010001
1000111100000011
1011000100111011
1000100001011001
1000110011001110
0000011111111110
0111001110101001
0111000010111100
1010110100101100
0010001110101110
0000011010001000
1000101001010110
0000100110110111
0110110001111111
0001110111001100
0011001011011101
1101101001101011
1111110111111101
1011100000011000
0111010000011110
0001000010110011
0011000011000001
0010001111010010
0000101010001011
1111100110010101
1100110111001101
0110101011000001
0100100011110000
1001100011111111
1011011001000000
1011111011101101
1111001000010111
1110010101001001
0000010011001001
0001010101000100
1010011101010011
0010001100011100
1101011001010111
0100010101111000
1101110101001010
0111010001101001
0010101011001100
1101000110010000
1110111000001110
0000100010110100
1000001101010111
0001000111011011
0110111001111010
0001100001111100
0010110011100101
1010010111110001
0011001001010110
0001101011101101
1001111110010100
0110110001011001
1111110001110011
1111001101101001
0101011010101010
0010010111000100
1101100111110011
0100000011110000
1001100001100100
1100001111111100
1101010101110010
1101010101100101
1111100001110011
0111000110000000
1110101100111101
1101011111101111
0000110000001111
0000001110110010
1011010010000101
1111000110100010
0111011110011010
1111111110111111
1001011100001100
1011000011100000
1000001010111010
1000011100101111
0001111010100110
0011110100011110
1000000110011000
0111111001011000
1111010000110000
0010000100000111
0110111101100111
0101001101000100
1011000011101011
1011100001101100
0110100110000100
0011011011000110
0011101001010001
1000010011101101
0110111101011000
1101100000111001
0010111110000110
0111100101001100
1001010001001110
0000100100101010
1000110011001010
1011011001011111
0100011001101110
1010110110110110
1001010110011100
0110111010111111
1011010010011001
0111000100111010
0111000100101000
0101101101011011
0010110001010001
0100010100100001
1100001010011000
0001001111100001
0010111111011010
1111100010110101
0110110010000110
0111010110000011
1010100101101111
0111101010001000
0111000101010000
0011111000110101
0100010010001101
0011000010010101
1101101111111100
1101100001001110
0011000011011110
1011110011111101
0101010110010110
0011111100111110
0110000110111111
1101111100111110
0101001010011100
1110000100000001
0101000010011101
1001011000000110
0111000110100011
0010001110010010
0101111111001100
0001100110001010
0101100001011000
0011110011010101
0111100101011000
1100100010001000
0100000001001001
1101111111011001
1000011110100011
1001000100110111
0111101111101011
0000001001100000
1101101010100011
0001100001111100
1011101010011110
0001100110010111
0010100100111100
1110010010111000
1110101100100010
1110110001010101
1010100100100000
0101001000010101
1101000111110011
1110101111011001
0000111010000011
0001101110001100
1011011000010110
1011010101110111
0111011010100001
0001010111010110
0110001100110110
0001110011111010
1101000100001100
0111110110111001
1001011000001000
1110010111000111
0100011001000010
0011110010011011
0100110001101001
1101100011111101
1110000110101011
1101010010000101
0110011000001000
1100110111011100
1001110101000000
1011111010100100
