1011111100010000
0000100010100110
0111111100000111
0100000110101011
1100101010001101
1110000001111110
0100001000111010
0001101101110101
1111100010100110
1000001110001110
0000110100000111
0010100111111000
0111110000011110
0011011010101000
1000100010011100
1011101011011010
1011110111010001
1010000111010001
0011111000110111
1011100010010101
0110111100100101
1111000001100100
1000001000100110
1011100000011100
1101000111001101
0101111011100001
0010010101000010
1101001100000100
1001101100001010
1001000000110001
0001001000001111
0110011111111001
1011011011000011
0101100010001101
1011010101001000
0001011011011001
0111010001111001
0000001100011110
0110011000000110
0110011001000100
1101100100100000
1000110011011001
0000110010001001
1010110110011001
1101111100001100
1011000111000111
0101001011001000
1011110111101110
0110011011010000
0101001101000100
1101110001011011
0110010010110000
1011001101000010
1101100110011010
1111010101100100
0100111100001001
1011000010000011
0011000111110001
1001111001111010
1010111100111101
0011011001101101
0111011111110011
0010111001100010
1111111100101000
0111010101110011
0000010010110100
1100100101010101
1001000001011001
1100000111000000
0011100111111110
1111100000101010
1011100111000011
1000110111100110
1111100101010011
1111000011000100
1001101100000000
1010000100010111
0111101010010011
0110110010101111
1100011000110001
0011100001101001
0011000010111110
0101001010100011
0001100111100110
0100001010000110
1111111100000110
0011110001111011
1111010110011111
1101100010000100
0110100001111010
0001010101100100
0000100100101101
1101011100110111
1000110100001110
1010000010100010
0001101101000100
0010010110001011
1101110001010011
0101101001001110
0010100110011101
0110000010011101
1110101110000110
1101111010100000
0000101110000101
0101010001101111
0101001010011110
1100100111000010
0111011000111101
0011110010110010
0111101111101011
0100011100000110
1011111011110111
1001010011000000
1110011101011011
0111101110000111
0110001000111010
0111010110100000
0101011111100000
1100111100011000
1000101101111100
0010111001101001
1001011101110000
1101010111000010
1011110100011000
0111111010101010
0010100100000111
1110111101011100
0110101010101010
0000100011000001
1111011100000000
0011100011010001
0010011001101011
0110111010110111
0110101011101101
0000101100001000
1101100011100100
0011100100000111
0100111100110101
1111101011011001
1111111111010010
0100111000011001
1111111110101100
0000010100100101
1000011110000001
1100111111011100
0011001100110101
0100110101001011
1110100101100110
1011100000010110
0110010100100000
1001111101011101
1011011000010010
1000011111011010
0011011010100000
0001111101111001
0111001001010110
0100000010110001
0110101001100101
0001100010000000
0111000010000001
1001011111001000
0010111100001101
0000111111011110
1011011000010000
0110001001100010
1111111110000110
0111011001010110
0100111100110100
0010010100111001
1111111010001011
0101011011101110
1011011011001011
0100100100011000
0001111100010011
1001010100000110
0111100100010011
0010001001011110
1010110001100010
1111101110011001
0011110011001001
0000111100100100
0100010101110100
0011101111100111
1000001000000101
1110110000011100
1001111011111101
1101001100100100
0001111110011101
1000011010110000
0110111001101101
0100101001100010
0110000101011010
0111100101100111
1100110011101111
0101100111111000
1101100011010000
0001111001011000
1101011111101000
1110000000101010
0000100110000011
1011010000010100
0101111101010001
1010011101010100
1010011010001100
0011010011110110
1001101001111010
1110101101100001
0110000101001100
0111100100000100
1001111100010100
0110101111110000
1111100001001101
0011000100110101
1010110000110111
1101001011110100
1001101110110100
1001101110001100
0010101000010111
0111010010101110
1010101001100001
0110101110101011
1110100011110000
1111001010100001
1010011110001010
1000100010101001
0001110100111000
0111000000011010
0110000000011001
0001101010110001
1100001000001110
0000010010111111
0100001010100111
0101000110111110
1101011100101100
0001101111101100
1000000001010000
0110000100111110
0001110010100101
1111011011110011
0011111011000000
0110111101000010
0000011010000111
1011000011001110
1101001100011110
0001100010010001
0001011001111101
0101000000100011
0000100001101010
1101111111100000
0011011101000000
1011101110110011
0111100100101010
0000101011010001
0001111111010010
0100111011100010
0000001001110111
0001010000101101
1010010111101111
0101010100001011
1110010000101011
0011111100111001
0101000000111111
0100101110100011
0011111110000101
0001111100001110
1000101010111110
1100001000001100
0110010100111001
0110001101000101
1011100110001100
0011110101001100
0100010011111100
0101101010110001
1101100111111100
1000010001101110
1010010101011100
1110100001011110
0010100101000111
1100111001111100
1010111111101100
0100000101100111
1010001100000110
1011100010001100
0000111011010110
0100101010001110
1110010110110001
1010010011000001
1110001000100110
1101100100101001
0111000101001101
1000111010100111
0001001100110000
1111000101110101
0111011000110010
0111001011101011
1001011010101000
1110101000000000
0111010011111110
0001100101010011
1001110001100100
0110100001110000
1101000101011111
1010100111111010
1001011000011100
0001110110000001
1100001100000101
0100101111110110
1100110100011011
0001011011101101
0101100111000101
0011001110110110
0100001001110001
0101111000111111
1100000101010001
1001011110100100
0001110111100011
1110010001000111
1110000010001100
0111111010110101
1001101110111001
0000101100100101
0001100111001111
1000100010011111
0110110111000000
1110100111110011
0101001010011010
1000111000101110
0100000111001101
0001101010000110
1110111001010101
0000010001000010
0100000010010011
1010111001011110
0011010010011101
1011011100010001
0011101000101000
0101010011110111
1111101101110001
0110000010111000
1000100000000000
0011100001011001
1101010111000100
1100111011011100
0101011111001100
1100111010111111
0101111011000111
0001011000111001
0001001111011011
1000100101100101
1110000100101001
0100101000001110
1010011001011011
1011010100110110
0100000001100000
1110001001000010
0111011011100001
0101111110000010
0001111110011101
1010011101000110
1011001110010001
1000000100110001
1110001010100010
0000100110100100
1110000101000100
1010101100011110
0100011101001000
1001100010010111
1101010110100001
1110000101110111
0011001110100101
0010100100110011
1101010011101110
1011101111001110
0010000001100110
0000011101111110
1011101010111111
1110100111000011
0111101110010011
0010001100110101
1010110101111110
1111111100000010
1010111011110111
1001100001000101
0111011010110110
0101100011110111
0110101001101011
1010000100100110
0100111010000110
0101110001101111
1010100111000011
1000001000100111
1011001100011101
0011011101100011
0111100111011000
0101111101110100
1011110011010010
1001000100000011
1110000000001100
0100101010111101
1111110101001101
0110111010110111
0000111010011111
0101101101101000
1011111011101001
1101100000111110
0011111100110111
0001100100100001
0101001010011000
1010001010000101
0000100011010111
1100011100100110
1000101100111010
0101101001010000
1000010001011100
0001000100100010
0000001001000101
1011011110001111
1111010101010010
0000111001100000
1011010111000100
1110110111000100
0001001011100111
0101010111101001
0010111101100101
1000110101111001
1010000110110000
0010000110001100
1101011101100000
0000111110001111
0101100001011011
1100111001111100
0111101100101110
1101110110000111
0100011010101110
1101111101000110
1011100010101000
0011011110010001
0000101111111100
0011100111110000
0000000010100010
0111110111001110
1000111110101010
0000111000111111
1000000100110111
0100010110100010
0111101001101101
1000111010111000
1111001010001001
0111100010111110
0001111111001010
0001101000010001
1011000010101001
0011010111100101
0011000000001111
1111010011010010
1010110110101010
1111000100111101
0001001111101101
0111101101010001
1110001011000101
0110011111011010
1010101011011000
1001110110110111
1010100010100100
1111001000110100
0001110101110111
1000110111010001
0110101101000100
1010010100010101
0110011010011101
0110000100110100
0100100011001110
1001101010011101
1010000000010110
1001010000101010
1011100010011011
1110101000101000
0111101101000100
0101010100101011
0000001111111011
0100110111010100
0001101111010000
0110010110111010
1110000000001000
1000010110111010
0000000010100100
1011111010000001
0011011101100111
1001000100000100
0001000101011101
1011001100000111
0000010010001100
1100110000011101
1010011111010100
0100101010101010
1011110111101100
0001110100010001
1101010101010101
1110010101000100
1110000110001100
1110011010010000
1110111110101111
0000100000001111
0101001111111110
0101100000011110
0110010100111100
0111110110000000
0111010001001101
0001001001100111
0010011001101001
0101110011011010
