0110011110001001
1111000011110111
1010001111000000
1110000100010101
0011110010110000
1001010011011000
1111100111001000
1000000110001110
1101100100010110
0111111100010010
1100010111001011
0010101110000001
1100000001110001
1000111010001011
0001110001010111
1011110101101111
1010110111111000
0001111110001111
1100011110001110
0100011000110101
1101011110111010
0110010010101001
1110101001100000
0110011010101111
0000101010011100
0010101111000111
1000000000000011
0100101101000111
0101110110010011
1010100000011110
0110101010010101
1110011010111001
1111000011100010
0010111110111111
0011010011010110
0010101001011101
1011010110000010
0111011100010111
1010010110001011
1110011000000010
1100001010010100
0001001000110111
0101101101101010
0110111100010100
0110001011001001
1010000111011001
0010100010001110
0000111011001111
1010010110011001
1100110011101110
0000111000101111
0110100111100111
0010011111011110
0000100110101010
0100110000101110
1010001100011110
1111011001110101
0000101001011000
1111100110110001
1011110010100000
1010000100001000
0111001011111110
1001011001011100
1111011101100111
1010000010000110
1000011101001010
0101111010011100
0101000001001011
0001011101111100
1111010010000010
1101100011001010
0101010000010101
0011010111000011
0000111000111110
1100010111010000
0010011101100100
0100011011110010
1101100000011010
0100011011011011
0000100011011010
0011100000001010
0001111100000010
0101010110101010
0101100000100101
0110111110111000
0111010110101000
0001101000101010
1000100010111011
1001010101011100
0010011011001010
1111111011010111
0011001101010001
1110101101011110
0010111100000111
0001111001100101
1001100110111000
0001101101111110
1011110101000010
0110011111101010
0111110011001011
0110110001000101
1111110000101110
1101101011100000
0000111111111111
1010001110101110
1010100000000110
1001010101110100
0111111111001101
0101010101110000
0110100101101001
1000011011011111
0101010101110010
0100011010010001
1100010111000101
0111000001001010
1001101000100001
0100100010011100
1011011011011000
0011011101110000
1111100011001101
1111001010101010
0010100100011010
1001100010011010
0100000110110101
0101110010000010
0111111000111000
1010110100111001
0001101100001000
0010001010010001
0100010001100110
0001010001101110
1001010111010000
1011011101101101
0111110000110111
0111101010011000
1111100101101100
1100001000000001
0000001001110100
0011010111000100
0011010010011011
0110111010001000
0111100110010000
1010110010100100
0110100110111010
0001010000101001
0110101010100101
1000111001101010
0110000100110110
1011000100100110
1101111001110010
0101101001111100
0001001111111000
1111100100010000
1001110001110111
1010001101000001
1100011000100111
0100101101010100
0010100001001111
1010111100111010
1111011110100000
0111001000000111
1010010011011110
1100011000001101
0111000111110010
0010101111100110
0011000001110001
1100001010101010
1000011000111000
1111110101111100
1111111101001100
0110010111011111
0010001110110010
1011000001011101
1111100000000110
1010101110101010
0001000011101000
0101011110011101
0010001000111001
1110111101101111
1110111001111001
0111111101100011
0110100101000110
1010110100000001
1100001111001110
1000010110110100
1011010110010000
1010001010011010
1000110110101111
1011100100110111
0000100001111101
1011011111101001
0010110001001000
1011111000110011
0000100101110110
0000000111000000
0101111010101000
1011001010101100
1111011111100001
0010111111111010
1010011010011110
0000000110110101
1110111100001000
1111111100001100
1110010000000100
1001111111000000
1111110010011010
0100110000110111
0101101000111000
1110101101111001
1001011111000100
0111110111100010
0010010011110110
0100111111101000
0010101100001000
0001001001110000
0001001110111101
0011111001100110
0010010101100011
1001111110011111
1010101000000100
0011111011001010
1100000111111100
0001010000001110
0011101011001000
0111001000100110
1111011100101100
1011011101000000
0111010110011111
0001111101101111
0000110000000010
0011010010100110
0011110000001111
1100000001010100
1010111110011010
0111101010111100
1001100010100001
1100100110000101
1111111100101011
1010010001110100
0001010000111010
0110101001100000
0101001111011110
0111000001100000
1110010011001000
0110110101001100
1110101001111101
1010101010000111
0010110101001111
1000011001100110
1011101111010111
0110111011111100
1001111011001010
0111100111100000
0110101111101000
0111001011010000
0101001001000001
0100010011101001
1100100111101011
0010010111110110
1110100110101100
0110101010011000
0111100110110110
0100000001110000
0000001011111111
1111101100011111
1110000001011110
0011101111111001
0100100001111110
1111010011011001
0101001100010000
1110110010000011
0100011011111100
1100001111000100
1010001010011011
0011110010100000
0001001101110111
0011011011100101
1111001110010111
0001011111110000
0111011000101100
0101000110011100
1001000100100111
1000101011010011
1000001100111001
0100001001000100
1110110001101111
1101111110000001
0111000000110000
1000011101011101
1110000001100110
1000001011101001
1010010011010011
0001110000010101
0001110110110111
1101001101010010
0001110010100010
0001011101100001
1000100000110001
1010001100000100
1000001111100110
0010001011101111
1001010000001000
1000110001011000
0110000100010011
0000010100101100
1001101110010110
0110101011010001
0100010011001101
0111000001111011
1110010101001100
1000010110001110
0011000001000011
0100010001000010
1101110000100001
1101001111000111
1000100110110100
1011100011111001
1000101100110001
0101011101100100
0100101010010011
0100000001001100
1010111001011110
0010010001010010
1010001101001111
1111011110101010
1101100100000011
0010101010100110
1011111000011001
0100100110001111
0001000000000101
0001111111110110
1001101100000100
0101101111110100
0100100001011000
1011010111011101
0111110011111000
0101101111011010
0010001111001000
1000011000110011
1111000011011011
0101101111010101
0000100000011010
1011111100011011
1000011000101011
1011101101111101
1110011100001110
1010100110111110
0100101001101111
0001110111010011
0100100001101111
1111000010100101
1001110101011110
0100111011101100
0101101111010110
0100010001000111
0001100010101100
1011110101100010
0110101001000110
1111110001101110
1001111100110101
0010111011010101
0100111100011011
0110111110010011
1001100001100010
1100010010100011
1101110110111010
0101010001100000
0010110101011111
1100111100100101
1010111011000011
0010110100011010
0010000101101111
0110010101010010
0100000101011011
0011111000100111
0101010001111111
0000000001010101
1011001010100011
1010000001001111
1111101011011010
1010011000011110
0010000000101101
0000001110111100
1100110101111100
0100100100111000
1100010011001100
0101110111100010
0111011110101101
1010010100010101
0100110101000001
1101100001100111
1110110101001000
0111001110110001
0111010100000011
0101101011111110
1110011011000011
0001110110111101
0010100011001010
0100111001101101
1101110100111110
0100010000010011
0111010111101100
1110011101010010
1101110100000101
0111000010100011
0100111011011010
1001001010100001
0001110101101001
0011010000110110
0010000101100110
1000000011001000
0011010101011010
0111111001100000
1100011101100000
1001010001111110
1101001000110110
1101111000111001
0001011001101100
1011101101011101
0111111110010111
1000111000011100
0011001001111100
0010101011011100
1001100001011110
1000001000110000
1001111001110111
1101110010110001
0011011110001100
1011011001011111
1000100100110011
1110110101111011
0101010100100101
0000101000101011
1001101000101010
0001110000100101
0000110101100001
1110101101000000
1110011111100000
1110001100011011
1000100011010011
1101010110101111
0100100100000011
0010011111110011
1110001000110101
1010011011001011
1010010000000000
1011111001110101
0010011100010111
0100011010100111
1100101010001100
1100100101000010
0011010101011100
1000011100100001
0011100001010100
1000100011000001
1011100111111010
1101011011110111
0110001010011100
1100110000100010
0000011110100111
1100110001110001
1111000100011100
1001110000010100
0001011100011010
0111010111000101
0000110101000110
0000001010001001
0111100101100010
0001100001010100
0000110100000110
0011011111110110
1010111100011000
0101101010100100
0110111111100101
0010001111110011
1000001010111101
1100001111100010
1000111100100011
1000011000011111
1101101010111011
0000100001000101
1000010011001110
0111101001101001
1010111110101010
0100010001000010
0011111111110110
0001111111011010
1111001101110010
1001010111011001
0011011011110011
1100101000100101
0100101100101001
0101101110011001
1001000110001010
0001100000011011
0110101011100110
0110010001011011
1001001101010100
0001011101110001
1100011011100101
0100011010000011
1010001111010011
1110100010010100
1110010001010011
0010101111110011
0111001001010000
1011100000011100
0111011100011001
1000101110101110
0100001001010110
1001010110101010
