0101110111110001
0010001110111001
0011000101111000
0011010100110111
0110100010010111
1100001110110101
1011011110010011
0110101101100001
1111100000001111
1001100010101011
0000101001101010
1011101010101110
1110011010100010
1100101001000110
1001111000110010
1000111101000001
1010001110010000
1000000001101001
1001011011001100
0000011101100011
0101001101000100
0001110001011101
0101011011010010
0001100001010011
1010100101110101
0101011111011010
1100110000110101
1110001110000101
0110101010010001
0100110100100001
0101001011111000
1010100110111110
0011000111100110
0010000001100000
1111110001001101
1000100111110100
0110111000011110
0010010011000111
0000010101110000
1001100100011111
0111001100100011
0010010111000011
1110101011110001
1101011010001010
1011000011111010
0101101000010001
0110101001001101
0010100011001110
1110100101100111
1000111100100101
0011000110100100
1000010011101110
1010110011000100
1100110100100100
0101010010100101
0111101010110111
1101101110001100
1100110011111111
1000100010000011
0111001111011110
1010011000010011
1011110011011000
1110001101100111
1000100101100111
0001100110111010
1101000110011001
1111011011111111
0101001011000101
0010101010111100
0010001100110100
1001001101101100
1101111011001110
0111101010100001
1100101001111001
0001110011001010
1000010100001010
0101110010101101
0011100111111111
0101100111111010
1000000000011001
1000010100010011
0111100101001001
0101100101111001
1001110001011111
0111001101000001
1011110001111000
0000110110001001
1110101011100001
0101110010000110
1010110111111000
0111001001010100
0011100100000110
1101100001110001
0111111011101010
0111011110001011
1010111001110011
1111110101011000
0010000111100000
1010011110111010
1101000110100110
0101111101110001
1010001100001011
0111100100000100
1001011000000010
0101111111101101
1000100010100001
1100010111001100
0110010001101011
0110110110000011
1101001110100111
1110111000000011
1000001011111000
1111010010101001
1001111000101010
0101010001101001
0010001010000111
0110111101011111
0110011010010010
1000010000010111
0110010001111011
1100000110101100
1001110111011100
0000111001001000
0101100110111000
0101110101101101
0010110011010101
0011000100001110
0000101011001011
1001111010101110
0001110101001010
1111010110000001
1001010101110110
1010000001010010
1101011010001110
0100101101111010
1111000100011011
1110100101110100
1011111001101011
1101011000100110
0000010011000101
0101000011000101
1000100000001101
1000000101000101
1001111001110010
0111100000001111
1001011000100100
1000110100001000
0011001101101100
0001101000101001
0101000010100011
0111111001110111
1101110101000111
0010011000110100
1111101110101011
0010011010011100
0001011000000011
0100111001101001
0110000000101101
1011000010101011
0110010001010001
0001010101010011
1010001001100001
1101111111011011
1011001101101110
0000011101110100
0010000100101111
0000110001110011
0101111101001011
0100100101001110
0010001100111011
0001111110100001
0110011000101010
0111101011101001
0010011000010110
0111011101111110
0000111100011000
1000101111101000
0101110010110000
1000101101001111
1110001000111010
1001010110110010
1111111101100111
1100000011010110
1101111100010110
1011001111111011
0001000111111110
1100101011100011
0101001000100110
1010111001111010
1000100011100110
1111010011100101
0111110101001010
0011010100101100
0001111011101011
1011110100000111
1001100111000100
0010000111100010
1101100001111001
1110111010011000
0010011011010011
0101111011011010
1001110011000010
1010100101010101
1110101111010111
0111000110100101
0000010110001000
0001101110110011
1110001100000111
1101000010101010
1111100111111011
0100011010010000
0010111010011111
1010110010101101
1111010011000100
0110001010101100
1110111110011001
0001110100101101
1010100110101011
1010111010100110
1000111001000101
0010010010011111
0001001010110100
0011111101111100
0100000001001100
0011001111111011
0111000011101010
0101101010100001
0011010001110110
1010001110111001
0100001010101000
1011111111000010
0101011011100101
0000010111001001
0110110110010011
1101011010100110
0000101110011001
0010001011010110
1101001010100000
1001010110111000
0001000001011110
1001101101010100
0101001100111001
1101101000111011
0011110110110101
1000101001010000
0010010001100011
1100110110001101
1111111111000100
0001001001100110
1001011111110110
1110011000110011
1001000001101011
0101010010100010
0001001011111110
1100000000010110
0001111110001001
0111000111111100
0010111000111110
1001101000011111
1111111000100110
0110011001001011
0001100100011000
1100011100101011
1100010001111111
0000011110000110
0110010100011101
1110001101100010
0110011010011101
1110100111110110
0110011011010000
1110011101110000
0001010001101010
1111010010101001
0110001001011011
1001011101101101
0011011101011110
0011110110000101
0000101001010000
1011101110001000
1110101110100110
1001000111111110
1101101101100011
1011001111011001
0111111011101111
0001000001100000
1011010100110000
1000011111011001
1011011010011001
1111010100111010
1111111010010110
1110100101011010
0011011011100001
1111010110110110
0001110101011001
1000010110001000
0110110100000001
0000000011000011
1010111011100110
1011111000101111
1001011000001001
0011011100110100
1011110110011110
1000001100001101
0010011111001001
1000101010100000
0101110110111001
0000100001000010
1111101000111000
0110101100001111
1110111000100010
0000010000001110
1000001000011000
1111111010110100
0101011110111011
0010011000010000
0100100001101011
0011111110001100
1001110100000000
0100001011110110
1101100010011110
0111100111010000
0110111100011000
1001011001000000
0111011111010011
0000101001100011
1100010101001001
1000001010000010
0101010101110110
1100100001000001
0010000111101000
1001101011011000
1011011000101101
1000111000101010
0000111001001000
1100011111110010
0011111011001010
0111110010100000
1000010011010011
0011111011100011
1011001110100001
0110100000011101
0001110010111010
0110100001110011
0001111010010101
1010001000011001
0010101000011101
0000001110101010
1100110011111000
0010111010101111
1001000111110111
1101010110111010
1101101110101110
1001100101100010
1001111001001110
0011010000001110
1100010101001110
0000110011001010
0110110000110000
1001111011110100
1110000111101001
0111101111110001
0111101001000011
0110010011110110
1101010111110000
1000000001011011
0110111011110011
0100100110100101
0100011001101100
0110010011100000
1100100000100110
0100000101100110
1001000010010011
0111111001000111
1110000011100101
1001000100001101
0010011100000111
0100000101111000
1101001110000100
0001101111111101
0100000111001111
0110101111010101
1100001110110001
1101110001100011
0110110010001001
0001000101111011
0000101100110001
0010100011001011
0100110100100101
1110011000110100
0001110101101010
1000101011110011
1001111101100001
1110000110100111
1010111100010001
0100110100110110
0010110101011001
0100111001011101
1101010011110000
1101110001011010
0010100101100010
0001111111100010
1110111110010110
1110100100101110
0000011010100001
0100100100010100
1101111011001110
1100011000101011
0100000110000100
1101000010100101
1010111101010101
1111011111000111
0110010101000110
1010110101010010
0100000001100110
1101100101010101
1011001010010010
0011110001101011
0010010000010101
1100010100010011
1001110110111010
1010101000010001
1101101011110111
0000001001010011
0100101110001010
1110011000010010
0111110011000101
1111000010000011
0000100100001100
0001000011101101
0110010110011000
1101011111010100
0011111110101101
1001110001011011
1010111001011101
0111000010011010
0011111101111100
1010001100111101
0100001000111010
0100111110001110
1111001100001011
1001110010000100
1100000110100101
1011011011010101
0100101110011000
1111011101101101
0001101011111010
1000010010100011
1111000011100010
1011010010101101
0011000011000001
1101001110110010
1100011110010110
1110110110000000
0011111000011101
0111100100111001
0101101001001100
1110010010110000
1010100000001000
1011001001101011
1001100110100111
1001100110110110
0011001011010100
0000000010011000
0111000000000011
1100111001011011
1000011011111110
0100010001001101
0100111000011000
1101011111110000
0101100101001101
0000001100010111
0100111100101001
1000010110001001
1010111100111110
0000011101010011
1001110110010100
1001100000111110
1111001111100001
1011011111110100
1000010001110001
0011100001111000
1100100110111111
0101010011011011
0110101001110111
1111010001001010
1000011010101000
0010110000110101
0001101010101110
0000110110010000
1101011111000111
1110110101111000
0111101101100111
0101100001010001
1101100100000001
0101111111001011
1010110011110000
1101101000100101
1001111110111101
1010111110111111
1010011101010001
1111100001111100
1111010101011010
0010100110000010
0100000011101111
0000101100100111
1000100101000111
0110111010000110
1011100010110010
1000001111011110
0101101110100011
1010001000010101
