1010000100101111
1010011101101000
1110100110100110
1101000010011000
1111011101110010
1101111011001101
1110000111011110
1001000011101111
0000011001110100
0100110100001111
0011101001001101
0101001100101001
1101011011000111
1101110001000100
0101100101101101
0100110100101100
0100000111101100
0000110111000101
1101100010101000
0011111000001100
1001101001110010
1100011110001000
1000011000100100
0111101100100010
1011111111100110
0101111001101110
1111010110110101
0010110001111011
0001101101101011
1000100110111111
0011100110000110
1000111111100000
0110000110111100
0101101110111101
0001101110101110
1110010010110101
0100100101001111
1100100010000011
1011001011000101
1010100001010001
1100111111000101
0000001101001011
0111010000001100
1011111011101001
0010101010011111
1100000110011011
1101000101101110
1101000110100101
1000011100101000
1010001001101000
0001010011111000
1111000110001000
1000000110101011
1111010111111011
1101011011100001
1100011100000001
1100111010100011
1000001001000110
0011000111010111
0111100101011100
1001001111000011
0011011101011111
0100000110110010
1010011011011100
0000011101110000
1110000110100110
0010001001100111
0100111101111011
1000110011111010
1110011110110110
1100011001100010
0000100110111011
0011000100011110
0100110001110110
1000100101011110
1100010000010000
0101110101100110
0110110100011010
1101011001101110
1101110110010110
1100100011001001
0101000111011011
0001001110000101
0101001110111110
0101001001001101
1011010111001001
1000000011001010
1001110101001111
0001111110111101
0111001010111010
1000110010111001
1100010000101101
1000101001011000
0100100001111011
0011110000100111
0011111111101101
1111101101010000
0100100000000101
1100111000001110
0011111010111110
1101011100001111
0101011001010100
0011111010100111
0100001110111001
1111011010000111
0101111001011110
1110110100010000
0010100001011010
1001001000000100
1011011001011011
1010010001110000
0010110010010110
0010101000111110
1101101000100101
0011110001110000
1110001101100100
0101101101101001
0010000101101100
0101100101001100
1001010010011100
1010110100010010
1111111001111011
1011100011001111
0110000000110101
0100001110011011
1001100111000111
1100110011111011
1110011010100100
0101011110111101
1011111101011011
1011001001001010
1101110010001010
1011011000111000
1001001100010010
1101100110101000
0010001100110101
1001001100101111
1111000111011001
0111001100110010
0011011101011011
0001011111001111
1001100100011111
0110011111101011
1110011001001101
1100111100011001
0110100010000001
0111100100101100
1001101010000001
1000100001011001
0111010110000100
0000110001110100
1101000110010011
1110101100001110
1111011110000101
0101101100001111
1001110010001000
1100010110110100
0111001111010100
0111010110101101
0110101001010011
0101110000111101
1111001011010111
1111011100101100
0000001010001011
1010001111100011
0000010110111111
1011110001010111
0100001101110111
1001110101111101
1100011100001110
0011101100110111
0100000011000000
1100001111111011
1000010010000011
1011100111110110
0010111001000101
1011100111011010
1001110100000011
1000000001010001
1000011010010000
0111110100111011
1001111010101000
0110101101101100
1000001100110111
1000001101010011
1101010010110011
1000101010000111
0011011001010011
1111011100011100
0110000100010111
0010000011100110
1010010100010110
1100110100001001
0101001000101101
0011001110111101
1010000011011011
1101010011101001
0100111000001101
0100010110100110
1100111111000111
1010101000001110
1011011011111010
0111100010001111
0011100010101110
1010101001110011
0011101110111100
0110100110100000
1101101100001101
0100010010100101
0011010101101101
0100111100001100
0001111010000001
1001000000011111
0011110100110100
0111100011110101
1000011110011100
1001101011011001
0001110011110011
1000010000001001
1001000101000110
1110011010001110
1101000011111110
0101100110001000
1000000101111100
0101101111101110
1111001000001110
1011011001111001
0111100110010001
1000101011001111
0011101001110111
1111101011110111
0010110010001010
0001000111011011
0001001110110010
1010001001001101
0101000111000001
1100000111010011
1001111011010111
1010111011100100
0011010110110101
0011101111110000
0110000110000011
0001110010110111
1100110111010011
0101001001010110
0010011100111011
0110111111111100
1100111110110000
1000001100110111
1110000001101111
1101000001101101
1110101101010110
0110001010001010
1011001011111011
1001001100110010
1111101011110011
0000101101001110
1001111000010100
1111110011101000
1011001110001010
0100111010101000
1110101101001100
1001010101101010
0111111111011000
0001100001011111
1000000111111100
1000100010011001
1110000001000000
0101001100000001
0111000000010110
1000011011000010
0010100110000000
1111101010011001
0101011001101000
0111011111110011
0010110101111001
1010110100110111
0111011001010000
1000010001001100
0000001111110111
1111001000100100
1110110100110000
0010100001000010
0011101011010010
0001100011001111
0111011000000101
0111010110110000
1101111101010111
0111110100100101
0110001110011011
0100011101010000
1111001011100111
0001000111011111
1110011000000000
0100101011110101
0110000111001110
1001011111110100
1110111000001100
1010110110000010
1011101111000110
0111100110101000
1001011110010100
1000111001011101
0101000010011001
1001101011100010
1111001101011100
0000111011101011
0110100001010010
0000100110000011
1011111101000010
1010000101101011
0000011100000110
0111000111001100
1101111010001000
0110010000111001
0001111100101100
1010110100010010
1101000001110110
1000000011111001
0001100101101110
0101101000101011
1100010010000001
0010101111001011
1001111110010011
1101001111111111
1011111001010011
1011101101000110
0000110010100011
0101101000011010
1000001000001000
1011001100111010
0001001100010000
1011011111001110
0101110011111011
0011001001110110
1000000000101010
1000000111100110
1110110111011100
0000000110001010
1001011001111101
1011011111001010
0100010011010000
0111110111000111
0111010110111101
1110011001110011
1000011011111110
1011000100110101
0111010000110001
1011111000011101
0101010011001100
0111111100111111
0110110000101010
1101100101000100
0001011000111011
0110111111011001
1000111110001010
1010101001111010
0001010110110011
0111001100110000
1010001111111111
0100100101101110
0110110010000000
1100100000010011
0001000000110001
1111001010000011
1001111000100011
1011101101000000
1011000110000001
1010110010000100
0110000010010101
0010000001101000
1000010111111110
1111111101101011
0111110100010011
1000110000000001
0011000101110100
0001111000010011
1000100111110000
0011110100100000
1111111111101010
1100110010101010
1011000000010010
0000100001001011
1111011001110110
1001011110111010
1011111101101111
1010110110111111
1001001111110001
1011111101010000
1100101110111100
0101101010101100
0001001101101010
0001001110001000
0011111010011000
1101110111100001
1011000011000110
0100111101010000
1100111111011011
1000011001100000
1000111101011110
0100111110110011
1101000001011100
1010100110101111
0111001101100000
1100100000100000
0110011000000100
0111010111011101
1000001001010000
1100110011001010
0110000001001000
1011000011110001
0011110110110000
0101110010001110
1000100000110001
1100001100011101
0110000000011101
1110011100110100
1110010111010000
1111011111000011
0100010111101000
1100001010100110
0001101110111100
0111001001101110
0001101101100000
0001111101010111
1101011000111011
0001101101001010
0010000100110000
1110001001001011
0110001001111100
0101110010100001
0000100101101110
1000110101110001
0110011110000111
0000011011100000
1111101110011110
1100111010011000
0000010010101100
0111010000101000
0110001010011100
1001010011001100
0100010110001011
1110000011101010
0100010011010110
1000011010110110
1100100011001011
1111001111001110
0001110110101110
0110100010001100
1100001111000111
1010000101001010
0001000010011111
0001001100011111
1011001011101000
1111000111010000
1001100010100100
0100111111001001
0101011000010011
0010110100110100
0011000011001011
0000111101100000
0101010110001001
0001111011000000
0010101001000011
0100111110001111
0011101110100010
0100001010100100
1100000110101001
1011110011000110
0101000011101000
1000101000011001
0101010111011100
1101000100111011
0001110100100110
1010110000010000
1000000111010100
1101001010100010
1001100010100101
1011010110000111
1111110001010001
1110011110111001
0010001010111001
0111100011010111
0111001001111011
1000101000101010
1000000010110110
0010100000000100
1000000010010100
0110101100001100
1100101010111001
0111010011110100
0000001001111100
1010010110001101
0010010101110010
1011100011101100
1011011011110010
1010110101101111
0100100110000011
0110010100100110
0000001001011100
0001110001101110
1000000101000010
0001010111101010
1000110000110001
1110010110000011
1000001111001101
1110011101010000
0100110111001100
0000101001100001
1001110001010010
1110111001101010
