0100110010111100
1101110001001111
0000001001101110
1111001010110110
0001011101010100
1011010101011100
0111000110110010
1010101011011011
1101100100010011
1010011111110110
1111111111011000
1111010011111111
0001110100101101
0111110101100010
1110110011101100
0100101101001011
1011010010111001
0101110100111101
0101011001010111
0000110110110110
0111100001101001
0000101100001110
1101010000101110
0111011101111111
0001111100101100
1110001000100111
0000000011111110
0011110101111100
1001010101110110
0111111110001000
1111011100000000
1011110001111111
1000111111101110
0001101000011011
1111010000010110
1000100111011111
1000101100010111
1101011100101100
1011101100011101
0001001111110101
0110011111011100
0101110111101011
1110000011000101
1001000011011000
0110111111111111
0001010000000101
1110001110011101
1001101011000110
1000011011000001
0011101100110001
0010001101010101
0011010000101100
1011111001100000
1001101011000101
1100000100111101
0101001001110001
1111001000110011
1011110010010010
1111001110101001
0100001011111100
1111011110110101
1010010010111100
0100110001011101
1001110110101011
0101100000100110
1110001110100011
1100011001000010
0001001100101100
0110000111100100
1010111010010111
0001111100110001
1110110101000111
0101100111011110
1111100100011010
0000110000111010
1110110000001001
1100110110111001
1101101101001101
1101110110111100
1100111000101110
0111100011011001
0110010100010000
1101010001011100
1011101110100110
1001110100001001
0111001111011100
1001000010101011
1101001001111110
0100101111110101
0111110100111010
0101010010101110
0000000011010110
1110010000000011
0110100010010111
0001111100010001
1001100011000010
0101001110011001
1110111011011110
1010000110111000
1010011011001111
0111010001111010
0100001101001111
0001101000111001
1101010011011000
0101111000011100
1111110011111001
1100111101111100
0010001101010011
0011001101000110
1001101110101111
0110100010010111
1001110011101011
0001110110111111
1001010111101101
0100110100110011
1011111000111111
1001101010101011
1001111000000100
1111111110000110
0101111101111011
0000010010001000
1111111000011110
1001110000000010
1011111010111010
1001111111101011
1011010111110011
0010100000010101
1001111100000101
0110111110101011
1110001111011000
1001000111011101
1111010011011011
1100001001001011
1000000101100111
1011011011100001
0110001101001001
0110001000001101
0000100001100001
0101111011101100
0000001100110011
0100111001011011
1100011100101001
0001111110011110
1101110111001010
1000001000010000
0101000100000111
0000111010001101
0111100110100111
1101101100011100
1111110101111000
0110110010011101
1000110010111101
0000001111101010
0110101010101010
1001110000001010
0011000111110100
1010001001010111
1111101001100010
0100101101000110
1011011011111011
1000111010011001
1101011111010100
1000011000001101
0110110001111101
1111100000001101
0000100111111110
0010101000010101
0110101001001010
0111100010111110
1111111011111111
0010010111111001
0000011110011111
0110001001011011
0111001100000011
1111100101001000
0011110000001010
0000011110001110
0101011110011000
0001000101111111
1000010011011111
1001000100100101
1101000101111110
1101011010010000
1011101100010111
0001001011000111
0100011100010011
1101100111000001
0011010101111000
1011110000010101
1000100011100011
1111010001100111
0111011010101100
1110110111100101
0000001101011010
0001100010111001
0100101000001110
0011011110101111
1001011111111110
0001111100011010
0100001010011100
0110100001101110
1011100001111110
0010101011010101
1011100100110011
1100110111001111
1100001010101101
0000101100001011
0111010111101000
1111001111110101
1100111101000111
1011111110010011
1111000000011110
1101100100011000
0101000100101111
0110111010000100
1010100101111001
0110010100100111
1101111110100010
1000111100010101
1100111010010010
1011101110100111
0000110011100111
1001001000111100
1101111101100110
0011010101110101
1100111101000110
0111001111000011
1001110000101000
0100100010011011
1110010001110010
1110001011001001
0110000001100100
0101101110000011
0010111000100001
1000110110010101
0100110000100111
0111011001100111
1100100110101100
0011101010001101
1011011111011011
1111000111110101
1100010010001010
1110111110001101
0111011110000111
1000110011011110
1011010010001100
1100100111111101
1111100101111001
1100001000000000
1110101101101110
0000100000001110
1101100000000010
1000001010011111
0001101010101100
0101010001100010
1000101110010100
0010010101011001
1001001010111110
0000100001111111
1111010011110011
1110100011001001
1010000110110100
1001001111101101
0010111101111110
0101001011000000
1111011010111010
1111000111001000
1011110100001011
1110110101101101
1011111001000010
0110111100111110
1001001100110000
0011111110000101
1100101110001001
0001010011001110
0011001100011001
0001010010111010
1000101111111001
1111001000111100
1010000010100010
1110001001011011
1101010111100011
0010000011110110
1100010010011100
1100100010001010
0001011010011110
1111011111111100
0000110101010110
1110000101100101
0100011011010100
1011000100101001
0111000011100101
0101011111000111
1111010110101001
0001010101001111
0011010110110100
1010100111110010
1100010000001001
0001111110000101
1010000100010000
1100101010101011
1111010110010011
0110001101010010
0011000100100111
1001001000011010
0111110100000011
0100100101110110
0111111110100000
1100010100101110
1011001000010100
1000000100000111
0110010111000011
0101001111010101
1101000101110110
1010110011110010
0001110100101000
0001111110001100
0111010100110010
1110010111101010
0101100000100111
1010011000010111
1011100001111001
0110110110000101
0100000000110010
0100001111010000
0111111110011000
1000000100010001
1110110000000001
0111010110111000
0110100111101010
1001000101101110
0111110111010001
1100110110111000
1000011000100111
0101001101110101
1011101110111111
0110010101111000
0011010110000001
0111111111100010
0110000011000100
1010110001110011
0111110001010000
0011110001101000
0111011110101110
1111000000101011
1011111001111010
1110010000111110
0101000010011101
0011101000000110
1011001101001010
1000001000110010
0111011011100001
1100011010110000
0010000111010011
1001010100101000
1000010100010111
0000010010010100
1100001100000111
0001100111111010
1011010010011101
0110010111100100
0011011001100010
0010000101010110
1100100000011110
1000110011001100
0010011111101011
0110110000001100
1100001100010110
1011111110111101
1111100111000011
1111010100101000
0101001010010101
1000011010010000
0010011011010110
1011010011010111
1011010100010010
0111100001001110
0001101110110110
0111011010110011
0011111010110111
1010100100110010
1011110111101011
1110010010001010
1011000100101100
0110000101100011
0101010011110110
0000011101110101
0101111000000100
0000111011100100
0011111101110100
1110111101101000
1000101111010011
0110111111111110
1000101110111110
0001101000100001
0110000111100000
0010101101000010
1010010000111111
1111111110001100
0011100100011101
1111000010001110
0111010011110011
1111001001010100
0111011100001111
1110000100010100
1000001011100100
1110011000101000
1101001011000100
0010111101100001
1101001011110011
1011101010001111
0010011100000111
0100101011010110
1101110011010100
1101101001010100
0111101001001101
1110100001011111
0011011100010111
0010111111110100
0010011100001100
0000110111100111
1110101111011110
1101101000101001
1010110111010010
1001011101000011
1100111101101011
1010011100011001
0101000101111000
0010010000010111
1101000001011100
0011011010100110
1101101100100010
0010011001111010
1000100001111011
1011110111110100
0011011110010011
1111110101001011
1100001001011011
1101010011000010
1100001110111010
0110011011110100
0000111011110011
1101011110111000
1010001010011000
1110001010110100
0001000010111110
0101100100100101
1001110101111100
1101100000110001
0000110001101111
0011111001001010
0110101000111101
0110100011101110
1010100100101010
0011000111001101
0100011011011110
1010101011010110
0001001010110110
1111010101100000
1100011101010010
1111001101001110
1011000111010010
0101111110100001
1000110110011001
1001101111000011
0010111001111010
1001101011110101
1110101100000100
1101011001011110
0111001000111001
1000001011101111
0010111100111101
1100101100111001
1010100111010010
0000100101001100
0111111110010100
0010100101100101
1100000010000001
0000101110000010
1010001111011101
0000010000110111
0000000001010100
0000010001010010
0100110111101111
1001010001001110
1101011001011000
0011100001111000
1000011101000101
0011101011111001
0010011011011110
0011000111110011
1010110011000010
0011111100001101
0101111110001010
0001000100011011
0110111111010001
0000010101000011
0011111100001001
1000011001010111
1111001010101010
0010011110100011
1001000111011001
0100101011011100
0011011010010100
1001010000001110
1000010110011000
0000100111100011
0010010101000111
1110110101101001
1111110100010000
0010001100111011
