1111110100110111
0100000010000001
1110101101110000
1110010001011011
0111101000000110
1000111001101101
1100010101010111
1100000101000110
0011001110000101
0111010111101110
0101000010111111
0011110011111011
1111110101001101
0101011101001111
0110110011011010
1100100110001111
1000010111101111
0101011101000110
1110001100100000
1000111110000000
1011100000011001
0010010001101111
1011011110000011
0101101100100110
1000001010101111
0100000111000110
1111001011101000
1101101001101101
0001010100010010
0000011101010110
1001111010111000
1111010011111110
1110101101001000
0010101000110110
1011100001101000
0110000010101100
1010000111101000
1010011110001010
0111011111010001
1111101000000101
1010001101010010
1100111001111010
0000001100101111
0111111010001000
0110011111011110
1110010010110110
1110110111001110
1101001010111000
0110101110011100
1100101001101101
1010001100100101
1101111110111001
0001001001001100
0100000101101111
0111010111011111
0000111110000110
1010010011000001
1010111111111001
1111000100110011
0101000001101100
0111100110110100
0000101011011100
0011000111010111
1100000110101000
0101100011111001
1110111001010100
1100100111000000
0001010100110001
0101010101010010
0101101111000001
1110100100110111
0110101100011001
0101000000011100
0011010000001011
0010111111001100
0000011100111011
1100010001001000
1010011011111100
1110010110000001
0110001111101111
1000111111110101
0100000000111001
0011001000001101
0011011010111000
1111010010100101
0000010110011110
0000101110100010
0010101110111001
0111100100010111
0001110111011101
1000010011010100
0101010100110010
0001110010010100
0010111101111111
1100000001110001
1111101011101100
0011111111100101
1111110011100010
0001011011101010
0010100111100100
1001100010111011
0010001101111100
0011110100011111
1111110000110000
1011111101010101
1001001011101110
1001100010100000
1111000111111000
1011010100010100
0111110111000110
0101111111010100
1111111111010011
1011111001111000
1110010011111000
0110000100000110
0011000011111100
1110100010010111
1000001100001000
1100100001110101
1001011010001010
1010000010110100
1010000010011000
1101001001101110
1010100010010000
0100001010000101
1010010100100100
1011101111001011
0100011000010000
0000110101101001
0011001001000001
0111100011000111
1000000000111111
0001001100011001
0110011101010100
1011111100011111
0111001101100010
0001110010001011
0011001111010001
0101100110000101
1110100101010001
1111100011110001
0010111011010000
1111101101011101
0000110100000110
0110010000101110
1010110011001100
1101011011100000
0001110110010000
0101100000111011
1011110111000001
1101101011010001
1101100101111110
1010101110001010
1111011000101010
1100110010111100
1101011001010001
0100110110000111
0011011010011010
0100110001111010
1101101111010100
1001010011110111
0101001110111100
0010111000010001
1101111110100010
0000001001001011
1010111111110011
0010010100101101
1101001011000111
0000001101001001
1001101000101001
1110111011001001
0001011001000101
0011011011101111
0111001101011000
1010011110000111
0010010001101110
1111110100100001
1010101101101100
0101010011001000
0111100011010110
0111010110011000
1111110101010001
1100000011000010
0111101011001110
0010111110110110
0111101110110111
0101110000111000
1110001011010001
1101000101010111
0001101101110101
1010001001100110
1000010101010000
1001011101111110
1001111110101101
1001101010101001
0001001001010011
1001011110010000
1111010010111110
0111011111110010
1101100110001101
0100010001011001
0101110001010111
1111000011000100
0011001101000010
1101001100010100
0001101111110101
1000110001110010
0110100011111000
1110011000000000
1001000001100010
1000011011010110
1111001000110111
0010100001001011
1111110100000011
1001110000001000
1101000000001001
1011111100110001
1010110000000101
0110011110100101
1011010111000111
1001001110001011
0000111111010100
0011110001110000
1001110110100000
1000001011100000
0000110001101001
1000101100100011
0001110001111111
0101010101011100
1000010011110001
0111001100111000
1010111011001101
1100011010011010
1011000111010011
1011111111101011
0111010011011011
0110101011000001
1110001100101110
1001011011001000
0110001111100100
1010011000011111
0011101010011110
0011000010110011
0010110111101101
1111111001101101
0000101110010011
0110000010110000
1110111010111010
0010000110111010
0010011110000111
0110000110101101
1111111010111000
0001000011011101
0101011101101010
0110110110000011
0001111101110001
1000100000111111
0101100001000100
1001000000100011
1010111010111001
1010011110010010
0100100101100110
1111001100110100
0101001101000100
1001111111100111
0111110101011011
1110101000110100
1111001000011100
0110010011000111
0001011100111011
0001000000001011
1010110010110001
1111001111010010
1110101000101000
1011001001111011
1011101100111011
0101111000010001
0110001111111010
0011001000101001
0001001111011000
0011010011101001
0010010101011011
1110001100110111
1101110111110110
1100101001011101
1010111001110011
0100110110111010
1001011011100110
1011111011100101
0101111101111100
0000110110110010
0010000010100001
1110111000001101
0100101010100101
0111000111001111
0011000101101001
0100101111111000
0110000001001011
0010110010100000
0111011101011010
0110001111001000
1010001100100100
0111100011101001
0100111100101100
0010011101010001
1110100001100001
1010011110111011
1111111001100000
0001111010111111
0111011111110110
0011000011011111
0000111010101011
1011100111110011
1010010101111100
0010111100110000
0011010101010010
1101101111010111
0001000001001111
1110110000011110
0000011011111011
0111011011011111
1101110101001011
1000000000011010
1100100011000101
1001100000000100
1111001101010001
0001111011110000
0010100111100111
0000100011100001
0010111001011111
1111001111011110
0110010101111110
0101110000010010
0101011110100010
0011010101011111
1001000000110011
1111111001001111
0000001001110011
1100001110011110
1011001110000111
0011010010011111
0010000101001110
1111110010110001
0011101010110010
1001111110111111
0010000001110010
0001100110011001
1011111000000110
1001101001001110
0111100110011001
1000001001011001
1110100010010100
0001110000101110
1100100111100100
1011010001100011
1110100010100100
1000011111100110
0000011001011110
1110101100001100
1011100110011101
0101010001010000
0111001110100101
1101010110000101
0011101110110101
0101100100101100
1110110110101010
0100100111001100
0000100111001111
1111000000101011
1101010100001101
0000011011011011
1011110101101101
1101001101110011
0101100110101001
1100101000111100
1100111110111010
0010101011011101
1110111001000110
1011100000110100
0001111011011110
1001100010001011
0011100100011011
1111101101101001
1111011000011010
1101011011010011
1000111101010010
0001101100101111
1101100100011111
0111011101001110
1010111000000110
1101010101110011
1101010010001000
1111001101111111
0000110100100111
1100011001110101
1000111100000101
0011111011101010
0010011100011001
1110011011101000
0000011110110101
1100101100011111
1111110000000110
1101110101000010
1100101100011011
1011111110000011
1000111110011000
0100100100010101
1010101101010101
1100001001010000
0010011011011110
0000111101011110
1010001101100100
1110001000111100
0001011111001000
0101001100010010
1011110011011101
1011011001000000
1101000001111011
1011100100111100
0111100000111000
0001011101110101
0111011001000001
0100010001100110
1011100000110001
1011011001001000
1110110011011010
1011101011101100
0110110010101010
1010100000110001
1011001011010011
0111011101001111
0110011011011110
0001101001001101
1110101110000011
0000101000110111
0001010001110010
0001001010010101
0010001111110011
1100101100000000
0100010010111001
1001111111000001
0011011001001101
1000000110101000
0010010110111001
0111001100000100
1010000011001101
0111011000001100
1100010110011000
0011000000111000
1110001110100100
1100110001110110
1111001100010100
0011011100111100
0000011100111010
1110111100011111
0111010001001100
0010110110001010
1100100000110000
1000011011110101
0111011001100110
1011101001011111
1000001100001001
1000010010110001
1110101110101111
0100101001110110
0101111011110010
1011111011101011
0101000011101111
1110100001110001
0000011010110101
1011100011001101
0010100011000101
1011110011000101
0101100111000011
1111100101101011
1111111101011110
1001001101101000
1011101011110001
0111010111101001
0101100100001110
1100011001111011
0010101100000100
1110111010000010
0101110001010011
1110000110110101
1100111010100110
1010010100100101
0001011110100101
0111011100110101
1011111111011000
0101111100011011
1011001101001001
0000111010010110
0110101101000101
1010110111001100
1011011000111010
1111000100110100
1000010000001110
0000110101010010
0101101011001000
1100010100101011
1000111101000110
1011111000001011
1000101111110000
1001100110101001
1010111011000010
1110100100110111
1001101101111000
1001111000000000
0001100001111000
0101101011010010
