0011101101110100
0010100000000100
1101110011011011
1101111110100101
1111000011110011
1011011011011111
0000010101100000
0110101110110110
1101101011001001
1101010111011000
0111111100001011
0000011000000111
0010100011110101
1100010000010111
0001111111101010
0000110001011000
1001001011110110
0011100111111001
1111110110100100
1010111101101010
0010110000100110
1011001101000011
1000000000001101
0010101001010010
1010101000011010
0111101100000000
0110111101000100
1111010111110011
1110010001100100
1111110010001011
1100110110110011
1011101111000111
0000001101111001
0001000000100110
1101100101101000
0000110001011000
1111100010000110
1011011101101001
1000011110011101
1101100100100000
0010100100101100
1001101101001011
0111000001000010
1010100100111010
1110000111010000
1111111011110100
0110110001011011
0000000100100011
0001000100001011
1110001000001110
1101011000011110
1100000011100100
1101100101011011
0110111100000110
0101101011000111
1000010111101000
1111000001111010
0001001010001101
0101011101000011
0111011011001101
1010100011000110
1111101011001100
0001111011001101
0101111100011100
1111101110111110
1001111111101110
1110011000101111
1001011110010100
0100001111001010
0001110001011010
0010011000101100
0111001111111011
1010010110000001
0111010101011100
0111111000011010
1100101101100111
1001011101010100
0110000011101101
1110000010100001
0100101000100010
0000110111001010
0010000010110010
1100100100011011
1111111100011011
1000101010001111
1000010101101100
1110000010011011
0011000010010110
1001011001011110
1101111011110101
0101110100101010
0101001001111111
0011011000001010
0111111010111100
0101101111001101
1011010000111011
1111110011011001
0111000101010100
0101001010101001
1001011110110111
0001010100101011
1100001000100010
1110101111101110
1111011110010100
1011111010100001
1111000110110010
0110011110100110
0111101011001110
1110101011010111
1101111101000100
0000010101101010
0000110111110111
0001110000011100
1010010010111101
0100010001001011
1000110010111010
1111100000011101
1000101100000100
1110000100010011
1001111001100011
0000001001101010
1110010010111100
1111000010000010
0000101101011011
0011110110101001
1001100001101000
1110001110101111
0000011001111101
0111111010011001
1110110110110011
1111100110111111
0110010100101010
0111110010111111
0010111101000110
0100001010110111
1110010010111000
1111101111000100
0101001100001111
1100111110000000
0011100110011100
0010100001101011
1101111000001000
1011010010101100
0010000000001100
1110010000011100
1011011011011110
0001011011010110
1100001011000010
0100111100000000
1110101001011010
0111001010001010
1101100010110100
0011100011101111
0001101011000010
0010001000100110
1010100000100011
0101111001101011
1010100000111011
0010011010111101
1110011001001100
0001100101011010
0111011011100010
0110001101001001
0010110011000100
0101101010010101
0111001110100001
0010011101101000
1011101110001011
0001101011101001
1100010010000101
0011100101101010
1000100010001010
0011011000011100
0011111011111011
1001101001101110
1110010101000010
1011010000100011
0000110011011110
1010011110110111
1001101000010001
0110111001110011
1100010011010110
0010100111110101
0010111101111110
1100101101000010
0111101101100000
0000110111001010
0000110110101000
0100011101101110
0101011101101111
1000001010001110
1011111000011010
0000101010101110
1010000100111100
1011001001111110
0111000000100100
1000001001100100
1011010000111010
1011011001011000
1110001111001000
1111011110100001
1000011011101000
1101010101110111
1110100010110001
1001011000010000
0011011001101100
1100011101110101
0000111001001111
0101010001001000
0101011001011011
1000100111000111
1111011101100110
0010000111001100
1100001000011100
0011010110011101
0011111111010111
0100100001111010
1001100110110001
1001100000111000
1001010001110111
0111100101110101
1110100011011010
0110101110101100
0111101000111011
1010101010000100
0111000111000110
1100100010111101
0010101000000001
0001010100111010
0101111111000111
0010001001110100
0011111110110101
0000100101001111
1110100100010001
0000010010000010
0100001001000101
0000111000111100
0100000001011000
0111001100000110
0110111110001000
0000110110101001
0101110111000011
1011110011011001
1011001001000100
1110110110100111
0111101010100000
1101111101001100
0100101111011100
0111000100100010
0010111111001100
0100110111011010
0101001101011111
0110001111111101
1000001101111111
1110000011100101
1010111000011111
1011110111000011
1110001011111101
0010111010010100
0110101101010011
1010111111111001
0000101101100011
0011100101101101
1000111111101110
1010011010110111
0100110110010000
0001011110111011
0000101100011001
0101110111010001
1101110101010111
1111001101111111
0100010001110101
0010111111111011
1101100011001110
1010000000001111
1110111011100100
0001111011101110
0100111011001000
1101010101110001
1110001001110011
1001100110001111
0001111001001010
0001110011100100
0101010001000101
1110110010001110
0111010000110000
1010111100111000
0101010101001111
0001110010000111
0010110110101101
0111001001000010
1111011001110001
0111101000011001
0001110100110101
1111010110011100
0001110001001001
0000000101001011
0110110010110011
0101100001101001
1111110100101110
0110101001101000
0000111101110010
0001011110001111
0100110101011011
1000010111110101
0111110011101001
1000010000101001
1101111100011111
1011111010100111
1011001101000100
1101110001111111
1001101010110101
0010111010001100
0011001110010101
1011001010100110
1101011001011011
1111111010001010
0001001101010101
1000111000010000
1000110001100000
0101111011000001
1100101101101010
1000110100011010
0111110010101011
1010011000000111
0110010101101010
0000010010000011
1111011010100011
0101100100011010
1101001000100101
1001101100000010
0001110110100110
1011010011000101
0011000110111010
1001111111000101
1011110010101011
0100110101110110
0111001010001100
0000100010111110
1101100101110111
1000001110110110
1100111100000101
1100100000010110
0101010011100011
0001000011010110
1011001001010010
1101101101101010
0010010101110010
0011110100011100
0111010111000100
0100001110010110
1110011000011011
0000010110001010
1101110100101000
1100001000101001
0100110111100011
1000011010000010
0001111011001101
1100111000100101
1001011010100111
1100010101101000
0011100011110111
0101101000001010
1110011111011110
0000111000010101
1011110000010110
0000001000001100
0110001101101010
1011000010110001
1001010100111111
0111111001110101
0100111000010111
1000111101101100
1011000100111101
1010110100101011
0000011100101010
0001101010010010
0011011111011001
1001110110010111
1001100100011110
1111001111010011
1111001000101001
0011001010111010
0111100111100000
1110001011111010
0000101001001100
1111000110111100
1111001001000101
1000101000100111
1000010101100100
1110000000000011
1010111010100100
0010000011100001
0001110111000111
1100011010010110
0101101101010010
1010110001100010
1001100100011100
1011110000001110
0010011001111111
1010001001001110
0011011100110101
0000011100110000
1001001011111110
1101010000101110
1001001010101001
1010110001000111
1001010010001000
0010101100100010
0011011011111011
1001101100100110
0011000011110110
1110100011010010
1100101010100001
1000101101101111
0100010001011111
1001101011101010
1001100001011001
0110110111011100
1001011100101000
0110011100111111
0011110110000001
0010010011100010
1000111111110101
1111111111000110
1000000100111000
1001000100011001
0001010000110010
0110111100011110
1000000110001111
1000000010100000
1100011110000011
0010110011110111
0111000001111000
0010000110100101
1001001001111110
1111001110011111
1110010101001011
0000101110000001
0101101110100101
1010110001101001
1100101100111011
1101010101011110
1110001101000010
1101111110101100
0000001001010010
0001001111100101
0110110101100001
0100111000110010
0101010110101001
1011001110010010
1001000010101110
0010110101101111
1100011000111100
1000110111100101
0000101111011001
0001000011010100
0111001100000000
0001101101001000
0111111111110000
1010000111100100
0111100011011111
0000111001111001
1001100010010011
1100010100011110
0000011000111101
1011100111101011
0000101110100110
1110010011100110
1011110001011010
1111111000110001
0101010001101010
1110101101101011
1011010101010011
0010101111011001
0110110010010011
1011000100010010
0110010101000010
1000110001000111
1100111010011011
1111001011110000
0100010010101101
1011101010110010
1010110010110100
0011111100101110
0001001101100110
0111100101011100
0110011110011101
1010010010110111
1010000110010111
1100111001110001
0101001100010001
1111111010000001
1000111010010011
0110011001001011
0001001011000010
1111001100111001
1001010010100100
0001111101100100
1010000001000101
0000010110100100
1101111001111110
1100010101010000
1100111111001011
0001110000100001
0111011000001010
1100110110100000
0111000100111000
1011100111011011
1010111010111101
0011011110010001
