0111111001111101
1100000100111000
0101111111001011
0111100110001110
0001010010011000
1011001000101010
1100110011000101
0110101000000010
1100100100001111
0110101110001110
1010001010110010
0101101111001101
1111000010110001
0010110001100010
0100001000010111
1001001100101010
0010101110111111
1010101101010111
1100010010111010
0011101001011010
1111111110100010
1111010110111110
1001001001000001
0111110001110111
1110100000110111
0001101111110101
0100110100111101
0011001110010100
0111011001110010
0000111111000100
1010110000110010
0011101101000100
1001110101100110
0011100000010101
0001000110100110
1100100011100000
1110110001100001
1001000011100000
1110011101110010
0111001011110010
0011010111001110
1011101001001111
0100110111100001
1011101010010111
1001001001000011
0101000111010101
0111011001100010
1011110111011100
1010011001101010
0100111100001111
0111011100111011
0010110100110010
1111001011100101
1011001101011011
1011011111001101
1000000111110001
0110001001111010
0011111100111011
0111000000100001
1100100100011111
0010101101010100
0110100010000000
0010001100101011
1111011001110101
1011111100011011
0100111101000110
1100010110110000
1100001011000000
1100100001011100
0110010101110011
1010001011001100
0111011001001100
1100011000100000
1110001000111001
0110100111101000
1001010100100110
1011010001010001
0001111110101100
1111011010101010
0100100110101111
1010101100001100
1001100010101000
0101001010010000
0100001111010010
0101011110010000
1101100010000010
1000011111110101
0111010110010110
1010000111010100
1111011111101111
0000110101111110
1100101000100100
1001000000001110
0000110100011111
0110000111010100
0000001001101111
0111110110000011
1001110101111111
1110110110010001
1101000100111000
1101111111110010
1001101001100000
1000010101111110
0110110011101000
1000001101101101
0010111000001011
0010011100110110
0101010101110001
1011100100011110
1000101010111100
1001100111000110
1100010111000011
0111000111011010
1000001101001101
1101010011101100
0010111110010000
0011001001000000
0100000111111111
0011001000010010
1100100011000100
1101111110111100
1011000110011110
1100110101101100
1110101101101001
0100010001111100
0010111101111000
0100011111010010
0110010000010011
1011011101110000
0011111011011000
1011010100101101
0101001111100110
0010000010101000
1110000101000010
0011110110010010
1010011111110110
0100100000101111
0000111111111111
1011110111001100
0100010100101010
1101100100110111
0101000011010111
1010000110000011
0000010111100110
1011010010111101
1111100001100011
0101110111010001
1100111100000011
0111010110001101
0000111010001010
1101111010000001
0110101000010001
1001100000101110
1001111010110011
1011010101010111
1010000111100100
1100110001010111
1101001010011000
0110101100001101
0111001101100001
0000011010000000
1101111011010010
1101110110001110
0001111010101011
1001001000111100
0110111110111101
1010010011110110
0100110100010101
0010011110100000
1000100111101110
0000010111000100
0000000100111011
1111100100110111
0110100100111110
1001110110001000
0110100001010100
0001011111000000
0111010100100101
0011110111010001
0101001110101010
1100001001101111
1001000111001000
1001111111001100
0010011111001010
1000001100001111
0001100110011001
0111010010101001
0111011110011111
0001110110000001
1010110001101010
1100011110001111
1101100111101011
1111010111000011
1000100000000000
0111110000101000
0001110100101000
0111101011010011
1010001111010000
1001100011101101
0101101111010100
1110011100010010
0110011011011000
1110000100011111
1110001110001101
1101101010010011
0001010110110100
0111101001000000
0111100110110010
0111110010010111
1110100001110010
1001011111101100
0101001101110101
1010011110101101
1010100101001111
1100001011001100
0101100111100101
0101110101101101
0110101101000100
1111110000001001
0110001110100101
0011101010011100
1011011111100001
1100001010101110
1101111101000111
0000101110100000
0111011100110011
1111101101111011
0001110010011111
0000111100101010
0100001110101010
1011111000010001
0101101111110001
1101110110101110
1010100111011100
1000111110000011
0111111010010110
1011011100111100
0101001100010110
0010100000010111
0001110011010000
1101111111101000
0001110000111000
1111010110011010
1111101001011010
1000001100000011
0100001101000010
0000101010000001
0010011111110010
1001000000010110
0001010000001111
0001101011111001
0110101101111111
1011110010110101
1000010110100001
0101111010001010
0110001010011011
1101010110101101
1101100011100111
1010110110100010
0001011000110001
0001010111000011
0101000011010101
1111111100001011
0010000110100010
1011111011000101
1001001001111111
0010110001101000
0111101000001001
1000110101011101
1111001101100010
0101000110001001
0101101101111101
0011110001100011
0101000110001111
0000101000111000
1100100000100101
0011101011100011
0101100110011110
1100011110110110
1000100110000100
1011010100100100
0001001100011100
0101100001111111
0010000010010010
1011110100001000
1011100100100001
0011110100101010
0111100011010000
1110011011100111
1111110010011101
0011110101001010
1111111111000010
1110001101011010
1111010000101010
1011001101010100
0101100101001000
0101001111100000
1100010111011110
1000110100110101
1000110110001010
0010010100011001
1110001110111010
1100011011010101
1010011011011010
0010001010010011
1000001010101110
1100001011000111
0010111001011101
1110001111011010
1111001000110111
0101111010110110
0010100011001110
1001101111000111
1001101001001000
1001111110110000
0000010100101111
1001010000001010
1101100111011000
0101100110111000
1000001100011111
0110011101110100
1011110111111001
1011100111110011
1010111001001101
0011010100011001
1010110101001011
0001001111100100
1010001011111111
1110110000000110
1001000011100111
1110111000101111
0010110101011101
1010110100100001
0000101010100100
1000001000011011
0001101101001110
0110000110000000
1111111011001011
0100100101110001
1111100110010000
0101010100001010
0111000101001100
1111111100000001
0010111100110011
1111111000110110
1100001110101000
1110001000010010
0111001011000101
1100000100110011
1010111100100100
1010010000100000
0011011111010100
0100011000100111
0010011101000111
0101001001110100
0010111110001001
1111110100110101
0010000011110000
0101011100111110
0111011001001011
0011111001010010
0111100001011010
1011100001111100
0100101000010100
0000101010110110
0110110101011101
1101111010100011
0111101101000110
0000101101111000
1111011001001001
0100011100000111
1010010000101111
1010101110100000
0110110011011000
1011000100010101
1010001011100010
0110110001111101
0011111100100001
0000000100101111
1000111110100011
1011010100100100
1000110101010100
0111011010111100
0101100100111110
0010001111010001
1110010001000010
0111000010111110
1100000001010000
0101011110001010
1001010100001011
0000110010101001
0000001100100000
1100101000010110
1111100101010000
0000100010101111
0011110110111000
1101011010110011
0000100100010110
1111001111101100
0111000011011010
0001101110011100
1011111001001010
0110011011101111
1111000110011111
1100110101110111
0101011100101110
1000101101000100
1011110001101110
1101000000110010
1100010101110000
0111001010011100
1101011110110101
1111111111101101
0100100111111011
0001000011011111
1111001010100010
0001001100101000
1110010111100110
1101110000001100
0001111101010110
0001001110110101
1011110101001101
0110010111011100
0010001110111000
0110101000011101
0110110011000010
0111110000100110
1011010011001111
0101000000011111
1010010100011101
0110001100100001
1110001101111110
0000010100110111
0000000100010110
0110011011110110
0001110100100011
1001111001101001
1110001100001010
1100001011011010
1010000101000010
1111100001011011
1000100111011101
0000010011011101
1111110000111110
0010011010100011
0100001000000110
0101101011100110
0100011011111111
0011010010110100
1011001010001001
0011100010100001
1011001100100111
1110010111000101
0110101011000001
1011010000011111
0100100110010111
1000000001101010
0110000001110001
1011101110111000
0001010110111100
1110011010010010
1011001111010001
1101011001000100
0101000010101110
1010011100010111
1111011100111101
1010110010110101
0000000110110010
0100110010001010
0101101101101010
1110110000000010
0011101010001001
1011111111100100
1000100001100000
0110110001101001
1010010101110101
0111010100011000
0000101101000011
1011001101110001
1000100000011111
0110101000010001
1000111111111000
1000100110100101
0111110000010000
1011011101100001
1101110110100011
0011001100110111
1011011101011100
0010101010101001
1011100110001101
1101110000001011
0000001111101100
0001101101001010
0111110110011001
0000000001111101
1101001011000110
0000001101011100
1111000110110000
0010010101100000
0011010100101111
1110101110111101
0100101101001011
1101001000111001
0000010110010111
0000010010001100
0100001100000000
0100001101110000
0101111001101111
1011111001110010
0001101001000000
0111111111100001
