0100010101100010
1001110101010011
0101110100011001
1001100100111011
0000001111011011
0000100110111101
0110101100101110
0110100011110011
0100010111000010
0011101010000010
0111101010110100
0011101101111010
0111001100111011
0010000000001011
1001100110101100
1111010010010111
0111101111101100
1011101010110010
1100100010100001
0000101010011111
1100111110111010
0000011001100101
1010110100011111
1101101110001100
1100001101101010
1001110111100110
0111110000111001
0100100110111110
1100101111110011
1000010010011111
0010001001111011
1100001110110101
0001001101001110
1110001001111010
0100000010111011
0111111010100001
0011101010010110
1010001000111010
0101000100001110
1101101110100110
1000011010100101
0001001111111110
1100011101111111
1010101011001111
1111011111100011
0110111001100101
0011011101110010
0100110101100000
1000010100101010
1000110010010001
0000001010100100
0010100011110000
1001011101111000
1000001111110100
0001001100101111
1010011010000010
0101000101000101
1100011110111000
1010110011000010
1100001110110110
0010110000111010
0001101010000111
0001011010010001
1101111111110001
0000011011011000
0101110111111010
1000110101101011
1010010000101010
1001100101111111
1100010110010000
0001011110001111
0111000010000010
1000101011011010
1011000010100010
1101001011111100
0110100111111100
0000100011011001
0001011100111110
1000110001001010
0010001110010011
1011101011111011
0111111101101000
1100100111010111
0110010010010010
0110001111000100
0100101110000101
1110111000110000
0100001001000111
0011111011010001
1110100010111100
0010100110100000
1010000110011011
1101111010100100
0101100111010001
0001110010001010
1110101110001111
1001010111000100
0001011010111010
0010110010111101
1011000110000001
0011111010011111
1010111001110000
1000110101010101
0101010001110111
0011000100100011
0110011100101111
1100110000110100
0111000011101100
1000011101011100
0001100001000011
1011101001111011
1110000101001011
1001000011100100
0110010111111000
1011110111000000
1010000001101110
0010111010101001
1110101101011110
0010111001110100
0100110001000010
0111110001100111
0000010101010101
0111001000010001
0101001011100010
0010000001000011
1110001100010110
1111110100011000
1101011110111101
0001101010011111
1100000001010110
0101110010011110
1110101010011101
0111000110001101
0111011100000010
1001010111010110
0100110100001110
1010101001010111
0010101101110101
0111110110010011
0111001000101010
0011010010101100
1001101001101110
1000011000110000
0000011101110010
0011011100111110
0001011101000001
0011000111011010
1001011100010000
0101100111100001
1101101111100011
0001101110011001
1101101000100001
1110101111110100
1110000000000001
1000111000000010
1100100100100101
0010010101011101
0010101000110111
0010101011010011
0000011110010010
1111111010111110
1100001101000111
0000001001100011
0101011100110110
1100000011100011
1000011110001000
0001011101110110
0000001111111010
1000001001011110
0101110110000001
1000011101111000
1010111001010101
1111000000000101
1110100100001001
1101000001100100
1111110101100101
1001010110100100
0101100110000110
0000111101111101
0010000110110100
1101110010001100
0111101011010110
0110011010110110
1111111100101001
1110001011000010
0100011111000001
1110100000101010
0100011101011100
0101011111011100
1110110110101110
0000001110001001
1100000000011000
0000010000011010
1011011000111010
0001000001000110
1100101111000111
0101111110100000
1110110000000001
0111100100101100
0010100011001111
0100110111000100
1101101001000101
1011010110100101
1100000110110000
0011010101111100
0011101011011010
1110001111111000
1110001010111100
1111100101101001
1101010010101101
0000011000111111
1000101110000110
1011010110011100
0111010111011100
0111010110111010
1100001110001011
1100100110101110
1011000001000001
1100101010010010
1010100010000000
1011110010010100
0100001101000101
0110100101111001
0111011110110000
0100101010100001
1011001101110010
1111111100101101
1000010011000110
0111010011010011
1010110100000101
1110010001001011
1110001111000010
0011110010100010
0010001100001000
1010111001000101
1010101110011001
0010110100111001
0101110110001100
0110101010000011
0011011110011011
0110011001001111
0100111011000100
1111100111100110
1100111000001101
0100101011001100
0010110110000110
1110110110111110
1100010011000011
0100101101100000
1011100101011101
1110011001100111
0100001111001010
0100111111011101
1100100001101100
0110011001110011
1111011110001001
1110001110011111
1011010100010010
1111010100100000
1111111001000010
1001100000001010
1001100000000010
0011010100111001
0010011110011100
1010001011010100
0001011011110001
1011111101010011
0101111001100110
0011000000101000
0110100000111111
1001101011111100
0111000011001001
1111110011111100
1000010111110011
1000001010111001
1101111101011000
0011110101011000
0110110001000110
0111110111101100
0011100101111101
1000010111101001
1011101010011010
1101111011111100
1111011011011111
0000000000011100
0010010010010111
0010010111001000
1101100101110110
1100110110111001
1010110011110111
0111100110110010
1011110001111111
0100001100110101
1001100101100110
1010011101010100
1101111000111000
0000001100100111
0001100010101001
0011101101110001
1101110110000110
0010011010101001
1110001110100100
0000010010100110
0001000110001001
1110111101001100
0101101010110001
1000100011000011
1011110010001011
1101000011100111
1001001100001011
0101001010001100
0101111001101100
0010101001001111
0010100010101110
0100011110101111
1011011110101011
1000000101101011
1110111100010100
0111011011111001
0110001100101110
0010111111010100
0000110110100111
0010011010110010
0100011010011000
0010010010001101
1101100111001101
1011000101111111
0000110110011001
1110000101101011
1011101011111010
0110010010011001
1101101010010111
0101100100000001
0100111010010111
1011010110111101
0000010011010101
1110011011111011
0011111101010000
0010111101010111
1001001110010100
0010011001010101
0000110001111100
0000010011001011
0100111100111000
0010010011000010
0110111011101111
0110011100010100
0101011110000001
1111110101110110
1010110110110101
0000011011110110
0111000011111101
1110001011011010
0111101100100001
1101111100101010
0010111010011010
1111110110110100
1101111001100010
1001101111110100
1101100110100110
1001100111100010
0100011011100101
1101001101101000
1010010111010001
1101001000001100
1110101011111111
0100100111110111
1111011011111101
1111000011011110
1010001010011101
1001001000010100
0000000111100101
0001000110100010
0010110100001001
0110111010111100
1000011000100010
0110011001000011
1011110011111011
1111010010100101
1010100100100010
1011000000001111
1100101100010011
1111101101110000
0001010001110011
1010011000111010
0100000001001010
1101100100101011
0110001111100011
1101101100101000
1111011001001011
0011001010001001
1011001100101011
1111111001100111
0111101010001110
0111001100100110
1000101001011010
1101001011001000
1101100010111100
0110100110010111
1010001011011000
1110111111000111
0111101011100010
0101011011001101
1111110111010001
0000110111111100
1001010101101101
0100011001001111
1000100010101111
0010011111110100
1110110101101111
1010100101100001
1010110110101010
1101111110111000
0111100010100001
1100110110010110
1101111100111100
1001011000000111
1101110101010010
1001000000010101
1101111010111010
0010111011110011
0111110000011110
0101011010011110
0001110001010111
1100110011000011
0001101100101110
0011010101000110
0111100111001101
1000101010001110
0001010110110011
1100011101011111
1100110100011001
0000110011111001
0101110110000100
1001000010111111
1101110101010001
0001000110100000
1100001111110000
0010010001111000
1100011001001010
0011001110110100
0110111100000011
1100001101011010
0001100101001100
1011110101110100
0001111010110110
0111110010100010
1000000000101110
1001110010000100
0100010011001111
1001110101011110
0110110110010111
1000110011001010
1011001111100100
1010000100101011
0000100110010000
0100000010101000
0010011110001010
1111110000111000
0100000100110101
0110111000001001
1010101000110110
0010001010110011
1011100001001010
0001000001001111
1011011000100001
1000000100111011
0101001000001101
0100110101010110
1011000010111110
1110010010110001
0101011111100000
1111110101000001
0000111011000010
0001000001001111
0111010011001101
1001011000110001
1111010100001010
0001010011110011
1000110101111101
0010100000011100
0111011110011001
1101000101111000
1110100000100001
0000011000001110
1110001001110100
1100011101100011
1111000110110011
1010000110001011
0110010010001001
0111110100000011
1101101101011101
0111001010111101
0101010111111000
0000010101111010
1101000100101001
0111101110101000
1011011101010010
1101010100010110
0000000000101111
0011111111100010
1101101100100101
0001100111111011
0011010001000010
0000100101100011
1000010001111111
1111010110111011
1101100111111110
0101001010111101
1110111000110011
1011010000100000
