0011001011101010
0110100010100000
0111101111111010
1010110101100101
0000010100111000
1111110111000011
0111011000101001
0000101010010010
0011111000001011
1010010101011011
1000010011111101
0011010100100110
1010111110000010
1101000011110010
1000111010000000
0101110111100011
0101000110000110
0111110111010011
0110110011110011
1111010101011100
1000011010011010
0000110011011100
1011000001001001
0001010110000101
1001011010100011
1110001100110100
1011100101011110
1100101110000110
1011111100100001
0111010101000011
0010001000111000
0000101011111011
0101000110111000
0001001111111010
0011010011101001
0111100011011100
0101101101001111
0001100001110100
0010110111111010
0010011110011111
1101001010111111
1111101011010010
0011011001011101
0000001000100101
1001111011111110
1111001011010000
1100010001010101
1011111110100111
0011010010010001
1100011111110000
1000011001101010
1010111110010011
0100110110111100
0100001011101001
1011111011111001
0010101001010001
1100000100100000
1110001010110100
1110010100110110
1001111110010101
1110110000100010
1100010111001100
0110111010000111
1110111001110011
1011111110000010
1011111011011011
0110010010111101
1010100101101001
0100011111100110
1011010111011111
1110100111000011
1011111001111001
1001100110011001
0000101111101001
0000101011010101
0101011000011000
1111110110100101
0100110101011011
1100110101001000
1100111000100111
1110111100100110
0010100111011010
1111111011010110
1111000110011011
1100011000001101
1101010010101010
0010111001010010
1011010111100011
0100110111001011
1011011100110010
0101110100011000
0110000001110001
1010101000011101
0111000000111100
0000110000000100
1011101111000001
1111101010000100
0010101111110000
1111100101100010
0010100101111110
0000000100011111
1100001011111001
1111010010010001
0111100011111001
0101000010111110
0100101000011010
1001101011101001
1111010111010101
1001100100010111
0010011110111011
1011010111011111
0010000110100000
0000000001110111
0100100010001101
0111101100111101
0000110100111100
0000100100101010
0000100111010011
1010011111011110
0000111110100001
1111000100011001
0100010101100111
1101111100011010
1110111001011001
0010111001100010
0001011101000100
0000011110111011
1100011000110101
1110010001111111
1000000000111001
1011010101101111
1000010001111110
1111001001011000
1011001100011111
0110100010110111
1100100101101001
0111110011011110
0011000111100100
0011000010101011
0011010011100100
1000001010100001
0000010111110101
1011001100101011
1111111011100100
1111011010111011
0100011001011100
1101111010101100
1111101000101111
1101111001010001
1100110001100011
1100010011011000
0001111000001100
0101110110101101
0010011001010000
1000001011110101
0000101110010010
1001011010100011
0000011011001001
1011111010100000
1000001001101000
1001101011100001
1111010001100000
0010001111011010
1110111010001111
1100000010001101
1101100011001101
1111011100001000
1110010111010100
0100110000000010
0000111001001001
1111001100001010
1101110111101101
0101001101011100
1000010000111010
0110111000011011
1010100001110011
1100100101000101
1111101111111110
0000011111011100
0110010001010000
0010001100000110
0100100110001111
1110100101110001
0010010110100111
0001011110101100
1111111110110000
1001010110000010
0111101101000110
1010101010001101
0111101011101001
0011110010011101
0001001000110011
1100111111000001
1100000001001110
0010000000100110
0111001011010100
1100011011011101
0110111111010111
0000100011001110
1010110001110001
1101001000100100
1000001010001101
1011011111001100
1101100011101011
0011101110011101
0011111101001101
1010011100101000
1100111001101110
0011001001110111
0111110010000001
1100001010000111
1100111001011000
1110100010111001
0011011110010001
1110011011010011
1111000010110100
0011000101111110
1011010101010101
0111100011100001
0010011111001100
0001110011110000
1001110111001111
1100101001011000
1101011001101101
0011110001011111
1110010001010001
1011100010100100
1000010010010001
1011111100011010
1001101110000101
1010000001110110
1101010000111011
0010000101111000
0110001110001000
0111101010000000
0111000000111010
0011000100111100
1101111011100011
1100010110001100
1000011110000100
1110001010000100
1110011000010011
0001011010011010
1111010010000101
0100011000110011
1011111100001110
1111000011110110
1010000001100000
1010100111011101
0011100111101100
0000011001110011
1100100111100000
0111001010101011
1010101110101111
0001010011000010
1001111000110001
1110101110000110
1010000000000001
1101001111111010
0011101101101101
1111001111011000
0110111110011011
1011111100001011
1001010111100000
0010101011010001
0000001000111111
0101011110101010
0000111010101101
1010111010000111
0100101111110110
0101010000100010
0111001111001110
1000110110101101
0000111111101011
1010111001010001
1110011110100010
0111001011001010
1011010001111011
0000010101000110
0001100010001001
0110000100100110
1110000010110111
0101000101100010
1110110010001101
0011100101110110
0010100011011010
0000111101001000
1001101010000100
1110110110001101
0000100010110011
0001011000011010
0100010101100011
0011001101011101
0001010010111101
1100000000100101
1000010111000001
0111111001010101
1000101000111011
0110011111001110
1001010110010010
1010011001111010
1101001010001010
0000111111101001
0100010100000111
1000110101101010
1100011101101110
0000001100100110
1111101110110010
0110000100011000
1000001110101001
1100110101000100
0001010110000000
0010000001111011
1011011101001100
1111001101111101
0001101001000110
0000000001001001
1010011101110000
1101101101110011
1001111000011001
1101000111000100
0011000010100101
1111011010101111
0110010110000010
0011110100000011
1001100010001101
1111110111111000
0100111010010000
0101110101010110
0110110010110000
0010100110100111
1111110110011011
0000111010111100
1111001101001001
1111011100010000
1101001111111110
0111100100011000
0111100111010010
1101001000110011
1101001010001000
0001100010010100
1001010001111001
0100111100100111
1000000111001101
0000110101001100
1011111010010111
1100101110101010
1110110111011101
1011010010011101
1011010101101010
0000101000001001
1111000011001101
0110110111111000
0001111111101000
0001101000110101
0110000010010101
1010100001111010
0011100101110001
1100110110010111
1000111011010111
1011101101000101
1001010100010000
1100111000001010
0100000111010011
0100000010001001
0101001110000010
1101100010100100
1110000110101011
0100111000111101
0111111011011011
0110110011000101
1010010010111011
1010100111000011
1001110001101110
0101110001000111
1000110101001101
0111111111000110
1000100110001111
1110011001101001
1111001110110000
0110001011000110
0101110011001110
0101010011000110
1000101111100001
1011011010110100
1100011010001111
0100100011010100
1010000111100101
0000111110101011
0110010011011101
0101100101000000
0000000001101101
0100011001101000
1001110000001101
1110111101101011
1001011001101100
1010000110010110
1101010001101110
0110010101100100
0001100100000001
0100100010100011
0100010111011100
0000100001110011
1101110101010000
0110111001100001
1100100100010011
1111101110100001
1111110101100011
0001111011001010
0001000000011011
0100110110110010
0110011011101111
0001100101011001
0000101101001100
1000001111100010
0111110110101101
0001100101000010
0111110110110000
1010101010100010
0001001000011110
1110001110000011
1100001001111100
1000011111000111
0000000101001100
1011010110101000
0000110101100110
0010001110000100
0011000000000010
1100011000110110
0111111101010100
1001001110111100
0100110110111111
0010101111101001
0010001001011010
1110001010100111
1101111011101000
1110101010010101
1011000100100001
1110010101100000
0100111101000101
0111111101111011
0101010001100000
1111111000111101
1111100110110001
1101011011000100
0000101001000111
1011111000101000
0000101001001011
1011100101101100
0111010101001010
1011011000010010
1110100100100110
1001100110101001
0111011100001010
1100101110100001
0001010010000000
0100100101001000
1110110111001110
0000001101010011
0101100000010101
1101010001001111
0000010010000011
0000101001000000
0001110000111011
0001101000011111
1111101010101010
0100101110110001
1111111011100011
1110111111000001
0101010111101001
0101110110111111
1001101110110000
1011110010110111
1110011011101010
0101010011001000
0111110101110101
0001000110111110
1101100110001111
0001110001111010
0001110100111110
0110110111011111
0100011110111010
1011001011100001
0010100010101101
0101011010101011
0010100101000111
0110000000000111
1000110010100001
0111101111001000
0111010101111111
0100101111110000
0110000000010100
0001000001111011
1101100001110001
1111000010100010
1110101100111111
1001011100011010
1100110101100110
1011001010101110
0101100001010001
1110010000010100
1010000101010011
0100000010100100
1111111010000100
0011000110111011
1001001011010101
0100010000100100
0111000010001010
0100011100010110
1001000111110100
0110000010110010
