0100110101111100
0001111101001100
1100000011110111
1111110010100001
1101100011010001
1011010110010111
0101110101110010
1110110010001011
1111001000111110
1111011011011011
0011100000010111
1111111101010001
0011011110111000
0000010011111000
0110110011101110
0011111000000010
0010101001101111
0101001100010000
0110111000000010
1110100101100001
1111100001110110
1111001101011101
1111110001101110
1101010111100100
0000111111110111
0100101101111111
1011000011100101
0111100111011001
1011011100010011
1100101110011010
1001111001110101
1001101000110011
0100001011110010
1100010111110101
0011101001011111
1101101111011111
0101001011001110
0011101101101101
1001011000111011
0111111101111001
0101011001000011
1110110101001110
0110001111101111
0001100001101110
0000100110011000
1001010000100010
0000011001111110
1100101001101110
0011101110101000
0100001100100010
1001011000011001
0010011001101011
1101111110011000
1011111101011110
1101110111001000
0111110111010001
1000101111110011
0100001111010101
0100000101100101
1100110111110001
0000011111100001
1101001100010001
1101001011010111
0011111001011011
1100110011111110
1100110110000000
0010100000111111
1001001111000101
1010100000111001
0101001111100010
1000011111111010
0001100111011101
1010011010011001
0111110110001000
0110011110100000
1101101110100011
1100010001100111
0011011100100011
0010010101111111
0001001010100001
1001000000100101
0000000100001110
0010110001000001
0101111101001101
1000101011110011
1001111110001001
0110011000101011
1000111110111000
0110110001101111
0011110111010110
0111001001010011
1100100000101011
0011100111010111
0000011010101010
1000100100010111
0011111101101110
0111000101110001
0010000011100000
1010110111111101
0101101101001010
0101100110010110
0000111111010010
0001011100010100
0110000111000001
0000110011101110
0101100110001001
1111011010000000
0101010000110011
0010111110110011
0111000010110101
1110100000010110
1010111010100111
1111110100101111
0001110011100100
0010010101010011
1001000110000100
0111001100000111
1101110101101110
0110000101010000
0011011000001001
0100110000111111
0010110011101100
0000000110111100
0010001001010010
1110111110100111
1001101100111110
0111001111001101
0100000100101100
1111100001100111
0111100111111110
1010010001000001
1111011001010010
0000111000101001
1000100001100010
1100101110010111
0011111001101101
1100001011011010
0011110000111100
0011010100101100
0100001000110111
1101100010111010
1110100100100101
0000100010111000
1111111000010011
0100011110110100
0111001111001101
1010011000001010
0000001011010001
1101011000110101
0110100100011110
1111011101100111
0001001010000001
0100100010101101
0111011101000011
1111100110100010
1010001110110001
1110110000000010
1111100001110000
1000001111010111
1010010110110001
1001110001111000
1010110111010000
1011110011111000
0110101001010100
1110001111010101
1010011111101101
1110111111110110
0101011010010011
1000000011011111
0111000011001001
0110011110010000
1010101000000101
0000000001111100
1101001001110110
1010111010001100
1100011011001000
1011001011100000
1000010111011100
1100101001110100
1100000110000010
1001110010111100
1101111100001110
0110001100100110
0010111111001100
1010101100001010
0111100101010011
1010101110010100
1011111010011011
1000111111010100
0101000111111011
0100110001111100
0001010000010101
1101101100101101
1000001010110000
1111010001010110
1010000111000001
0110110110011101
0100010111101110
0001100010111010
0000101100010100
1001111100101011
0000011111111101
0010111100111000
0100001011101011
1001010101000001
1101110011110010
1000100001001000
0010011110101010
1111100010000101
1010101000111101
1000011000101011
0000110000011111
1010101110110011
0101111110110111
0100111011101100
1011001010000001
1111100111001111
0011000101100100
1101111110111001
1100000111101111
1110000111010001
1101101010100100
1100011000000001
1011100010001100
0101101010010001
0010110010111001
1000110010110111
1010010101111111
0000010111010001
1010001101011001
1001111001010100
0111011101101011
0011010110100011
1000111001101111
0001110100011100
0010100000111100
1010011010110110
0100100000111011
0001000100001111
0000010110010000
0111011010100001
0011100000100111
0011010100010100
1101100100110000
0001110010011101
1111111110111001
0001101011101100
0001010000011101
0111111100011100
0101011000010000
1000111000010100
0011101011110100
0110100111111101
0010100000111000
0000000101001011
0010010111010100
0010111011100010
0100010100011001
0100000110000001
1110001101110010
0100000011010001
1101000010001101
0000010111100111
0110011011110010
0011111000100001
1100010010110110
1101000001011010
0111010101110000
1010100111111100
0011000010101101
1101001111000010
0001110010000100
1000100101100011
0111000101011010
1101001111010001
0100011101011010
0101101000010100
0001101111100110
0000010010010110
0001010010010000
1101000000010101
1011101111101010
0101000011011000
1100000010011110
1100110000011110
0010111100101000
0110000010001011
1101110100000101
0100000101000000
1110100010100001
0110001111000001
0010111110011000
0011101111111001
1101001101001100
0111101100110010
0111100111110001
1100111111011111
1110010001100101
0000111011111101
1100001101011111
0011000110101100
1001110110010011
0010110000000011
0011011001111001
1011110000011100
1101110100011101
1101010011010010
1111101000001110
0101100101000100
1000010001111010
1011111111000100
1010000010000010
0100111011100100
0000101111000100
0111101111111100
1000101011110010
1000011110000110
1010010001111110
0101101001000100
0111000010101011
1000111101101010
0010110001011111
0101111100010111
1001010001101110
1011101111110000
0110100001000000
0110100110011101
0011101101011101
0100111010100111
0110100010011100
0011001001110010
1110011101110110
1000001111110010
1110010110111110
0100111010011001
0010110001000111
1000010010001111
1100010111111000
1011101100001000
0101101111110000
0101011000000000
0110000110110100
1011100100001001
1010110001010111
0001000011010100
0000001010100110
1001111101010101
1101000011001011
1000001101001001
1100111110011000
0101000101111111
0001111100000011
0110110101111001
1000011110010101
0000110110010110
0100010111100011
0010000011110111
1000101110010010
0011000010110100
1101111101101110
1000011111101111
1000001100100101
0100100001101111
0000101110011110
1001101000000111
0010101001110010
0110010010111111
1001000100100010
1010111110100011
1101110011001101
0000001001100100
1101000000111000
1111110111110101
1101011100111000
0101101101011001
1000010101111110
1010101001111111
1001111000011000
0100011101000001
0000010101001001
1011010000100110
1001111010011111
0110001110000110
1100100100011110
1110110011100111
0000101011011011
0011101100111111
0101000111111100
1100111111000001
0001101011011111
0111001111010111
0100010101010011
0000100011100111
0011010110001001
0001110010101111
1000100111010101
0000101110010110
1110010110001101
0011110000111001
0111001000101000
1010101111111110
0101010011101001
1011101100100111
1001111110101010
0101111011010000
0001011111111000
0100011010001110
0100011011011011
1110110001011110
0010011010000100
1111111011011001
1010110010110000
0001010100010000
0111111001110010
1110110001110010
1011011110100000
1111100011000100
1011100111111000
1111011001110001
1001110100110001
0001110010100101
1100010100101001
1011110100110000
0010100001011010
1111001001001010
0101101001101100
1111101000111101
1001000000000001
1110101011101011
0011010101011111
1001101010001111
1101011100101001
1001101101000001
1000101110100011
1100100101011000
0101000000011001
0110100100011010
1000100001100111
0101010001100011
1100011100001101
0110010100000010
0101110100101001
1111111111001000
1110001011110001
0100111111001010
0011000100110100
0010101101101010
1111000011111101
0111000100000110
0111111000111010
0001110111110100
0011101100011001
1111111110010000
0101110001001001
0110010111110110
0101000010101100
0010110100100110
1110001101001001
0100010011001111
0110000000000101
0101000100100101
0101100100010010
1001100000101001
0111001001011010
1100001100110010
1000011000011010
1010000100011000
1010100110110001
1001000100101010
1100001001000100
0010011000000100
0001011011110111
0101101011111010
0111000011101001
0101001101101111
1011010000001111
0111000111011110
1000010101011011
0100110011100110
0011111100010010
1000100110100000
1011101100011101
1011001101000101
0110001010111101
0000111000111111
0100111101100111
1101011111001011
0100110111010100
1111010001010110
1011101110011100
0001010010111101
1001110000100110
1111100011011111
1001110001111101
0010001001001100
1001101110110010
1011111000011011
0011111011001000
0010010111100001
1010000110110001
0000001000100001
0101001000011111
1110011000111010
1001010110010111
1101111100100110
0101001011010000
0110100011000110
1110001100111100
0110101111111110
1000011100000000
0101010011001111
