0111110111101100
0011101011011011
1001111111111100
1010001000000110
1110011011000011
0010100101000010
0110010001011010
0000111101110111
0011000100100100
1000111110011011
0001011111001101
1110000100001100
1111011000000001
0000011001110001
1000010101011111
1000000100000011
0011100000110010
0001010001011111
0010111010010100
1001100101110001
0001100110001011
0010001011001100
1100101100100110
0001101010000101
0111110110010010
1000100010111100
0100111000001101
0110001001100011
0101101011011001
1110010101111111
1111101010110010
0001001110011101
0011000101000001
1110001011011011
0011111100000101
0011011100001011
1010101001101001
1011010011101000
0001101001010011
1101101111100100
0000101101010111
0000001010101001
0111110010001011
0110110010001000
0011110100101001
1000110110110100
0010111111011001
1001010011000110
0101010101011100
1011000010011100
0001110101001100
1010000100110101
1100000111111111
1100110111010011
1101001110010001
1111100011011011
1110000001010100
1100110111111001
1101010011101111
0001011111000101
0111100110000110
1110001000111010
1011111000110101
1100110111001011
0010101100001000
0000001100100111
1010001001101100
1111110000101111
1011100011010100
1111100101111100
0001000010111100
0101110011010111
1011011111010011
1100111001010111
0011110100011001
1101001111011010
1001100011111001
1010110000110001
0000010110101000
0011101010010010
1101100100000110
0000110110110011
1101101110001001
1111011010001111
1001100101010100
1000110111010000
1001101000110011
1011101011010111
1110110100011111
1001000101000011
0110100011000001
0110010101010100
1110111100110011
0010010100110110
1101011110010011
0011110111011010
0011000011011011
1010001010001101
1101001101101110
1111110001100000
1011010001100110
0001110101110000
0110000001011001
1001001100111000
1110100101001010
1001111011000011
0010111010101100
0101011100011111
1110010000010110
0101000010100111
1011100010001110
1100000101001110
0010100100010100
1101100010000101
1111101010001001
0000001110110111
0000011010000001
1000101011000000
0100111000100001
1010110011100110
0000011011010111
0100110001101110
0000111110100001
0010010011000101
1000011010001010
1100100111000001
1000010010011010
0010100000001011
0011010111100111
0011110010111000
1101111010000111
1101000010011111
1111011110000101
1100111011100100
1111100001110111
0010111000011111
0000101110100100
0111101001100101
1001011010100000
0011010011111100
1110100010010000
0100101101010100
0100101000101010
0001000000011000
0000100100100111
1010111000001011
1100011000110110
0100001111110111
0110010111101110
0110000101010001
0011000001100110
0001101101111011
1010010111001000
1110010101010101
0011011001001101
0110111101001100
1010001010100100
0110111111011000
0100000001110110
0011101101111011
1111111011010001
1001010000011000
1100001001101011
1100110011011001
0110100011110111
1001011010001000
0101010111110101
0111011011110000
1110110100000010
1111101101010010
1111001100100011
0011101000111101
1000111101000010
0010000110101110
1111001001011011
0111101010101001
0100011000011101
1010100100010110
0100000010000100
1100101000001110
0111011111111110
1000110101100011
0001111001000010
1101010011100010
1011101000001011
1110011001101000
1000101101110100
1111000111100001
1000011001011100
1100101000000110
1111100000000110
0001101000100100
1010000111110100
0001000010100111
1011101011111001
1010110000101100
0001100100010111
1011010010010001
0001011101110111
0111111010011100
0010010110110100
0111110010010101
0110001001100011
0001100001110011
0100101100111100
0101100101011111
0100101011110011
0000111001110010
1010011001000100
1101011010001111
0000010000110110
0110100010011001
1011111100101100
1000001000011100
1001001010011110
0001000001010110
0011110011000101
1000010001101101
1010111110001110
1011100001100101
0100101000100111
1111101111001100
1011110110011010
1111001010010000
0010110110011010
1010110100000100
1000111000011110
1101001100011011
1000101001011110
0011011101101111
0100010000011001
1000101001000000
0110101101100000
1010100000000011
0111101001011110
1111001111101000
1110010000111110
1111101000001101
0001011001001000
1011101000000011
1001100100011101
1001111000110100
1110010111110000
1000111010001000
0110001000110000
1110111110101110
0101001001110111
1111100110100101
0110101110000001
1010000001110011
0000111001110101
1101010001001101
1001011110001110
1101110010011001
1010111000110101
1101110100011010
0110111111110000
0110010101111100
0010010101101101
1010000000100110
0100110111111110
0001100011011100
1111010001110010
1101100001000011
1110011101101010
0100011100010001
0011001111011100
1110000001010001
1101000101100001
1010000011111100
1001110100101101
0011101101001000
1100000001011000
1010000010010010
1101110100011011
1001100000100100
0100110110101001
0111110000110011
1001101000100011
1110000101100011
0100100000001001
1100000011100110
1010101110101000
1010111111011110
1101011010001001
0001011000011010
1111011000001100
1011000001011000
1110011010001001
1000101101000001
1110101001011101
0001001111101110
0001001011111101
1000011111010010
0110100000100011
1111001001101000
1010111011010111
0111111010110111
1001000001011000
1101010100010101
0011010110110110
1100110001011101
0111011110100100
0111011110000100
1111010000010111
0101100001101111
1011111000010000
1001000000010101
0001000011101000
1110011111100111
0111100101101001
0100001100110111
1101111001010001
0101011010001010
1111111110100001
0011101010100001
0101111100010001
1001001000000000
0101101111000110
1001111001101100
0110101000111100
0101000000000101
0101011110111101
1011000110010111
1110001111001001
0001101110000000
1011010111001001
0100101001000011
0010010011011100
0110001111011110
0110001010001111
1110111110111110
1110110111100110
0001000101010110
1110011000100100
1101010101101111
0101000010100111
0011101101000010
1110011111001011
1011110110000011
1000011110010111
1000011100100010
1010010000011111
0100011000110111
1100100101111011
1000010101101011
0101101111110110
1011000011011101
0000111100001110
1110001101010011
0101100000000111
1010010000110100
1100110011101010
0000101001010100
1111010011001100
1010011011000001
0010000000110001
0000110101000000
0100111010011010
0101001010010000
1111110000010000
1110110000010000
0101100010100101
1001101110011111
0001010111110000
1011011110000101
1010101010100011
0000010101100100
0101001101111001
1111001101101011
0001000100010110
1010110011011100
1011101000100011
1110100011011001
0110010010100001
1110111011011010
1011011100000111
1100010000000000
1110110010011100
0100000010001011
0110101001100101
1000100111111011
1111000101110101
1001001010110011
0011000010101100
1001111000111000
1001001000101111
0111001001010110
1101000111110001
0001010101001001
1011011001111111
1100110101111000
1100010100101101
1000011101001101
0111101111111010
1010111111011100
1001011011011100
1011000110010101
1101011000111101
0110110000001100
1100001101111110
0001000100100011
1110000000100111
1000001100011110
0111001101001110
0110111110101101
1101111000010110
0110101000100111
1000000001000001
0011100010111011
1011000010001011
0101111111010001
0000101101101110
0110110001101100
1110110101100000
1001110110100101
0110100001101100
0000101011100000
1010101010011110
1011111011111111
1000111001001011
0010000010011110
0111111011100001
0100101100101110
0000110100101101
1110111001001111
0011111101100111
1010110010111010
0011101000110001
0101010010100001
1001010110000111
0010010110110110
0100100111011011
1110000001110111
1111111000100111
1100001111111001
1001111000100101
1000010011110000
1001000101100101
1100010101101110
0000100101101011
0110111100001011
1011001110110100
0110111001010110
1100111101111000
1110001101100101
0011110111101100
0110111110010100
1100111011011000
0011000100001100
1001001111010001
0011110000011100
0111000101011111
1010100001110000
1110000000110000
0101001011110100
1011110000100010
0010000101110001
1011101001100100
1100101101000011
1000010010000111
0100011111111110
1001011110011101
1010001010100001
1011110100111001
0001110000100100
1101010000100101
0111101111110000
1101010100011001
0010100100011110
0000111011111101
1010010010110101
1000110010111000
1011000111110001
1101001111001010
0000100011011101
1010110010100100
1101001011011000
0010101100001101
0001110001110100
1101110110011100
1011111001000000
1010000011000000
0101010100110100
1001100010010101
0010111011101110
0011101001001101
1111100001100011
0101000010100110
1101001010011110
0011000110111100
0110111110010000
1001100000100000
1010100101000100
1010101110001100
1110001111000011
1111111110000100
0111000000000101
0111001110001110
0001111111001010
0000010100000000
1110100000110100
1100100101110110
0101100011011000
1000101010010001
1000011111001001
1111000111100110
1001111110000111
0010010001101100
0001111101011100
1111001010100011
