0111011001111000
0111011110100010
0010100111011011
1101100101011101
1110000111000010
0101111100011000
1101011010011001
1011101111010101
1100000000110010
1101111011011010
0010011111001011
1011010100101000
1110111001110111
0011110010100000
0001001011011000
0001111101000010
0101001011010101
1011111001111001
1100001100010010
0001000101111001
0110011110101110
1101110111110110
0111001110000100
0100111111011110
0010110001000000
1101100010100110
0100010111100111
1100110011011001
1111110000011100
1111001101000111
0101001110110011
0010011011001110
1100000010110110
0100001000001011
1001110110011100
1010101001100100
1011110010110000
1101000001111001
1100100110101010
0101001001110100
0001011011101110
0111110000110110
0011101110001001
0001101010011100
1000000100011100
0110000010101101
0101111111000000
1011010011101001
0000011100011001
1111011010101100
1111100101000001
0010110110110010
0110101000101111
0111111011010000
1010101001000101
1001010101000101
1001011010000101
1011101010000101
1000100110111001
1000001111101010
0100101110000000
1110111011110010
1011001111011100
0111000011001101
0101101110000010
1010010111001000
0111111101010011
0010111110100001
1011001111000101
1110100001110100
1101011001000111
1000010110001100
0011100110110010
0001001011111011
0000101001100110
1101110110111001
1010101000101010
0111010101111001
0000100001110001
1101001001001001
1001111111100001
0000001011001110
0000001000000100
1010101010101011
1111001111000010
1100011010000111
1110100101100111
1000111011010011
0000100000110110
0111011010000000
1100101110110001
0011110011010111
1001010111101001
1110111010100100
1110000111111011
0011010110100000
1111111001111101
1111001111110100
1000101100110100
1010111110011000
0000110111000111
1001001001011100
0100011101100101
1100000111001010
1100001101010000
1010010010011011
1011111001001100
1001010001001000
1111010000101101
1110110001001101
1001011111111001
1001100000110100
0011010100000011
1000100110100000
0000110000001010
1100100110011000
0010001011011100
0011010010001000
0111100100000010
1000011100110010
1100101011011101
0011011100000110
1011011101000001
1101011111000111
1011111011001110
0110000001001000
1000111111000011
1111110010001101
1100100101011010
0110100011001111
0011010011001000
1010010000001101
1011000000101100
0001011111011101
1010000000010110
0100011100110011
1011001001011101
1011111100001100
1011111000001100
0010000111011011
0011101011100111
0011010001010011
0000111100101110
1011100000110011
0101101100100011
1110100111101000
1101010011001101
1001000010100100
0011101001110101
0101101110000111
0010000001100001
0011001110011000
1100011000010111
1110111011101001
0101100100010011
1101010110110110
1011010100010101
0001111010111101
0011111110100000
1000000001010100
1010000111000000
1000101011010011
0100111010000011
1101000101001100
1000111011101110
0101110011001110
1100111001000110
0101011111001111
1100000101101010
0111110101011100
0001110011010100
1001000011110001
0110110011100010
0111000001001100
0000000000001010
0000101001000101
1001010001100000
0001011010100100
1000000100100111
0111111110001111
0001111011000110
0001110100110110
0100101010011110
0110100010000001
1001000001010111
0001010111000000
1110001101011000
0011111110000111
1100000001001000
1001011101011111
1011111100010100
1100101100101011
0001101001011101
0010000010010001
1111110111101001
0011010010100110
1111111110101100
0011000101111001
0011100101001010
1101101101010010
0010011110100110
0010000001000001
1100000100110011
1011001110101011
0101110000111010
1101101110101100
0111100000100100
1000100111000100
0110000111001011
1000011100101011
1010101011011100
0101010000111011
0110101010010110
1110110101110000
1101111111011100
0000101100000011
1111001110110011
0001001101100111
0111010100111110
1011000100111011
1110000010110011
0011010110001001
0010101100100010
1000100010110100
0001101111101001
1101001000111000
1000100101111111
0000011100111010
1011111001001111
0010001000101000
1001101111011101
1010110010011110
0000001011100101
1011011111011000
1000100011111000
0111101111000010
0100111101010010
0010010110100001
0010101001010010
0011100111011011
1011111110100111
1000011001111010
1111001111110011
0110101101110011
1111011110001001
0101000110110111
0100010010110001
0110011100100111
1101100101001110
1110011010000011
1101100110110110
1110100111101110
1011110001100011
1100010100001010
1011111010010010
1111101101110001
1000000011011100
0011100011101001
0010111001000001
0001101010111101
1101101010100110
0010110110000011
0011011011000111
0100110000101100
0110010100001010
0111111011111001
1110110011110010
1001111011110100
1111011010101101
0101010010010000
0110110100100001
1111011011100001
0100101110001010
0000000011110110
0001001111110110
1000110010100111
0101100100000111
1100110101000010
0100000001111111
1010011010100011
1110100010001101
0111101100101110
1100001010100101
0110111000111100
1111101011100110
1000011000110100
0001000110000011
0000001101101010
1010100001011110
0100001001101001
1001101101010000
0001010100001111
1101001111001100
1011101000010010
0100101101001110
0010011011111101
1111011010101101
1111001011100110
0000111101100110
1101101010011000
0011101001110111
1011110010001001
0011011101111101
0000101000111101
0000010011011001
0001001111100001
1010101101001010
1010010001000101
1101111001010000
1001001100110000
0100110101011001
0111101111001100
1100111000010110
0001011011111000
0111011010010011
1110000101100101
0110111001110110
0011001011000011
1111101111000001
1011111111000111
0010100111111110
0101010111001001
1011011001001001
1011101011001011
0111000100110010
0000110111101110
1000101101011101
0100011000111101
0101111110010000
1100100011110001
1110111011101100
0000010100001011
1000111000111111
1010100101000011
0110011101110100
1001111101111011
0011001110111010
1110000110001101
0111110001000000
1011100001010110
1111110100000010
1110110000010000
1111010110101000
1000001111101110
1100011001000000
1111000111000110
1000110011000110
1101110001110100
1100011011010110
0011101101011011
1101110110111001
0101000001101101
0010100010110111
1010001010100100
0111101111111100
0001011101111000
0000100100000011
1000111100101101
1000010000011101
0111010111010000
0111111101110100
0001000011111111
0100101010110101
0000100111000010
1010001010100001
0110010001111001
1011000001110001
1000011101110110
0011000111010101
0000001100010010
0010010100000111
0111001111110001
1111010001011111
1101000000100010
0111110100011101
1010101000010110
0000001011010100
1001011010111011
0011010000110000
1101010011010011
1101111000011111
1101100011010001
0111111011111110
1101010110010010
1011001101011010
1101000000000101
1010000100010110
1011000101010010
0001000001111100
0101000111101011
0101000101101010
1101011111011111
0101110110000100
0000101010001001
0111000100010011
1010000001101111
0110011110000111
1111110111011100
0100011111100000
1000010000111000
0000101011101101
0110001101111011
1100101001111000
0010111110011001
0010000101111100
0000011110111011
0111011010011111
1111100001000111
0000110100101100
0101110000000011
0110011000010110
1110111001001100
1001101111001000
0110010100001000
0100111100111000
1100101001111101
1010111100110100
1100011001011101
0101110111100001
1001011101100001
1110111010110000
0011011011000100
0010011011000101
1100000000001101
1110110000010011
1001110001110100
1001001111111110
0010010110010010
0011000001000010
0010000111111010
1011000001011000
0000100100010111
0101110111011010
0011100000111110
0001101010101100
0111101001101110
1101100011010000
1111010100011011
0000011011001100
0001111011011010
0010010111101110
0111000011101011
0001110000010100
0011100000101010
0101010011011010
1011010010001110
0100101010001111
1000011001100101
0001101111010001
0001100110101001
0000001010101100
0010110000010110
1110111010010010
1111001011110111
1110110001101000
1101011011001110
0001110101100000
0100101000100010
0011100001001110
1011000110010101
0110101010010011
1000101011010010
1110111100011100
0000011001101101
1110011110110010
0110000110000101
1011000001011111
0011011100011000
0000100011110111
0110000000001110
1001011110000110
0000010110000001
0000111111001010
0000101111110001
1111011001010011
1110111010110011
0111101011000010
0111111001110011
1110101101001110
0010001111001110
1001100101010000
0000000000101111
1111000111000111
1100001111101000
1101010110110010
1000110110100000
1111111000100011
0000011001000010
1110100001111101
0000001010010111
1011110101000111
0011101100000010
1011011111110001
1001100111010101
0011011100100101
1011010000101100
0101100101011010
1011001111101101
1011000100001000
1110000001100110
0111111100111000
1000100000010010
0101101000110001
1101001100001000
0100100011101011
0111111110001110
1000011011011101
1110111000001010
0111011011110010
1000101011001000
1000000100010101
