0100101110100001
0111110111010011
1110111000100000
0100000110000010
1101010110101110
0010100101000001
0000001100111011
0111111100000000
0110101110011011
1111101001010010
0100010101101011
1001010110000001
0011101011101001
0001011010110101
1001001111010100
0100010110101101
1110101100111100
1010100111101001
1100111101000011
1001000010000011
1110000110001101
0010100101000010
0000100001110101
0100000100000011
0001100100000010
1111110010011110
1110011111111111
0100110010110101
0101111001110001
1110100101011010
1001110110110001
0111100010111000
1010010001100100
0000011111010001
0100110001000111
1100111110001100
0111010010011101
1011110100110111
0111001011100000
1000111011001111
1010100011001001
1011001101111001
1111101100100010
1000001111101110
0110010110101110
0110011111010101
1001100000100000
0010111110110110
1001110011110001
1010000100101000
1101111111000110
0011101010110000
1010100110110000
0001010001011101
0011010111110001
0001011100101110
1011111010000010
1100110101110011
1011111101101001
1010011001011011
1101000011011110
0110010101010110
0010111011101111
1101110011000111
1010101101001001
0000110101110001
0010111000010111
0001000111100111
1111111111111101
0011011001010011
1001000010001111
1001110111111001
0010110010001110
1111000000111101
0001010000100010
1000110011110110
0100100011110010
0000110111110010
1100100010011011
1000111100011011
1010111001110100
1101010001011010
1001110001100110
0101011001101101
1010111010111111
0111010110100101
0100010000100010
1100010110100100
0001001111011100
1011111001110101
1111110001001101
1101010101011111
1000100111001110
0011110000001011
0001100001110111
0010101110110111
0101110101010101
0010011111011100
1101001011100001
0010010100111011
1011010100010100
0011110001100011
0101111100110110
0110000110100011
0010010110011010
0100110000101010
1011011110110001
1111011101010000
1001000110001110
0001010100010101
1011011010101110
1010000101000010
0011000000001110
1011101100101101
1010011110111000
0010101110001110
1111111110001100
0011011100100100
0011101010000110
1110000111111100
0111010000101100
0110000111110110
0001110011010101
0001110110100011
1100011000000001
0111100010010011
0110101100111101
1101110111110001
1001000001010001
0111010100111011
0110001000110001
1110100101010000
0010000001110011
0101010100101010
0110100011100101
1101100110001111
1000001011100111
1110001101111111
0011101011101101
1000100101010011
1011111001110011
1000110011110001
0110110000110011
0001100010011001
0010110010001001
0000000111000101
1010111011000101
0100001100000011
0011011011001101
0010111110110111
0110011101110000
1100001111100110
0010011111000011
0001100110101111
1110100111111000
1111111000000001
1101001010100011
0100111110100001
1110101111111010
0010010001111101
0001111110111001
0101111110000111
0001010011001000
1001100100010010
0110000101101010
0110000000010010
0101100100101100
0011110101100110
0001000100010001
0110100000011101
0001001000000000
1101010111010100
1000000000001110
0101010000100011
1111110111001001
1101100110011000
0001011011111010
0001011101110111
0010001010111010
0010111001011111
1011110110000000
1000001111010100
1101001010000001
0001110001010011
1011110100001101
0100100101010100
0001011000000010
1011110000101010
0001101000110010
1011001010111001
1111001100111101
1100110001000000
1100110000100000
1001011111111111
1010100001100101
0100001100100011
0011000110110000
0001000000001111
1000010111011110
1001111100000010
1101011100011110
0100101010011000
1101010000101011
1011110000011000
1000110010110001
1101111101000110
0010110001010001
0111100000100111
1010100100011110
0111010001101110
1001110110000101
1010110111001011
1000101010001100
1010101010111101
1010110011101001
1000111110100111
0001101000111001
1111100111011011
1011011010010100
1110100001100000
1110111001011000
0111110111001000
1111010100010111
0100001100000101
0001000111110111
0010101100100000
0111101011001101
0111000010101001
1000000011000101
1111100010000001
0111111001100100
0010111001010101
1001000101101011
0110101100101110
0001000110110110
0011011111100000
0101111010010000
1110100001101000
0011110000001000
1111100011001111
0110100000101111
1110100011001100
0101001011110010
1100001100000100
1001011010101000
0100011011111101
1101010111011011
1111111001010000
0110010100000100
0000001011111100
0111001110100111
0000100110101011
1000011000011101
1001110000100011
0001100111100000
1011100110110001
0100010111100100
0011000100110110
1111000101110000
0100010110111111
0000100011000111
0011101110010001
1100010001111001
0100100011010011
0001101101001000
1011100101101101
1101000011110110
0011111111100101
0011010000001101
1010110011110000
0001111101110101
0010000010011001
0001010100001100
0010100111000001
0111101110001001
0101010111010011
0000111010000101
0000101100000110
0100010011000000
0010111110100111
0010100111000010
1011111111001110
0001011101111100
1110100011011111
1101010111010000
1110111001001010
0111011100010111
1001001000100101
1000100111111010
1111001101001111
1110010111001100
0010100010001110
1111100101101110
1011101100001000
0101011100001011
1000011101100001
0110110010000011
0010000110110001
0101100001010011
1100010011101000
1010111011010110
0010111110111000
1010001101000110
0001111001010101
1100000101111010
1100110011000111
0100100100111101
1001010111000110
0011111101000111
1100001011001100
0101111001010000
0110111111110111
0001010111101001
0100111001000011
0100000011100111
1101110010011110
1001100011110100
0000000101100000
1000010111001110
0101111010100101
0101100011110000
0110000111001100
0111011101010111
0000100101111111
1010011111100100
1011000110000011
1011100101000011
0111001101001001
1010111010100010
0011010101110110
1001110011101000
0111111000010111
1110100111010011
1100111101011110
0011000111011100
0001110110110110
1010100100000111
0011100001100101
0100000101100001
0011000100010010
0011110100010001
0001010101111110
0011000100100111
1011010100001010
1010100001010001
1110010100010110
0010100101111001
1011001110011000
0010000010001001
1100011010000100
0110001011111110
0101000101111001
1101100100101000
0111110100001111
1011110111100111
0110000101000000
0111101000000001
0110011010000001
0011111101100001
0111111110111110
0001000011110110
1010110101110011
1111000011001010
1101101110110111
0000000000100100
0011100001110001
1000011010110101
0001000001100010
1001011100001000
0000010100000110
0000001100101010
1010110101111000
1011010010001101
0001011110000000
0110001010110000
0001101100100100
0101101010101100
1101111001010101
1101001101001100
0010100011011110
1101101101101100
0110101100111001
1010010100000011
1010101110010010
1111001111011100
0110110000110110
0000100100001001
0010010000010101
1111010000011001
0111000100111111
0010101100010110
1011011010011110
0100110011000010
0100111010110010
1010000000011111
0011011001111100
0111101001001111
0011000111101111
1011101001001111
0100101100010111
1000001000010100
1010011000001111
1101100111100001
1100011100100010
0011110111000010
1111100001101011
0000001010000110
1101000010101111
1111110000111011
1001100000101100
1010110010010110
1101110001100011
0001000100011000
0010011111100110
1111001000110011
0000001101110010
0001101110100111
1011110100100111
0111001111111010
1111001111011101
0111111111100101
1010000110110101
1011001100110111
0000001100100001
1111000011001111
0111100100001011
1010100010110001
0111101001011100
0000100001100001
0110111101001110
0000111111111001
0011100010100011
0100111100111011
0101100110010010
1111111010110001
0110010001010010
0101101100111111
1010011011000000
0001011111011111
0001011011011111
1001111110000110
0100100100111110
0001011011100101
0001101110100000
1001110000110111
1110110110100100
1001100010111100
1111010010011110
0101011010011100
0101001010011011
1110111010010001
1100001100000110
0010001010010001
0001011001100000
1101000101110011
1011101000000110
1011011000110111
1100101000001111
1110011101000110
1111011100101111
0111010110110001
0110011011110010
1111010100101011
1011011110110111
1110110010111011
1100011001111101
1110001010100100
1011111100010111
0010101100100110
0010110010011111
0010000111110001
1101011010100010
0110101101100110
1111000100100110
1101011100111100
0001000111111100
1101101001101111
1101001101111010
0111010011010000
0111011000110011
1110001101000001
1010100010011100
0010010100011100
0110010011110110
1000100011001110
1111001111101100
1011101101110010
0001011010000111
0101110000000000
1101001110110001
0011011001000010
1000110000011101
1011100011010111
1100001111101110
0100100001001110
1010011110000001
0110001000001010
0010010011110001
0100101100010101
0001000010000110
1110010100101111
1101100111101100
1110011110011000
0100000101000110
0001110100110000
1101010000010111
1010101100001010
0001010011000101
1111011010001001
0011101100110001
0100100100110010
