0000101110001100
1100010110011110
1011110111010100
0010010000110000
0000111111111110
1011111100100111
0001101000001011
0111100111110001
0011010110010111
1100001011100111
0100011010001111
0110001011010001
0110110010101101
1101000011100100
0100110101011011
1111000101010000
1011111100111101
0000110111110100
0010101000101100
0101100010101111
1001110010110011
1011010001101001
1001111111000010
1111010010111011
0101000111011100
0100010011010001
0011000101101001
0111001110000101
0110110110101100
1010111101101101
1100101010110001
1001011000100001
0010001001111101
0100011111111100
1011101111100111
0011001010111111
1110101110100100
1010100110101000
1111110100111011
1110011101010011
1110001100101101
0110101010001101
0111001101101010
1010101001110101
1001000110111100
1000010000100010
0011011010001111
1011010010001001
0010001000101001
1101011000011110
0000101111000101
1101100001001010
1001000011101011
1111101011100100
0100111001011111
0000011100011101
1100100011001111
0001000010010011
1101111101000100
1101010000100100
1001001100111101
1010110000101111
0011100010101010
1001110001100100
0011011001011001
1010010011111011
0011110010011110
0110000100101000
0001101100110000
1011011001111111
0010000010001110
0101000100000011
0000111010111110
1000010101011111
0101100000010110
0011001010101100
0011101100010111
0101111111101101
1000010100100000
1010000111111010
0000111010000101
1000101101101001
0010110000110101
0001010010101100
1011110000111001
1111100111000100
1001111000100101
1111000111000010
0001011110000100
0101011011000010
0010110101010110
1001110100111010
0110010011001010
0001011101110010
1010111010100111
1101000000001101
1001110111011100
1100001110001010
1011011010100001
0011101110000110
1010001111111001
1110101111101110
0100100101110111
0111000101011000
1100010111011100
0011001101100100
1011100000100110
1011011111000010
1100010101000111
1100100101100001
1010101111000111
0110101010100110
1101011100000000
1101000101001100
1010110110110001
1010110000111100
0000011101011111
0110000011101001
1011011000111100
0001011101110110
0011101000000010
0010100111010011
0001111000111100
1111001001100101
1010101100000101
0111110001001001
1111100001010111
0101111110100110
0101000100110110
0001111101000000
1110100101011101
0010111101100010
0011010000010101
0001101101101111
0011000000001111
0101111100011011
0111000100110110
0101010001100011
0000000110011001
0000110001101111
0100100000111111
0100110000001100
1011001111111000
1001001100110110
0001011101111011
1100101011100100
0000110000101100
0111000101100001
0011110101000111
1010010111110110
1000000010111110
0011000111011001
0110010011101110
1010000001110100
0100011011110110
1100111101001101
1100010100001001
0010101101011111
0101011101001110
1101110111001111
0110101111100110
1000101110101010
1100000100000110
0100011001110001
0000110011111111
0000010000000011
0001101010110001
0111011000010010
0110001111111111
0101110100011010
1000000001110010
1110110011010001
0001010110110100
1000111001001110
1110000110010100
0001111100110001
0010001110111011
0001101001010011
1110111011000101
0111010100101011
1011100100000001
0100101011000101
1010000011010010
1000010000010011
0110011011000110
1110100101000101
0111101011100100
1011110000110100
0010100101001111
1000000001011010
0110100101011010
0000101101011000
0101110111111101
1100110010111100
0001010001010101
0001011011100100
0111011111000001
1011100011101110
0011111000110110
0001101000010000
0011011101110011
0000110001101110
0101100111010111
0101011110110101
0101010001110111
0101001000010111
1111001101111011
1100100110100000
1110111111100011
1010111101110110
1010100000110111
0001011110010010
0110000001001110
0011000001101110
0100111010001101
1001111001111100
1101110011110100
1110100100100100
0101110101010111
1101101111011110
1111100001110110
1100111001000000
1110101000100110
0011100001001101
0110000000101011
1000110001000000
0110110001001111
1000100001001111
1111111110111001
1000101000110100
0111111110011011
0101111111010000
0001001011010010
0000101011001111
1011001101000001
1100001110111010
1001101011000010
1000001010011110
0011110001101010
1000001101010101
0100011001100111
1010110000110001
0010110010101010
0111111011001001
1011101101011100
1010110011100011
0010100000101101
1101101010011101
1100111001101001
0101111001011100
1010001010001100
1001011010100011
0010100000000111
0001101110011010
1111100010010010
1101001000011011
0111100111101000
1011010100101000
1000101010101010
0000011011110110
1001100011011111
0111100000011011
0101000111011000
0101110111101111
1011100100011110
0100000111011000
0001011011101101
0010110001011001
0111111001011011
1000110110100100
0010000100100100
0111111100101011
1000100111011010
1100100010100001
0110001101001000
0010111000111010
1110001100100101
0110101011001001
1101100111111100
1101111100101100
1000101001011111
0010010010111111
1010100001111001
1010101100101111
0110111000010111
1110010000111011
1110000101001011
0100100010111000
1011000011111111
0011110110101010
0010001000011010
1010110011110001
0110010000101101
1011100001101011
0100110010110111
0000001001111101
0011110111011001
0010010100001110
0011010000111111
0001010111010110
0000101011101100
1110101110100101
0001000101011000
0000101110100100
0011101101001111
0001000101001000
1011001000010110
1110111100100011
0001110000111110
1111010101011000
1010101001111100
0100000111101110
0001001000100000
1010111000000100
1111110010111111
1110000000100101
1010101100000100
0000100010001001
0111010101100110
1110111000010010
1111000110010101
1100110000000011
1011011100111001
1101110100101000
1100011000101101
1110111010000110
1000101110110011
0101111000110000
1000110101010101
0000010001101110
1100010111100000
0100100010100011
1110011111001111
0100100010001101
0100110111011100
1111001010001011
0111101111000010
0100010011010100
0111000011100000
1000111000000111
0110100110001111
0110100111100011
1111000101010100
1100100000110110
1000011100111010
0111110110101011
0001101000101101
1111001101101000
1010111100100101
0010101010101011
1001110111111111
1001011100011100
1000001110000011
1001011000011010
0100011100111111
1100011010110000
1001100111110001
0110100011001111
1010011011000000
0100101110101111
0100001101101111
0000001100000100
0010110001011111
1100100010101000
0011011001111101
1100110110111110
1011101010100101
1100001011001000
1100011001000111
1010110111110000
0100100011001001
0010000011101100
1111011000001101
0111000101000111
1011111000111100
1010000101010100
0101001101100011
1001101001100011
1000000000000011
1000000001011001
0010001110001111
0000100010000000
0110101001111110
1011000100010000
0000001100111001
0111011100011101
0100000001011111
0000001000101000
0000010001011110
1110110001001101
1000101100011000
0100110101110001
0101001001111100
0100110001101100
0000110101111110
0100000000100101
1011001110111101
0010111111010101
1110100111010101
1000000101110010
1000111100011000
0101010011000101
0111010101010111
1110000100111111
1001110001000010
1000100111101111
0011110000111011
0110001110100001
1111111111001101
0001000110001010
1101010010000011
1001011110101011
0000011000100001
1110000111101000
1010111011101101
1000010011110111
1000101010111001
0000000010111011
0100000001111001
1100110101010000
1001000111011010
1010110110010111
1010000100011110
1101001010110100
1000101011100100
0010000100010110
0100111101000110
1101001000000010
1110001011011110
1011011100001101
0101010011010011
0101111010101101
1001011000010111
0111101011111111
0111101001101001
0101000111011100
0000101110111100
0000001000110111
1000011011011000
0100010100110101
0111001111101101
0000001111011111
1010000000110001
0000011101000001
1000001100000001
0001000000010101
0000100100000001
1001001000101100
0110011000010101
1010101110101000
1000111001000000
1111101100001111
0100001001010011
0010010100111100
0101011000011011
1011010011001001
1100011000100101
1000011101101001
0111100111011100
1011110100001001
0111101011000010
0110111101100000
1100101010110001
0001011110011011
1110110100011110
0100110100110110
0111000010100011
0100010101101000
1100100001100110
1011011111001110
1001100011010110
0011101001010110
0111111111101110
1111000000101111
1110100010000011
1001110101010001
1111101100100100
0000101110101101
1110001101101000
1010101111101010
0100010100010111
1011100101010000
1110111001010101
1110110011010001
1111000101001111
1111011001101101
0100000111111110
1000011010110111
0100010000011111
1101111110101000
0101010101000111
0001110001011011
0011101000111111
1011001000010000
1011010101101100
1100100001110011
1011110011110011
0110100101101110
1101100100001010
1011101011011010
0010010111001001
1011110010101110
1010101001001101
1000111011011000
1011111011101001
1011111000101100
0000100011011101
1111110010000011
0100111110000001
1000010110010100
0110010100101101
