0101101011010011
0101101010101111
0111111110010000
1010101000001111
1001111101001010
0101110100101011
1111110101101010
0111101011000110
1000011001010110
0000011010101010
0100111110101111
1111010101010010
1100101100100011
1100100000010001
1100001000010000
1001010000001111
1100101111101101
0011010011101101
0001001000110110
0000110100010010
1110001010111010
1101101101100101
0111001111010100
0100000111010000
0011011000101010
0110000011110011
1100100000111111
0101010000010010
1000001101001111
0001011101010011
1110010100111100
1010000000100011
0111000111000111
0100000011110011
1010101000110001
0011011001000110
1000011100011011
0100010000000000
1110011110100010
0010000101000011
0100000011111010
0111111010100000
1100000101110000
0101101001110101
1100001110100101
1000011010100101
0001001100011010
1101010010000000
1110000011011010
0010100110111111
0001010010001000
1101100101101100
1000011111001101
1000010000101111
1011100110011100
1110010001001101
1011110000100101
0111010110010011
1111010010001001
0001100110011010
1001011100110001
1110000010101110
1011010111011101
1110110001101100
1011101111110101
0001001000110110
1001001100110010
1110011010000111
1110010011101101
0101001110100011
0001110010110000
1100111001010000
1100000010110101
1000110010110001
0100010111011011
1011101010111111
1011011010100011
1001000011010100
0010110011000000
0101000011110111
0101110010100111
1000011110001001
1001101000110110
0001000010011100
1000110101111111
0101001011010001
0110000000001110
0110011101000100
1000101100110100
0100001001010101
1111110100011111
1110011011100110
1100101101110111
0000111100011100
1010010000100110
1111101100110011
0100110010110001
0111010001001101
0010001000101111
1001111010011011
1111010111101101
1011111110010011
1010100010001000
1100001010111011
0111000000111111
0001011110111010
1101001111100001
0000110011010001
1110101111100010
0101110111100010
0001000110011010
1001111100101000
1101001100111111
0100111010100001
1010001011100110
0110000111001100
1100101101001000
1100000000100100
0111000100010110
0000100101111111
1111101000000010
0111101110100000
0110000000110100
0011100100110000
1001101000110101
0110011110011010
1001010100010010
0110100100001011
0011011110101010
0000100000010010
0011111001110001
0000101001011011
1101001111001101
0111001101101101
0110111001001000
1011110001010100
1100110100000100
0001111000101010
0000010100100010
1001101000011011
1001101100011101
1000111010000010
0010010111001101
1001101110011111
1110011010010111
0010100110101000
0100001011001101
1011100000010000
0111111001101000
0011101110001000
0100111110001000
1011110100101110
0010010011010011
1010111010010110
1010011100001110
0101000101001000
1000101101000101
1110010110010100
0111101111111110
1000001010011010
1101011101101101
1000010010101100
1111000000100010
1000010010100011
0101111011011001
0000101011111111
0111000111110010
1001000001101101
1111001000100110
1010011000000100
1001100010110100
1110110000000101
0101110000101110
0100001001100010
0100110000001001
1100100000001100
1101000101010011
0110111111000010
0011111101000110
0110011101011000
1110100000100111
0011010010101111
0010111111111111
1101000011111010
1100100100101111
0000011000101111
1110110010001000
0000010111001010
1111110000111110
1100111010111100
0110101001111001
1100010000111011
1110001010010111
0110001101000110
0001010011101100
1110011111001100
1100000101001001
1100010110101000
0001101001010100
1100010110101110
1100010110100101
1111011111110001
0110100010101000
0001111100110110
0010101000000111
0100011000101111
1010010000100010
0111000101011100
0101000010011001
1001010001010111
0101100011111001
1011111100111111
0011010010110001
0001010100100011
0011101100001001
1100111000100111
1001001001110101
0101100011111000
1010101110111000
1110011010000111
1001110011100010
0011100100011010
1010100000011001
1010011110011011
1010001110110100
0001000000001100
0100010110001110
0100010010000010
1100111101100111
1000110111000011
1111011000010110
0101110100110100
0101100000100011
1001000011110001
0010100001001011
1000111000101010
1001100101111100
0101111001101010
0001110001111110
1010010110001111
0001001000011011
0011000110100110
1011110000011101
0010000010100000
1010001011101100
0000010111001100
1011100010100110
0111001011100010
1110010001111111
0010100010011100
0111000110001010
1101101110110100
1010010000011100
1001011001110110
0000101100111110
1111011010001100
0100000110101011
0111010100001010
1011110001000110
1111001001011001
0010010111100101
1111110010011011
0101011100110101
1011000101111110
1011011011000001
0101100100100100
0010010100010010
0111000111101010
0000110010011101
0111100001110001
0000110010111001
0000010000001011
0001111110010101
1000001000010100
0010000011110101
0110101000011110
0100000110100010
1001001011101000
0001011010111000
0010010000100111
0100001011111010
1011110111011100
1110100011000110
1010000001100000
1011001010100010
1000001000010011
0110011101000000
1100001001101110
1100000001100111
1001011100000000
1001100011010100
1010000000010111
1001110011100101
0001101110010110
1101000011000110
1000101101000011
1000000010111001
0010010010100100
1101100100010100
0110101101110100
1010101111010110
0110111000000001
1011101111000111
1010110111110101
0100110011000100
1001111011010101
0111111000001010
0111001100111011
1111001101110011
0111011011101011
0011011011100011
0011101100101100
1001011111111111
1110001000101110
0101110000110010
1110011001100001
0001000001110101
1110001011001010
0011101100111110
1101001010110000
1100001011100000
0010000100110001
0010000101000101
0100111110001000
0001001111001100
1111100011000010
1110000010101100
0110111111001000
0110001111011011
0001101100010001
1111000011011011
1101110111111111
1100000000110000
0000010010010101
0101111100100111
1111001001100000
0000011011100011
1110001100001101
0011000001001011
0011111010000100
1000011110110101
0100101111110111
1000011100001011
1011100111010111
0000111010110100
1111010001101000
1001000011101110
0100011000110001
1000100001001010
0101011101100101
1001100100000011
0001111011011000
1100000110101000
1111011110110001
0001010100000100
0011100010000110
0101001000010000
0011011110100011
0010110000001000
0110101000001111
1111101000001100
1111000000101101
0101110010011000
0001110110110011
1100111000111011
1001110111010000
1000011111010111
0001101011110100
0110110111111100
1010110010001101
0101011101100000
0010010111100111
0111101101110110
1000000111101001
0000000011110001
0011110101001001
0000001000101011
0001000001010110
0010010100101000
1011011011101010
0000000010010011
1101100001010011
1010011111011010
0111001100110101
1110001101011111
1011000000001000
0010011100000110
1101000101100100
1000101011011001
1110111100001001
1110100010001110
1111001111000000
1100110000111000
0010000001001001
1010000111000100
1111110000111011
1101111111010111
0101110010011001
1001110011110100
0110100011101000
1100110010101011
1001101000011000
0111111111110010
0011000010111111
1000001010101010
0011001011001000
1111111111011111
1101001001100110
0101110110001011
1011011110111010
1010100100110100
0110000000010001
0111101001001001
0001000001010011
0111101101101000
1001000111100010
0011010010111110
1001000100111110
0110011100000010
1101100100001110
1100001001110101
0000010001111001
0101010111111011
0010001010001111
0111000011101011
0000111010111000
1010010000000010
1100111000011011
0001011101010011
0101100100000101
1110101100011111
1011010101001111
1101101111110101
0100011101110110
1101000010011100
1110100101001010
0000101111010011
0000110110110010
0001110010000000
0101000110000010
0111010000011001
1011100100010011
1110011100011011
0111000101100001
1010100001100100
1010000011100100
1010100110111011
0011111011011000
1111011101100000
1000011001010111
1001110000110001
1000001011011001
0100011111010111
0100011011101011
0001110111001111
1011011101010111
0110110101100100
1101010010110101
0100110101100000
1001110000110111
0010101011000011
0010000100010111
0001101010011111
0010111111000111
1101011101110100
1011111000101000
1010001100110001
0110010010000010
0000001110010110
0110000111110001
1101111011011010
0011001001100000
0011011010011010
0110100101111011
0001001111101010
0111010110101110
1100010101011010
0001011110001001
1001111110001101
0011000111100010
0000000010000001
0110100111101110
0010100000110011
0001000100111100
1000101110001001
0101000011011100
0010100010010000
0100100111000111
1000111001010101
1110101110110101
1100001111010111
1001100010010101
0101011010111010
0101011011001111
1100100000111000
1110010000001110
1111010111010001
0111001001100100
0100110100100001
1110100011001100
1011000000101110
1010011011011010
1010010001011011
0101000110000101
1111001110011010
1000010000011100
1111010100000111
1000011111101111
0101001010010000
1110100001001110
0101011001011110
