1010110100100101
1000010010010100
0101010000110011
0110100010001111
0011001011011001
1001000111010001
1101011000111001
1011001110110010
0100100010001111
1010000100001001
0010110110001010
0110101011101101
1011111011011100
0001010011100001
0111000001100110
1111100001001000
0001001101011110
0000000100110110
0100010111101010
0001010001001010
1111010000100001
0000011010110110
1101000011110111
1011010101010110
1001011100100110
0000010001001011
1110111011000000
0011110111100001
1101100100110000
1000100011110000
0110101000111111
1010010010000111
0001111100101011
0110000001000110
1010111101110111
1111011010111001
0110001010011101
0010000010010010
1100011101110011
0000100011011110
0000111000001110
1001100110101000
1001011001011001
1111100111011000
1110000100010000
1111110110101111
1011111011001100
0010000100000101
0000010101100000
1110010000010111
0110001110111101
0101010011100011
1110000011111100
1110001110100000
1111000100010011
0110100001000100
0100001011111001
1001011100111111
1000010100101111
1111100110110111
1011011110010000
1001110011011101
0000101011111101
0111110110000001
1000101011110111
1110000100011001
0000111001111111
1111111100000111
0011000111001011
0000101011100010
0100101100111111
0111001111110110
1011001011010101
1100011101111100
0000010000111010
1010100110011001
0100000101111001
0101000111100100
0001011110110000
1101101010000100
1001011010000110
0010010101101000
0000101000101101
1000111011101010
0001010001100111
0011011101100101
1000010001100001
0010010111000001
1100011101110011
0010110001001000
1110110111100000
0010001010001010
1110101000011111
1100001101101011
0101100101101100
0111011000100011
0110010110000101
1000010111111000
1001011011101011
1000100101110001
0000101101011010
0010001110000000
1100111110111001
1001011000000100
1100110000000110
1111101011001100
0111000110010001
0110011000000010
1111100111100110
1011110000011011
1011111111111010
0001001000111111
1010010000000001
0100011100101001
1110111011111001
1101000100101101
0100110011000101
0001011101010110
0000000111010010
0100101001001001
1101101100111000
0000111101010010
1101000001011111
0101110101101010
1011000001101010
1110101000011010
1101101010101111
1010011110111000
0111001101111010
0111001000100100
0101010011110000
0011000001100010
1111101010100010
0011010100010100
0101110100110001
0111111011010010
1110101001101100
0100010011101011
1010010001011010
0001011100101001
1000101100001101
0000110110011011
0100110000001011
1010101110010100
0111011100011011
1100110111000010
0100100011100001
1100000100111111
1010010110011001
1011001101110101
1010011010011001
0011101000000101
1101011001000101
0011011000101001
0011110001100001
0010011101110011
0101010101111010
1000010010010010
1100111110010100
0101001111111111
1000011100000011
1000100000000001
1011101110000101
0101001010110100
1001011010111111
0010110011011000
1111010000010011
1111001010011010
0101111011001111
0100001111110000
1011101001100111
0001110010001001
0011100101010011
0100000101011010
1110001011010011
0001011000110001
0111010001101101
1011011011001101
1100101101110010
1011011100111100
0110101001111101
0001001110011010
1001001111011001
1011011001001111
0100010011000110
0000010101111101
1000011000011010
0000110101110011
1010011011100111
0100000000100010
1000101101001000
0010001110111111
0000001100010001
1000000000110100
1011101111001100
1110011100010110
1001000110110010
0110100111101110
0010001010011001
0111001100001001
0000110110100100
0110010101001110
1111011100001000
1011111110101001
0100110100101100
0010001001100101
0111100101100100
1111111000111110
1011011001100110
1011101010100001
0000110100011110
1010011001111011
1000110011111110
1001010111101110
0101011110011011
1111101100011001
1000100000111001
1100110011010000
0011110110001110
0010111101011010
1101100010100000
0010011000101000
1001010100011111
0011100100011110
0001010100011111
1001100010011010
1101100110000001
1001001111100000
0101100010010101
1110000001001111
0001100011111110
0101110110111011
1100101010111000
0011010110111000
0001110011011101
0001110010001011
0110001111100001
1100001110110011
1000110010000001
0110000010111000
0001110110111011
0111101100000101
0111110001011110
1111100011100111
0100110010101101
0111001100000001
0110001001001111
1000001111000000
0111001000010101
1100000000011111
1001101101000110
0010010001101110
1111100100111001
1101110010111001
0001101110111010
1100101010110110
0011000010001011
1111110011100001
0011011111011011
1101100000111101
1001011011001101
0101010100100010
1010011111110100
1110111001011100
1100110100001101
0101010010100101
0111011001101100
1011011100101101
0100001000111100
1110110101101001
0100111010101010
1110100000110101
0110111100011000
1000001111010001
1011000100010011
1010100000101011
0101000100001011
0001000000001111
0010010111001000
1000100010100011
1101111010000101
1101000100100000
0100010010010001
1010101111100110
0111101011011101
0111100010001000
1011010011010111
1001011100010001
1010001001111000
0101000111000100
1111011000011010
1000011011101011
0010100011011110
0111000111101011
0100001101000101
1001000010010000
1011000111100010
1101111010111010
1110001100111011
1101000011011110
0010101101110100
1001100000101110
1000001110010010
1010010110111000
0000001100111100
1111100011100010
0010100111000101
0010001110111111
1110110001001101
1100111111011101
1100000101011011
1001110111000100
0110000110010001
0111010011111101
1010010010010011
0011100011011000
1000011111000111
0101111000100110
1101100010100110
1101101010010100
1110000111111010
1111001100011111
0110011101010110
1001101111100111
1101000101111111
1011011011110111
0100000001001011
0100001011011110
1011011011000100
1000000101110110
0100100110011100
0000111110010110
1001110011110011
0110100111011111
0001011111110000
0110110000011111
1000000001011101
1001111010001001
1110111001011001
1110001001111001
0011000110111011
0011111111010110
0011001110011110
1111000111111001
0111110011001001
0100000010110010
1000011001011010
0010011011100101
0101101111100111
1010111101001101
1111100101010011
1011100001011001
1111111110011101
1110101000011100
0001111111010001
0110101100110010
0001011111010011
0100000111001001
1111100100110111
1111001011011010
1001010111111000
1011000011011000
1101110010001110
1000010110100000
0100000110000001
1110110100111000
1011011010110001
1100001010110111
0100100011010001
0101101111010011
0101111010011101
0000110000110110
0101010100111011
1110011011011101
0011001100000101
1101100100001001
1000000111111100
0010101111010100
0100011101111101
0011111010010001
1011101000111011
1111110010000001
1000101101101000
0101111101000101
0100001000011011
0011011101111100
1000100000101100
1000100100000100
0010111111000010
1010101010100101
0101010011111101
0010100001111001
0001111001010101
0101001001011011
1100011101111100
0011101010100110
1110111011001011
1101010010001111
0001110100001001
0101110101111110
0100111010010110
0000111001010000
0101010111111110
0010110101010110
1100010101110000
1000101100011110
1100010101010011
0101011011100011
1110111010101011
1110011011110010
0000101000101010
0100110110101011
1110101111100011
1110101000000000
1101000110110010
0010110010011011
1001011001100101
0010101010110101
1001000101001100
1000101011000100
0111100111100000
1111100100010100
0101000010100100
0000011101001101
0001100110101010
1111101100010110
1001001110100011
0100111010001011
1000110011110011
1101101101010100
0100110001110100
0110010101001010
1101011100110101
1001010110011101
1011010111110100
1000001100100100
1011110001000001
1000010110000000
0010011111001110
0000011000000001
0010001010101010
0101010010110011
1001111011110001
1101110001011000
1010011000111111
0011001000110110
0110011000011101
0110100101100101
1010111001011111
0111110010100001
0101111010011101
0010100000100110
1011100111001001
0100111001110111
0110001111111101
1001000001011101
1111111001111110
0001101000110001
0000001100000001
0101101111101010
1100101000110000
0010100011111011
0010011101000110
1010010100111010
1000001011100010
1101111101110101
1101111000010010
0110111010111001
1111111110101110
0001000111111000
0110110111001100
1110011010101011
1010011001001010
1101101001111101
0011010100010100
1101110000110100
1110101101001001
1000001000010110
1010101000011110
0001000010010110
1010011011101010
1010110101111000
1111110000000001
0001111011001101
0010000100000100
1100001010101100
0010111100000000
1110010010011001
1100011010000011
1111000011010111
0001010011001111
1100001010100011
1101101110110010
1100110001010110
0000110011010001
1001111100010101
1111010001100010
0101110100001111
1001001001000011
1101101101011010
0110100000111100
1010110011111110
0100111010111000
1110010001010001
0110110101100010
1100010001100001
1101111110010011
0010000000011010
1111110010110101
0000000101010011
0010110001101000
