0001101011101110
1011011101001010
0011011110010100
1110101110100111
1110111011000111
0001100100111101
1001100001110010
0011001110111011
0111110011010111
0110011000011111
0100100111011000
0000010101101011
1001001110111100
0011000100101001
1110110110010101
1111010011011011
1100101011000100
0101001101010001
0110111110110110
0000111100111100
0110100100001101
1001101000101001
1001101000101100
1101000010011110
0100100010111010
1010010111001010
1110100101011010
1111110010001000
1010000100100110
1011111011011010
0000110101010110
0011010101101111
1001110100111001
1111101100011011
0000001110000110
0110011101101100
0000101000011110
1110011111011001
1110110110010101
1100101111110101
0001100000111000
1111101110000110
1001001101110011
0110101100100100
1110110100110010
1110011101100011
1111111000100010
1110111010111101
0010110101101100
1111011110000011
1101111101011011
0000011010100011
1100001001110110
0000000100110000
0111010001000101
1111101101011110
1010100110100100
0000001100100101
1010100100101010
1010100111110010
1001100001111110
1101101010000100
0011110001001011
0111010000000111
1100100110010010
1101001111101111
1101111000110010
0101010011111000
1111111110010100
1101000000000111
1000111100011001
1001111001101000
0011011000010101
1011100010001111
1011001111000101
0010110100100100
0101111011001010
1101010001101110
0110010000110110
1110011111011010
0001011001011011
1100100011110101
0001110010100110
0011011001011001
0100000011111101
1100111110010101
0111101100101101
0111111010001011
0111001110000000
0011000000000010
0010000110011000
1110111111011111
0101110111011011
0100010011111111
1101101000110111
1100101100010011
1101000110001100
0100110100001001
0100000000011001
0100100000000010
1100111011001110
1010000100111110
1101000011001100
1101011110111011
0110110010010000
0001000010101101
0101000011100100
1111111000101010
1110010111000111
0011001110100100
0101111101011001
0001010100101001
1110110101011001
0111001110010010
1010100011000110
1011101000011001
1000110100110011
1110101011010111
1011001100100010
0100001101100110
0011011101011101
1010011101001001
1111100100100101
1111101000010010
0001101110111110
1001011111000010
0011010110000000
1110110101100011
1111001011110111
1011111011000001
1110111101011111
1101011001001001
1100101111110000
0101101011101011
1010101001101111
0001101111001111
0010011011101001
1000100001110111
0010101101101101
1000001000001000
1000000011111000
1010101111110000
0001011010010011
1100001101110011
0101001010011111
0000001011010011
0000110010101100
1111000000010011
0010010001111001
0001111000011001
1111000001101110
1110010100001010
1101100110000000
1100001000111111
0101010011111100
0110010000001110
0100110010010000
0010100100101111
0011010001011000
0110101000110110
0111000111000000
0001000000010101
0110101001010100
0000010000110010
0001100011101100
1111001100010110
0010000001100110
1011101011101110
0100101010001011
0010111000011001
0000111000111000
1001001111001101
1100110100110111
1111101010001110
0010111011011011
0100000101001001
0001010110100001
1111110001111111
1110010001110101
1100010101011111
1101101011011001
0011110101110011
0100011000110011
1011101100101110
0111001111101011
1000100010000101
1000111000010111
1000101000011001
0110111011110001
0000001110110100
1000111010100111
1111110011010010
0011011011101001
0010010100100001
1010011000100100
1100111010110111
0010100000100001
1001000010110110
1111101000011010
0001010110010010
0100001011110101
1000101001010001
1101001001010111
0101100001110111
1011110111111011
1001001011101100
0000110110001110
0101011000011000
0010100001011100
0010110110110110
0111000000010101
0110000000010110
1101100000111101
0001110011001010
1000001001101110
0011101100111100
0011011101000010
0001001100001001
0011000101000001
1011010111111000
0010100001101000
1100100101001101
0010111111010000
0110011110001110
0101010001000101
0101011001110000
0110100111010010
0001111001100010
0011001010111111
0111010110011100
1111110110000100
0010111001101110
1101011101100011
0100101100110011
0010001001111100
1100111110010101
0110101011110110
0101111101000001
0111010100010000
0111011100101100
0011110011100111
1000001010011000
0100010001100001
1111100100110100
0110000011100010
0011111011101100
0011011101111010
1100110001101111
1100101011010010
1001000111101101
0001110010101011
0100001111000110
0110001111001010
0011001101001011
0010101110100000
0000011111101100
0010100111111110
1110110010010001
1111100011110100
1110111000111011
0011100000001001
1000110011010101
1001101100111110
0001001010001110
0110001111011000
1000000011111110
0000101010010011
1110100010000110
1101011100010011
0011011110001100
1101001100111011
0000010100101000
0011110001010011
0001010010100010
0010100100111000
0110101011111101
1010001110100110
1001100100010000
0110010000110111
1110000011011010
0100100111101111
0011111000111111
1111111000101111
0100000101011111
1011000001100001
0011111111101000
1110110001101101
0010100011101000
0101101111111101
0110100001010110
0011101001001101
0010101000101101
1101010011011111
0000001010110000
1000100010000111
1100010000101010
1110100000000110
1101101010011101
1000001110111100
1100001110100010
0111000010000111
1101001100100001
0000001110111011
1101101011010101
1101010111101011
1101010010000110
0110001001111010
0011000000001101
1001100000010111
1000100010110011
1011001110001110
1110101000111100
1101101010110000
1111101111001100
1101000110110101
0100100110010110
1111110111001010
0100111111111100
1110001101111111
1101110001100100
0110100111001111
0111000001110011
0000101110011011
0110001000010011
0010101011110011
1000111100011101
0100000001001111
0000010000100000
0011000100111010
1100101001011110
0101001100010000
1001101001010011
0000001101101010
1000010101101000
0111011000001010
1111101001010101
1000000000011010
1110010001101010
0010010010110011
1011100000011100
1010100001110010
1110110010111000
0010000100011010
1001111111001111
0100110010011001
1110001100111000
0000010100101010
0011000010011011
1110101111101110
1101000100010110
1000010010110101
1110111011010101
1011111001101000
0110011101000011
1110111101100110
1100011001001000
0001001101101100
1101011011001111
1001000110011001
1001001001000010
0101001011011110
1011100010101001
1010110010110000
0101000001011101
0000001101101100
0111101110000100
1110010111100001
0110010110100111
1000101111101001
1111111011100101
0111111011101010
0010100000000011
1101011101101111
1111010100010101
0010000100110101
1111001111000011
1100111000101101
0111000110110110
0100100011111101
0110000001010001
0100111110101010
1001000111001100
1011010010101110
0000001000100110
0010111010111000
1111000110101110
0010111010111100
0000010010110010
1110100100111010
0111110111111011
0010100100010000
0111101111000010
1001111000011010
0110001100110001
1111010011011011
1010011001101011
1111010011101001
1010011110110000
0110011001011011
0111111110110111
0011000111001111
0001001011111011
1000000100110001
1011010100111100
1100110000010010
0000110011011010
0111000100100001
1100010010011101
1010111001001011
0100110100100011
1100000011000011
1011000010111101
0100010100001001
0101011100010001
0101011111100101
0010001000111100
1001100000100001
0111010010010011
0010100011010011
0101111111110000
1110000000110011
1110010010001011
0010101000101001
1111000110110011
1000110111001110
0110000001111011
1010000111001011
0001011100000111
1110111001011000
0011100100100010
0100111100011010
1011000001000011
0100110001100100
1100111110110111
0111011110001110
1101010011001001
0011000100100010
0101010111100111
0011011110110101
0001111111010111
1100110110101010
0111000110000010
1110010111100111
0101110111110010
1011001001011001
0101000110001110
1000011110100000
1001101111111110
0101101101111110
0101100000001000
1111001000101010
1100111100111110
1110111101100100
1110001110001000
1001010000110110
0100000000010111
0110111101101000
1000111101110011
1111110101000001
0100001110111110
0101000101111010
0111001111101100
1010001100000111
0100101110000110
1010011000001101
0111111011000111
1010010011101001
0001110011000110
1110100010100101
0100100101101101
0110000001010001
1001110010000000
0101111010101000
0110010100001110
0010000010111010
1001011001010010
0011000101001001
0110011101001000
0111001111101010
1110101101001000
1011010110100101
0110001010001001
0111111101001111
0001010011000000
1100100101010001
0111110001000100
0011100110011111
0110000010101001
1010001101001001
1000111001110011
0101000111010001
0010100101010100
0110101010111010
1011000010010011
1011010111101111
1010010010111100
1010010100111111
0000100110011011
0100101000100110
1000100100100001
1000110000000001
1101010001000001
1001010000111111
0101101111100011
1101010001100010
1110010011001100
1100111000110110
1101101110010011
1111111000111000
0111001000111111
0001110010101111
