0011001101001000
0001100101000011
1000010100101110
0110101100111110
0011011100000101
0110011110001111
1011110011101100
1001101111011010
1010110011100001
0001000101011100
0001010001011100
0111001000110110
1000000000010001
0001101001111101
0111001001100011
1001101110101101
1010101111010001
1010010001001100
0110110100010101
1010100001001110
1011101001101001
1011111100001100
1010101110100011
1001010010000111
1100101011101011
1011001111000011
0011000101111100
0001001111111111
1000011000101000
0010010011111000
1001100110111011
0011011100011110
0011001110111010
1000001100100101
1110010011001100
1110111100011110
0010010111000011
1000000101111011
1001110100111001
0011111111100110
0101110100111001
0011011011000011
0000111110001111
0010011110011001
0101100000010100
1011000000001011
1010011010011110
1110101011100101
1101111000111101
1100001101011111
1011111100100010
0011011110001000
1110001000110101
0100010011010100
0111001000010101
0111010110111000
1110010000011101
1100001100000100
0110111001100010
1010001100000011
0101100010010100
1011110101111011
1111001001011000
0110101111011010
0011011010100101
1011000101110010
1001001011100110
0000001001010101
0011111011110010
0011000001010011
1100000000010001
1101001111100110
0011001111101100
1100010100011011
1010000011011111
0011111010101111
1011001000110001
1101010000100100
0110010111111101
0100010111110110
1110100001001111
1000000101010011
1001001010111000
1111100101010100
0111000000110101
0111001111111111
0001101000100100
1110111111011101
1111101001000000
0001110100001011
0010111110010011
0100100010011101
0001011100111110
1111101000000001
0100110010101101
0010101000111100
0100100111011111
1001110100110111
1111000110000111
1000001001001101
1010001010111000
1101010000111001
0111011000011110
1011001000010010
1100101001001111
1100101001111111
0011101000011110
0100110100111000
1011011100111110
1001100000010000
1001010011111011
0000010101111010
1101001010101110
0001001101010000
0010011100110110
1100001111000011
1111100011011001
0111011001100001
1100011101011110
0000010011001010
0010111001100111
0100000110110001
1001110110111001
1001001001000000
0010111110111111
1110010111011010
1000001001111001
0110101111100101
1101111000000010
0101101101111010
1010110001011111
1100101011111100
1010011011011001
0101001101011111
0000100011000010
1011011110000110
1101010100010110
0100101001000100
0100110101000110
1010000110011001
1101000110100010
0110010100111110
1001111011000000
0100111011101100
1001000100110000
0101000100100111
0100001101100100
0011110010111110
1010010010000000
0110100010111000
1001011001001001
1110000011101100
0011000010100111
0000010110110000
0111101110011011
1100110101100000
0100111010001101
0111111100100100
1011000011100101
1111100011101101
0101110011001110
1011100100101110
1111100100001011
1111100101011010
1100100111000000
1010101010000011
0100000111001100
1111000100001010
0001000100000101
1010111111000110
0111010011111111
0001011111100110
0111111100100100
0010110100111011
0111010000110111
0001000100110101
1001100110001100
0010110011001000
0010110010001000
0100110001101001
0000101111000011
1001010110010100
0100101010001000
1111011000101001
0111110001001111
1110111011000011
1111100101001101
0110001011111010
1000100001100100
1111000010101110
0000010001111000
1000000000111010
0110111101000100
1110011010101101
1100100001111100
1010011001110011
0001101110011101
1101111000000111
1010000111110001
0100100010000010
0111111101001001
0111000100000101
1110110100010110
0000000101110100
1100100111110000
1001011101101011
0010110000100010
0110111000101101
0000011001000010
0000111111111011
1001000111100010
0000101111001111
0101011000010000
0010111000010110
0100011011101111
0001111001010010
1100110011111010
0011110111010110
1011100010001000
0010101010111100
1010100000110000
0000011000010000
1010000001110101
1000011011010101
0000110101010110
0111110001001110
0000001100111111
0110000001100000
1110110111011111
1011101010001100
0100000100010111
0111101111101001
0000000001100000
0110000110011011
0101110101010000
0110111110001111
1100100100110101
0111000101011011
0010011011100101
0111111101011000
1101011101100100
1100101011110000
0100100111001010
0011000010001100
0011001011100100
1001100101010111
0011110000000001
0011001010101011
1110101001011110
1101111010010100
1000001110000011
0000011111010000
1100001111110111
0010000000010110
0101001001110111
1011000100111111
0011111101010001
0000111001011001
0100001000000101
0011010000100011
0101110111000001
1100110001001010
1011000111110111
0111111001110111
1110100111001011
1111010001111100
0000111100001001
0011001000000101
1001100000010001
1111100010000110
1001000100001010
0000101011100110
1010000011010000
1110010000111011
1101111000100001
1010000101100000
0100001100101100
0010111010110110
0000000001100111
1100110100011000
0000110100010111
0110101010001010
1110110100000111
0000010001011010
1110000111000000
1011000100101110
1000100110000111
0110000001001010
0001110110110100
0001110101101101
1111011000111010
0101100000110000
0001101000001011
0100111100001000
1001110101110100
0101110000001001
0010010010000010
1100000100110100
0111010000011001
0111101100111101
0010011111001010
1100101111100001
1001111001111111
1111110101110001
1101011100010111
0110100111110000
1000001100011110
1101100111101011
1111011001111101
1011111100101101
0011100111001011
0001110101011110
0100101100011110
0111010010101010
0111011111110100
1001111011101101
0110110000110011
1101111000011111
0110001110000101
0101101001110010
0100000111001110
0100100010010100
1000010001011010
0110001001100010
1100101010100001
0101000111111000
1011101110000100
0100010110000100
1110111000110101
1100011100100010
1001010111011010
1011001001001001
1010001100001001
0010001101001100
1100111100111000
0001011110100001
1011011010100101
1101100100110101
1100111001111000
0001001010000110
1001110111001111
1111001111110100
0010010101010100
1100111110100101
0000110110011111
1101001110001110
0011000100111110
1010110111110111
0010010000010011
1011000011001110
1000000000101001
0100111110000100
1010001100001010
0111111100110100
0001110110010011
0011000000000110
0010100000101001
1011110111101000
0001011001001111
1011011010100010
0001010010010110
0111010001101110
1000010100010100
0011101011001000
0111001111000011
0011001000100111
1000011000111100
0100011100110100
0010100110110000
0100100111101111
1001110110111001
1001101110111111
0100110100100111
0011100001010001
1011010000001010
1101100111111000
1101010101010000
1011110101111010
0101000011100101
0000011110000001
1010011000011011
0001011101111001
1110110001000101
0011011000101100
0001011110100001
0110010000110001
0101101000101111
0110001011010111
0000011001010100
1011110011100110
1000011101011000
0011111111011000
1001001111010010
1110010100101010
1111000101110100
1111011110110011
1100111011000001
1001110000000110
1111000001111101
1000110100011010
1101111000010100
1101001010010000
0001100000001111
1111100110110110
0100010010011100
0000100010110110
0001100101111100
1100101000100011
0110001110111011
0111100101000100
0011011010101000
0100101011000111
0000101010101111
0110101011110000
1010000000000001
1011100011101011
0010100110000100
1101111100011101
0001011111011001
0011111011011110
1010100011101011
0100110011110001
0100000110010000
0111011111011001
1111110000100010
0011111101101101
0010101010000111
1100010100011101
1111001101110010
0110010001010010
0000101100100001
1110011110100011
1011110100111100
0111001010111100
1010100011010111
1011110011100101
1110010110101100
0000110011001010
0111110111111110
0110111100110010
1011101011100100
0110101001111111
1011011011101000
1011011010100110
0011010011001010
0101110100010111
1111111100000001
0111101000110100
1111011011101101
0110110011110000
0011001110001110
1010100000111100
0101111010101100
1101000100000101
0010111110010000
0100011110000001
0010100100101101
0001011100100111
1000100000101001
0000110001000000
1101100110000011
1010011101000011
0111001001100010
0001110000011011
0010001011101000
0100101000100110
0100111111101100
1011101000011101
1000010111001100
0011111111100111
1011110001110011
1111110110000101
1001101010010110
0100010011101010
1101100110001010
1011110100001011
0111100000011011
0001001010110110
0001001010010010
1001011001000000
1101010001010111
1100000110011100
0011000011100001
1001101110100110
1011001000101100
1011110101101010
0101111111000001
1010110111100110
0111111011010101
0000000000011011
1001000010011101
1110100010110001
1011011001101110
0100000101110011
0011000110111010
1011110011011001
0100010001000001
1110011010101000
0000000001011110
1011100011001110
1011100110010101
1001100011010001
0011011000111110
0111000110010001
1110111010110100
0100001110010000
1000110101011000
1100100010110010
0000110111011000
0011111011011011
1011111011101000
