1100010011101010
0000111101100100
0100001111001001
0100110111100111
0010011001001100
1101100101011000
1111000100111100
0000100111100001
0100010101101110
1111000110010110
1111010111010010
0111001110100000
1011000110000001
1101111100001011
1011100111110001
1011011010100011
0110110001111110
0110000001101111
1011101001101111
1111101110011011
0001110000100101
0001011101011011
0000100110100000
0001101000010011
0100100011100011
1000101011011000
0110011100010011
1011001101111000
1101001011100100
0100100100011111
1001000000011110
1010101010011100
0000110001010100
0110011101100001
1101000010111110
0111110000111100
0110100001111011
1100011110101010
1100111001010100
1100011001110100
1111010011010101
0111111110010110
0011001010011111
1110000111100111
1111000010101001
0110010001011011
0111110111111101
0010110000110001
0001100101001110
1100111100101100
0001010110000100
1110111101001100
1111101110101101
1010001100110111
0011011101100111
0010101011100001
1011110100100001
0110100000100000
0100011100011001
1010110010011110
0000100101101011
0010000110110011
0110110000001111
1111001010100011
1011101101111111
0010110101111111
1001100010100100
0010100001110110
1000100111111111
1110011011011001
0010011001010010
1111001100011011
0111011000010111
0010100011000000
1010010100101110
0100000001100101
1110100110000011
0000100111101001
0011100110001110
1101011101001011
0001111000001010
1111111011010110
1111101010110111
0110111111001010
0111000011000011
1010000100101011
0110110100100000
0100001010101110
1110110100000101
1001111000010101
1011101111000100
0101101101010100
0011100010101100
0010000011110010
0100001011111000
1101000010010010
0100000010000011
0010010011011111
1001010011111011
0010011000011110
1101000100110100
0000111101101100
1110111000101101
0011111000010101
1111011001010111
0101101011101000
1100000100011110
1001001011111110
0111011111010111
0001110001001000
0010100000111000
0001111000010110
1011011001111001
0100001010000001
1111011110011101
0101111111101110
0010100100110011
0001010111101000
1010100100010110
1000110000101111
1011110100110010
1101111000011001
1001101111010001
0011001010100000
1000110100101101
1011010001001010
1001111100100000
1111100011001001
0110001011010111
1110010101100110
1101101011100011
0011000000100100
1010110011000101
1001101110100111
1100110111000000
1001001000001110
1111001101001000
1110010101101001
0110000011110110
1110101010101100
1101100110010110
1110101111100011
1101000100100000
0000101010010010
0010010111011010
1111011010110101
1100011100011110
1011101011110110
1010001110101010
1001110001110001
0101100111101100
1110110011001001
1101101011001101
0011100111001111
0101011001010011
1100110100001100
0101100010101110
0010100100010110
0001011011011001
0111100010111111
0101111011101001
0000100010011000
0000110010011100
1000110011010010
0010111110100110
0001001011000001
0101010011010111
1011111010111000
0010011100001101
0101101101001111
1111011101101110
1101010001111000
0110110011001010
0111001011100111
1111110011100100
0001110001010111
0111000000010110
0010011100001010
0111011110011001
1001100110010011
1110011111100111
0001011101010001
1011100111000011
0011101110000010
1110010001100111
1011000011001000
1010111100010001
1000101110000010
0000100100010010
0000001011111010
0011000101010001
1001001001101101
1110010111000010
1101001101100101
0010111011101101
1110100010101100
0100100001101110
0111111000100100
0001101000100001
0000101001101000
1100000011111100
1100000100110110
1011111100010100
0011001100001011
0110101101101010
0001011000100010
0110011110100011
1000001110001001
0011101111100110
0110011100001010
0100001001100101
0000001110100101
1010001111111011
1000100001000101
1101111111110110
1011111001010101
0000110100010110
1011001011001001
1001011101110110
1010000011101111
1111000001000000
1011110100110110
1010101101010010
0011111110111101
0100010111001001
1010110011011100
1100100101101011
0001101010000110
0111000111100011
0110011010101001
0010000101001011
0011010001101100
0110101010001111
0101001011110110
1110011011010111
1001100111110001
0011000101011100
0100111101101001
0110111111100000
0000111011111100
1001011111100110
0101111110111111
0100010000011101
0111011101010111
1111010010011010
0011110100010011
0000011110111000
0101111111010011
0000001100010011
1110001101000111
0011000000001001
0111101101111101
0110001101100010
0101111110100011
0110100010100010
0000010001101101
1000100000010000
0110100101110011
0101110011011111
0100101110110111
1000010100110010
1100100001110101
1111101101110000
1001011101010000
0010010011011111
0001100110001100
0110010100111000
1110010000001010
0010010111100010
1100101000010101
0001000111010001
0000100101011111
1001010001000110
1000101100100111
0101000101001101
0110101001011101
0001001110110001
1001100101010110
1110010001001001
1110100010010100
0111000011111110
0100011010000100
1101010010111101
0101111110010010
1111111011000011
0100111010101001
0101100010011011
0000011111011100
0001001101001001
0001100010001001
1111100000110011
0001011001110111
1000101100011011
0111000000101001
1011111110011010
1010100110100100
1110100110101000
0111100110011111
1000101100010101
0011010010111101
0001010001001010
1110001001111101
1011101000010010
1111111111000100
0111001111101111
1101110001001010
0011011010101001
1110111101110100
0111001101111001
1001011100010110
0010100111010010
0100111100001001
0110101011010011
0001111111100101
1101001010110110
1110101000000111
0110111111110111
1100101010110110
0110001111110001
1111001001001100
1001010010001011
1000110011101000
0000101101011001
0000011010100010
0101010111111000
1000111100111111
0011010111101110
1000000110011000
0100000101001011
1111001011000111
0001110010100101
0001101101001001
1000100100100101
0101001111001011
1110101010010000
1011000000110011
1000111111011011
0000000011101000
1001110010101001
1000100111001011
0011110101001110
1001101111000101
0001111010101010
0001100101110100
1100011010000100
0110001001101000
1011101001101111
0000100111001011
1111001011111100
1101101111000001
1101101001111100
1111100001001110
1000111101001110
0011001000101111
0011101111101111
0011100001111011
0100101010111001
0001011001010110
0001011100000111
0001001000000011
1010110000011110
0100101100000010
0010000111100101
1100110101110000
0101100111011101
0110100011010010
0000111101111010
0100110011100111
0011101101010101
0001101101110110
1110000100000110
1001110000100110
0110100101001110
0111111110101010
0111111000100100
0100000010111000
1101000011101001
1001100000011101
1110001000011001
1110001110110100
0110010111111101
1011101001101001
0010010110111001
0011011010001001
0011110000001101
1001010100100111
0101011000111010
1010111001101111
0001110000001011
0100000110110101
0011111100111111
0010110110010000
1011011001010010
1010101010101011
0111010000111111
1011010111101110
0110111011011110
1010000001010010
1111101010001101
1111001111100111
0110010010000011
1100000110101110
1011101100001000
1001010001111000
1111101000111100
1010010111000011
1111100101011111
0101011111111010
1110001101101010
1001011010000101
1100001110100011
1000101010001001
1001111111101011
0101110010000001
0011011100000110
0100110111111010
1101010010010111
0000001111101011
0101111011001000
1101101111100011
1010001000110001
0000010000110001
1010000111000001
0111011000010100
1100001001111101
0010011111101100
1101010010001011
0100010001101001
1011100110111101
1001101100010010
0100110011111110
0100100100001111
1011011110010001
1000000101110110
0001111100100011
1111100111101000
0100100111100111
1111011110010000
1100000011011110
0010101110101010
1101101101110111
1000100111111101
1010100110010011
0000011010001011
1010101011101010
1010101010110111
0110011000000010
1111010001011000
1000011100111101
1000011111101001
0100101101011100
1000110101001001
0000100100001100
0110111110001111
1001101110000110
1111011001000101
1000111001111101
0011111010111010
0111011110010110
1010111101001010
0011111110011101
0110000011110001
0001110100000010
0010011101001101
0001111110011110
0111001010101111
0100010010010000
1011001011001000
1101110001110101
1111001000110111
1111100001000110
0001000010110110
0010000101011011
0101111101000001
0011101110001100
0101011100100101
1110000111001010
1000010011001010
1111110110000110
0101100001111101
1001001110010001
0101100000001011
1001010100010101
0010001111111101
1101110100111010
0010101000111000
1100010110101011
1110100010110111
0110111001000011
0000010000111101
1101111000001010
0001110000011011
0000100100100011
0111010100010100
0011110011110010
1110111011111101
0110000111111111
0011001000110100
0001101100011010
0101001010110010
1000000110100011
1110001010110100
0110001100000011
0110011010100011
0100000011111100
0001101101011101
0011100010011001
0110111111001111
1100010111100111
1001010111111111
1101000001001000
