0111110111111010
0010110101010111
1101111110001100
0110100000111100
1111100110101000
0110001100101000
0001100100100110
1000100101100111
0000010110011100
1111000000101011
0110111000100000
0101111011011101
1101101111101111
1110011110100110
1100001010100010
1100001101110011
0001101001101010
0011001010110001
0110100011110011
1110011101010001
1110110101100010
0001101000100001
1001111101111100
1101011110110001
0011111101000101
0101001110110010
0011100010100111
0001001111010100
0001000100011011
1110001011010011
0010011010001101
0010101111001101
1011001101010010
1110111011011001
0010100111000011
0110011011111001
1111100000111011
1101000000111010
0011101001111011
0101110100110000
0001000011010000
1110111110101000
0111001111110111
1111010111100100
1111100000111001
1000001010111111
1101111011111101
1010011010110111
1101110000010000
1110100111011000
1111111111001110
0111100100100010
0001111101101110
1110010001100010
0110111010001110
1000101100101011
1000000101111000
0100110011101001
1010110000000110
0001010010001110
1100011110001001
0110001101110111
0110111101011010
1110101101001101
0111110110001101
1000100011000000
1011100001000000
0010100011110000
0001111110000100
0010110111000111
0000111000110001
1011111111101011
0000001010011101
0010001011111000
1000000011100100
0110011101010101
1000111111011010
0111000010000110
1000110011110110
1011110000110000
1111111100111111
1001010101000101
0001010100011001
0001110011101111
0101100111101111
1111111001100110
0110101011101001
0111001010100101
1011000010000110
1001100111111000
0100010111100100
0010100010100010
0011110011000110
1111111111010000
0100000100100101
1001100101101001
1010001110001000
1001111001101010
1100111101101110
1011110100001101
0111111101001100
0111100001101000
0111100101011110
1101000001110000
1000010100110001
1110011101100100
1100010000011000
1110000010111100
1100000011110101
0000111110010000
0000000110011110
0001001000011111
0101100010010111
0010110110101100
1111101010011111
0000010001110011
0000111010110000
0010001001110100
0111100100110011
1100101110011100
1111111010100100
1100001101000101
1001101011110100
1101001111111001
1110010110110100
0101111001111101
0010011110010101
1110011011111100
0000110000100011
1101100011011010
1111010111111011
0000101111110101
1011001010110010
0010110101010011
0011100010111000
0011011110010001
0001011100110100
1100000011001100
0011000100101111
0011010111001001
1010000101011101
1000111001100000
1100010100011001
1100100000100011
0111001111111101
1001111101100000
0110010101101110
0011000110011000
0110111111111000
0111100000000000
1100110111010101
1101011001011011
1001000100101110
1100011010110111
0010110011110001
0110000011111011
0111010111100000
1010001001111101
0100110111100010
1000011101100110
0101101101100010
0000100110111011
0000010000011111
0010010101110111
1111110111001001
1011100011100111
1010001001101010
1110110100110111
0101000111010001
1011001010110000
1101010001001000
1010000110010011
0000010010000110
1111010010101101
1000011110100000
1100111001111111
1100010111111001
1000010001001000
0010110001100100
1111111011100000
1101001100011010
1110010010100100
1000010000101110
1000111011110010
0101100011000100
0100100000110101
1000111001101101
0111001111111111
0101100010010001
0010001011110111
0001001100111011
1000001001110010
1000101100110110
0111001010100101
1101001110011100
1111110110001000
1001100101111110
0010011111000100
0101000011000111
0101101010100101
0101101000010111
1110001110011011
0010011011011001
0100111111000001
0110010010100010
1000111110000010
0100011110110110
0101110110111110
0001001100000111
0100011010010100
0110100011010001
1010001100111110
0101100101010100
1110110101001000
1011111001011000
1100111011100000
0101111010101001
1111011001111110
0111110011110100
0011011001110100
0101111010101000
0001110110111110
1100011000000101
0000101100100000
0110010011000000
0101101101111011
0111001001000100
0010001101111001
1111001111001001
1001011101000101
0000100101011001
1011001100000100
1111110101010110
1011000111111100
0011100010001011
0000011110001000
1100111010110100
0010100100011010
0010100111100110
0110011101000110
1010110001101010
1100010100000101
1111001010110011
1101010100010110
0011110011000001
1010100001000011
0100010101010111
0101010110000111
1001000011001110
0000001101010000
1011111000001110
0111000101101010
0100111000010011
0010001010110010
0001000100000011
0001010100111011
0010101111100110
0100010100001100
0001011111010110
0000011001100011
1111110010011111
0101010110111001
1011000010010101
1000101011001110
1011110001000110
1000101011111000
0010000111111010
1100010001100011
1111111101110000
1101001001111110
0011000011111111
1011000100011001
0111011111111010
0000111001000111
1000110111111001
1101010011011111
1010001101011010
1111101100111101
0001010101010011
1110110011001101
0101010010101011
0001111001101010
0100110111001111
1000010110110111
0001000101110111
1000111000100100
0011101111011001
0101101111000011
0010001111001110
0001111101101100
0100001010111111
0110101010100000
1010011110001000
0010100111011110
1101001110101101
0111000001110101
0001110001100000
0011011101100000
0010110010100110
0100010100001010
0110011010000011
1101011110111100
0101101010010101
0100101111110010
0010010110001011
0011110001111000
0010010111000111
0011101101010011
0011100010000011
1101010001011110
1000101100111111
1011000010010011
0101000001111011
0100101110001000
1010110001001001
0100110001101001
1001100010100100
1001001100101110
1010000001011001
0101011100110011
1110011100000101
1010101110101001
1110101101111111
1100001001101011
0110011110101101
0111111111101101
1110111100001011
1011001011011001
0001001010111100
1000000011010011
1110110101110011
0001101101111111
0110001001111000
0010011000101100
0100010001011010
1100010000001001
1011000001110110
0011001001001010
1001001111010101
0011101111000001
0111111101000111
1001000001000011
1000110100110101
0010101010000010
0111000011101011
1000001000000001
0001111110011111
1001010100111100
0011101010100110
0001101100110101
1101100110101000
0001110101011000
1110000101101110
0101001110001111
1001011010010001
1100010111110111
0001000100101111
0111100110001010
1101101110010010
1111101111101011
1010101000111111
0111111110000001
0101011110111000
0001010000001010
1010011011000000
1011110001101111
0110101011000111
0101001101100110
0111000001110111
0001011100111001
1001101101100100
1000000000001001
1100000011101000
1101110001010010
0001110010000010
1000011010010110
1111110110010011
0011011101100101
1110010011110011
1101110110100011
1101010110011100
1100001111101000
1001010110100011
0011011100000111
1101010101111100
0100011010111011
1001000011101101
0011110000100101
0010110101001110
1111101111001000
0100000111111001
1110111100000010
1110010101000111
0011100100011011
1100010010000111
0101111101110101
0001000001100110
1101000100100010
1011100111001110
0010010000010111
0000111000001110
1001011101100111
0011110011101111
0111001100010010
1011101100100101
0001011110100100
1011101011001001
0111010111111000
0100101110100010
1000111110001110
0100100111110000
1100101100101100
0001011101001110
0000001001000010
1111110100111100
0001001000001101
1101110010011011
0101010100101111
0011001110101010
0000000011110001
0001010100101100
1101010100001111
1111100110011110
1000010100110100
0111010011010001
1110110110110001
0010001010100110
1111010011111011
0001100101011001
1001000000000100
1111101110101011
0000010010110101
1000001011100010
1100110001000110
1010001010110111
1111011011001110
0001110101000111
1101000100000001
0001101011100100
0101010110111100
0011111111010000
1000001100001100
0110000110011101
1011100000110111
1011111110010111
0111010111101011
0010101110110010
0010101000111000
1011000101111010
0001011001011011
1110010010100100
1010010000111101
0010101101001001
1000110010010010
1101100111000111
0111110001111111
1100001001011100
1101110010101101
1011111101001010
0011111011011100
1010100000100011
0010010100000110
0111011010100101
0111011110101000
1110000100110000
0010011101001100
0101101000011010
0011101011001001
1101101111011101
0010010000001000
0010010101111000
1011111011001110
1011100110100010
0101100010101010
0100000110011010
1101100100110111
1111101111010100
1100101000111110
0011100100010011
1010010110101111
1101001111111110
0001100110001011
0011011001000010
0010000000111011
1000101111100001
1101110100100110
1000001101001110
1111101101101000
1000000110001100
0101101001010000
1000101110100111
1011011110000101
1101000000010011
0100100011011011
1110001000110111
0111000111111001
0000010101100010
1111001111100100
1101111100011010
1100010001000100
0000001111101110
0110010011101000
1110100000101111
1101010010101000
1000001011111001
0100010111010110
1011011001110010
0100000101011011
1010000011101011
1010001101100000
0110110110110111
