1111110001001010
0111100110010001
1010101111011101
1000010111110111
0001100110000101
1100000000001101
0101100101111000
0011101111110001
1111010110111000
0100011101011000
0110111111001110
1001100011011000
1110000100011100
0010101000101100
0101101101010101
1111110101101111
1010100010111110
1111010110100001
1011100110000010
1000000101101101
1000110100001010
1011110101011111
1011011110001111
0011001000010001
0101110110100010
1101010110011010
1100110100111001
1011100010100110
1110100100001010
0010001100010100
1001011011000010
0001101011000101
1001110011010110
0101001000011100
0111111010100000
0011010110011111
0110111010011011
1100010010000110
1001100001010111
1001011011101010
1010001000101111
1110100000010110
0000111000101100
0111101101110001
0011101010001001
1010010000011000
1000001001111001
0111000011000111
1000011010011001
0001101100110001
0010111011011111
0000001011101110
0101111011000000
1000110111110100
1101100000000100
1110101100001110
0110000000010101
1000101001100101
1111100101010111
1111000000110011
1110000111110001
1001111010111000
0100100000011100
0101001010000000
1110110001111111
1110100101001010
0000100010001111
1001110110101011
1100011001000010
0000101110100101
0101111011011011
0000101010110110
1000010100101111
1010010011111011
0110110110110001
0010110001000011
1011011011110011
0101111010010100
1010010111100011
1101010110001001
1100101011100100
1111011110101011
1011101001011100
0101101111100111
1111011011111110
1100010110010011
1001111011110100
1110100111001101
1001001100011000
0011010101000100
1010100011000111
1000001111110011
0100111111001100
1010111110010011
0010101110100011
0011100000001010
1000000111011110
1011011001000111
1111010111001001
1000001011101000
1010010101010111
0000100001111100
0011010100101111
1010110111111010
1011101101011101
1111101011111001
0000111011110011
1100100011101100
1011100001110110
1101010010011110
1010001001010011
1001100001101110
1011001110110011
1010110011010001
0011101011100011
0000011100001010
0111101001011111
1111111110111010
0111110010010100
1000110000110110
0111111110111010
0101000110100011
0000001010100110
0011010101110011
1010111011111100
0011000101010110
1001011110000100
1011001000110101
0101111010010010
0110011000000010
0000010011000111
0001100101010110
0111100110000101
1000011100001111
1111101000011110
0001011110100011
1000100011010110
0101011001100101
0100011010100011
1101011100110101
0101111111101000
0111100001011100
0101000101010000
1010100001000010
0100111110100111
0100101110100111
0001011011101011
0111111111001110
0011011011100111
0100000001100000
0001010110111101
0111000001001100
0000110111001011
0010011101011111
1100010001010011
1111110010000011
1111000111110000
1010011111101111
0011010000100111
1011110100000101
1111101001101010
1001000001000001
1010100001001100
1100110000111011
1011010101010100
1101011011111101
1101011001000011
1000010011011001
1101100011101010
0000101001010110
1110001001010110
1010001010111000
1110110001000101
0001101000000010
1101000010010011
1001000111000000
1000110000001011
1010011011011101
0011000000101001
1011100101000101
1011001110011000
0001001111001001
0111001010001111
1001111000011000
0001101000001101
1001101010000110
1100111001011100
1110100011111000
0101101111001010
1011010000000011
1110011101000001
0011100010001100
1111000110000001
0011000110100111
1101000001001100
1000000000011011
0001101111111110
0101001110100101
1001101101110011
1100110001100001
0000100011110011
1000100001101111
1001100010000011
1000111111100110
0000011011010001
1111101101101000
0101011101110101
1000001001111001
1111100101110101
0110001001011110
0001000111101000
0000010100010100
1100110000001110
0110010011101011
0010011110000111
0010011000101101
1101110010100101
1111010101100100
0001001001101000
1011011101110000
0000000001011100
1010111001100110
1001000010100001
1011111001011101
1001101110111101
1000111000001010
0010101001011000
0001110011000010
0101010000010101
0001001010100000
0111110101111110
0110111101101001
0011001100101110
0010011000111111
0110100010000000
0101100100110011
1101110000011000
1111110100101111
0001011001001000
1101101101001111
0000010011101011
1101011000101010
1100011100101111
0110001000111110
1001001110010011
1000110001110111
0110011110100000
1011000001100100
1111111111011001
1100010110111110
1001011010011001
0101000010011111
0111010011011010
0011110000110010
0100011111001011
0001000000001110
1011100111100110
1100010110010100
0111100110000011
1000111000010011
0100110100111110
0100001101000001
0101010100010110
1101110001100010
0110010011000010
0001101101000001
0110011100111000
0011000000010101
1110111101000001
1101000000011011
0001111110000100
0010011010010100
0011101111110000
0001000000000110
0101111100110100
0001100001110101
0100010010110100
1000110001000101
0101100101000100
0100001001101010
0010010101100010
0110101010101011
1101000101001100
1100100100011110
0100011101110001
0011000000100001
0001111101010101
1010001110100010
0111001110011101
1001000100000100
0100010010010001
0001100001011110
0010111011111001
0100001001111111
0111000010010111
0010011010101011
0010000110010110
0101101110001111
1010100111000110
0000001111011000
1001001011011100
1011110011101110
0010111100110101
1000101111110100
1110110000101001
0100111111001111
1011111000101000
0000111011110000
0000111001000101
1110101010011000
0110111111100111
1000110111101001
0001100100111110
0110100111111101
0010010111101101
0100001011000010
1000001101000110
1000111101000110
1011111001010101
1100001011100010
1010100001111110
0111011110011011
0000010001100111
1110101110010110
0110111011100100
0010000000011010
0010000110011110
1000001010101100
0111110111001111
1001010101000001
0100001000000100
0010111111001000
1111001011011110
1000111010100111
0111101011000000
0001111111001100
1100011100111100
1010010011011100
1000000110111001
0110111100000110
0010100100110110
0000000001011000
1010101101010110
0010011100000110
0010011011000011
0011011111110000
0010000100111101
0010010110110011
0000000001010101
1110011010111101
0100011011011110
0100011011111100
0000100110111010
1001001000001100
0100011001111110
1010011001100001
1101111111110000
1100011100011010
0011001111000001
1000100010001100
1110010010010100
1110101111101101
0100100100001001
0010110010100110
0011101011110111
1011101101001101
1011010010110101
0100101100010011
1000101011001111
0010111011011101
1110000010100011
0101001001001000
0101101000100110
1101011010111010
0010100101101110
1100101101111001
1010110111101111
0110000100010000
0010100011111111
0100100111111110
0010100110100110
1111011100000110
0001111010010111
0000001011111010
0100111111001110
0110000011000100
0001110010000111
1000000011111110
1010011001011101
0001011101111001
0101010101100011
0101100110101100
1001010000010011
0011111001000001
0001000100100001
1000011100000110
0000000010011011
1011110111010111
0111000110100101
0111100010110001
0100001000000111
0111110100110111
0001100100010011
1101010001110010
1001101101111001
0110001010000011
0101011001010010
1001011001100010
1001111111001101
1101100100100011
1101101110101010
1001100111001110
1011000100110101
1100011110101001
0000010010100101
1000010000100011
0001111001110001
1100000110000000
0111011011100010
0001101111001110
0000110001000100
1001000110100111
1010100110100101
1101101010100100
1011101111111000
0100110010111011
0010110011000110
0111101111001011
1110110010101001
0100010111001000
0011111011110010
1011110111101101
0111110101111010
1110100011100111
1100100011111000
0010000011000000
0101010100101011
0001011111001111
1000011011000101
1101011100001110
0011011001001101
0011101011011101
0100100000101110
1011111000011101
0000011111101011
1011000111110110
1111011001110000
1100010111011000
0110000111010111
0110100000111010
1011111001000100
0100111001010000
0101111000110000
0111101000000011
0100010011111011
1001100001000000
1110100111001010
1100010101011110
1001110011011010
1001111111011001
0010101011111110
0111010111000010
1000011101011000
1011100001000110
0100010010000101
1001011111001100
0101011101110100
0100100101011011
0000000110110000
1001001110001001
0111111111000010
1011101011001100
0111101110010000
0001011011111110
0110101010000001
0011100001100100
0100011011110110
1000100001110010
1111101010010011
1111101110001110
0000100000100110
0111100100100010
1111000110111100
0100001100100100
1010010100100101
1101001011101011
1010011010010010
0101111100100001
1101110010011011
0101100100011011
1011011000111001
0101011011011001
0101001011011110
1011010001011110
0110110001000001
1010100011010000
0101000101010101
1100011001111111
1000111101100010
0111100101001011
1101010011000110
0011101101010001
0111110101110110
1100100101111011
0110101011001010
0100110001001101
0101011010101110
0110011101001101
0000000100100001
0011001001101101
1101101100011101
