0000111101010101
0100110000110100
0110001000111000
0000001001111111
0000100100001110
1101000011001010
1010001010110111
0000110111110001
1010101111101101
1000001101100101
0000011111001101
0101000011000110
1001100001110101
1011000010110101
0011011111000100
0111111000010110
1011100000111011
0101001011001010
1101111010100001
0001010100101001
0001110110010111
0000001111011000
1100011010001101
1111011100111100
1001001110110010
1001101111111100
0010010101001100
1101111011010100
0011100111010001
1111110000001011
0010100011101000
0100101011110111
0000101111001011
1100101011011111
1000001010011001
1100111011011111
1100010110100001
0111000000110111
0000011101000110
0000100110100110
1110000011000100
0110111100111000
0000101000001000
0101011000011100
1111101000101101
1100001101011011
1000011110010101
1101110001100001
1011100001000010
0110000001111001
1101011110110010
0110010011110011
1100100100000110
1111100101011110
0001011100011011
0100111110101000
0001100101011110
1110110000101111
1110110001010000
0111100111001100
1100011001010011
0111111100000111
0101101110100010
1010101101011001
0100101000100011
0010000100000101
1101110101001010
0110100111101111
0100000100100000
1001010010011010
1100111010100110
0001101010110100
0111100100001001
0011001001011011
0111100001011001
0110100101111100
1110101110111110
1011010011000110
1111010111011010
0011011110011111
1111001110110000
0110100001110110
1110110111101011
0011011110111011
1010100100110010
1111100101010101
0111110110001011
0011011001000111
1000100011111010
1000000010110101
0110111111101111
1110000001011110
1110011001111011
0101010101011010
1111111010010100
0010000000101000
0100111100011110
0011000011110101
1100111101001000
1001101111100111
0100110100010010
0000100100010010
0100100010001111
0001101001111111
1000111101110110
1111001010111101
0010101010100010
0001001110100101
0011110111001100
1011010110011000
0110111010010101
1111011111110010
0000111100001101
0110101111010010
1001000000101001
0101011001011000
1101101100110100
0100011001111111
1001111011000011
1010011101000101
1011001010110110
0001100100001101
0100001010110011
1010111100000110
0110111111010011
0010111110010101
1110111110010101
1101010001101011
0000010111001110
1101110111001101
0111010100001011
0101100101110010
1011001001010000
0011101101111111
0110101101010111
0110011111011001
0000101011001100
0100001110010100
0100010011100011
0011111101000110
0010001110000000
1101010000110011
1001110000100011
1001000011001001
0111001101100010
0000110110000100
1111100001110001
1101001101111110
1100000110000110
0001010111001110
1101100000110000
0110000100010010
0000111010110110
0011100100010101
0101100010011011
1010110110111111
0010101011110001
1010010101100001
1010000110110101
0011001000111110
0000010111111001
0111010001011111
1101101001110000
1010011101000110
0011001010111111
0100001100011011
0101001000001011
1111100001010110
0011110110001101
1100001011100110
0101010010101001
0100011110001010
1111110000101110
1011100010001011
0100000011000110
0111101111101111
1010001110010000
0100111010010101
1111010000111111
1001010101011011
1100011110110010
0111101101001011
1001111100100000
0110010100100011
1100111100011001
0011100100011100
1000101000001011
0001100000000001
1000001111110000
0110010011110011
0010000101110000
1100011001000100
1000110111111110
1111110010001110
1110001111111110
1111011100011000
0111011011111010
1001010000101101
1000010101000110
0110001110001110
1100010000110101
0001100111110010
0001100010110010
0001010100010111
0101101010000110
1001110111000111
0111001110110110
0110110111100011
1001000110101100
0010010001111110
1110011100111001
1010001101010100
1110001111011000
1100001111111110
1011000001000001
0111111110110111
1000100001110101
1100110100100010
1001011010011100
0100001011110110
1001011100101100
1001101011001100
0011101000101101
0101100001110011
0110111011000101
0111110100100001
1101001000001110
1111010011011000
0100111100001100
1010000000111001
0000011101110000
0101111010101110
0110111100010110
0001110011001000
1010101010010101
1000011001001000
1110000101101011
1110000011011110
0001001000001110
0110010110011010
1101011011010010
1001101011110110
1000000011110000
1100110001110011
1100011100100110
1101000001000001
1101110001010111
0011100000000100
1110111110010011
0101110001000110
1000011110001101
1001000001101101
1001011101110010
1010000100000101
0100111101001001
0001000011000000
0110100011010001
0110100011011100
0010111011101000
1101001101000000
1011101101001101
1111011111010110
1100011100100101
1000111110111101
0000101110111110
0011001101001101
1100101110000100
1001100011011101
1100011000010111
0111000011110000
1001101011011001
1100110111101010
1111000110011100
0000111110101000
0010110011011000
1000011101100011
0110100101111011
1110000001100110
0010111111001101
0000101010010001
1010000001100000
0011101100110010
0110101000001001
0000001001101000
0110011111100110
1010010111100101
0100110010010000
0001001000010110
1001100001001011
1100101011100101
1000011101111111
1000110010001110
1101100100011000
1000000111101000
1111011100110101
1101011111011100
1001001110100101
1001010101010110
0011011011101001
0110001000011110
1101100101100011
0011101100000110
1010100101001101
1010010110100111
0011000010000001
0101101111110000
1111010001111000
1110101111000011
0111101001110010
1000101000001001
1111100001011011
1101110111001000
1100011101000100
1010110010111000
0101000011000100
1011010000011011
1010000010000001
0111111111001000
0010001001101001
0010101010000000
1000010100101000
1010111100010000
1101110100100110
1011011111010011
1011100010011110
0100011011011111
1100101010001001
0100010101111101
1111001110011000
1000111101110010
1010100010111001
0100100010000000
0001010101100001
1010111010011111
1011101011100001
1010101101011111
1001001011101110
0110000011000101
0111010010111101
0010001001001101
1010001110111101
0111110111011010
0011010010110100
0000000011111111
1010011010010101
0110000010011101
1000100101000100
1100011110001110
1010110010011001
1101010001010010
0100011111010010
1111011110100010
1110100101111010
1110000110001011
1011100110011110
0101101101101000
1010100000000101
1011111111111111
1010101010100000
1100110010010111
1010010110010100
0111110100000000
0000110000010000
1011100011100100
1001001100111000
1100010100010111
1011100001011101
0110100100101101
0100001000001101
1000010100110000
0111001101011101
0101111111011110
1000000111110000
1101100001011111
0010110000010001
1010001100011100
1111011111001001
0000000101100001
0100001011110001
1110001000101100
0101011101011100
0000001010101000
1110011000010110
0001110100010010
1110100001001011
0010010101100010
0010111101111011
1010100100010101
0111101100001100
1100011010000110
0100011010011100
1000111111010110
0001010111111010
0011101000000000
1100001110010000
1001011010110111
1111110100110001
0101011111101110
0101110110100111
0101000001001110
0101001100011100
1011101111111011
0110100000111101
1101001100111101
0111110100011111
0001110010011111
0001011110111001
0000101001001111
1100001100110010
1001010000010010
0110001011000000
0010101000100000
0101010111011001
0011111101100100
0001110001111010
1110010010111110
1101101111101100
1000101110011001
0110101111010001
0000100010111111
0010010001000100
0110100110101000
0001001011010100
1001010001010101
1000100011001100
0111110000100111
0110111010101010
0010111101001100
1000100101000101
1110000001010000
1110111100100011
1110001011110001
0100001000011010
1110101100000100
0101110001011101
0110000011010110
0001000001101101
1100010100111100
1010010010000111
1101110101011000
1011111111010110
1000111001101101
1110011010000100
1110001110111000
1001001101001011
1000111000100101
1010110111111000
0010111001001011
1111010101001110
0011110101010001
1000111111110101
0100111110000100
0101101010100011
0000100110101001
1101011110110111
0100101101011100
1100000111010110
0001101001101010
0010011111111101
1101000001010011
1110101011101001
0000101001000000
1101100111001011
0000110010100110
1100000010001110
0010100111101000
1011011100011011
1010000000101001
0110011101000000
1001100111100001
0001011010010100
1100101001111010
0111001000010100
1110000010010001
0110000110100101
0101110011010111
0010010100011000
1110001101000010
0111100001101111
1101100110111011
0001011110011001
1010110110100110
1001110111001110
1010000111110010
0010010001011111
1011100000111111
1101000100100010
1100000101100110
1010110010001000
1000011111110111
1101111010101100
1011110000001010
1111011111010011
1101111011001101
0101011001001111
1111010010111001
0010011101101101
0101100010011010
1110001010000000
1001010001010101
0010010001000000
0110010111000101
1000011110101111
0101110011000010
0110111011111110
1011011100100111
1101110111011100
0110101110010111
0111100101101010
0011010001111011
0100110100111001
