1101001011101100
0111101000011010
1000011101111111
0010110101010001
1100001010001000
1000001000100100
1001010011001010
1110100110101000
0001110001101010
1000111101010010
1111000100111011
1001011011110001
1000000001110001
0101000001011000
0001101101011000
0110101100100011
1001100100101001
0100010101000101
0000010100101010
1001110111101100
1111101110101001
1110000110101001
1110000001010110
1110010011110000
1110010111100110
0100110011111100
0001000001011110
1000111000011110
1011101110101011
1111010001001101
1011010001000000
1001111101110011
0010111010010100
1000000011110001
0010000000100011
0010001110101110
1010011000110100
0011110010100000
1101011010100100
1111101001010100
0001111101010110
1000111001000011
0011111111010111
1110010011110100
0100101110111100
1101101010000110
0010100110000101
1001011110010110
1111000101110000
1011110010011001
0011100111010111
0100010100111001
1001011000101010
1010010001110010
1000000101000000
1011000000110010
1111001111101001
0010001011011101
0001111111101000
1110011011010100
0111110000110101
0001100011101110
1110011011011110
1111110000011111
1000101001110010
1001011011101110
0011111100001111
0010011001111100
0111101101001011
1101011010011110
0001100100010110
0110001010100100
1100111010011110
0101111111000000
0011110011000000
1100100101001111
0011001010101010
0100000001010001
1011000000011000
0001111000010100
1010010110101000
0000110101101010
1001010000000000
0110100100100101
0001011111001101
1010011011110001
1000110011001000
0100111000001011
0110101001001100
0111010101111010
1100001100001110
0110110110101110
1001001000110101
1100011001111101
0010111111000111
0010111010000110
1100100011100001
1010000001100111
1011100000110100
0111010000110101
1011101111101111
1000011010101110
0110011111000000
0110101111001100
0000001100001100
0000111100011011
1110110100101001
1000110001000111
0111011111101100
0101111101001011
1010101010110001
0011011010100111
1110101001010001
1111100000001001
1011110011100011
0101001110110001
0010001001011111
0011011111001000
0000111110010101
0000100010001010
0110011010100011
1011001101011100
1000100110000111
0100101010101100
1011010110011010
1001100000011010
1100010010011101
0010011101000100
1100011010111110
1100000101110001
0100110001001011
1101011011101111
0010100011110100
1101011000101010
0011010110000110
0011111000001110
1011000111111010
1000111110111110
0100110111000110
1110000111001010
1011011111011101
1110010000001111
0110101111011101
0010111111101010
1001010110100100
1000100111010100
1001100011110010
1011011111100011
1011101001001001
0001000111101010
1100001001100011
0001011101101111
1101101111100000
1101111111100100
1011110000111111
1011011111100110
0110000011101100
0010000110000011
1010001111010000
1011010001001000
0110101110110000
1111101101010101
0101101111101010
0110110101110011
1000010100011110
1000010101101001
0100100100011001
1110111001011000
1110101011001000
0011111000110111
0111110011011101
1101001101100110
1101010000001000
1110001111001000
1010011010100110
1000111001110010
0111001100101001
1000111000010011
0001010000101010
0101100000000101
0111000000000111
1111111000010000
0111100010111011
1110010011010011
1100011011001010
0000010010101001
0101011000100110
0001111111001010
0010000110010000
0100101110000110
0100010001100011
0011010111110001
0001100011101000
1011110001101110
0100010010010001
0101100111010110
0001010101100000
1010111111110100
1101100110010111
0110000011011100
1101000010111101
1110110101110010
1010011001100101
1010111101110000
1010001000000101
1110000110110101
0011010001010110
0001011111110001
1111111110111101
0011111101101010
0110111100010010
1100011100101111
0001011000010001
0000101010101001
1000011001001000
0001101101111001
0011011100100100
1011010101110110
0000001000000101
1010010110011110
0111110010110110
1101111110111101
0110000100010101
0111010111110111
1110011101110110
0000010001011100
0010010011010010
0111101100101111
1010111111111001
0001000000100001
0101101001100000
1000100001010001
1011101001001110
0000001010011010
1101010001000110
1111110001001011
1000100111101111
1110000111110000
1001110011010001
0110111101001000
1111110000011101
0111111011110111
1000000111011110
1100100011100111
0101110000011010
1101110000110110
0111100100110101
1101010100001111
0110110110011111
1110011001101100
0110111100011110
0111101010101110
1101011000100000
0101101001011101
1111011001110111
1110101111001011
0101001100000001
0110000011110011
0100100000100110
1110001011001011
0101001001000110
1001111100001010
0110110010101110
0011110010101101
1001111110011101
0100110010110110
0111110010010011
0011001001100100
1000011000110000
1001100101110000
1011110001010001
0110000011111000
0101010101000101
1000111010101110
0000010000111000
1101100100111110
1110101010100101
0000000000101111
0001010010110101
0010100011000100
0111101111011011
1101110001001111
1100100101000110
0010010100000001
0011000111000011
1010100110001011
0011010010101101
0100100011110110
0111100010001100
1001010111010010
0010101101001000
0001011101011001
1110100000111110
0101010011110100
0100110110000111
0001001000111111
0010000101000010
0010000101100001
1101110100100001
1111000010110111
0110110010110101
1001100110100001
0001101010011100
1111111011110111
1101000110010111
1100111000001100
0110110001010100
0001011101001000
1000000100110000
0001111111111010
1001101010101011
0101010110000100
0011111000011111
0101111100001011
0111110000110010
0111011001110001
0010000100011110
1011010111110001
1101110100000000
0101010111110011
0010100100101111
0101000100111111
1001111111000010
1100011010101110
1110110000100011
1001001100110101
0111111101101111
0110010010100000
0100000011010110
0010111000101101
1010011100000111
1111001000100111
1101000001010100
1011001111000000
0110101100010000
1110001011011010
0101111101000001
0001000111100100
0111011000001101
1101101111111110
0111000011111010
1100001111110101
1111010111010001
0100111111100000
1111001110101000
0110001010011011
0000001111010111
0000000100100101
1101101110111111
1100011010111110
1011111001101111
1101111100111000
0011011001110100
0110100011000101
1111110010111111
1111101000101011
0000010101110101
1100011011011010
1110000011110111
1111101111001100
0011001111001100
0100111111000100
1111111011010000
1011100000010000
0000011101101011
1100000000010110
0101000111010000
1000111010000001
1010100101110100
0011101001010010
0100000001001100
1001110111011101
0101011001111001
0100110111111010
0110010010011110
0000100111110010
0101111010101100
0100111110110100
0010100001101010
1101010010100000
1000100101111010
0100111101111111
0000111010110000
0101001101010110
0101001101100010
1011001101110110
1011110110011100
1101010101000111
0110110000000010
0001110000000111
0100001011001011
0101101111110100
1001000011100100
0100010110010000
0111001011001111
1100100010001001
0100001001101001
0000000100011001
0010010010000101
0100110000001001
1100010010010100
0000001010010101
0111110100111011
1010110110000001
1000100000001010
1111010101001011
0101010101001010
0010000000101101
0011111101011000
0010011111100101
1110110111111011
0101010000010110
1100111111001010
1110100110000000
1011000000000101
1001010000001000
1011111100101100
1010101000100011
1001101100101100
0101100100001100
1011111101111010
1101010100111000
1011111011101010
0000101011000011
0011110011111010
1110001110111100
1111011010110001
1000010100010111
1011001101001011
0010010101000001
0100001100101111
0010010001000101
0000101010110110
0100100110110111
0110100011011010
0101111011001100
0101110101111110
0101111110010001
1011101001101101
1110111010100101
0110011100111101
1100101110110110
0110100111001110
1011011100010100
1110101010010111
0011100111010101
1001101101000001
0010001001011110
0010000110111011
1111100010010010
0000000110101000
0011110000101000
1001101000010111
1011001011100111
0010011100001000
0111110111101100
1010011000110110
1110000111011101
1101101101001110
1010101011101010
0100010010100101
0101001110110000
1111000110111100
0010111001000010
0010101011000001
1010110101011111
1001010000010111
0100111001110011
1101100010100001
1100001010001010
0110110110011010
0010001001001000
1000000001110010
1010101110110101
0011111011110010
0101100010100001
0111001001011101
0100100101110010
1110101001011100
1111001010010001
1111100000100011
0100000111011011
1001011001110000
1000011001100000
0101111011100110
1100001110100110
1101010011001010
1000111001011100
0101011100000000
1001100011100011
0001010100110011
1000110010010000
0101101101101001
0101000100011110
0111010100111000
1101110011101110
0110001011000100
1011011110001100
0111100010000101
0110100100011000
0011101000011010
0011100001001111
0111001011010010
1101011100111101
1000100111101010
0100100010111000
1110110010110010
0000000100000001
1100110011011101
0101001110101111
0101001111110110
