0111110100010010
1001001100011100
0111101011001000
1011111011100011
1010111101011000
1101010111110100
0110001111001011
0111111111010100
0000111000010011
0001010000100101
1000110000100010
0011011111111000
0010110111101100
0000101100000110
0100010001100101
1001111010100101
0101000010111100
0011101110001000
1010001000001111
0001100100001111
1101001011100001
0001100101111000
0001011001011000
1110001000011100
0110010001010111
0001001111001100
1110000111101000
1110000101101110
1111000010110011
1101111011111111
0011111000100011
1000000010000000
1110010010011011
0010100000011101
0110111011110101
0100011010101111
1111101111011100
1000111100010101
0101100010000100
1001011001110000
1011110011111011
1101101100001110
0110010010000111
0110000010001111
0010000101101011
1100110000111000
1110101100110011
0010001011011111
0100100001111010
1001011001001100
1101100000110010
0111101001001010
0101011111110110
1110010011101001
1000111010100111
1111111000000110
0101110101010000
1010111100110101
0011011011000110
0110100110001110
1111010111100101
1011110100011000
0111000011101100
1101000101000110
1100010100101111
0111111110100001
1100010011000001
1001010010100010
1011011100110011
1101111010000111
0101111000010000
0010101011101001
0111011000100100
1001000011010011
0111010011010101
1110101110001101
0011101110100001
0010100101110111
0010010111100110
1011010011101011
1000110010001001
0010011010010000
0110010110000101
0001100000111111
1110010001111110
1111111000011000
1001001101110100
0011000011110100
1101110010111010
1001111111000110
1111100100111010
0100111010001011
0010011111011101
1000110110100101
0101001001011101
1110000000110100
0011111010100011
0011000010111011
0111111010011001
1110101111100111
1110101111010101
0101110011100000
1000100110010000
1101001100000011
0101110001011001
1001000110101111
1011011010011010
0111010111011000
0111100001000111
0110100101011110
1101111011100110
0010110011110000
1011011111111110
1001111111111000
1110100010010101
0111101000111011
1011010010100101
0001111101101111
0001001110101110
0010010111000101
0101010101100010
0101011100101011
1111001001101001
0011110001001100
0110110000010010
0011101011101011
0101000111101000
1011110100001011
0011111010111010
0001111100110100
0101111101100111
0111010111101101
0110101001110110
1011110011100010
1010001010101001
1100111100010111
0000100110000101
1101001101000101
1100100101010110
0110110100110010
1111001111000100
1010011110111011
0001010100011000
0011001110110100
1011111000010011
1101010110101110
1100110100100100
0101100101101101
0110011010101101
0100111011001011
1011000001100100
1011010000100000
1100010111010100
1111100000100110
1000010110100001
0110011110100001
1011010100010000
0001111011110011
0011010000011011
1010100101010010
0100000100110111
1010011000100100
1111111100101001
1101001001000010
1110010001100001
0000010001110101
1011101101011111
1101010110000011
1111011011110001
1111101010100100
1110111000100000
1000011011001110
0101000100100000
1001000101001001
1001100100011000
0001011101101111
0100110000110010
0000101001100110
0011010101010011
1011011001111110
1000100101011111
1111001111001110
0101010110111011
0000100000101010
0000011000011101
1001100100110001
0100111001011000
1100111101101011
1001011000111010
0111000010111111
0110111101111100
0000010011011001
0100100100111001
0011100010110010
0101000011010100
1110111011010000
1110111000100110
1110001100111000
1110111011000010
0011111111011111
1100001000011111
0010011010100110
0110010101011111
0001011111101100
0001000110111100
1010000111100010
0110100000101100
1010010001101000
1010100000000011
1110101001111011
0010110010011101
1100101010101110
0010011100101101
1110000000001010
0000011101100101
1101010011001010
0011000000011101
1011011001110110
1110011000100111
1001111011110101
1101100111000000
1010100110100010
0001111000010011
0000100101100011
0011011101101001
1100111101011000
1100010011000001
0111100110001001
0111011010001001
0011011000110111
1010010010110011
1010110011110000
1001110011101000
0111100101111101
1100000110011011
0111110010110001
1001100100000000
0010000110100001
0000100010101000
1101001111110011
0100000100000011
1100011101111101
0011111110010101
0001001011001100
0110111000110010
1000010001101001
0001000111010100
1011000100111010
0001101000000110
0011011100110100
0011101001101111
0101110010110110
1010011000111101
0101100100101000
1011001010100011
1111111011011000
0100111100111101
0100111010101001
1110011001011101
1000110101011011
0100101010000001
1000101110100101
0100011010011010
0000011110000100
1111101001010100
1010000000100100
1001010110111011
1110000000000110
0000000111110111
0010011101101101
1001100110100011
1000101011001000
1101011101000010
0001011110111011
0111011001111111
0001101010100101
1011110101011001
0111010010011010
1001110111101000
0101100010001100
0000000100111001
0100110110000001
1011001011001011
1010100100101100
1001100010101111
1010000010111111
0110011001000011
1111100011000111
0100110010010101
0110101101001111
1111101110110011
1110000110100101
1111100000101111
0001000100001011
0011010100011000
1000100000001110
1001100001000100
0100100000110111
1101001001100111
0110001110001101
0110010010110110
0100011101111011
0101101111011101
1011110001110110
1111011101100000
1011010010101101
0001111100111000
0000100001000111
1110011000001100
0111001100100101
1011000011011100
0001110100001011
0111111010001001
1010101100011010
0000001111011110
0011110010011010
1011100001111111
0110010111011010
0100101110111001
0001101001010100
1100101100000100
0111111100010111
1101001110011001
1100010010000010
0101011111011110
0111111010001100
0111011110110110
1011001101110010
0010001001011000
0101011110110100
0010100000001101
0000010010111001
0011010111111111
0110011111000001
0010011101001000
1100111011010110
0111011110001111
1000010101001011
0110011101101011
1110110110011010
1110100001110011
0100110111001111
0101100001010100
1010000010001011
1110100010101111
1011001011100011
1101101010011101
0000001001001101
0111010111010111
0001000010000110
0001011110101100
1010010010110011
1011000111100100
1110000111110000
0100010000100100
1111011001111111
0000110010011101
0111110011100001
0011110100011010
1111001110101111
0110011100010010
0110110110010001
1001000010100011
1000111101100000
0110100111101100
0011001111001101
0001101001000101
0110110000000001
1111011011110110
0101011001010000
1000001010000000
0111011111100101
0010111001010110
1101001101101100
1100011010011101
1010011010001110
1101111111100111
1000010000111110
0111011001011101
1011001100001000
0001011001001010
1011100110100110
1111111010000001
0001101010101011
1110100000001001
1111011110100100
0111100101110101
0000110010001111
0110111111010100
0101010101110000
0101010001110101
0001111100111100
0011100111001101
0110000111100100
1110100011101010
1111100000100101
0000111011111001
1011111001100000
0001010110100111
0100100010110111
0000000011111011
0010111101010011
0101001001101110
0000110000110111
0101101111101000
1110010011010000
1101011000110101
0111110101011000
1100110111100011
1001110101000111
0010111100000110
0010010110010011
0010010001100000
1010011100010000
1001000111011001
1011101000101000
0111111111001011
0011011101100010
0011011100101110
1000001011010100
0001001110101110
0000110110000001
0100011101010111
1110100100011101
1000011110110010
0100111000010101
0110100000000101
0001101111110111
0111000111111111
0110100011001001
1101000010101000
0111011010010110
0000001011111101
0110100001100110
1101110010011110
1000001000101001
0010110001101111
0100111010001111
0100001100100000
0010011011110011
0000100000000000
0011100110111100
0001001100111111
1011001000001011
0000111000101010
1101001101000111
1100101101100011
1001000100101110
1101110000110111
0000011111001100
0100010000000010
1000100100011001
0011100100110100
1010111100100101
0000010110010011
1011001010101011
1100001100111101
1001000110011100
0111101111101110
0001110101100101
0111111001010010
1001110100101000
1011010110110010
1100111101011010
0011001111000111
0110100101010011
1011111101111100
0101010010101010
1101000101101000
0000110000001100
0001100101010110
1110010111110000
0001010110100100
0110001011010011
0010100001011100
0101011000000111
1011011010011101
1010111001101111
1010100001010111
1011000110011110
1011111100000001
1111101010111111
1100010111101001
0010101110100110
1001111000111001
0010010101100100
0001011011100101
1001001000010110
0111010101101010
1110001111111111
0011101000010110
1010100110010110
0101001011111101
0011110110101100
1101101010101100
0000000101000100
0011100011101101
1111101000001111
1111000000010100
1110000011110011
1110110011100000
0101010011010100
0110000001000001
0001010111000100
1000101110001100
1101111100111110
0101101001011000
0000100101100010
1011001101100101
1101100100011011
1111110011110110
