0101110110000100
1111110000010101
1100100100111110
0111111110100000
0010011110011101
1010111111000010
1001010111101110
0011011101100100
1111101111100100
0011000101011100
1101001100101101
1011101011100010
1101001101001001
1100111001111011
0001111000000000
0101010110000001
0010100001011000
0110000101111011
1100111111100000
1001001001010000
0001001011001010
0011001000101011
0010000101111100
0101111101000011
0100011001111011
1010001111001100
0011010010110100
0010001101001000
0101101000100011
1011000010000001
0011111111110010
1001010011010111
0011111001101111
1101000110101011
1011001000100011
0000110000010101
1101010001001000
0111101000010011
1001110100100001
1101010011111110
0010001111010101
1101011110011111
0111101101110000
1000011100100011
1011101110011111
0110001100111110
0111011010011011
0011001100110100
1000101110000111
1101100110010110
1011001111111110
1100111000111101
1111111001100111
1010000000011111
0010011110001110
0000011111110101
0101111011000101
0101111101110000
0101111010011101
0001110000110111
1001011010000110
1110001101111010
1010001010010010
0101001110110000
1111110100001110
0001001100110100
0101111110111100
1001010100111110
1111000100111000
1010010100010110
1101111111011010
1000110010111110
1100011110000000
1100101000110011
0100010111110010
0001010101011110
0110110011100100
0010011001011011
1111101111111000
0101011111001000
0001011001110001
1110001110001010
1011110010010111
1110100101100001
0110111011111101
0101100000000011
1100100110111001
1111000010100001
1010001100101100
0100110111110111
0011100000010110
1111110000101101
0110111000000011
1110111001001000
0010101111000001
1011101010001010
0111101010000010
1001100101010100
0010001010111010
0001011011010011
1010011011000101
0001011111101110
1110110111100011
1100011100101111
1111001101010000
0011100001001100
0100000001001101
1111100011000001
0110011100100101
0110111110010011
1101011000000010
1000110100101001
0001111001010100
0010010010010010
1001010101111100
1110000100110100
1001001011111111
1100110010010010
0000111100010101
1110000011100011
0010011111101111
0010100111010001
0100001101101000
1110111001111011
1100111011000001
1110110001100011
1111111000001001
0001101000100010
0101100110001011
1101101101101011
0010010100010100
0111110101111001
0010110010101001
1100101100010010
1011101000000100
1011010110111101
0010000010000111
0101111000100101
1110001100001001
1100111010000101
1000011110110111
0110000101011011
0101101000001101
1011100000000010
0001001100001011
1100010001011010
0101000001110110
0011011110000010
1110011011110100
1111110001101111
0001100010010101
0101100011111011
1101100111000011
1000111000011101
1111101011100111
0000111011111000
0000011111101010
0000011000011100
1010111010001101
1000100100100000
1000001010000010
0110011101001000
0010101001110101
1110100110110100
1000001101100010
1010101100111001
1100111100101001
1110100100110101
0110110010101011
0111111001111101
1110011010110111
1111010111011111
1011110000110010
1100010011101101
0010010111100110
1111011101000100
1010001101101100
1110110001100100
1010000101100011
1010011010011101
0000100001101101
0100111111101111
1011111101101000
0000010001101100
0101100111000100
1011110110110011
0000100111000011
0001001011000000
1001111011100010
0010001011011110
1110000111100000
0111011100100001
1000110101110111
0100100010110111
1110111001100010
0101110010010100
0101110111001000
0100001100100001
1011111111111110
0111100111001110
0100110110111101
0011011110000010
0001011111011001
1111101111001100
1110111000101000
1111111010101100
1111000001101101
0101101100001010
0001001101001000
1100111100100110
1010010000110001
0011000110111101
1001011101111111
1001000001000010
1101101000000010
0111110000100101
1000000000100100
0111110101111110
1101100011001101
0111100111000010
1111111101000000
0001110010100010
1100000011101101
1101010001100001
0111010100000110
0000111101111010
1100101000111101
0000011101100011
1111100110010000
1010000100010010
1100010100110100
1110100100000010
1111010100111101
0101111110101110
0010111010100100
1000111111000010
1000000110100000
1011100000101001
1000100000101011
1001010011100110
1111111101101111
0100001001110000
0111101000011011
0100011110101010
0110110100001100
1000111011100011
1010111111110101
1000101011010110
1111011100100100
1011000110101000
0100010111011100
0000001011110000
0001110101111101
0111000000111110
0000000101111010
0001001100011001
1101111100011000
1101101111010011
0011100001101101
1010101110000011
1100010010011010
0101010110101111
0000100010100000
0111000001101100
0011010001101010
0000000110111010
0000011001100011
0001111110001110
1010001010000100
1111111001000111
1000101000011100
1110010011011000
1101100011111101
0111110100100000
1110111001100010
1100011100000111
0011110110110001
0100011011100010
1010010101110111
1000000000001101
1111100011010110
1101001110001010
1101111111111010
1101100100011110
1001000011111010
1000101100111001
0011110001100010
1101111000011010
1001111001011111
1000000011011100
1010011000111101
0101011101110010
0101000000001110
1101111100010111
0000001001100011
0011100101110001
0100001011101100
1001001101101101
0001110001011100
0010001111110101
0010010001000011
1001000001101011
1001110111010101
0001101000111110
1111011101010100
1001001101110100
0111010100011111
0001110101111110
0011100100010111
1111110101001001
0100110000100001
0110010000001101
1011001101110111
0000010000111100
1111001101101101
0000100010100111
0001010011101110
1110111100101100
0100011111111011
0000100010011101
0001000010000001
0111100111011100
1101001100001100
0011110001101101
1000101001101011
0111110111100101
0101110110001110
1000101011000111
0011110111000010
0110001100000101
1101100000001000
1111100100101110
1111000000000110
0101011010111111
0111111111011001
1111100101111000
0010000100110001
0101001111001111
0000110100000001
0101111111101101
1000101110010001
1101100011101000
0010111100011010
0110010100100111
1111101111100001
1011100100110100
1100100011000010
0101001010010110
1011010101111100
1000000001000010
1000001000100100
1100111110001100
1101100001001001
0000010111010111
1010101111011110
0101110001101101
1011101011010010
0011111001001000
1111001101000110
0110011111010111
0011001010001000
1101110010101111
1111110110010111
1000010111110011
0110110110000011
1111110001000100
1110001110110000
1110101010111000
1101100011101011
0011000101111011
1000100111011111
1100100100001110
1011001111000101
0110111100110111
1010001100001100
1100001000101110
0010001000011100
0000000000101111
0001011110111011
1101111010011011
0011010011000110
0101100001111011
0010000011111010
0111110010000110
1001001101001001
0001010001100100
1111110010001001
0011111101011011
0000011011010100
1111001011100011
1001000000000110
1110001111100100
0011111011101010
1111100110001010
1010100100001110
1000000111000101
1001100001011111
0111100100110010
0100100001110000
1001000000000110
1101101111110001
1100100110000110
0100100000011011
0000001000001011
0000010010010100
0101000000001100
1101111000101000
1110111011000111
0001010010010101
0101101101011101
0111111010110001
1001100110000001
0101010100010010
1011101100000010
0110011111001011
1001110100100001
1010110001011010
0110100111000110
1111010111000010
0100011011110111
0000000101001100
1011010101111101
1110100111100111
1111011000000110
0110010111000110
0110011000011010
1110101101010011
1010101001000000
0100010100010110
0000101111010010
1000011110010110
0010011000001000
1001010010001011
0011011011101010
0011111000011100
0001010010100010
1101100101100011
1000010110010011
1000001100010011
1100010000011010
1001010100111001
0000000011111011
1000011111111111
0101010000111011
1100001010101101
0010111011011101
1100011001110011
0010110011000001
0111010111110100
0110000100101100
1011100010101000
0110111010110010
1010111001000011
1010011001000101
1001111010010000
0110110110110101
1011010011000110
1101110011010001
0000100011100010
0000111001111011
0101110001111111
1010111101010000
1010110111001010
0101101010111100
1001111110101110
0011111010000111
0001100001100001
1000110010101101
1100010001111011
0111110111101000
1011001011001111
1111110010001111
0010010110100000
1110000101000111
1010110100100010
0011011011101010
0010101101000010
1100010001110001
0010010110111001
1110101111011100
1101001111100001
1110100100100110
0011111101000001
1010010111101101
0101000011000111
0011100000100001
1100110001101001
0011001100100010
1011111101110000
0101010011011010
0110101000000100
1011111001010010
1000000011010010
0111111110011100
1100001000011011
1010111011010100
1001110010111101
0111000110011100
1011011001011011
1110011100000010
1010100010100010
0010000010110100
1101010011010101
0110000100111011
1001011110100011
0010101000111111
1110111001100101
1111100110010111
1110001011111010
1111100001010011
1110001011001110
