0000000001001010
0000001010110111
0001110010100000
1000110011110111
1010001110000100
1011010110001111
0100111111000010
0010000101001010
1110000010111100
1000001010100001
0111011010000101
1010001100010101
0110011011111001
0011001101001111
1011100111101000
1001101110101011
1001001000010010
1111110100101111
1010011100011111
0010110110100010
1110111101011100
1000010100100000
1011111111110011
0011001101111101
1101000001000101
1010010010010110
1010111111101101
0001101001100001
0000100111011101
0000101001100001
1101001101100001
1100100101110001
1010110001110110
0110101010111110
0001011100111000
1011101000110001
1100100111100110
1111010001101101
0101000000101101
0111010010001100
0011100111010101
0001100001001010
0001111000000101
1001101001101000
0101010000001010
1000010001111101
0011001100011001
0111111111100000
0000101100100110
0111100000111011
0110110100011111
1011010111100110
0101000101011110
0110011101001100
0011101001011110
1110000101111110
1011100111101100
0001001001011111
0011001100111110
0101010111001011
0011011001100000
1111100001000111
1010100101101111
0111000000011000
1110010111010111
0010000001011100
1000000010101111
1011100010111011
0001110010010011
0101010000001001
0001111011100111
1110100111010101
1100100101111101
0111001110011000
0001110001011001
1000010000111010
0101010001100000
0001110010100010
0001011101111010
0001101001111001
1111100110110110
0011111001001101
0010110001011101
1101000000010010
1010101100101001
0010011110011110
0001100100101111
1111101111001000
1110110000111011
0000010011001110
0000101010111001
1010001010010000
0111101011011100
0110011101100000
1010100100101110
1111111111000010
0010100100000011
0101110110111011
1101010100001000
0111111011111010
0100101001001110
0001000101000001
0111111110111110
1000001110100101
1100110010110000
0101100000011111
0010100100100000
1111011000100100
1010100110011011
0111111110110001
1101001111000000
1000111100100011
0111010010010000
1101011011101010
1000000110011110
0100101101011011
0100101101010101
0010110011110101
0000111000111101
0110100111001010
0001011100111110
0101111011010110
1010100001110001
1100101110101011
0111100100000100
0011001011011110
0111100011111000
0110001010111101
1010000101010110
1010111011110111
1111001101001110
0101110100011101
1101101111010100
0111001001001011
1010110101101000
1010011000000110
1100011010110100
0001001111000000
0100000101100100
0010111011000011
0110001011000010
1100100111111110
0100011011000111
1010111000001011
1110111010111111
1111100011101000
0010011001000001
0111111010100111
0100001001111111
1011111101101110
0001001011011011
0110100000011101
1000101110001010
0001110001100110
1101100110011001
1101010101101000
1000010101100110
0110001100111010
0011110101100100
0100111111100110
1110011001010000
1001000110110011
0110011101011001
0001010001100111
0000111100001011
0110111110010000
0000001101001110
1010000011101110
0000011000100101
1011010011000100
0010001110100110
1010011001011000
1011100111111001
1111100111010001
1110000111011111
1110011101100000
0101010010110100
1110000100011000
1101110001011100
1100001100101011
1111100000001011
0111010110001100
0000101011100111
0011111101001110
0110001110101101
0001011001111011
0010111100111111
0100011001000011
0010101010001010
0100101001110001
0001110110101001
1000100001001100
0111011110111000
0110001011010010
0010100000001111
1100011110101000
1100001100010111
1111111100010000
1011010111101001
0000100011000001
1101101101101011
0101001110111000
0110110000000101
1101011111000011
0100000101100000
1000100110100011
1111111000011101
1110110010000110
0101011100101110
1010001101110101
1101100110110101
0000000101010111
1000000000010101
1101100111010011
0100111011110111
1100011001010011
1000110011111010
0110111101101110
1011100110100001
0011110010001011
0100000001100111
1010111011010011
1101011111000110
1110000001001111
1110101001001110
1101100101110001
0001101111011101
1010101001101010
1010111001001001
0101001011100001
1011110001111010
1110001101100010
1000001010111111
0100100101100010
1100111001001011
1000011001011101
0001011011001010
0011010011001010
1101011001111001
0101111111001011
0111111000011001
0000101001110011
1011100001011100
0010001100010001
1101110011000010
1101110100010101
1001000100000101
1101111001000011
0000100011010010
0001011100001011
0111011010101101
0011110100011010
1010111010100110
1000010100000001
0100110111110111
0111010001001111
0111111100111110
1100010111101001
0000011111001101
1011010001010100
0111111101000101
1000010001010111
1101010101110110
1000011101010000
0011011100000011
0010011001000110
1100011111101110
0110100100111000
0100111100010011
0011111010011010
0000011100001110
0111010101000010
0010000001110000
1100001111001010
1011010100111000
1010010000010100
1001111010010101
0001110000111000
0101011100101110
0010000101000010
1011011111101110
0010000001110011
1100001101001011
1111101011100100
1111100010110111
1000001101101110
1110010001001011
0001110111001011
0110101001111100
0100111101110111
1111100111011000
1110011010110011
1100111101101110
1100011000000101
0010000011100001
1011111010100010
0111001101011111
0001010110011110
1110100000000000
1001101001111101
1001001000100110
0101110110001001
1100000100100000
1110101100110010
1101101101001110
0111111101100100
0101100111110011
0011110101010110
1110111000011100
1010111000001001
1111100111111110
0000011001111001
0101110011011110
1000101100100111
1111110000111001
1111001111000101
1000001011000100
0111111000010010
0011100010000110
0110100110011011
0011010010010100
0010111011111011
0100110000000000
0000001001000001
1111001100111000
0010111011101011
0110111111100111
0111101101001011
0011000011010101
0001101001100011
1001111011111100
1100111011100110
1011001000101000
0001011111011100
1101010001001001
1011110111101010
1011110110000110
1110111010110111
0001111111001101
0001011101010111
0010011100001001
0010011111001010
0110100111100001
1100001000100111
1010101101000101
0010100111110100
1011001100100111
1010110000110011
1001010000001011
0000100000000010
0001001011001111
0010001111101100
1110000111000110
0101111101111100
1010111111000110
0111011001011001
1101001011111101
1011100111111101
1001111000100110
1111011110000110
0100010110100011
1110010101011010
1100110100110111
0000011110001010
1101100111100010
0111110111000001
1101000111111011
0101010110101010
0101010010110010
1000011111111110
0000111111011011
0010100100100110
1010100010101001
1111100110001001
0001010000000010
0000110111011000
1011100010100111
1111101101000011
1000100000000011
1110001011000010
1000101011100000
1010000010110111
0000011011001100
0101010100011000
0001100111111110
0011000011011111
0001100010100101
0010010010000111
0111011110000101
1010101111010111
1000011110110010
0100111110110111
1011001100100000
0010001010011110
0001000111110000
1010001010000001
1110111110000111
1000101001001001
0101110100011111
0011010001011101
1010111101110110
1011011110010111
1011000010001101
0110000110101110
1111100101100011
0011000011101111
1000111000001001
1111000101001101
0001010001111011
0101110010000100
1100101000001000
0000000111001001
0001010000011101
1000000010000111
1101111000110000
1110011100111100
1110001110010001
0111001101000101
1011001110001000
0000111111100101
0110000110111110
0011111001011000
1110111100101100
1101110010100101
0010100010111110
0001001110110000
1111101100010000
1001101100101011
1111111100011111
0111001110011010
1001100000100000
0000110110111101
0111000000100100
1111101111101100
0010110010111011
1011100000101011
1101111100001101
1000101111101011
0100110011101101
1001111100100110
0111110101010001
1000101001000011
0100100000110001
0110100010100110
1011010010001110
1001011111111001
1011110011011001
0000011010010110
0010001000011111
0110010111000000
1001000011000111
1101100100100100
0101101111110000
0101110011110100
1001010000010110
0001101001010001
0001101100110110
0011010001110000
1000010111110001
1111101000101101
0001101101111011
0110100110111001
0100001010100001
0000011011001111
1101110011110111
1100111001100011
0001101000111001
1110110011100001
1110011101111000
1010100011111011
0000011010001011
1001110101100010
0001001101101110
1101111101011110
0100010000000001
1111111110100101
0000100001001101
0001011001001101
1100011001000001
0110110010100101
1100010111011100
0011011101100011
1101110111011101
0001101111110000
0111101100001011
1000101010010011
0111000000111100
0110001111001011
0010111011010110
1000101110101010
1010101000011101
0110100100101100
1110100111000011
0100001110010000
1111101111000010
1111011001010011
1110100001011010
0010000001010100
0101110110001000
0011110010011111
0001110110100001
1111000111001110
1101100001110011
1111011101011001
0100011000000011
0000110110100011
0110110001000110
1101101001000001
1001110000011111
1111001000110110
0011101110100110
