1110001010001010
0110111001100110
1110110110000000
0100010000100010
0111011010110101
0000001111010000
0000100001111001
1100000000110000
1100111110110011
0001101111010000
1010011001110001
0000011101100111
0000011000111000
1101001001101110
0011110110010011
1000100101001000
0110110000111111
1101101100110110
0110110101010101
1101010010010000
0001111101001010
1011001000011011
0000110100010110
0011100011110010
1010001111100010
0110011110110000
0111110111111000
0011101100101011
1100000001010011
1001010110001110
1100101000001100
0111001010001011
1011110000110000
0000100010111100
0010111010110011
1000110011010001
0111000111011111
1010000011001101
1000110100110001
0011010010111101
1101001011101110
0100110100000111
0011111000000000
0001011111111101
0110101101011111
0000011000100100
0001000101100010
0011101011110101
1011110011011111
1110101010011110
1000000111000101
0010100000110100
0110110110100100
1010110011010101
1100101111100111
0010000010111001
1100111011100010
1000011010111101
0100101001101011
0000001110011000
0000100111111101
1100010011010010
0100111001111000
1110111111010111
1100110001101011
1000011111010101
1001010010000001
0110101111100001
1000110011101100
0101111110001101
0011100111010010
1001110111011011
0011011000001001
0100101011110001
0101000000011100
0000111100111101
1110100110001111
1010110100011100
0110101110100111
0100010111010100
1000111110110011
1011100001101010
1011100010001010
1101110111100010
1010100100101010
0001100100000000
1100101111101011
1100100111010101
0000110001001001
1001001000000100
1011011100110010
0100000111111101
0010011000110000
1101111011100010
1001110011111000
0000010010111100
0101010110101100
1010010100000010
0001001000111111
1011000010100000
1110110010001101
1010101011101011
0011000101001001
1110100001100110
0001010101101101
0011010000101111
0000110001011011
0111110000100001
0001000000001110
0000011000011011
0001010011110001
0100100000001010
1001000110011100
1111010011100111
0100100011011001
0001010000111010
1011011011111110
1111110100100101
0101110111101001
1001101011110000
0101000110110001
0101000110100110
1010100100011101
1010111101100111
0101101100010111
1001000011010111
1101010110111111
0100100101110101
1010010110000010
0100001000111000
1100000110011101
1001001001011101
1011011000110011
0010110100101000
1000010001100101
1011001101110000
1010001000010100
0000100110011010
1111101100010110
0000001110010011
1010000101111010
0100101011011001
1000100000011000
0101101000110101
0101100011110110
0100100100100100
1000001111001011
1110100110100011
1100100111001111
1101011011101110
1111010101011101
1100001011110101
1010110110001001
0100011101101011
0101111000010110
1010110000000111
0001000011100100
1100100000101011
0011100000100100
1001110000110000
0011111001111000
0101101101010011
1000011101111101
0010101100010100
1100001101000001
1110100000010010
0111000101000000
1000111000111110
0010001000100100
0010100000110110
1111001111101110
0000001001101001
0010010000101011
0001100100001110
0001011001010101
1001110010101101
1001100110101010
0100111010010010
0100001101011110
0011110011110010
1010000000101010
1101001100001110
1110000010111010
1100100010110010
0010011011001111
1011010011011010
1001001100011010
1111100111011001
0101101001101110
0000111111101111
0011011111010011
0000000011100110
0010011111111111
0011001100110111
1000000000010011
0111011001000000
1000001100011000
1110111111011000
0100110100011110
0010111010010111
0000101110011000
0101100010101110
0010110111110100
1110001010110000
1010001100100000
0001100110011010
0110101001101100
1101010001011001
1010111101101101
0000000000010111
0011110110111111
1111011101101110
1111111100011000
1010100111101000
1011100000110101
1001100111000101
1100100101110011
1011111011110010
1100100001100111
0111010111011100
0011101001000100
0101011011010111
0101100100011011
1001000100001000
1101000101111001
1111001000101110
0000011000010011
1110100100101000
0110111110100110
0010001101110110
0101100010110110
1100111111001001
0111100010000101
1011111001110111
0011100000100101
1001000101101111
1110011000111000
0101110011111110
1001100001101011
0011011010010000
1101100100100111
0011100000001100
1001100010111110
1001011101101100
1100101101000011
1111011111110101
0000110001011001
0010100001101001
0010100111000000
1000110110010010
0001011000010010
1000010111110010
0000101011010100
0101011000010101
1110100110001111
1000111100110100
1000001001011101
0110001010111010
1101000000000100
1001110100111100
1000111001100110
0010011010110100
0001110010000001
0100110000001100
0011110011111101
1110101000001101
0101110011000101
1111011000100111
0100000000001110
0001101001111001
0001100001011000
1111010001101010
1101010101101111
1011100011001010
1110101101100100
1110000010001101
0011111100001010
1010100011010001
0010100011111011
1100011110100110
1001011001001101
1000001001000001
1100010110001010
0101010110100110
0001011110100010
0101001110111000
0110101111011001
0001010011101010
0000011001100000
0100001110010011
0000111000001100
0011001111010101
0001101100001011
0101010010000101
1000100000010011
1101101001110110
0011111001110000
0010111110111111
0000010100001100
0101110010011001
1001111111000110
0011000011101100
0100001010111001
0111011111010001
0110001110110011
0011010101110010
0100110101101101
1101000000110101
1011011000100000
0000100100010111
0100111100110111
1111010101110101
1010100010010101
0001111001011001
1011101101011101
1000101101010010
0111100000100011
0010111010100101
1001110101110001
0010110011111111
0001100011000101
0010111101010001
1000001010101000
1011111100101110
0000010110011101
1111100000000110
1010011010001010
1010100011010011
1001100001010001
1101100010100010
0001000000100000
1111111010111100
0000000110010101
1000001000111011
0110101011111000
0010100001001010
1001100110100010
1110010001110000
0001001100000110
0100100110100101
0010001011011100
0101101001001100
0001001010111110
0100101101011111
0101100001001010
0010101010101000
0011000001101100
0001100110011010
0010100101110110
0001010011001111
0010101010101011
1011001101010001
0010011010011011
0010000001010100
1010101011101110
0001100101100101
0010100101100100
0010001011011011
1100001000001000
0001111001111000
1000111001010101
1110111101000101
1000011000010011
1111100101011110
1010001111000100
1010001010011110
0110110011101101
0110110101100001
0000010000110010
0011000100011111
1010110110101110
1110000010101010
1110010000010011
0000011000110101
1111101010100111
0001111100101111
0101111000111110
1010010110010000
0010100110001000
1110000110010101
1011110001010101
0001101000100111
0110111000100100
0101000010101011
1111100001111000
1101111000101001
0011111111000101
1001011000111001
1110000001000000
0001001110011011
1011010000010011
1110010101111000
0111011111001100
0111100010111111
0010111010000001
1101010110010100
1111010111111110
1101011000100100
1001110011100000
0001111010111101
1011101001001101
1100011001000101
1001000111101110
0000111101111111
1101000101010001
1110000111100001
0110010100100011
1011001101100100
1000111011001111
1010101001111100
0011011101110111
0110000001010110
1010111100010111
1110100001101001
0110010101000001
1011011100100011
0011000000111110
0000100011111011
0010011001101011
0010001101010100
0101111010001110
0001010001010110
0111110111101010
1011001100100111
0101111101000110
1100111001011100
1100010101010111
0100101000010101
0101000111001010
1110100110011101
1010100001011110
1000101111010110
0011111010101001
1111001110100111
0111010110010011
0000110010100110
0011100101111011
0110100111010100
0110000010000101
0110011011011010
0110010111100101
1111110101000111
0101110010001101
0010110011010010
0111100011111101
0111010110010110
0011100000111111
1101110000110111
0010110111110111
0011100111111011
0010101011101100
0101000111100010
1011010110000001
1101111001001101
0001001100000011
1011001011111001
1100111010110111
0101100011001101
0111010000111011
1010111010010010
1111010001101010
0011101110011111
0010101100000110
0010010010011100
1101000111011101
1010001100000111
0110110011010110
1100001110110011
0011111001110010
0010101000110100
1111101110001111
0001000101010101
1010001010100100
1000101001000111
1001010110110000
1011111111101100
0010010111001110
0111110111011101
0001111011000001
0111111000001010
0110101111110100
0010101011010011
0110010000000011
1000001110010000
1100000101000000
1001111101000110
0110010011101110
1111101100110100
1010100100101001
1000111110001100
1100011000101011
1100010101001100
0000101001100010
1111110100011110
1001011110111000
0011100000011111
0000000000100000
0001101100100001
1111100000000010
1000011001110100
0100101110100100
1110001100110101
0111101011001011
1110100110001000
0000100001101110
0110111000100010
0010101111011011
1001011010001100
1000111101010000
1001100000001111
0110110011000000
