1100101011001100
1001111110101110
1001101111011000
1001011100101000
0110000110011111
0000010010001100
0001000110001100
0111111011101010
1010101011101011
0111000010110100
0100010101010111
0110010101100011
0010011111010110
0101111010100011
1101011110110010
1000000011010101
0111101000110110
0100010011100000
1000101110001011
1111111010001011
0001000111101111
0000111010010101
1011010101111001
1110001011011100
1010111110001111
0111110110100001
0110100011100101
0011100100110100
1111100001100101
0111100001001000
0110100110111110
1100001100010111
1110010000001100
1110111010101010
0000001011101110
1101110110000010
0011011000100111
1110101101011111
0010001001001111
1110101111101001
1101010001000001
0010010010100001
1001000110101101
1000110010111000
1001010111100100
0101001000100011
1110011011100011
0101011101101001
1101110101010010
0001101000110100
0011100101101001
1001010011101001
0110011001101101
0001000100100001
0010101000111111
0110010110000010
0110100010111000
0101000111001100
0001010101011010
1010111100010000
0001001010001001
1010000110100111
0010001001010100
0000101111100001
0001110110100110
0001011101001001
0011001000100100
0000001001001010
1011101111100001
1110011101101101
1011011011010111
0001011000001101
1110011101110110
1101111101011101
0010011011100000
0110010010111110
0101100101111111
1110001110101001
1110101101100101
0001001111000110
1101010101111011
0001110100010111
0011111101010110
0101101100011000
0011110111010011
1001110111001100
1101011011010110
1110110100100111
1000011001010100
1010101011100000
1011001111110110
0101010110000010
1001011001110101
0101111000000011
0000110101101110
0101100100001000
1111001011111100
0110011100110011
0111110110001101
1011110111011110
0100010011001100
0011001001100010
1010000001010101
1111001101110000
0100101111001000
0011101100111111
1101001110110011
1100011000011001
1110011110000100
1111100000011010
1010001010011111
1110110010000110
1010010001100110
1011111111000101
0010011001011001
1011100001110100
1110001000001110
0001111001100100
1100110000111001
1000010101001111
1110011110010111
0001010111010011
1001010101001101
1100110101101111
1111100001010000
1111001101100001
1011001011101100
1010011001101101
1110111111111010
1100000000101000
1001111010001100
1010000001111010
0011101001101101
1100001000010010
1010111101001010
0010010010101101
1000001110100110
0111000001011011
0100011010100110
1000101001100101
0011000001101010
1111011100000010
0101110001000011
0111000101000100
0100110111101011
1011000101100100
0100001111110011
0110000101011010
0101110011010011
0110101011101100
0011000100001101
0100010101100101
0100001101111001
0001110101100000
1110001101000011
1000110000111010
0010001100100101
1110000100101010
1010101001000110
0001110101100111
0001111111101100
1001001000100111
0111011001010001
0010101101001000
1000101011101110
1110001101111011
0111000110111011
0010000100100101
1101110100011111
0111000001111000
1000001011111011
1111001110110010
1101101011010100
0101101100010111
1010101011100000
0101111010110110
1001010011111000
1001101010001111
1100111100000011
0010101100101010
1100111000111000
1110000011111010
0010011000000101
0100000010001011
0000001111010110
0000001000000101
1110111000100110
0111001000010000
1111010101000100
1000110110010011
1010111001101111
0110011100101110
1011100111001010
1000111110110101
1100111011010011
0100011010011101
0000101010101010
1111111111101000
0111111001111000
0010010000100100
1110010010010111
1001011111100010
1011111000000000
0100101100111101
0001110101101100
1101000110110101
1101011001010110
0101111101001001
1011000111111000
0111100100101011
1001010100110111
0110111110011001
1011001110101000
1011111110101101
1111001011001001
1011100100100110
0000000111001110
1010000101010001
0100001101011001
1001010011000110
0001100010111111
1111001111110100
1110101101101010
1111001100110011
0000000100100110
1010101100011011
1001100101100011
1010011100111111
0010101110100010
0111110011000011
0010101111100110
1011000001101010
0001101001111001
1100000111000001
0111111111111011
0011011010011001
0110010111111000
0100100110111010
0111000110111000
1001110111011011
1010000000100101
0100010100010101
1001100011101100
0101001111000101
0000111111100010
1000000011000101
1100110001101011
0010110110000100
0010111101011101
1101111001000000
1011110111101101
0010010010001111
1110010101011100
1010000100111001
1100111100011110
0001000000001100
0001101000001000
0100000010001111
1110010100110000
0110000010101010
1011011010001101
1000010011011100
0000110100111101
0001011110011001
1111011110110111
1111001010110010
1010100001110010
1111100100010111
1010000001110110
0000101001100110
0010001001010011
1111000101000101
0110111101111010
0111000001111000
0101100101101010
1001000110010010
0010111011010111
1001001100101110
0010010101010000
1110001110000100
1010001111110111
1011100010011011
1101001000001110
1001110000111010
0110011001101010
0001000111111111
1011000111000101
0010011110101010
1111001100010100
0001110001001111
1110110111101100
0010010101011010
1000000110100111
0100010111111111
1111010100000001
0101101110000110
0101001110000011
0100010011111001
1111000000111100
0000001111101000
0100000001000100
1010010001100001
0010111100000110
0100111100011110
0111111111101010
1000000000001101
1111111111110010
1001101010011010
0001000011111001
0010100101000000
1111001110001001
1101011011100110
0111010001100101
0100010000000011
1011001101001101
1110010011000100
1010110100111101
0010110001010011
0001101011011010
1100100000100000
1010101111010011
0001110001101000
1011011001101100
0010001010100111
1001011110111011
1010111101110010
0011101100011100
0000001001101111
0000011000101011
0010111011110110
1100010011100110
0111101111010111
1110011000000111
1110101000001000
1110110101100111
1011001101100101
1101001111001100
1101100101010000
1011101001110110
0010010010000011
1110010011100100
1010000101101100
1011001011000111
1100010110101001
1000111101010100
0001011001111100
1111101100011010
1101101001011111
0010011000011100
1011011101111101
0010110011000010
1000011111110110
1011100111100011
0011100100000100
0011001111000110
0100000110010100
1110000000100110
0011110010111001
0100011111101101
0001000111010000
1111001011110100
1001111101011010
1011000101111100
1110111110110001
1101111100001100
0011110101100100
1101110001100111
0011110110101110
1111111000001110
0110101000011100
1100001001111111
1010101010110101
0010011011011101
1110000110111011
1000011000000111
0010111011101011
1010101000010111
0111001011111010
1011011100110001
0110111000000010
1011010001101000
0110010001011101
1001110110111011
1010100110011010
0110111111011111
1100011100011101
1100011010010011
0011100001000110
0011011100111110
1001001001100001
1110011011001010
1010011011000100
1101011101000101
0001101001100001
0100001000011111
1001010100001011
0000011011000011
1100110111111001
0001001111010011
1011100001111001
0011101010010101
1000011001001001
1011111110100000
1100000000110000
0001011001101110
1101000101010100
1110011000001111
0011110101000001
0010100101100000
0001100100011001
0001001010000001
0111011111111101
1101111001111100
1110001111100000
0001101101001100
1010110000011001
1000110001000000
1001111111010111
1001110110011001
0010100101011010
1000011011001110
1001101111000101
0100010100110101
1010101001001100
1111100011010000
1100001010101111
1011100011011000
0000110100011010
0100110101011011
0110001011000101
0101001110101010
0001011011011000
0101001001000001
1000111110111110
1110101011100011
0000011110011101
0010101100101100
1100100111010010
0111111010000001
1111011111111011
0000111111011101
0101110101010100
0101111111100101
0100100110100100
1100100001001011
1001010010010111
1000100111011100
1110110110101111
1011010100001110
1101111011110110
1000001000001000
0101101110101100
1101001100111010
1101110010001110
1100001011010111
1011011110010010
1101110100111011
0010001011011100
0110000010001101
1110110110101110
0001100001101011
0011000001001111
0011010011001001
0000000011111001
0001011011111011
1001110000010010
0111000101101110
1001000110111111
0011010110011001
0100001000100111
0011011100110110
0001001000111110
0100011000101010
1001100011000010
1101011100101001
1100011011100101
1001011000110001
1101001011000000
0100011011010011
0100110111111101
1101100000010011
0100001001100110
0011101000010110
1000001000111000
0100001101011100
0010100111101100
0010001000000100
1011100111100111
0101111011010010
0000110100011011
0001011111110011
1100011111100100
1101011100100100
1111011001100101
0010000101101100
0010000101100110
1010101010101101
1100000000111110
0001011011011000
1101111110111010
0010100101000010
1001110111111110
1011110110101010
0110000110100000
1101111001010110
0101101100100010
1001010001010110
1001011101100000
0100000100000111
1001011110110000
1011000111111100
