0000000111101001
0110010001100110
1101010011111110
0011100110001111
0011010100000111
0100100100001011
1111110001111110
0101010100010001
0011100101110010
1110001011011000
0100001001110100
0000010001010000
1100100101100100
0101010001011010
1010100000111100
1001100101111111
0000110001010111
0011101011110010
1001101011110100
0100010101110100
1011111110010100
0101110010010010
1111001011101101
0110100010001111
1010100101011010
1010101010110101
1101101111111010
0110110100011100
0010011010010010
0001100001010100
0010001011011010
1000110111101101
1001010101111100
1011111101101011
1001111011010111
0001000100100011
0110111010110000
0010111000110001
0001000011110000
0111000011011011
1100010110010001
1101010111101010
0011101000011010
1011001000100010
1101010100010101
0000011110001100
0000110000110001
0101000001101011
1011110010000011
0110001100101000
1010110111101100
1001001100000101
1100001000001111
1111111001000001
0011110111000110
1101001011011110
0100000010101100
0110000001000001
1001011110001111
1011011110101101
0101000001110110
1110111011001010
1110001000110110
1100010101000010
1000010011110110
0101111110111111
1000111011110111
0111001110100000
1000011011011010
0001010101111000
0110000101011111
1001000010101110
1001000100000010
1010101001001011
1010000110111100
0011000111100011
1101110001110111
1100000101001011
1000110101010101
1101100011010011
0100011000110010
0010010010111111
1111010000100101
0010100010100001
1010011011101000
0110000100101001
1010111001100101
0001100110011100
1101011101010010
1111010110111111
1101001001100101
1000011110111110
0000101101001110
1100000100000011
0100111010100111
1110011010101010
1010110101011110
0000010001001100
1011011101101111
1000011110001101
1101110101001111
1101000111011111
1100110111111001
0111110100101011
1111111110111000
1000010000110011
1101010000000110
0100011100010010
0100111110001000
0101110000110011
1011000100110100
0110010011110011
1011100110101010
0110011000101010
0011000010111111
1001110001011001
1000100011100011
0101010110011111
1110001100111101
1011110001000101
0011100100010001
0010000000010001
1010111010000001
1111101101010000
1110001110001100
0111011101111110
1001011011000100
1100000111110100
0111011101101000
1100100000100101
0100010110011101
1010100110011100
1011101011011001
1010110101010000
0001101010101100
0010110110101101
0101010100101001
0011111111101000
1011001000011110
0001001101010101
0110010101110000
0100110100011001
1000011000000110
0110110000010100
1000111110001101
0010010011101101
1100011111100001
0110010111000011
0001010111011001
1110110101101011
0001110110010001
1110001111111101
0001100001001001
1110100011110011
1100000111110010
0010111000110110
1101111010000000
1011011001110111
1011111011010101
0101001010110001
1011011001001000
0110100001110010
1010110100010001
0110010000100111
0011011000100101
0011111000110110
1011010101010001
1111001100001010
1001011110100001
1010101110010101
0111001001110011
0001111000110011
0111111001000011
0101000010011110
0111001010111000
0111101110100110
0001100100011001
1001111111011001
0101001110101011
1110010110000101
0010000010100110
0010100001000110
0100000101010001
0010101010000100
0000100011110011
1100111000100010
1100001111010001
1000111101110111
0000011101001111
0100100010101010
0111111011111001
0001111001111001
1001001110010011
0010001000110110
0100000111001001
1101111111100001
1111100000111101
1011011110000100
0101011011000001
0101100111101010
1000111011101100
0111110110111000
0001111111111100
1111001000111011
0100101011001111
0101011100110111
0001101101101011
1001111111101001
0000111111111001
1100011001011010
1100100101010110
1010100000011100
0011001001000110
1011111110011111
1110010000101111
0010100111110011
1110111111101111
0011001110010010
1111000110111101
1101100010000000
1101000010000101
0101001110000011
0010011110100001
1010101100000001
0101101011010111
0000010010111110
1110011000010001
0000101101000111
0010011100100111
1001111000011100
1101000100010001
0011011110011110
0111111111100111
1111110101010001
0111000100110110
0101101101000100
1101110101010010
1111001110000000
1101100111010010
0101111000111011
1001101111100110
0110111011001010
0100110011110110
0001011101111000
1000010111111011
1111011011000100
0101011001100001
1011111101111000
0010000001010011
1001100001110110
0111111110110110
0100110000111001
1101000101100111
0101010111111100
0100110001010000
1001100011110101
1111010001011010
0000110001100000
1100000110001101
1000011110010010
1011101001011000
1001100110110011
1100010001001000
0111000000011110
0010010010000000
1010101110101100
1111101010000100
1010010011101010
1110011111101001
0100001010011100
1110101010000011
1111101111011000
0001111001001110
0001011001110101
1101000010010100
1110001000000011
1010010110010011
0010011110100101
0011011000000111
0101011000110111
1011001000100110
1101010110101110
0001000001111011
0010100001101000
0000101001101001
1011110001100101
1010010011010011
0000011101000011
1001110011010011
0011000111001011
1001110111001000
0011100111001110
0110011111110100
0110000111111011
0011001011010010
0111111011000110
1111001110100001
0110010000101101
1010000011010101
1101000001010101
1110000101110001
1000111110111101
1001110101111100
0001111000110001
0000110110000011
0010011100100110
0110110001101110
1110001010000111
0011110101100110
1111111001010111
0110010110111101
0111010110100101
0010100111000101
0010110101001010
1111000100100110
0011001000101011
0011011011101001
1000000001011011
0110111000000100
1010001000100001
0110110011110010
0100111010100111
1000101000110110
0011000011000011
1101100011100110
1011010110010110
0100100001011100
0110001100100100
0101000101000001
0001010110110100
1001110100101101
1000111101011011
1001100011100100
0100011101100100
0110101110111110
0100110010011100
1001011010011111
0001101101000001
1010000110000000
1001110110111111
0100000000001110
1011010001100010
0000111100100110
0001010110100000
0000111100100110
0111010111111011
0111000101011000
0111000010001011
1000111001000001
0000100000010101
1100010000111011
1010111101111000
0001101011111101
0101101001110000
0001111111101010
1111101101010100
0111110011111001
1110110100000001
1111010100011101
0000100011001001
1111101101010111
0100111101010011
1101100100101101
1100111101101111
0001010010111101
0111011110000011
0100011111111100
0101100100010110
1011001000010011
0101001001101001
0110111111101001
0110010000000001
1010000010100100
0001010010001111
1001111100110101
0100001101001001
0011011011001111
0100111010011010
1101101100010100
0000000101100101
0011101111001010
0010111100011001
0001010111000001
0001001100100101
0110101001110101
1010011110011000
1010101111101000
0011100101001101
1101000100011011
0001111101101101
0111001011011111
1101001101001100
0110101111010000
1111111010010011
1110110011100010
0100110101001000
0101100000101101
0010010111110010
1001001010111111
1110010011100101
0011111011111111
0011000111101100
1111110011000010
1101111000010011
1101110101010100
0010110000111100
1001011100011100
1000011000010100
1000111111010000
0010111101000000
1010000101111010
0010101111100110
0100110100011000
0001001010001100
1010000100001101
1101100111101110
1111011101001010
1000001111011010
1000101110111110
0001111111110011
1010011100000001
0010110010100111
0000101101000101
0101001010100111
0101111110000001
0010011010101110
1011100001011010
0100001011000001
1010011000111100
0101110100101111
0101100100101101
0001111111011100
0101011011100011
0101111010101101
1101100110100110
0011001101001111
1000110110000101
0100111110110110
1011010111000010
1000011010011110
0111100101111011
1010101110000010
0100001000011010
0100011111110010
1011001111110010
1010010111001100
0010110100101110
0101001111001111
0111100111011110
0101101101111110
1010101101001001
1101101011011110
0011110110111011
0010110111101001
0001101010010011
1110001111010010
0010100100101010
0100101111101011
1010010011110101
0000101011011100
1011001100000101
1111001011001110
1011101001001101
0110010100001001
1001101101010001
0101010011111001
0000001010001100
0000100010011010
1100111110011101
0100000110000100
0001110000010011
1110010111000100
1110110111101111
1101000100110001
0011110100001111
0101100110100010
0010110101111000
0111101000111001
0110110001010011
1001101001000101
1100101101010011
0111111101000011
1010011001101001
1010101010101011
1110101101101010
1111111111111110
1100101100010100
0011000101001011
0111100100110001
1111111101111101
0011000001101110
1000101111101011
1100101111010011
0100111010010001
1110011101000011
1111010010110100
1100011111010101
0001100110110101
1110110100001101
1111101100001101
1011111001011110
0101001100010010
0010111110101100
1010010101101001
0110101100000001
1011100011101001
1010011101001100
0000110110100011
0011110100111000
0110100111101000
0110000011100111
