1000000010000011
1000000101111110
1100111111000010
1001011010001000
1100100001101100
0100100101111100
0000110001011001
0111110010100000
0110110110110001
0111001011011010
1111100101110101
1110110000000001
1001100011001110
1000100011010001
0100110111111110
1110111110111000
0110100010110010
0000001001101000
1010011011111011
1000111100001101
1001001001110000
1110011001001000
0000110011010000
1110110100111010
1100000011011011
1101111000011010
1010000010010111
0001100000010111
0110110101100001
0110010001101111
1110111100110110
0100000101011000
1110100010110011
0100000010010001
0011000100000011
0101101001100101
1101111111110110
1001110000000111
1101011110110010
1111100100110011
1000111011011110
0111011111010000
1110100000100101
0101101010110000
1101000000001110
1010101110011101
1100101011111110
1111000100000110
1111101110100011
0100001010011001
1111010111111111
1010010010111100
0111110010011001
1011000011101010
1101000010110111
1111101011100100
0001101101111110
1100101000001110
0001110011101001
1110111101110111
0111000011110010
0000011111001001
1011110000101111
0010110011101000
0111110101101100
0110001110101011
0111010101101011
1100111001101100
0001011100000001
1011111010101101
1000110000010110
1111000000011111
1101111110000101
0010011100111100
0110000011110111
0010100010101010
0001001001010101
0010101011000011
0000101101010000
1001100001110011
1011011101110100
0011111010001010
1001011111011011
0111001111101001
0011110001010101
1101001000000110
0100100010111101
1001100101110000
1101010110110110
1101111101001110
1100100111100100
1001011001111100
0000011101101110
1101110010010110
0010010111010101
1111000011110011
1011011011111100
0100000010010011
0001011111110110
0000110111100001
1001110101101100
1100000001101111
1101110100001010
1010000110011100
0110100001110000
0010101110110111
0010000110111001
1011110110101110
1100101110100101
0101001101011101
0011011111001110
1110111011000010
1011000000000111
0110011100110101
0011001110010111
0111100000001001
0101101000010100
1011001111110010
1100110010010000
1000011101110000
1010010110101000
1011001101000011
0101110100001001
1110101011001001
1000010001001010
0101101001100101
1000100011010000
1101000001100111
0001111111000100
0111100000100010
0100101111000011
0000110010001010
0110101010010000
0000001100111110
0011001000001010
1111000101111110
0010101101101011
0101000000111001
0110010010101111
1011110010100001
1011100001110101
0000111000111010
1001110110010011
0100110100101011
1100011110110011
1110100100011101
1010000110101100
1111001001111001
0111011101111110
0101000000000101
1010011110001001
0001100011101101
0010000000101011
0101111001011000
1101100110111101
0111110101100101
1001010110000100
0010110111111010
1101001110010101
0110111111110110
0001110100111001
0100111100000111
0001011010011100
0011001000100000
1101011101001011
1001011110100101
0111000100100110
0110100111000110
1101011111011101
1101000110110000
1010111111110110
0100010111011010
0101001101101101
1010110100110100
0101001101001101
1100001110000100
1100010000011000
1011010001000011
1111101011110101
1101101001001001
1111011011111011
0101000111010111
1111110000011101
1000000110001100
0010010111111000
1101110111001111
0000001000101101
1111100001110101
0011011000111110
0100000101000110
0010011000010010
0100000000011000
0100111000010110
0001011011100101
1110100000111011
1000110010001011
1011110010011101
0111101101111100
1110110110000011
0101001001110000
1101001010110111
0000010000001001
0010110001101111
0001010111110001
1011101101010100
1111011110011001
0100001010111101
1110011000100100
1011100010010100
0001101110111110
0010011110111000
0110001010101101
1001100000111010
0100000101101001
0001110011011101
0001011011000000
0111000100011110
1000010001011011
1011001011110001
1001101101010100
0001111110000011
1101000011000111
1111111010001010
1000010100100000
0011111001110001
1010000100101101
1011110011110110
0011100110001101
1110010000110100
0100011010111001
0001100001010001
1001100011110101
1111010100101110
0110111000110100
0001011100000110
1111110110010010
0110100000110001
1110100010001111
1110100100010011
0000110111100010
0011011111010011
1011110111110101
0110101101000011
0111001101001011
0111100010101110
0111000001001100
0100010010001110
1000101011001110
0011101010010011
0011000000001001
0101000100010110
1100100011001000
0000000011100100
1010101001000100
0010110011110000
1000111110101110
1111001001000011
0111100111001000
0001000100000111
0100100010101110
0011011110001001
1100000011110110
0010011011100010
0110010110001111
1111011100111110
1110101000011010
1011111010011011
0100111000111001
1111011101000111
0000110110101000
0110011101100000
0001001101011001
0101110010110101
0010110101011111
1011101001001010
0110011010011011
0011001110100001
1010001110111101
1101100101001100
0000111010011011
1000001001011101
1100110111011101
1100111110101001
1011011110010100
1110011110111000
0001001011101110
1100110001110000
1000110101000110
1000110011101011
1011110101001101
1111101001110100
1111111100111001
0100100000000000
0111011111001111
0111110101101101
0100111010100111
1000100000100010
1101001011110100
1101110010011100
1010001110011100
0011110010110101
0000011111100000
0110111001011001
0110111001100110
1110011101100110
1100011010111001
1101100011101001
1101011100010010
1010000101000100
1100010101111110
0101100111100001
1110001110110011
1011101010101001
0001001101111001
1110101101110111
1011101101110001
0010101011100111
1001011001100100
0101000100010011
0100001110010001
0100111111010010
0111101000100101
1111100000111011
1101000000110001
1000100010000000
1110110100111111
0111101111011101
1111101110110001
1011000111010011
0010011000011010
0000011100100111
1001100011011110
1111100001011001
1001011001010110
0011110100110011
1101110111111101
1100110110000101
0000011101100111
0101100010110010
1010010101011101
0111110110011110
1001001001101111
1011010001001001
1101010000001111
0000011011110101
1101000111000010
1000101000100111
0110100010100100
0000100101111000
1001011101001000
1000001000101110
1010000101111011
0101011011101011
1001011001010101
0110100111101011
1000101011011111
1001100001101110
1110111111110100
1010011101001010
1001001101000001
0010001100100010
1100101010000101
0110011110010111
0111110101011100
0010000001101010
0111010110110001
0001001101100111
1110110000000001
1000100110001101
0011010010110001
1000100011010001
0100000101110101
0101001101000010
0111100000011010
1101111011101011
0100000100100110
1101010110111110
0011011001010100
1010101111000000
1010111001011000
0001001111011010
0111100101111010
1001100010001100
1110110001111101
0011000000100100
0110011110100010
1101100110111100
0010110001100010
1111111010111100
0101111011111111
1111110001011111
0010110111000000
1010110011111011
0011110001001001
1110101001001111
1001110110111000
1011100101011110
1000111001110100
1001010100110111
0100101100001110
1100101010101100
1010110011111110
0011111011000111
1011110011100110
0100010100000011
1100101000000100
1010101010100100
0101110000001010
0011010111000010
0000110011000011
1001100011010111
1001111010111000
0101010000110000
0001101100001001
1111000001000000
1110001111110000
1000110100010100
1000101111001000
1100101100111001
0010111011101001
1010010101001010
0100011010010001
0101110000100001
1101010100101100
1000011000001011
0000101000101010
0111100010101111
1001110100001101
1100110111100000
0101100011011100
0111100011011010
1010111110100111
0100011001101110
1100010101111001
0100100101101100
1011101011011000
1110110011101000
1011010000101111
1110000000101111
1101001110000110
1000111011000001
1111110100011100
1100111111110110
0001100110000110
0011000010110000
0101101100100100
0001110111001000
0011010101011111
1010001001000111
0000101001111001
0110101001110000
0101011010001110
1000010000111111
1111010011000111
1000010101111100
1100110100000111
0101001110011101
0110101000110110
1000111011010000
0011001100101101
1011110110010101
0111101101010111
0001110011000001
1010110001011011
1001110111101001
0100001110001101
0001001001011010
1110000100110110
1111100101111001
1001011011101001
0010110000111000
1101011010000011
0101000001000000
0011101100011100
0000111111011100
0111101100001111
0111011010101011
1011011001101101
1101000100010011
1011000011000110
1001110011101111
0111111001111000
0001100100101001
1110000110111101
0110110011000110
0100011001011111
1101011110111001
0000111011101011
1111011101010001
1100011110110011
0001110011000101
1001001010011111
1111010011011111
1111110110000100
1110011001010111
1010001111010000
1001111101000000
1011010010111000
0000111100101000
0010111101001101
0101011001000100
0110001010100101
1100110011011111
0010001001000111
1001000000111011
0001010101011011
0100101100101111
0110101001110010
0001001110001110
1010010001011001
1001101101000001
