0111000111110110
1000110111001001
0101011011111101
1010011100010011
1100010111111000
1110110000110010
1100000000111100
1111111010001101
0111011011101011
1100110000011011
0010101010010010
0111110011100000
0001110011100000
0011010101111100
0010101100011100
0011100101111110
1100011001110111
0010100010000001
1010101110000101
0001111100111101
0000010110111111
0111101001010110
1010000010001010
1100100100011100
1000000000001111
0010010001011110
0110010001001110
0001010100000110
1000100011110011
1010110010010000
0111111100110100
1100110001011111
1011101100101011
0010010111000100
1110111001010010
0000111110010110
0011010011110010
0101100110001110
1100001001111110
0111100101110110
0001101110000010
1010101101001100
0101101001000010
0010110111111110
1101011000110001
0010011001011000
0100100110111000
1111001101000010
1110101001110011
1110010101101111
0011100000011100
1110000000011101
0110011111101011
1100101110001100
0010110011011001
0110100101000011
0111110010100011
0110100100110100
1101110110101010
0101111100111000
0110000100101001
0111100110110000
0010000100101100
1010011000010001
1100000000100001
0110110010110010
1001111101101100
0100110110110101
1110011101100100
0111101111000111
0110011100111101
1110000011011001
1100010101010100
1100110010110010
1000001101111101
0110010101010010
0111010100111101
0000010011101000
1101000100100010
1100111111000010
1110101110101010
0001011100100110
0110011011111110
1011111111010111
1111011101100110
0100010000101110
1110110001111101
0011111010001110
1001101110100111
0110011001011110
0011111101100011
0101111000010100
0101011011111010
0010110100111001
0000100111111111
1100011000111100
1010101111111101
1010100101111011
0011111111010100
1010100011111110
0000110000001111
0011100111000011
0000000101010000
1000000000110011
0011100101001000
0100101111011000
0011111101110110
1101111000110111
1000111100011110
0101111010100100
1010001101110100
1010001000111010
0100011111010100
0001110011110010
1111100100010110
1101001100010100
1000100100110101
1010110001101111
1001010011111000
1101000001010001
1010111010001100
0011111100011100
0110011001100110
1100110000010010
1111010011110000
1111110001000001
0011011101010110
0101001011101111
1010000101011011
0000101001110010
0000011011001010
0101111011110101
1110010000011010
1100010010000000
1000100101000011
1110101111101000
1111100011001100
0001000010111101
0010110011111000
0010101100101111
0010001010001001
0001010110010000
1101101000000000
0110001101110010
0010011111011110
0110000000101001
1001001100010101
1010010011010010
0001100111110001
0110001100000000
0101111001111011
0100101100010100
0000111111100011
1100000101100101
1010101111011011
0100100100110001
1001110111010111
1100011100000001
0101001111010111
1011100111100101
1010011000000010
0001010001001001
0010001110010010
0011111100110100
1001100010010100
1111011010110001
0100101001100101
0100000111101110
0011110100011010
1100111000100111
1100110101001010
0111100111110100
1000101111101001
1000101011001110
0100000110111011
0111010111110010
0101000111010001
1011100000001000
1001110111100110
0111111110100111
0010110001111101
0010010111111000
1110100000101111
1111110100011101
0011111000000111
0011101101100110
0100001000011110
0101100110101010
1110000010110110
0001101000000111
1101000100111001
1111110011000010
1010000110011100
1110001011110011
0001001000000001
0111111110010100
1110111111100010
1011001001110111
1001111110010101
0001011000101111
0101111111001011
0100100001011111
1111001101011101
1011100000011000
0000111001111000
0101111101010111
1001101111010000
0101100011110100
0100100110001111
1011001000101101
1100101000010001
0011000100110001
0100110000000111
0101111001100011
1101111010011101
0101110110011010
1011111101101010
0010010011101100
1111001101111010
0111110000111111
1001011110000001
0100001100110010
0101111010110000
1100101110100001
1010011000110011
1110101010110000
0000001001010111
1111111110010011
0101111110100010
1011111000111100
0000000100110011
0100111111001110
0011111100110011
1111111111111101
1000101010111011
1100101001110011
1101111000000000
0001001101100010
0010110011011101
1011111101001111
1110000110001010
0001010111010000
0100011110000110
1111001001100000
1011011000011010
1100101110010001
0101011011111010
1001110001001011
0000010001111001
1111000101110110
0110111100111000
1011000100000011
0111111111000001
0111000000010001
1101001000111010
0111001110101110
0110111100110010
1010110110111111
0001001001001110
1111011010010001
1010011011101111
1010101001110111
1011011111101001
1011010111110011
0100000010110001
0101111111011000
1101111010001100
1000111111110010
1001010111011010
0100000110010000
0010001100100110
1110100011010111
0100110011111110
1100101010110010
0011001110101010
1010100010110001
0101111001111011
1000001001111110
1010100010100101
1111111001000010
1000000000101011
0110110110101010
0010100101000001
0000110100101000
1010110001110000
1001010110011101
0101100000010111
0110010000011110
1110111000000100
1100010111101110
1010111000010100
0101100001011011
0110111010011000
0010010101110111
0100101001101010
0000010111110101
1101000011001111
0000000110101010
0110000101100011
0101111010010011
0110101011101010
0001101010111000
0101100001100001
1011111010011100
1001000111110100
0010010011001010
1111011011100011
1011011110100001
0010110100110000
1000101000111010
0101011001010010
1001010100011011
1001000101001111
0010001111011001
0001100001110110
1001110110101001
1010100110001000
1001010101110011
1111100111101011
0101011011110011
0010101010110110
1000111100001100
0010000011000000
1000011101000111
0100010000101101
0001110101011011
0100011101101101
1100011110100001
0011101001000101
0111010001100110
1010100001001010
0101110100011100
1111010100111100
0011101001110001
1111100100111111
0000101101011010
0101010110010000
1000101010110000
1110110011000100
0101111010110100
1100011000111000
1011011110001000
0100111011000010
0010001010111101
0110011010010111
1011101100110110
0001101000100110
0101100011001111
0101000011001110
1110010000010101
0110111000001101
0101101110000110
0010101100100011
1000001010010100
0111010100011100
0100000010111001
0011010000010101
1000000110001110
0011100111100010
1100000111000101
0111100011100011
1101011001011101
0000111100100101
0010001110111101
0110110011011110
0011101100101000
1001011000111010
1101110101100010
1100010100110100
1111011000011111
1100110010001011
0111110000001111
1110001100011001
1001000111101010
0000100010010111
0001011110011001
0110011100100000
0000001011010010
1001100111000100
1101011111110001
0011011101010011
0110001111101110
0101110101111100
1110001000110011
0101001010011010
0000111011000011
1111001000110011
0000001000000000
0011110101110010
0000001100011010
0011001011110001
0111110110001110
0101001000010001
1001111011101010
0101001101010011
1100100011100011
0100011101100101
1001100101101111
1100110011100100
0010001100011100
0000010101110000
1010011000000011
1101111100011110
1101010110111111
0111111100001101
1001010110110000
1011001010110111
0100100101110100
1100101001111001
1100010000100011
0001000011000111
1101111110100101
0000111101000111
1010011100010100
1111001110000000
0011000000001111
0011011011000001
0001011111101011
0001100001100101
0011000100010010
0010101110110010
1100010010010110
1000001111110001
0101110010010001
1001101111101011
0100001000110111
1100000111011110
1110011100111010
1101100000011100
1001111110011111
1011101000100000
0000000101011000
0101111110010000
1111101010101100
0000100001000110
0011101010000001
0101111111000001
0100001010100011
0111101010000111
0000101010001000
0111101101110000
0110001111101011
0011001001111101
1101010111111110
1011111100001001
0010010010110111
0100001101000001
0111100000001000
1001001001101100
0111010000110100
0000111111100001
1110010101100100
0101010100111101
1010001000011011
1110111000000001
1011000111111001
0111100100111110
1110010111101001
0111100100100111
0001011001111110
1110010000101011
1010001100000110
1010100001111101
1010010010001110
1001001000111001
0111100011101101
0100101001001110
1111000000101000
0110010001100000
1011010100110101
1100000100111010
1000111111110111
0001001101001001
1110011000000010
1001111000110111
0101101010011110
0001100000010010
1000101011101101
1000111011101111
0010111011001010
1100010010010111
1111111010000101
1000111111111011
1010011011001101
1111100110111100
1101001100011010
1000000101100001
0100011001100100
0001110110101001
0100100110111111
0000101100101011
1000011111001000
0110001101111101
1010000000110000
0001001000101110
0010100000011100
1110000101010110
1101001101010101
1100111110100011
0001111111010100
1010001110111101
1011100100100101
0111100000001010
0001001000011101
0100101111100110
1000010100101101
1011110001001100
1111100011001110
1101111000010111
1100000100100100
0110100000101111
