0000100110110100
1001110100110111
0111110110100010
1100000100111010
1000011011000101
0001001110111010
0110000011101001
0011110011001001
1111110110011101
1101011010100001
0010011001101011
0101101100100110
0000000001010101
0001000111000101
1000101001010100
1001111001011111
1111000001001001
1100100110001100
0110101101010100
0011101011011001
0010010000000000
0011100010110101
0000111111110110
0111111001011010
1110111100101000
0100111100011111
0111100010001110
0010101001011100
1000010000100010
1110100001011011
0010110001010110
1011101011010101
1101110001010010
0110101100001100
0101111111111110
0101010100111100
1100110101100100
0110001001111110
1111010101000110
1100110100011010
1111000000110100
1001110101001000
1001000011100110
1100000001010101
0000111001010010
1100011010100100
1100101011011101
1111001101110011
1010000111000011
1100010110000010
1011101000111111
0011010000110000
1101000011100110
0100000011101100
1010011111101010
1111010001001011
0101110010111010
1001010000011100
1100001111010101
1001111100010111
0000010101010111
1100011100011011
0100110000100111
1110000110110111
1111101111010101
0000100110001101
1011110011001000
0101111011010000
1000110010000010
0001000001111100
0010110010011101
0110100110101001
0000101100111111
0011100011110011
0011011011000001
0000010010010001
0110100001010100
0110101101001010
1110101100001110
0111110001100000
0100011111111110
0000011100000100
1110000111000000
0101100111000111
1101101000111010
1010010011100011
0011110000000101
0000001000011000
0001011111101000
1010101001100011
0011011001000101
1111101101011011
1010010011011101
1100111001011010
0110011000000101
0101001110110000
1011111110111000
1111111011011010
0011000110000100
1000111010000111
1111111110011100
1101010101001111
1010111111110110
0011111110110010
0110001000101010
1110111110011001
0111010010101000
0110111111101110
0101000010100011
0010101000110101
0010101101111111
0110010101110010
1011100000011000
1000100100101001
0100000111011101
1011101100001010
1110000100000010
1100011010010110
1110100110011001
0100110110110000
0000001101011111
0101110000101010
0110001001101100
0010111011000110
0101110010111111
1000111100001000
0011100101111001
0000101011101001
1010000011001000
1100000000011101
0100111000101101
0010110000010101
0100001011010001
1010010010010000
1110010011100100
0001011001000000
1100000001101111
1111111111001010
1000000001110010
1001010000010000
1101101111011110
1110110111011001
1010101110100101
1110111001011100
0000100110100101
0001111000111000
1111101111100110
0000110100011001
1000000000001001
1010110010011101
1100110011101100
0011011011111011
0101001010110110
0100001111011111
1001100110100010
0100000111100001
0110001011011101
0001110000010111
1010111011001111
1100010100100111
0110000001101000
0111110001100111
0011001101110011
1011100100110110
0011101100001110
0101000110010101
0101000110110011
1110000110100100
1011011101100111
0011100101001111
0001101001110101
0101010011100000
0111000100010100
1101000100100011
1011111111101110
1001000100011010
1100011111111111
1101011010010010
1100111110010110
0101001001010100
1111101101011010
0001100001100001
0001010100001001
0000110011011000
0001111001010100
0100000101001000
1111101000010110
1001100000010001
1100010111111011
0000011001011010
1101110011101000
0111001100110011
1011010110100101
1111001010001111
1110000100100100
0000011011100010
0010001100001101
0110011100110101
1010010001011000
0101011000101000
0000110000100111
1011000111110100
0000000001010101
0010011001011110
0110110011100011
1111100101011001
0011010010011110
1111001001000001
1001110100001001
0110110101101101
0000010010010101
0100011111011010
1010011100111100
0110001110010101
1111001011000110
0010001101000011
0000101101000111
0011100001000010
1111111010001110
1100111000011100
0011101110100110
1110100010110011
0111101111101101
0000100001011011
1000101001010100
0111000000010010
0001000001111001
1000100101100110
0011000111100000
0000110010000011
0001110101100000
0100111001110110
1001000000101000
0100001001100101
1011111101001101
0111101110001101
1001110110001010
1000110111001111
1101000110011111
0100010110110001
1000001110011010
1111001001100000
0011100000110000
0001101110011101
1001001110110000
1001001011011100
1100000010001011
0111101101100101
1001111111010000
0110110110000011
0000000001001011
1110100110110110
0010000101111100
1110000010110101
0110010111010111
0000101101000100
1110000001100110
0000011101111011
1001101101101001
0011111000011111
1101101000101011
0001001100010110
1011111000000100
0010000100110001
1011100001000011
0011011011011000
1110001100011011
1000101101001000
1001010000101100
1100110000111111
0110110001100111
0101010111001001
0001011110110011
0100100011110011
1100010100000000
1101111011111001
1110010010110011
1001100001101010
0011100110000110
0111010110011011
1001000110010010
1100100110101010
0001001001110100
0010110111010101
0100101101011100
1000011111000101
1110001010100111
0010100011101110
0010110110101110
0111010010111100
0001110100001101
1101011001100011
1101001011111010
0011111010011110
0101101011011111
0101001111011001
1110001101111011
0011101011011000
1100111001011011
1011100100110011
1000001010001010
1100101111100010
0011000001111011
0011110010011101
0111100000100111
0110001001100101
0011011010001110
1000010101001010
0000000110001110
1101110111100000
0110101000011100
1010001100001100
0011101111100010
0111111100100100
1100001110010000
1101110101101101
1101100001010111
1101010001100110
0111110100111011
0001010011111000
0011001010010100
0011011001111011
0101000011001000
0111001001100010
0111101000010101
0011101100101011
0111100010111010
1000011100011010
0001001111000101
0111110101110111
0001100011110010
1010010110100101
0011101000111010
1000011110001010
0100010100011011
0001101000100111
1110011110000110
1100011010101010
1011101011000101
1110000101111010
0110111111010101
1000011100001110
0000000011001001
0010000010110110
0101111011001011
1011100010111011
0001010101011101
1111001110100010
1010001110100000
1111010011101100
0000111000010101
0010100001011011
1101110011000100
1101101110110101
1100011110100111
1001010101101101
1111001011110000
1111100010000110
1111011110111000
1101110110111110
0100011011001010
1110100111011000
1110011010100101
0000001100010001
1001101011101010
0101110000101011
1101111000010111
0010101111101110
0101011110101101
1101110001100010
1001100011010101
1100010111100100
0100000101000011
1010101001011010
1111101101011100
1001001101111101
0100111110111011
0100001011001011
0000101110110100
1101100001011000
0100100011000011
0110111111001101
1010100100000010
0100001000001001
1001100100110111
0001111110001010
0001111100011101
1010100010000001
1011000101111010
0101010100110111
1101010101110010
0010010001010111
1100110101111010
0000110011011011
1101001001111001
1101000001111011
0011010001101111
0100010111001100
1111011011011100
0111110100111001
0110111110100011
0100101000110101
1011010100000110
1011010011011100
1111001001110010
1011101100001101
0000010110000100
1100100111111110
0111000110011010
1010011001000010
1100000000110111
1101000000110100
0011100011111101
1111110110100010
0110000101000110
1011111000111101
1010000010100101
0111111110110010
0111101011010111
0010010001001100
1100000100101110
1001111111011001
0100101100101101
1011001011001001
0100100011110110
1110110000100001
1000101000000111
1010010010000110
1101001101110101
0101111100001100
0110101110100001
0110111100011010
0101010110100111
1101011011000000
0011011111011100
1111111101001010
1110111110011101
0111011010100001
1001000110110110
1101101111010110
1000111001010111
0100011101100001
1100001011000100
1011111101111101
1111101100101011
0110000111111010
1000001010110000
0000111111001010
0010000100101100
1110010111011110
1001101111011011
0110001001101001
0011010101110101
1001100010111010
1100101001011110
1000000001010001
1110000111101010
0000111001011110
1010001000101111
0011110100110001
0101111010101101
0000101011101000
1110001001000001
1101001111001000
1101110001001010
0111110001001110
1010110100101110
0110101100010010
0101001110111011
1011100110100111
1111000001001110
1000110101010000
0011001111010010
0111110110101000
0111011010110111
0111000100011110
0100010010010100
1001111101010001
0101101101101000
0010110000100111
1001010010011101
1100001010000101
1000100010111110
1111001000000011
1010110000010100
1111101010111010
0000111000000001
1000101100001111
0000000100110011
0111011100100001
1111010010001000
0011101000001010
0111010101110101
0010111111101010
0101111100011001
0110111010101101
0110010111101011
1101011011001000
1110111000111000
1110110011101011
1110101101110000
1111000111010000
1000011101001010
1100011001000110
1111110011111000
1100000101100001
0001010101110110
1010000101111101
0011100111111101
0001101000111101
0101111111011111
