1011011011100101
1100001001111000
0001010100100001
1100010101101001
0011111000111000
0011111000001000
0100110000111100
0101100101100001
1111000101001000
1111100101111011
1000101110000000
0101001011010001
1001001110100101
1100000010100110
0111000101010110
1100010011011110
0000000101010110
1011010000001001
0101111001111000
0001011011111100
1101000000001110
1010000001001010
0110100011110011
0101000011110111
0110001101100101
1101001111001011
0100111110010001
0000000110011011
0001011111010101
1101100010011101
0001010111011111
1111010000111101
1010000110010110
1011101001000111
1100010010010001
1001001001001001
1010011010010011
0000111101000001
1010111111000000
1010101001100110
0001101011111101
1011110001101110
1101110111010110
1110101000110111
1000011111100111
1010010100011011
1001011110101110
0110110101001111
1010011001010000
1111111010001000
1010111110111111
1100000000000110
0111111110011000
0011110110000001
1000011111100010
1101101101001110
1111110010000101
1010110001001111
1101110101010010
0000000011010010
1010000000100110
1001101111010111
0011010000110111
0100110001010101
0000111110001100
0111001011010101
0010101011111001
1101101110010010
0111111001110101
1011111111101111
1111111010110101
0101000101000010
1101111101110100
0000101100011000
1111000101110101
1010000011110001
0000100110010111
1001100001000000
0000010100011001
0010010011111010
0101101100100011
0001011010001110
1011001111010010
0000100111011011
1011110111010010
1100001001001101
0110111100010001
0100000000001110
0111010000100101
0101111101100001
0110000101000000
1110010010001101
0111001100011011
1111111110010010
0111001011000111
0010000111010110
0110000111110010
1111001101001000
1101100101101100
1010111100100000
1100100001000000
0011011110100000
1000111111101101
1000011110101101
1100110110110000
0100111010101111
0100010110110100
1010010000111000
0110000100010011
0010010001011111
1101011000100000
0100001011100010
0001101011101101
0111101011101111
1100111000101100
0001000001011011
0000011110011010
1100101000001011
1100001000001110
0110000110111111
0011010111110101
0111010011111111
1100010100001111
1101011100011101
0111010101100010
1100111011110000
1000010011001110
1100100111011011
1111001101110111
0001001101100000
1100010010010101
0000010001010010
0110011110100011
1000101011111100
1001100101101001
0001011101110010
0001100110001001
1110001101100010
0011100110001001
0110111000101110
0011101000110010
0011010011000110
1111001111110111
0001001010011010
0110010111101001
1010011111001000
1010010110110101
1101010100001001
1010111110000011
1110001100110001
1000011010010011
0111100010101001
1011010011101011
1110011100010000
1011111001111101
1101111101000110
1000000111010000
1111111100001101
1001101001000111
0110111111101110
0101011111111011
1001111100111010
1100110001010001
1100111101101011
1011011010001000
1101000101111111
1101101100100000
1011001101010100
1010100100101011
0100100000001010
1000110001100010
0110110100100101
0010100010111000
0101010010111001
0101100100010111
1110101000001011
1100010001111000
1110111011010110
1000101101101000
0110100010110010
1111101000100101
1111011011001000
1000010110111010
1101000101110010
1100000111010110
1100000110111010
1000101001010000
1101010010111011
0010001011111111
0011000001010001
0011000111010010
0111000110010100
1001110000110111
1100110101011110
0110011101000011
1001101011101010
1111011101110101
1111001100100101
1111000100001001
1101000011010111
0101111001101101
1101000110000110
0100001100010001
0000001001010011
0000001110011111
0010100101111010
1011100011010001
1111000111011001
1011110111011100
0000001010101110
0000111000110001
1110101011100111
0101010001101000
1000010010111010
0011011111011100
1100001000001001
0110000100100100
0101010110011101
1101011001011111
0110100001101100
0100010010111011
1110101010011011
0010101110000101
0100011100010010
0001010000111000
1010010111110000
0100110000110011
1100100000010010
1101100110011001
0010110000011001
0011010011111101
0010101111010110
1001000111011001
1001101000001000
1111000000111011
1011100110010000
1110111001010011
0110110110001001
0001100110011000
0110111110001111
1000111010001101
0010111000100011
0011110010111111
1110010100011101
0011000111100100
1001111011110100
1111010011000001
1111011100010100
1111001100110111
0100011111001100
0000111001100011
1001010101001111
0111101110001010
1011010101011100
0111000011011101
0110010101101100
1110001001010110
1000001110000010
1000001011001110
1001001011001101
1001110111000000
0000010100010011
0111100001100011
1111100011111100
0010011000110000
1100111111011100
1001010011000000
1110001111100110
0111111000101101
1101100001110110
1100011010000111
1101011101111000
1001111001100011
0111111011010100
1010011010101010
1001101111101000
1111101001110111
1111001111110011
1001010111010000
0000110110001011
0010111001010101
1011001010110100
1001010000111010
0001100001011001
1111101101110001
0000111001110110
1111000101011100
0011110101000100
0110011000110001
0000110011001101
0100011000010010
1010110010010101
0011010011110001
1000111101010000
1110001001101011
1100111011101111
0100000001101100
0111110000110001
0101000001011001
1010111100110001
1000110010110100
1010010011101011
1011101111001000
1001100000110010
0001101111110111
1011111111011111
1100110001001001
0111101110011000
0010101011010010
0101110111001101
0111000000000100
1000011111101100
1111010011001011
1000001001110110
0010001100100100
0101111101000000
1011101010100011
0010010011010111
0110111000011011
1001110010000110
1100010001010010
1000000101110011
0110010010000010
1000011101000100
1101101000110101
1001011111000010
0101001000000100
0111100101010111
0100110100010110
1010110110000011
0100100011101101
0011010111000111
0001110011100010
1100001011100001
1110011001101110
0010000010001001
0000010010111100
0110110011110100
1001011101011100
1010000001010010
0000110110100110
1001000101111011
1100100111111000
0100110010001010
1100011111001111
0110100000000110
1000111010111110
1011000000100010
1010111100000111
1101001101010111
0000101000000111
1011011100011100
0001000101101010
1100111100001100
0010000111010101
1000111101011111
1110101011100011
0110010101111011
1100110111111010
1111000111110011
1110011010100101
0011010100111011
1010100011001010
1010000110111110
1000010000100001
0111101001001110
1000010011100111
1110010111011011
0111010001110000
1010000111010110
0110110011111100
1101000110001010
0001110100111000
1001110000110001
1110011001000111
0000101111100000
1010101110100101
1000101011010100
0010010100101010
0011100111001101
0011010101001100
0010111001111111
0011100001101110
0100010010000111
0010101100111111
1000011001110100
1010100100011011
0111101010111100
1000011011110101
1001100101110000
0001110001011010
0111101100111110
1001011101001111
1100100100000101
0111010001010010
0110100001101011
0010010001111110
0001111010101000
1010001100000110
0000001100010000
0111010110011100
0111010010110000
1111011111011011
1100000000110101
0011100100000110
1100111100010011
0111010111110101
1010101100010000
0100000011111001
1110000101101100
1011010100010000
0110000011001101
0111100010000100
1001011001000100
1011111100010110
0001101110100100
1001110000100011
0010100111010110
1000000110100110
0011011000111100
0001100001010111
0000000010000101
0010101011110100
0101001100111100
1111100011101111
0010000000010110
1011111010001000
0000111101101001
1011111011011111
0011001000001101
1001111000001100
1110101110111100
0011011010101101
0100001010110110
1000101101010010
0100110000010111
0000011011101010
0000000100110010
1010111101111000
1010010010111110
0111111111111110
1100010100110101
1110111100101111
1111011010110101
0001010100010010
0110000010001101
0011110110110111
0111100111010110
1010000110110011
0101001111111011
0000100111100101
1011010111001100
0101111011010111
1001101000010110
0111011011000001
0010111011101001
1001000111110100
0110010100110100
0010000011001110
0000000110000101
0101110110110101
1010100000000000
1101010000010100
0110001001100000
1000001111100010
0010000111010010
1000000011011111
1011111011110000
0111000010111100
0001000011000000
0110110111111101
1010111001111000
0010111010111011
0010011100001010
0111000100100110
1101010000101001
0011110011000101
0011000101111001
1110100000110011
1111010111110000
0111001111001011
0100001111100100
1011000100110111
1110101011111100
1101110101110001
0001010000100011
1010000001001100
1011010000111011
0101111010111100
1101110111001010
1000000101001111
1000110011001100
0111001000111001
1101001001010010
1101001101100111
0100110011000101
1000111111001001
0101111111111010
0111100111110110
0000001010011000
0110011101010001
1000001111000100
0010101000101001
1110011011111101
0001010010111110
1101011100001000
0000101110100101
1110110111000001
1100001111001111
1010110000001111
0110101011101000
