0010001110110000
1100101001100111
0101100011000011
1011100000100100
0110101101110010
0111100010110000
1001101011010011
1011011000100000
0111011000100111
0011001100011110
0010000100001100
1100011111100001
0011011001110100
0011010100111010
0101100111101111
0100011010011011
1010100001011010
1110101110001111
0011001010111110
0010111001011011
0111110010111000
0010110110111000
1011101100010110
1001110101111100
0001111000010010
0001101011011010
0100111101110100
0100111000000011
0100000001010100
0111000101011111
1000001100000011
1100001101100010
1011111110110101
0111001000111001
0100101101000110
1011111101100011
1001101101101000
0000011100110001
1100011110110101
1111000010010010
0100100001111110
0010111010001111
1001100101000111
0100111000111100
0010011111000111
0010111001000010
1010011010110010
0100000101100100
0101101101011011
0011110011011010
1101011000111110
0100001100101111
1101101011100110
1000101110101001
0010010011111100
0100100001101100
0111110101010111
0011100000011100
0001100110101000
0100000100001110
0101101100001101
0110100001101101
1100011010000101
0000011101100001
1011010111011010
0100010110011011
0100100001100110
1110000110100000
0010010001110110
0111010101110000
1000111111011000
0100100110001101
1100010110101001
0000101011101000
1101000011000100
0001111101111001
0011111101000010
1001001101000011
0001110001001110
0111000101110010
0101101011011000
0000000000100100
0100011110010000
1111110101100110
0111111010101001
0101011000101101
0011001001111110
0111011010011110
0010011001111010
1011101111100011
0000100001101101
1011011111000001
1111000111110100
1001001010111001
0011100110101110
0011000101100110
1001000001011101
0100011101111000
0101101110011100
1100101110111111
1010000101010111
0011011010110001
0011110010011001
1011010001100111
0101001010101101
0100110111011101
0100000111001110
0100101001110000
0100111101011111
1111001110011110
0000011000001100
1110001001110100
1000111100011110
1001100110010110
0011110000010110
1100011111010111
1001010100100110
0010000000110110
1111000100001111
1111000000101100
0100101010101100
1011010011010101
0101000101000100
0001001001000111
0001010111110100
0001000011001100
1110011101010001
0110000111110110
1010100100000110
1001000010101110
0010101001010111
1101011000101001
1000110101011111
1101110011111110
1101000101100101
0000011111000011
0010110100000011
0101110101010001
1011010100000011
1100011111011000
0011101110111000
0100110100001001
0010000110011001
0010000011111001
1000010000111110
1010110100100000
0110110101010011
0100010001100111
1000010100001000
0001000010110110
0101001100110010
0000101010101001
1100100111100110
0010000011000010
1110010011110111
1010101001010110
1100111100111010
1101111010000010
0010111000011111
0100110101111100
1111101010001010
1001110001000001
1111101011011101
0111111001110001
0100101000101000
1010001111000110
1111101101011011
1001100001110111
1111011010010101
0001001110111011
1111001010101111
1011001010101100
1001010111000110
0000000010011101
0110111001001011
0111110111111111
1111010011001100
1000110111001011
1000000010100101
1011111101100011
1011001101101101
1000011001110110
1111001111011101
0110100010011000
1001010110000110
1101101010101010
1111011111001101
0101101101010110
1100011000000011
0110110111000000
1110011111011111
1001011111010110
1100001111100000
1011101010010110
0010111001110010
0011000001001000
1001011100110110
1000011001000000
0110101011101100
1100100000011100
0101000000101000
1100100110101101
0000011100110000
1101000011001000
0101110011110100
0110100101100000
0000010011101101
0000010101110111
1011001010110000
0000110110111110
0100011000000100
0101110011111111
1110111010010010
0110011010110100
1110101110101001
1111011011000110
1011100001010100
0100001111100000
0001101100000101
0010110111001001
1111010011001011
0010111000111101
0110111011101111
0001101111010110
1111010111100011
0111000110110111
1000001001001001
1011000110010101
1000110100010101
1101111101000011
1100001100000001
0100100001101110
0001100111000110
1001100010100000
0110111100110111
1000110100101110
1001111100110111
0001001000001111
1100110111010110
0010111010110011
1110111010110101
1101011101000010
0111000111100010
0011101011101000
0100001000101100
0010100110101111
1001011100100110
0100100010101000
0000010110110010
1000110110101100
0100001011011100
0010010110100101
0011101011000110
1011101011101000
0010000111111000
0010011000111110
0000110101000100
0100110000110001
0100001000101110
0010100101100001
1100010000010010
0110100111011110
0010010001000001
0101000101100100
1101111101010001
0100001101111100
0000110010100100
0100000100101101
0011110000100110
0010111011101110
1010011000000110
1010001001110111
0110101001001011
0111000100010011
0110101110000110
0000000100110010
0100011011001010
0011011111000000
0110011101010110
1010000000000111
0011011110111011
0111101100111101
0000011001111111
1101100100111111
1110101100000010
0100010010011000
0100100001011101
1111101010000011
1011001010000011
0001011011110001
1011100110100000
0111001010001001
1001001010001010
0110001111100100
0101100111000011
0111000101010100
1110110011100100
1010000000101110
1011101011101110
1011000011011010
0111000011111001
1000010100011101
1111100100000111
1110011110110101
1110111011011011
1111110010111101
1111100110100001
1110010001000101
1111101110000111
0001001101001111
1111100100101011
0110000110110010
0111001001001000
0001111000001110
1110110011101000
0011110011101111
1010110101101000
1001000010010100
0001110100111011
1110000111011101
1010001011011011
1101110000110010
1110111110100110
0101011111111001
0110111110100001
1101100010011001
0100010010111011
0110001000110100
1010101001001011
1010101000111010
1000000001111110
0000001101001111
1000101111101110
0101001110010101
0001100010111011
0011001001010100
1000011010100010
0101101111110100
0011010010011100
1011010010001111
1101010011111011
0000010110010101
0101011001101000
0101010000011100
1101110001011110
1100110000011101
0011000010111100
1001011100100000
0011100100100011
1110000000111011
0101101101001101
1111010010011001
1110101101101101
0100000111010100
1010010100111001
1101001110100010
1000110011111110
1110100101110101
1111101100111010
0101111111010001
1010110101000101
0100010111000010
0100000110010000
0110001100000011
1000010100010110
0101000000010111
0111011110001011
1010010001111100
0010100100001000
1100010001001100
0100000011010111
1000001101110010
1101101100010101
1000110110100011
1100100011101011
0110101111111110
1000101111100010
0000010111000000
0000100100000111
0101010011011011
0000010011111001
0111110010111001
1101001001111000
1001100010111000
0000010011010001
0011110001001111
0111010100110000
0000100110110001
1010011001011111
0111100000010110
0111111100010111
1111110010101001
0101010111100100
1100001010010010
0010000000010011
1010101001101110
0010101101100000
0101110100100010
0010010001100111
1000001110001111
1001000101100010
0101011010101100
0101001111000000
0010110100000110
1100101010100101
1000000100100010
1110101111100010
0011101001000101
1111011111110111
1010011000010000
0001111001001110
1010000010010001
1000010001001100
0011010101001000
0000001000011110
0101110101011010
0111110110001111
1000011111111001
0101001001100011
1110010011000110
1010010100100001
0000101100110110
1111101010001100
0001100011000000
1011011001101001
0001100011011010
0001010000101010
0110100010010011
1100111010010111
1101111101000011
0000011000101000
0101100010000101
0101000001110010
1000010101000010
0100111001110101
0111001011000100
1010111110000111
0111011101111100
1000100011100011
0010000000110111
1110000011010111
1001011000110010
1010011111101011
1110111010100000
1111000101110111
1001110111010111
0010011000100000
1101110110010000
0011010010000001
1010001101001010
0000101100011100
1010101011001011
0011111111100101
1101000001000110
0010011011000100
1011011101000111
0110011011011110
0001000100100010
1101000001010000
1101000101110100
0101101000101110
0011010101011101
0001101100111100
1110011011111111
0011110010001001
1000011010101000
0000111100101000
1111111000011010
0010100100110101
1101110011001010
1011011000110001
0000111101110111
1111010110101010
0001110011100100
0010010100011011
0011101000100000
0001011011110110
0100110110101001
1001101011000101
1101111000110010
0000001111100100
1101100101101100
0011000011001011
1110111001000000
0000100000011011
0101100100111101
1101100010111001
1111111001110101
1011011100011010
0011100011011111
1001110100000111
0110100101010110
0000010111110111
0001000100101110
0001111110110010
0101010010001001
1010011110001110
0110100100000001
1011000001100011
0010100001001000
0001001010101111
1010010110011100
0110010011100011
1111100011111010
1001010101010100
0010001010110010
0001100001001110
0001101100100001
0101001101110000
0010111011010001
0001001001001001
