0011010101011111
0111110000010001
1000101100100001
0001110000010110
0010110100001110
1001011000011000
0010000100111110
0101000011100010
1010001011000001
0001111101001101
1111100101011101
0010101011010010
0011011110110000
0111111010000111
0000011101010100
1000010100000000
1011101010001001
1000111001000011
1111010011100000
0101100011101011
0111100010000000
1000100111111101
0001011110011011
0100110100110000
1100110000001101
1111101001111110
1111000100010111
0100011100010010
1100101000111101
0100101100101001
1101111111001111
0000101110100111
1110001010000100
0000001100111001
0100011111000101
0101100011111000
1011100010101101
0101101100001101
0110101100010000
0110111111010011
1110001011001010
1000111001001101
0101101100111011
0011001011101111
0010111001110110
0011001011011111
0101000010100010
0011101100110111
0011010101101000
0110011111101011
0110001000001000
1011110111111011
1111000111010011
1000000101011001
1111100010110110
0100000001011101
0001111010000010
1000011011001110
0011011101110000
1101111000000000
0001100100111001
1110001000001100
0111001011110000
0001011010011111
0100000001101010
1000100101111000
1010001010110000
0001011011101111
0111100100011100
0010111011011000
0010010000011011
1100101011011001
1010101000000010
0111110101000000
1100001111110001
0100111100110101
0111101001010001
1010110111110101
0010001111100010
0110100101101010
1000111100110010
1001101110011110
1010011100000111
0000101000110010
0110101000110001
0001110011101001
0111000111010001
0011111010110000
1000010000101101
1010011101011011
0110110100101111
1100110100111111
0100011010101010
0101001011000001
0010100100110010
0101000011110010
0010101111111101
1111001110110101
0111101011110111
0000111110111110
1100110100101111
0110111010101011
1110000010101101
1000100000001110
0011111110100111
1010000010000101
1101001100111011
1000011111101011
0000010111011101
1001001001011011
1010011101101011
1111110111001110
1100111011010001
1001111110100011
1101100101001111
1110101001010011
0011101110111011
1101010010100110
0101110011101111
0110100000110100
0010101011111011
1101100111000010
1111101011110110
0110000101110001
0000101110011000
0001011001111101
0001001100010111
0000100101100110
0100001010011110
1010000101100100
1011000100101110
0010111110011101
0000111100000011
1011100111100000
1000101011010111
1011011011101111
0011001011111001
1011110110100100
0000000110010011
1010011011000101
0101001011000001
0100110100011110
0101101010101000
1111101100001111
0011001110011001
0100011001001011
0010100111100011
0111010100111010
1100110101110010
0010101101010101
1110001111011110
1000010101101011
1110001100001111
0011101010010010
1101110000111011
1111001001110001
1100110000100010
0110101001001110
1110010100100101
1110000000100001
0000010001001000
0010000111111010
1111101010111101
1100011101010000
1111100000111111
0001110000000100
0000001010100000
1011011001000110
1000111011010100
1010010101110000
1111100010111010
0001011001010000
1001111111000010
1000100101001110
1111001010101011
0111101010000000
1010001100100001
1101001001110000
0101011010011010
0111101101111110
1100101001110001
1100010100100010
1111000110100100
0000100101110001
0011000011001010
1110100000011101
0100111111001000
1110001001001000
0100111000101011
0101111001010011
1011110110111111
1101010010100010
0101011110011000
1010011000110001
1001101111000000
0110001110111100
0100111111100010
0011000001001001
0100010000010001
0001110011101001
1100010100111010
0100101000010011
1110111100011110
1001010010000011
0101100111100101
1001110000100101
0001111101010010
0100001100100011
1101001100000010
1001000110101011
1011001100100011
1011111011000111
0111101000111010
1000010100101011
0001001001100100
0110111110001100
0101111011001111
0110010111000011
1111001110101101
1010001001110010
0001111100011000
0010110111110101
0000011011110101
1011000110011101
0101001110100010
0000111011001001
0100011100111010
0010001110110110
0010010000010110
1100011010100000
1101110010110111
0011110110110000
0001100010110111
0011011100001111
1001101010010111
0010110001001110
0101011101111110
1011001100100000
0101001111000111
0010001101011101
0010101101000010
1110100001011111
1000010010101110
1111111000001100
1010111000010110
0110000100011000
0110010110010111
0101100100011111
1010111010000100
1000000001101110
0101010101010000
0000001010110111
1011110111101101
0000110001111011
0000100110001110
0110110010100110
0000011100111010
1001010110010010
1101010100011101
1100001110101101
0000111100010101
1110011011000111
0111011001011000
0010001000010100
0001100111101100
1111111110100100
1101011101011110
1110001001110010
1011111101011001
0110000101010101
1011111001001010
0000011011111000
1101010001001010
1000011111010111
1101010000011000
1111000010100001
1001101011111101
0000111111001111
0110011111001110
0101010101110110
1011101111110010
1010111001101100
1110110010110011
0011000010111010
1000001111011110
0110100011001110
1101100100010110
0011001110100110
0110010110110110
1000011001011101
1110010110010110
1000010110000101
0001110100001101
0110101000011001
0010111100110101
1110100100111011
0010001001001011
1110101111101010
1000101010111010
1110010000010011
0010010101111100
0010010100111010
0110000011011110
1110101001000110
1000011000110100
0010000011011011
0101111000011101
1000111000010100
1011100010110011
0110011101010101
0100000100110011
1111010000011100
0111000111001001
0111011110011110
0000011100100000
0011110110101100
0111111101110001
0100101010110011
1000101010111100
1110000100010010
1110001011100100
0000111010100110
0010100001000011
0101101100010010
0001010101011101
1110101111100000
1010010110001110
1001010111000110
0101100010110110
1000110011010000
0001111100011001
1011100001011100
0011011010010010
0010000001010110
0111110011001101
0011101100001100
0101010101100100
0101101000101001
0111100110001001
0001001101111110
1000011100001101
1100111011100111
0001101010010010
1011000001000110
0000110000010101
0001001110001110
0001110100010010
1011010111110010
0000101011000111
1001000001110000
1101001101001110
0000111000000001
0100011101100001
0010110111100111
0101010100110101
1011010101100110
0000101110111111
1100011000111010
1100101000110110
1010100110110001
0001011111100110
1000011101101111
0011011010110111
1010111100010111
0101101111110000
1111100101100010
0000000110110001
1001000110101111
0000010001001110
1100111010001111
1100010111101111
0011000000001100
1101001010101110
0100010111111100
0101011100111001
0010101011010010
1100101101010011
1111001000011110
1101100011100111
0010111101000000
1011000101111010
0001000001110111
1010100010010110
0011101101111100
1000101100100011
1110110001110000
0110010111001101
0001001011001101
0011000001011110
1010001011010011
0001110101110000
1010101000001011
0110110111111100
1111100001001000
0101111001010011
0011000100010101
0011001010101111
1110010010111110
1101010110110001
1011000111100101
0101001100011010
0001100101010010
1100011011000100
0011001111111001
0001001111110101
1001001100101001
0101010111111100
0100100010001000
1001000001100010
1010100111000100
1010111010111101
1000010010101000
1100010010110111
1001001101010010
0100001011011001
0111100111000100
1111111000100011
1101111111011101
1010111011011001
0111111000110111
1001111010110110
0111010101001001
0100100110011000
1011011001110010
0101011011001010
1101001010001001
1011100011101010
1100010110100001
1000010101011001
0111110011100011
0111000111101010
0001000101101111
1100010100011101
0110111101011010
0010000101110100
1011111001111111
0011111100011001
0011110011001010
0000001000000110
1111110011101101
0101001110011111
0110010010010100
1011111001110110
0111111111110111
0001011101111010
0111100100100100
1111011100001000
1010101101110100
0101100101110000
1001000101001001
0000001111111000
0101011001011010
1101100001111011
0100101110011111
1001011001101011
1010101100111001
0011001110100011
1000011110010100
0000100111010011
1011011000110010
0000110001011001
1100111110101001
0000111111100011
0110110101010111
0001111010110111
0101110110101011
0001101100011110
1000000010010011
0010011101110010
0001100110111010
0000110000110111
1011011101001100
0011010011010000
1101100101011010
1101010110101010
0110111010101101
1111111100101000
0110010000000010
1110100111111101
0011111000001011
1000110001011010
0100110111101011
0110111011101000
0110010100001000
0000111001000001
1000011101011100
0100110011000111
0011110011101010
0011000110100001
1010011011000001
1011111100101110
1001101101011010
0010011001111001
0011011011000001
0100011111110011
1010111110000100
0101111101101001
1011110101010111
1011101111010001
0101011100010110
1111011001110011
0000111000111000
0111000100010110
0100000111001100
0110000010011011
0010101010100100
1001000011101001
1010101111000010
0110101000000001
0110010100111001
1101000111011100
