1101000111011010
1110000111110101
1100011100110101
1011010100111000
0100001111110101
0110010101001101
0000101111011100
0010000110101001
1011000000110111
0101001111100000
1011100101111011
0110011000110001
0110000110001111
0111001110110010
0110100100110001
1000010100100111
0001111010100000
1111100101111101
0011010011011110
0101011100101111
1100001011001111
0100010011100100
0101110111101100
1100101111011100
0110010110100111
1110100010011110
1110111101111000
0010011100001001
1111110011001010
0110100010001001
1010100101011001
1001101110001001
1001101000101100
0010010011000101
0011000000000111
0111100000000001
0110100011110101
0010110110101010
0000000011111100
0101010011100111
0101011110111111
0010000000000010
0111011000010010
1000100011111001
1101000001011010
0000010001000110
1110111000100010
0101100101101101
0010010101110111
0001001011101010
1110101010011110
1001101001101111
1001111110000010
1011000011110101
0011011111111101
0000011111011000
0010010101000101
0010010101100111
1110011000100101
1100101111001011
1001100010101101
1110110000101111
1101000110111101
1101111001110101
0010001010011111
0001010110011111
0000101011110011
1001111111111100
0111111110000010
0111001011111101
0011001001000011
1100110101000000
0011000101111100
0111100110100101
0000000111000100
1111000111000010
0110111001000001
1010111110101010
1001111101100100
0110110100110101
0010010011000011
0000010010100001
0111010110101010
0010011011011001
0011101111010011
1110010111110110
0010000110000010
0010110100101000
0000011110000100
1100001010000100
0011111000100000
0110111000101010
1010010111010011
0010000101000111
0101001011100001
1001001010101010
0110101000000011
1100100000101011
1101001010110110
0101000001011100
1110000101010001
1001101100010101
0011001101010001
0001000111110111
0101100010100010
1000100110111001
0001001111010110
1101101111000001
1011101100000100
0010001001011110
0111101000100101
0110110001100101
1101000010011001
0001000010001100
1100010100111100
0000000010000001
1010011100011100
0100100010000000
0010111111110111
1001100000111010
0000010010000011
1101001101000100
0111110001101101
0010101101010101
0000000000001010
0111111001011010
1111100111001111
1101011011001101
0110101100001010
1001101010001110
1110110010101110
1101100010100010
1101010101110010
1011100100101110
1010000101000101
0000110001011111
1110101000000110
1001110000111110
1111110110111001
1110001110001010
0001100101100001
0101111010010000
0100000011001110
0111100100101011
1011011111101110
0011000110101100
0101110111000011
0011001110010010
0110111110101110
1000001100100010
0101100110010101
0111001011111000
1011101100010100
0101011111001110
0000111000001001
1111111111111101
1111000010110001
0010010011000011
0011000000001110
0110111101011110
1100010011110011
1000010001100110
0111011010111111
0001100111101100
1110110000001000
0001101000100111
0101101111111001
0100110101011010
1101110000001010
1001101010100000
1001110000100100
1101100101010111
0011111111000000
0101111011100001
1111001111110101
0111011100001111
0011101000000010
0100101100100000
0010011100001110
0100100011000000
1011011010011010
1111011010100011
1001101010101001
0010011100001011
1110100111110111
1100010100101011
0110100100011000
0000010110011011
1111011100011011
0010111110010110
1101000101011111
1001111010100110
0000100100001011
1111000111101110
0011011100110111
0110000111111000
1101010100100001
0011101101011011
0110111101000011
1111101001101111
0011000111101111
1010111101100001
1001110000100110
1010110011100000
1011010000111101
0011011101110100
0010100010101010
0101011101101010
1111001011100001
0100001101110001
0011101001010111
1010101001010000
0010100101010100
0110011101011111
0101000001000011
0000011001101110
1111010100111011
1000101110000100
1001110000001100
0011100111001000
0101011101110111
1110000000000010
1010110101011111
0010001000000000
0110001010110011
1101111100011110
1101001001111101
1011111000001010
1001111111010110
1001000010011011
0101010010100011
1001001001110000
1110000111100101
1111011111100001
0101001110100010
1001101100100010
1111001010100010
1000011101101011
1010101110111000
1000011001001111
0010010001000100
1101010000010010
1011011010110101
1011111011010000
1111100011011111
0000001011001011
0000000111011010
0011111100000111
1010001010011101
0001010001110100
0111100011101011
1100101010101001
0000100011110000
0010000101100101
0100011101010101
0110110111111010
0001000011011101
1100000001011001
1001111100110001
1100001000100100
1100101101100000
0111000110101100
1001001100011001
1001011001111110
1101001001101011
1001001011101010
0011100001110100
0111011110010011
0100001110111111
0010001110010111
1110101101111010
1100110111100100
0111101110100000
1111111101101110
0111000111010011
0010101101000000
0001111101111110
1100100010011001
1001101011100111
0100001000110011
0110000111011110
0000101011100111
1001001110111110
0000001001101011
1101011010100010
0001010000101100
0100111011001001
0100011100110100
1001001000011111
1011001011011000
0001111001101010
0100101001100001
1110000001101101
0011011101100001
0011111100001011
1000101001010000
0010101100010110
0010100001011010
0110010000010100
0011011011010101
0000000100011011
1100110010001100
0101001001111110
0011101111000001
1100000001100110
0010101111101111
1101010010000001
0010100000111110
0001001110110110
1101100111001111
0001000100110010
0101100001111000
0100011000011011
0000101000001000
1111100011110100
0101010010100111
1001010110101111
0111110101000111
1101011101100010
1110011100111011
0001001100110011
1010000110100111
0100100001100010
0001001010110111
0111100110100001
0111001010010010
0110001001010101
1011010010100010
0100111101001001
0101010010101111
1100011001100011
1001111001111101
1000001000011001
0111011101101010
0111000011010101
1101101100000010
1110010000110111
1011011100111101
1110101101010000
0111100011100111
1010110001110001
1100000010100010
1000011000110000
1000010101111011
0011111011100100
1100011110010001
1100000010011001
1110111000100000
0001000000011110
1001010000011100
0101010000001100
1111000001010101
0100101010011011
0011100011010010
1010101010001101
1010101000111011
1100001000101010
0000011001010011
0101111010010000
0110011100011011
1110001000100111
0101001111100101
1111110010100110
0010111100100110
0100000000010011
0101011010100001
0101010100011110
0110101110011011
1111010110101010
0111000011011011
1111101100111111
1101110100101011
1111100100101111
0110111101101101
0100011010100000
0011000010000110
1000000101100001
1000111010100011
0011001101000101
0010100001011000
0011001001100001
0101001011011011
1000001110100101
1000110011111000
0000010100010001
1110111101111111
1100100100110101
1011100100000011
0001011100010101
1011011110011100
1011101011111001
1100010100101001
0010001111101011
1000010000110000
0111000000010100
0110010110001111
1010000011001110
0011110000110011
0001101101010011
1001011110101111
1010110010000010
0000100111100110
1011101100110101
1011100101111111
0110110110101000
0110110100100111
0000111001001100
1010111001011001
1100101001000000
0001010000000010
1100100110010101
0001101101001100
1011101111100110
0010011110101000
0100100101000111
0101011100010010
0110100110001001
1010101110011011
0100000100001110
1011110000110000
0011111111111011
1101110111001111
1100111101101000
1000001011001010
1100001101011110
0000110101101101
1100000111010101
0000100101000101
1110101100101011
1001110011101101
1001111011000010
0111010001111111
1110010000101111
1011110011000101
0010010110000010
0010111100111010
1011011011010000
0011111000110001
1100001100000000
0011111000001111
0010100000011011
0000001001100101
0100001001100000
1100010001101000
0110111011100100
0100101010000111
0000000100101111
1100011110001001
1111110100000100
1111011000011011
1000011011110100
1110110100010111
0001111001100111
1011010110110100
1011010001000010
0000110001110110
0100000100111000
1110111011011101
0000111000011100
0111000100110100
1000001111011011
0111111010111001
1000001101001111
0100000000010000
0111110110110001
0010110001110101
0100110101100100
0110101110111101
1111010011110000
1011011110101101
0000011110011011
1010010111100100
0010001011000100
1010010010110010
1100101100001000
1011011001101010
1001110111100111
0001110001010100
1100011011000010
1000110110100101
1010010100011011
0100100000011001
0000001100001000
1101101000010101
0000100111010111
0110000000111101
1001100000000010
0010101010110100
0111011000101000
1110001101001000
0111101101010101
0010101001110001
1001111101011101
1110011100100101
0000100111011000
0000111110000001
0001011000110110
0111001000011110
1100111011110010
1111010101111111
1100110100001111
1100101000101010
0101010111111101
1101110000100010
0111001101010111
1011010011100101
1011000110001010
0111001010110110
1101111001110111
1101010100010111
1001101100101100
