0101101010010010
0000000111011000
1111001111111111
0110100001111100
0100001001010011
0010001010110011
0101001100100011
1100001000000101
0001111010101010
1111111011110000
0011000010100100
0011000011010110
0010000000101111
0011110100111100
1001101011011101
0101010010000000
1101111111011000
0000011110011110
0011001000011100
1100100110111100
0010110101010000
1101001010011110
1100000011011000
0011101000111000
1111010110011101
1000000010111100
0011101100001000
0000010100100010
0110010100111001
0011000101110001
1110110011000011
1001110100010011
0101110110101011
1000011011010010
0011111101111011
1111011100101010
0100011110101010
1111101100011010
0100011100100010
0001100011001110
0100110110101010
0011001111111000
0011100011111001
1010000111101001
1111110001110101
0000001101101011
1100111011010000
0110001010010001
0101011101101001
1000110101001001
1001000100001101
1000001100100000
0000111111110100
0110111000101110
1010110011100001
0100011001110101
1011100110011010
0011010101011000
0110110000100010
1110111010100010
1110100010010100
0010111010110001
0111111001110111
0100101001001100
1010111110110011
0101101010011110
0100000010010000
1111000110100011
0110101100100001
0111001010001000
0110001100010110
1010011010011011
0011110011001100
1110100011110000
0010000000100001
0100010110111001
0010011100000000
0001100000100111
1110010100111111
1100101100000001
1111100010110000
1100010001010011
1010110001111111
0110010011100100
1000001111011111
0000111000111100
1100000110100101
1011101001010111
0101100110101000
1110110111111001
1100110101011001
1111011111111100
1000000111101001
1001111000110101
1110100010010000
0100110010001101
0101100000010110
0110111010100001
0010100110100001
0011001111010101
0101110110000010
0111101001111100
0000110001001111
0011111001111101
1010011011011010
0010000110011110
0001101101001101
0010010111101011
1110011011001110
1011000010111111
1000010001111000
1111010110110000
1010011110010100
0011110000010001
1010011101010010
1000001011001011
0110111101110110
0110100010010101
0110100010100011
1110010100101000
1100111110000000
1100110101101000
0000000000010011
0101101111111101
0000011000000001
1000011001101011
1100001010101110
0111010011011000
0000001111001110
0010110100011001
1110010001010011
1110000111011011
1100010100110001
0011011011001011
1000010000101010
1010010010111011
1001110000010100
0110110011110100
1011110101001010
0110101101001111
0010100111101000
0100111000110000
1100001001001100
1101110001100100
1010110111010011
0001001101111101
0000101011000101
0101101111110000
0100110011000101
0001001110101110
1001111110101110
0110000001101011
1110100101001100
1111100100010110
1110111001100011
1000011010010111
0100111110111011
1011101000111111
0001000010001011
1110000001001001
0001000001000100
1000010010111100
1100110100010001
0000100011010001
0010110110101011
1001100100010010
0001000111110001
1110001100000100
1110011100110110
0100010011110000
1100110001110011
0110111001100011
0001101011100100
1110001000110000
0110101110111010
0111001111100010
0001000100110010
1101101110110110
0100110100011000
1001111111001111
1001011110010000
0000010110110011
1101100100111101
0000010000111101
1100001001101010
1101011011001001
1111001011100001
0111011010100100
0001101100100110
1101111110011110
0110010100010101
1110111001111000
1010101011110101
0011010010110100
0110001010000101
1111111100110010
1011011101010000
0101011110101001
1011101101010011
1101001110000110
1010010000101011
0000101010010011
1100101111001010
1001111001111000
0111000101000011
0000011111010110
1011010001001011
1000100101000111
1110101110111000
0111111110001101
0100011010111000
1001111001011100
0011111111000110
1000000100011001
0001111100011110
0100001001100111
1000111011101111
1100011010011011
1101000011100000
0011001101001111
1100011101001000
1111010101111000
1100001100001000
0010100111110011
1011011111010111
0100110111001101
0100010111101001
0010011010101001
1100000001101100
1111000110111011
0110110101011111
0000101101110100
1001111000011010
1101011010011111
1011111111010010
0100110011101110
0010001001110010
1010110101011001
0101011110111001
0100110110111111
0010011110101000
0000000000101000
1101010110010010
1101011011011110
0001101010011100
0111101010111111
1111111110010001
0100111001000101
0001100010001110
1101101100001100
1110100100110111
1110000100110010
0001100111011010
1110111011110100
0011101001101110
0111001001100110
0100111100011001
1001111011110000
0110101101001100
1011011011010000
1010110000110101
0100011001000010
0011010001110101
0001101100110100
0011101010101010
0011000010110010
0011000010110111
1011001110101111
0101011010001100
1111111100001101
0101010011011001
0011001001000101
0100101111000010
1011000001101010
1111010111111101
1011110110001011
1011110100001000
1011010011101011
0101101100001111
1110100011000001
0111101000001000
0000101001001001
1101011010101000
0110100010001100
1100001101010101
0001000101100101
0010001010111000
0010100101110011
1001000100111111
0000000000011000
1100011000110101
1010011011010101
0100010001100111
0101000010011011
1100010010100100
1101111110100111
0010011011111110
0111110001110010
1010010101101111
1101101101000011
1010011101101100
1010011001010010
0000111010000001
0010110001101011
0100001010010111
1101100010110100
1011110001101001
0000110010110110
0000110101100101
0100001110101000
1010111100000010
0100001100100110
1001010100001100
0100001000010011
1000001101100010
0111111000111011
1110100000000110
1101110010110010
0100011110000100
1001101011001101
1111101000001110
1000011001101001
0011111100111000
0011011011101011
1011101101010111
0001111101110101
1111000101000000
0000101100110101
0010100110101001
1011110101010000
1101001110000011
1010100011100111
1011110000111100
0010101000110000
0111010100101110
1000101001111000
0010111110001010
0110110100000001
0110000011111111
1100110011000011
1111010011011010
1000000010010001
1010101000000001
1011001001101100
1110001010000101
1101010100111110
0100010001101110
0110110111011101
0010001101111000
0011100010101000
0011111010010100
0111101011110101
1001000000100010
1101011101000011
1100101111110101
0110011100010001
0100010110000010
0010010101000001
0100100001111101
1110111110001100
0110010000100001
1000111000110101
0100000001001110
0000110110111000
0001100111011010
0111101111111010
0010111011110110
1111000001010011
0101111011000111
1010110011110011
1110110111010000
0010001011010001
0000010010011000
0001110010000111
0011001101101011
0000110000010011
0000100111011110
0111001010010000
0110010101101111
0010000010001010
0101111100011110
1111111001100001
0111100000110100
0010101100110000
1010100000011100
1110101110011000
0110011101010101
1110001011001010
0110001000001001
0000001001100100
0110000010000001
1110111101110110
0100100010100011
0011110111110000
1001001110101100
0110110110001111
0110110110011011
0010010000110001
0100110101001011
1110000101100111
1100001010110101
0000001011111000
0110000001010001
0010010100100000
1111100000011010
0101001111110101
0101110110010100
0001101110110010
0011111010101111
1101110110100110
0100010100001001
1001000101010101
1100011111100001
1001011000101101
1110011001111000
1101100111101001
1001111010110010
0101010000011111
1011111000101011
0010100001110000
0010001010110010
1001000101000111
0011100010011000
1011111110001110
1011110110110000
1000111000000000
0001011010101011
0001101011101101
1111100010000001
1010000000101110
0000100100101110
0101110001011100
0001111011110111
0110111100111010
1001101011010100
0010001111100111
1010110011110010
0111110101011111
1101100010110001
0011110010100110
0110110010100010
0011011101010001
1000010100010111
0101000010111010
0101011010011000
1001010101110100
0010110011011101
0001100001011000
0000011110010111
1100011011111101
0110011100110011
0110101001101101
1010101110011101
0011110110011100
0101010011010101
1011000001001001
0011100110111100
0001010101100011
1001000101101000
1010101100011101
0011011101001101
1100001011110001
0111101111001010
0110111001001101
1010100100111001
0001111011000011
1111110010000101
1100011111011101
1001010100101011
0101101011100001
1111111010101000
1011111010000111
0110110001110011
1110111100110000
1101110010001100
0000100010101001
1011010100110000
0010110001010100
0001110010000000
0011010010110100
1011111110110101
0111100010100011
0011000011111111
1101001010001000
1010010001001001
0001100000101101
1010101100001000
1110011101101101
1100111001110110
1000010010001000
1111000101001010
0010000010000011
1100101100010001
0001010011111011
1000110110110001
0010011110000101
0000110110001001
0010011001010010
0111101011000100
1011010001011101
1000010001110100
0000101010110111
1111100011011000
1011100010101100
0010001101010010
0000101111101011
0011010101100111
0011110011100001
1010110101100010
1100111100011011
0000001001101101
