1010111110110100
0111011101100100
1001110011000000
1001101001010111
0100100011101010
0000001011110000
0100101110001110
0101011101010010
0001001011000110
1000011000011111
1110111100000000
1000010010100110
0110100000000111
0011100110111111
0010110000111111
0011010111000111
0110101001100010
1000110110010101
1110010101101011
0111010110110111
1110010111010110
0011101011101110
0001101010010101
1110000010001111
1110100110111111
0111111111111111
0011001111001011
0011000111100111
1111100111010100
1010101111101111
1000100010001101
0110110010101001
1010000111001000
0111101100011111
1001010001100101
1110101010001111
1100101011000101
1111100110001110
0000011111110101
0111010110110100
0101000111100100
1110001100101100
1000110001010110
0101110101100000
1101011001000010
0001111100001111
0001010011101011
0110111000100111
1110011001011101
1100111100000110
0000000001111110
1000110010010001
0011111001001110
0111101110110111
1111000100010010
0101110011111101
1000111110001101
0101000011111111
1011101010010000
0110101110011010
1111001010110011
1111010011111110
0010011000001001
0011100010011011
1000000011110011
1000001110010111
1011111111000011
1011010010110011
0011100100010011
1000101101010010
1100101101011011
0010011100011100
1100101100001001
0111011110000010
1101100000111001
1000000101100100
1111111100101010
0010111111001100
0110100010000110
0000001011000110
1100111000000011
0100001100111110
0011101010101000
1010111111000100
0000000101000100
0010101101010010
0100011010001110
1001001101011000
1000100110010110
1111011101011111
0010001111111101
1000010111011110
1001011110100101
0110110110100011
1010011101011011
1010010000110010
0101001010010100
0111110100000000
1101101000100010
0000111110000010
0000100010101000
1011011110010110
0000001100101000
1011001011000010
0101100010110000
0011110010000010
1010010011100110
0100100001100000
0111111010111011
1101000101110011
1101110111001111
1011101100001011
1010000000001001
0000000111010011
1110010011101111
0101100000100101
0001010000011100
0010000100011110
0011001111111111
0011001000011010
0111100100010011
1110111110010110
0111110001001110
0111111111011001
1011111110111010
1000110011000001
0001010100100111
0011111000001000
1110001001000111
1001000100101111
0011110010111011
1000011000100100
0000001100001101
1110100101111011
1010111001010001
1110001000010011
0100001010001100
1111100101010010
0110010111100101
1110100011001011
1001111000111111
1100010010001101
0000111111100011
1110010100100101
1001010111100000
0101110000011001
0000001100100100
1111001100101101
0110010001101010
1010011010100010
0111000010100001
0011111100000100
0111111000010100
0110011101101100
0111110111001100
0110010100100110
1011100100100110
0110001010110011
0111000011010001
1000000110001101
0110111011110100
1010101011000000
1001111010011110
1011000010101100
1101111001111001
0101010100111001
0110110011000110
0000011110001110
1000000000110111
0011001001100111
1010100111111111
0011000101100110
1010101100101001
0101101100100111
1010101011010000
1100000110101111
0101011011101111
1011000010100100
0101101100010110
0111110001111110
1110001000101111
0000100011000011
1111010110011000
0110101010000010
0111101110111011
1111001111110110
0000011100111101
1101000110110101
0100110000011001
1110001001101110
1000000011100010
0100110101110111
1011010001000011
1100100101001001
1100110110010111
0000101000001100
1011011000101111
1100000000110000
0110001100011010
1101110110011001
1101101101101110
1011111001111010
1100111010000100
0010111000111011
1011111100010000
1101001000111000
1001010001001000
0101001101011111
1011110010101110
1110000010010010
0111011101100000
1111111001011011
1001000000111101
1001111010110110
1010001011111011
0100111101000100
1001001011000001
1011010011100111
0101001100101001
0010011001000101
0100000111011000
0001001000100001
0110101001111001
1001000110000001
0101011001100101
0011101010100010
1011010111101111
0101101001000010
0010111010011111
1001001011101101
1010111101101110
0011000111001110
0111110100100010
0001000000010101
0000110110100111
0110011111111110
0011001011111110
0110100000001111
0111010000000111
1101000100010011
1001111001001010
0000000100100101
1011100110000001
0010100110100101
1100101100101011
0011010000000010
1000110001001100
0100001011010001
0100011111001001
1011001001010010
1010000101110110
1111000101000111
1011010010111111
1010001011010000
1000101010001010
1010100110001110
0111110001001110
0001000011100000
0100000001010101
0110011001011010
0110110011011110
1110010101001001
0101111111010001
1011010111100101
1100110010000011
1100010110001011
1100101101111011
0101000010001011
1101000101100111
1001101100111001
1101100110110011
1011010110000101
0010101011011110
0011010001100111
0101100010001011
1100000110000110
1000000000000101
1011001000000100
0101101011010001
1100100111000000
1100001001110001
0111010001001110
1011110101011111
0001001011101101
0011111000001010
0101111001011000
1001000001001101
0111101111110100
1101010011011011
1100000000011001
0110100010010000
0010110000010000
1001111101011101
1000011101110110
0101110000110110
0011010011010001
1001000001000100
0100011110100010
0110001110100110
0111000100010001
1110100101011010
1010100001101010
1110001000110000
0110111010100001
1111011111001111
1111000000010110
0100011110110110
1000010100011001
1111110010001000
1010111000100011
1101110001011001
1110100111010011
1110111010000011
0100011111010010
1110111010100010
0000010101100000
0101100001011001
0111100011110010
0011100100100111
1010000001101101
1110001001101010
0000011011111100
0101000101110000
1000101010011111
1010110101010001
1100101101001010
0010100100001001
0110101000010110
0111111000100000
1011110000000000
1011101101110110
1100000111111011
0100101111111110
1101001011110011
0111000011011100
1111111100110000
0011101000000001
1101010011011111
1101101101110010
1010100001110101
0000100100010001
1000000000001110
1111000101110010
1010100000101101
0100000000101011
1111111001011001
0100110100111111
1110000101111111
1110010111110010
0101011111111000
1010101001101110
1001100110001011
0100111001010001
1000011110101000
1001100101101101
1000100101001011
0010101000110100
0111111100101001
0011101000010111
1111011100110101
0110110010101000
1000001110010111
0000100110100010
1011011011110011
1101010101111110
0011010011001111
0000011100011100
1010000000010011
0010010110011010
0000000011111100
1110100000100000
1100011001000110
1000111011000110
0010000001000110
1000000110100000
0111011100011101
1111111011110111
1100101111011111
1100101001111000
1000010010100000
1000100110111000
0110010001101111
1000010001011010
1111001010110010
0010011110000000
1001101111101100
0011100110110100
1010000011000000
1010101110111000
1100100000111000
1001000110000000
0011001110100101
0101001001101000
0000001110000001
1011100011100110
0010101001101100
1000100110101011
0000100001010000
1010110101100001
1100010010100110
1010011010011100
1111000111000000
0010000100011101
1100101000111000
0101100100100011
1111101110011110
1001111110101110
0111110111110010
1000111001001010
1010101101011101
1011010111110100
0011110000110101
0001000100011111
0010111110100000
1110011101101101
0001011110101011
0011000000110111
0010100011011101
1011001100010100
1111011001011101
1111111100011101
1011110010101100
1101101111001010
1000101000010110
1100101110010100
1011100111010011
0110110111001001
1111001000111100
1110000110111101
1010111010110001
0111100011010000
1010001100100011
1101111010010011
1101011101111101
0100100111000110
0011100010101011
1010111111000010
0100011000010110
0011100110011100
1100011111001001
1110011111101110
1100001100011000
1110010100010111
0111100010001000
0001011010011111
0011111110001101
1010001010000001
1010010100010000
0100111010000000
1000010101010010
0001111100001101
1001000100100011
1001000001010000
0010000100001010
0101101000000100
1111000011110110
0101010001010111
0100101001110100
0100011111111001
1010011111110110
0101110100110001
0110011100010011
1010000101011010
1010011101000001
0110001110100010
0001100100111110
0111011001010010
0011100101010011
1011111111110110
0101110010101010
0001101100011100
0101000110100100
1110111101111001
0010000001110101
0010001111100000
1100001000001111
0110100111110010
0001100011100001
1100111110111011
1011110101111011
1001111001001011
1010101011000100
0100101101101101
0111100101010100
1011111010010011
0100000100001001
0111010101111110
1010000010011101
0100001011000111
0011111100100000
0010111000110000
1001000011010101
1010001010010001
1000100101000100
0100100101011100
1111001110010001
1011110000100001
0101010110010100
1100110010011100
0110000000101010
1101001011000101
0110100010010000
1100101010100000
0110100010011101
1010100100001110
1000111110011101
1100101101010110
1011000000001111
1000110111011111
1000111111000001
1111001101100010
