0111011000011101
1101101110011111
0010011010110110
1101011101010011
1101100100100110
1111110011111000
1001000011111000
1010011010110000
1011011101101011
0010101001010110
1001010111101100
1001011110010000
1011000111110011
1000100000000110
1101100111010001
0011011101101011
0111111110000001
0100010111101111
0011101011001000
1111110000001111
0110000011000001
0111111000011011
0001000010110010
1000111111100101
1001100101011110
0100111001011111
0011101001110100
0101110011111011
0001110110001110
1000011011111110
1111101011101101
0010000110111101
0011100000001011
0011100011100001
1100011010000010
0011111001001011
0100000001111100
1000100010110011
1101010110010110
1000000111000011
1111011101000100
1011001010011100
1010100000101001
0000111101111001
1101111011101000
0001000011000100
1011010001101100
0001010101000000
1101100001100011
1010011101000101
1101100011100000
1000111110100101
1010101100100010
0010001101001100
0100100100100100
1010100101101111
0111000110100111
1010010110111000
0010001011011111
1111000001011011
0110010001000111
1100000111000000
1111101000100111
0101110011100111
1010000001100110
0010111111101110
0101101100011000
0111100001111000
0100111000001000
0000100100111100
0000101000100111
1011000101001110
1010000111001110
1011100011010110
0000101000010011
1111101111100100
0100001000110101
1101010101110100
1100001111010010
0001111000000111
1111001000110100
1000100010000100
0001111101100100
1100100001110001
1000110110001011
1000101111001011
1000101100101001
0100010010101101
1011101101101001
0100101101010001
0001011000010000
1001101011011000
0001100011010110
0001011011011111
0100011001000000
1011100101010110
1011110010010111
0000101100011010
1100010110111111
1110100000000110
0101010111111000
0111010010101011
1100000010110100
1000011000001100
1111110011010001
1100100101111100
1001010011001101
0111000110000101
1011001100110010
1100001000111111
0100110011111110
1100110000111101
1110100101010010
0111001011111111
0001000011101100
1001110010100000
1011011010000010
1010100001000101
1111001100011000
0010101000110101
0010000011100011
1000001001111011
1110101101011100
0000101000100000
1001000010100000
1001110010110011
0101111100010110
0111010001000111
1110011110101001
1101111000011011
1111111100011000
0110010101111010
1111010000101100
1111111010010100
0111101110101101
0011111000010011
1001110010100000
1010011111001111
1010011011010000
1101000011110010
0011000101101011
1010001001110001
0111110100111101
1111100100011100
0001000110110111
0110011010010001
1000111001110001
0011011001011101
1100011001001111
1111111100100111
1001100000001100
0110101000010101
0101110101100101
0000001111000100
0110011011000000
1000010101100001
0111111100000111
1010100100101001
0110000110000100
0011101110110000
0111111111110000
1110011111010010
0001001100011001
0000100010111111
0100100000110111
1101101111110100
0100001000011010
0011100000111110
1100100001000011
0100100100010111
1000100000101001
1010000011111011
0011010010111010
0001011111111001
1011011111110000
1111100011010100
1000011000100110
1110010101000110
0011001110100001
1011111100011100
1110111100000011
1000000101010001
1010011100111101
0111011001001011
1110001000010101
1111011001011101
0011101111011100
0000001000110101
1000111010001011
1101100001110100
0011100100000111
0000100101101001
1100010110011010
1110100100101101
0011010011001100
0110110101010111
0010011011001111
1001011101101011
1100011110000011
1001111001001101
1101011011000110
1010100010110101
0110100111011111
1111110111000000
0110101101100010
0111111010101100
0000011010100011
1111101010010111
1001001110100100
1111000011110011
0000001011100000
0000010011100110
1001000111001100
0010000101001000
0111100100110011
0101010010100011
0100000100011011
0111110010001101
1001110000111001
0101011110000100
1111011100010000
1011011100100001
1000001100110001
1000110001000111
0001000011001011
1100010000101011
1110000000010100
0011110011100000
0001011111011001
0101101001000011
0011100101110011
0110011000101111
0111110100100100
0100011100001011
0111001001111101
0111001011101010
1101010011110000
1101010110111111
0101101111001010
1001100010011111
0111010001000001
1010001010000111
1000110000001111
0011100011001110
0010100011000111
0100001101000011
1111000001111101
1001100010010011
0001110011111001
1111001001011001
0100111010101100
0000011001101100
0111011010010011
0111100101110100
1111111111111110
0111010110000000
1011101111001110
1100100101001100
0000101110100110
1000110111011100
0000110111111111
1111100001000101
1011100100010111
1010000111110011
0010111110010010
0001001010000111
1001101101010101
1010001111010101
0001011100001100
0000011100000101
1010001111010010
0101101100110000
0001010010010110
0110100011111101
1100001100111010
0111100100101111
0001000010110110
0111001000101110
0010110100010101
0001010010100110
0010110001010110
1101101101100011
1001110001111010
1000111010101001
1000001010110011
0101001101100100
0111101111100111
0100101111001111
1011111111011000
1000001000111110
0101101100001101
0110000011100111
1000101001110001
0011110000001010
0110010111001101
1110001000010000
1110111110011100
0101001101110101
1000111000000101
0011110101111110
1110001001000100
1111001010110110
1110101101111011
1011100111110011
1111000001100011
0000011011011101
0111001010111000
0000000000101110
0000101111111111
1010101000101101
0111110100101110
1100110100110111
1100000101001011
1010000000101101
0111000111110110
0010110100011010
0110110100101101
1001001100001101
1001000000010011
0000011100000100
0011011100011110
1001011010100111
1111110111100001
1111001010111001
0110100110011011
1101101110000000
0011111110111001
1111110100111000
1100000001111101
1100111000101110
0101011110010100
0110000110000111
1100011100011000
1110101100011100
1111010101110010
1111100000111111
0010011000010010
1000101001001101
0010110101100110
0000111101011111
0001001010001011
0111000000101110
1011011101100000
1010100101111010
1101101111011111
0111010011010000
1101111010100001
1111101011100001
1000011100001000
1011001010000000
1101111001010001
1111110001101100
1110110111110001
0100011100000110
0111101001110101
1011000010010000
1011101111010000
1011100001000010
0010101110010001
1111101010000000
0001110110100101
0011111000010100
0010010101110111
0110101011110100
1000001100100000
0011000001111011
1010010111101001
1011011010011000
0010001100000011
1101111000100100
0110100011101110
1001100111101011
1101000010011100
0010000010100101
0110111111100100
0011000110011010
0110001101100110
0010111001010011
0011011111001010
1001101101010100
1000110100101011
1111010011100100
1011011101001111
0100111110100110
0001001000101111
0100000111000001
0110110011001100
0010010010101010
1000100101100001
1000101011101110
0111011101000001
0001000101101101
0100000010100001
1101111101110000
1000100010100010
1001011001100000
0110100011010011
0101010011010101
1111010010101010
1000111011111100
0001100011010010
0001000010011011
1001011011110011
1100100000110111
1000100100011110
1011100001110101
0000111010110001
1000000011000111
0100000101000100
1011100001010110
0011101101010100
1110010010101100
1100011110010000
1000010111001110
0101100110011011
1000110100011101
1001100111111000
0100000010111011
1100000001001011
1001011100011110
1100011111011101
1111010011110010
1111110111011111
0100111001000010
1110101110001011
0100110011110000
1001110010100011
1011110111011100
1011101101010100
0111101001110010
0001100000100011
1011010010100011
1011011011001000
1101010010010000
1010011010010011
1110111110001110
1101010101011100
1011001111110000
0110101101100001
0010010101010010
1101110110111110
1111111000011111
1000101111111011
1111100100001001
1100100000101011
1110010101000111
0111100110100011
0011100100111001
0101100010110001
0101001100000000
0100011010110001
1011010111110101
1101110000011101
0111110011011100
0000111000111001
1100110110000011
0100111101110110
1001000001111011
1001010110010011
0010011101010011
0111110010111010
1010010010000000
0010011100101110
0100111001000001
1110011000110011
0010110010000011
1010111101001101
1010010110101011
0110101011011010
1101001111111101
0110011101101111
0000011000111011
1101001101101111
0110000110001101
0111100010011111
1011100110000000
0000000010111001
0011010001110001
1111001000111100
1010100111010001
0100010101000100
0101111011111010
0001110110001010
1010001101000000
1100100100011010
1010010110101101
1111001100101101
1001111000000011
0111011101000101
0100110000010000
1011010101010111
1011111011011011
0111001010100011
1111110101000001
0001110110100111
1000010101111001
0011100011000101
1111000000011110
0011011011100011
1011111110110100
1010111010101010
1010100010011110
0100000111111100
0111111010110110
0001001110001101
1110111100001001
1100111010011101
1110111001011010
1100011011001011
1001001000101100
1010010110100000
