0110001010000001
0000100110000100
1110111100110111
1011111010100010
0011001101001110
1100100010100000
0011000100101001
0001001000101010
1010100101101100
1001010010110101
0011111000111011
0111000010001001
1010001011010000
1100100010100100
1010100110010010
0110100001010011
1001010100010000
0000110011111010
1111001110111110
1010000001101000
0101100100000101
0110001100111010
1111001001001000
0111000111110000
1011000110101010
1011000111001011
1111111010001011
1011011110010000
1100000110001101
0001100110101001
1111111110010001
0111001111100111
0010110010000110
1001100100101000
1100000010001111
1110100111111010
1011101011000011
0110100011000111
1100010000100110
1111000011101001
0111000001100011
1001101100001110
0111110101001001
1000100010001100
0100110000010000
0110100111110100
0111011110001100
0111001011111010
1000001010111000
1111000010100000
0110101111110011
1110001010100111
0111101111010000
0100011000000001
0001010111111011
0011011010100001
0011011000101110
0111100110010010
1001001101110001
1110111001100110
1000111100111111
1011000010011011
1101101110001101
0000011110000100
1100101100101011
0011010100100001
1001000110001110
0001011100111110
1100011110010110
0110010011010110
0010011011011111
1101001001111001
1011001010111110
1100000100100000
0001010111011010
0100101100111100
1110001010110011
0101010111001011
1111000110111011
1111110011011111
1101110100111010
1110111001001011
1001110011101111
0011101000011011
0100010101010110
1101101110110111
1111011000100010
1001001011101110
1100100101010110
1001001100000100
0000000010011001
1110101000101001
1010000011011101
0001110100101010
0010010100100010
1101011000010110
1111011010110101
0010101000010101
1010000110111011
1010010110000101
0100010010011100
1011101111011100
1101000011010001
0001111111010011
1000100110101111
0011011111010011
0110011111010111
0001000111101111
0101101000000110
1101011111101010
1011100011100101
0111100011100100
1000000011011010
0101101011011010
0000001110101111
1100010111001001
1010000001110100
0000100110110011
1011011001110000
1001010010110001
1001011010101110
1100101000100110
1100111011111001
0001101100010001
1111011100100001
1100101001111100
0000100101111011
0101101001001101
0110000100001011
1011000011011110
0100010110111111
0110100111100000
0101100010100001
1110010000010001
1001111101001011
1010000110110110
1010101001010110
1100101000100001
1001011010110011
1000110100000100
1101111110101000
1101010000000111
0110010111110011
0001100010101000
0001011001010101
0101011101000000
0110011000011111
1111001011001100
0110001011101110
0100101011000010
0001100010010111
0001111001010011
0011010010001110
1001010000001010
0110011110001010
1110111111000010
0010111100011000
1001110111000010
1000111110101010
1011111000100011
1000101010000110
0010111110111100
0111011010001111
1001110000110100
0000110010111110
0001111110001001
0011111100110100
1011111110000001
0000111010000101
1011011010101011
0001001111000001
1011111111100010
1100110100100011
0000000000000110
0001000111101010
1111001101110111
1111110010110011
1000010100000011
0111000111010000
1101011110111100
1110010111111000
1010100101110111
0111001010001010
1111101000010001
1010110000111011
1101000010111110
1001100111100011
1010010111010001
0010111000110010
0010001001001010
0110111000110101
1010110011110111
1110111110110001
1110100110110101
0101001101111111
1111101011101000
0011111000111011
0101011110011101
1100110100010001
1100110010001010
0000010001010001
0001000001100010
1011011111101100
1110010000000100
0111001011011000
0110110011001110
1111010011000111
1001011001101101
0111001111111100
1100111001110000
0001101111000100
0101100000111111
1000101111000001
0101100001001110
0001010110000100
0111101100001011
0111000001111010
1000100101000000
1010010101111101
1011001011000011
0111101101111010
1001111110101010
1100111011101111
0100011100001001
1111100011011000
1011100111001001
1101000010011001
0110001101100000
1001011111011111
1000100011011101
0100111100011010
1001001000110100
1100001100001100
1011010110010100
1011111001011010
0110010111101101
1010011110111001
0110001101100011
0010101010110111
0111111110111110
1111110010010010
1011011000101001
1100100100010011
0100110000110111
1010110100000100
1011010100010111
0000000100011110
1100111011000100
0110110010101111
0011100100011111
1010100011000011
1011000001110001
1010000100101001
1101111011101011
0011010101101011
0011101001111010
1101100000001011
1110110000010001
1101000011111011
0111001011110101
0011100110001100
1000111011001110
1001000100101110
1110011000111001
1011000011000000
1101010110000011
0001000001101011
0000111111000101
1101110111001110
1110001101001111
1000000101011100
0000011000001111
0101001001011011
1011000010000011
0010011101010001
1110001110000110
0000011110111000
0000011000000011
1001001001100010
0111001011000101
0011101010111000
0111111001111110
1100011011001011
0100010111101001
1010110001000101
1001101101010001
0101111110100111
0001010001101110
0001110010000011
0101011011101010
0111110001101100
0001010110110010
1010111010101000
1101111101000001
0110010100100010
1100001110001001
0000000111010000
0101100000100110
0111110110101110
0110001111100011
1100011101011010
1001101111001100
0010110000011100
1100111011110111
1111100101101100
1001111011110101
0000000111110011
1111011100101110
0010000111111000
1110111110011011
0000010001000000
0000010000100000
0100101101000100
1000010110110001
1001011101010100
0100011000100000
1100111011101011
0101101100110011
0000110111110111
1010001110101011
0000000010000100
0100011101010100
1011010101001011
1001001000100101
1001010010111100
1011101000000100
1110101100100011
1101011111100111
0011110001011010
1001111000110000
0011011010110110
0110000001011111
0101101001000010
0011000010001101
1010011010010010
0000001001001100
0011010011101011
1100000000101110
1111100000100100
0000010100110101
0011111101000000
1110011000010111
1010100110000011
0011001111111110
0101000111010010
1110000111010100
0101111111000110
1011011100101010
1010101000001100
1010101010101100
0111011101100011
1101100000011110
1111001001011111
1000111100101001
0111011010001110
0000101111010101
1011011110001111
0011111100100000
0011000101111001
0001000001101100
0101110011001010
0001100101011111
0000001111100100
1011100001100110
1010100110110000
1010010100010001
1000110010011111
0101100111010010
1101110100110001
0101100010001011
0100111000101011
1101000000110100
1111001101111001
0000110100011011
0110000101110011
1001101101001100
1110001110111001
1111111111110101
0010100111100100
1001001101000010
0011100000000100
1101010011010101
1111010000111111
0111100101110111
0000010101011111
0011011010111101
1111111001000100
1101111101001011
1100110011001000
0110110000111101
1111010110000011
0101100011111100
0011010011100110
0001001100000010
1000111111011000
0010010010100101
1010111111100001
1101100110100000
1000001011111101
1000011101000010
1111010100001111
1100001110101111
0101110010111000
1100010001101010
1001001010001110
1010110110110010
0111000100001010
1010101011111100
1000100010110011
0100010010111001
0011101101111011
0010100111000110
0111001111101001
1001010000001110
1110000100100011
0011101001011101
0000101101010110
0100101111110110
0010011010101100
0010101001001100
0101011011111111
1010111001000110
0001011111110001
1000111110010000
1110000011010100
0011010000010110
1010011011000010
1001111111000001
1000110110000001
0001010001111010
0011000111101101
1100101111100101
0011011100011010
1011011000000110
1101101110101011
1100001010110010
0111110001101001
0110110010111101
0111110011010000
1101101111000111
1010100101011110
1011010011010110
0100010101011100
1100011110000100
1110010111011100
0000101111000000
0000111000111110
0111110110100110
1001101101000101
1100111001010111
1011110010110100
1100110101100100
1100001111000110
0110100100100110
0110001101011100
1001001110001000
1001110101100000
0101000011010011
0100000101000111
0010010010001110
1001010110100111
0100010100011001
1100010001001110
0010001011001011
1101111111001110
0110001011010111
1111110011000100
0000010111100011
1001101100001101
1010010011010001
0110110010100011
0010101101100101
0110001000100111
1011101100110011
1110011100111010
1100011011000001
0101100111010011
0100001011101000
1001010000000111
1100110111011000
0010101101000110
0100011001100000
0111001111100010
1111011011100110
0111000110101001
1110001100001011
1011000010001000
0010000000110010
0001011011110100
1110101110000110
1101101001101111
1110001001110111
1111100001010010
0101100001001001
1110011001110010
0101110001011011
1111110101001101
0011111100111010
0000001011111110
1000010110001011
1100101101101110
1100000100010001
0010110011010010
0100111001011000
0010110011001000
1100110111111111
1111111011010001
0001011110110001
1000100010110011
1110011100110100
1010001100001001
