0011000101100001
1111010111100001
0111010011100000
1111010001100010
1010101101100001
0011001100110110
1110100001110001
1011010101101111
0011000101001001
0100111110000000
1001110001000110
1110101001110000
0111011000110110
1100110110100001
0110110011110110
1101011011011100
1010101110101111
0000110000111110
1101100101010001
0110011000101011
1011011111010101
1100001001011100
0011111011100001
1101110101100010
0011111101001010
1010111010000111
1000011100100011
0111110000000101
1011111101000100
1010011001111101
1001100110000011
1100111011001110
0111100110110011
1011101101000010
1100100110011111
1010100010010100
1011000000110001
0100011011110011
1011010110001010
1000100011011011
1001101110101110
0010000011111111
0010111111111010
0111111111001101
0110000110110001
0110000111000001
0000111101100010
1101100011100110
0110110111000111
1001011101110010
1100100000000011
1011110011101000
0100011010001011
1101110110010100
0011111001011011
0000011100100011
0000110110001110
0001000011111111
1101001000000011
1001110011110010
1111011001100000
1001101001001100
0100100010000001
1001010101111100
1001100101101001
0001011011111101
0111011000011000
1001100110011011
1001110111011001
1000111001011010
0101001110010110
0111001100011100
0111100111100100
0111101010101101
0101000001111100
0011101001110000
0101110001000011
0101010010110000
0110100010000001
1000001010000100
1101111010011001
0111111000000100
1101110010011101
1101010110001000
1000001100000100
0001101001101101
1100101110001001
1111010010001101
0001111101110011
0001001110110011
1010011010101010
1111000110001001
0111110001101010
1101101001100011
0011000000011000
0001101100010001
1000111111011011
0011100101101010
0111110011101100
0010000110110101
0101001101110100
1110001010001100
1111011101001000
0100010100111101
1000011000010011
0001101001011110
0010100110011000
0110100110100110
0101100011011110
1111110010111001
0001110011001011
1101010110101000
1100011110100011
0100100010100100
0101001110011010
0010111001001101
0110110100000101
0110111110001100
1010100001000010
0100000000111111
0110110010011001
1010011110010000
1001110100110010
0000111000000101
1010011101101100
0000110000011111
1111000110011011
0101000010011100
0011001101000100
1000000011000101
1011001011010011
0001100101100111
0010011001101010
0111000011000100
1100110011100011
1111111110010001
1001101110110011
0000110000010111
0110011010101010
0101101110110010
0111010110010001
1101001110011000
0011011001010111
0110100101000111
0110011100110101
0100001110111100
1011110001000011
1101110101111000
0100000100010111
0111011110001010
1101011100011000
1010100110001010
1010100101001111
1000110010100001
0100111001110010
0010000110000101
1100101101000100
1100110011110100
1011010101101101
1111000101101001
0100111010001111
1000100111111000
0000101110111000
1110001001000001
0000011010100111
1100001100010001
0110101001000000
0101110101010011
1000111001111101
1111101100000000
1111101010100111
1100000010111100
1111011101001111
0011000001010110
1100001100011101
0011110001001010
1110011100010101
0000011011101101
1011011100110111
0111111000001100
1000111111000100
0011110000011110
1011001100011000
0100111111010101
0110011000100110
1111000111100111
0100000010010110
1110110011110010
1011100010000011
1001011011100100
1100001010101000
0100010001111100
0100110100110101
1110001110100000
1010010000100011
0001000010000110
1001100111010111
1010110000000010
1110101000100000
0101111111100101
1010101100111111
0110111101010001
0101100000001111
0000100000110101
1110111111101110
0111111010000100
0110110010111000
0100001100010100
1100000100001100
1110010110111010
1011001100101101
1011101101000001
0101011011100001
1111011001110010
0011111011011011
1010001011101001
1101001010001011
0110001000000111
1000011000011100
0001110011000111
1001101110011000
1100011101110101
0101011010100111
0101101001100011
0110111101000010
0011111000100001
0110101010110001
1110111011011100
1101010010111010
0111001010110100
1110001101101111
1000110101100110
0011011001111011
0100100100100100
0101110001010111
0000101101010011
0001111000000101
1011000100110010
0000000101111100
1000010001101100
0101000010011101
1011010011111010
1000001010111101
0011010010010101
1110001000011111
1011011100011110
1100111100111001
1000110001110000
1000100011001100
1001101011010001
1001010111010101
1010101010111110
0101101110011100
0100101010001001
1001110100010101
0110000111101110
0111111011111110
1001101000010101
0011100010100000
0101000000001100
1010101000000110
0100010011000111
0010101010000101
1101001010111011
0001110101001101
0101010010010111
1111010101111100
0011010101000110
1010010000011010
1001101001001110
1111000100001110
1001100111011111
1000100101010111
0000101010100001
1000100011000110
1011010000000001
1100000111010010
0001001111110111
0010100100011000
0010100010111011
0000101000101110
0111011110011111
0000010000110110
0101100110100001
0001110111110100
1011110001010110
1110010010011010
0111110101110110
1101110000100101
1111100000101000
0000111111011111
0001111011000111
0110101110100011
1100111010011111
1111110001000100
0010101011111100
1000111011011110
0010010000001100
1001100100000110
1010011011011010
0010010001101001
1100110010000110
0011001100100111
1010101110100101
0110011011101011
1001001011000100
0110111001100010
0010111001110111
0010110011111101
1011100011000001
0011011011000101
0111000110011000
0111011001000011
1011000010111010
0111000100010011
0000001110010110
1100001110011100
1101010101010110
0010010010000001
0100111000000011
0111010110110111
1001000100101100
0111101111101011
1011110100010100
1100111001111001
1010111010011111
1101101111100001
1100101101101111
0001010010011111
1101111101000000
0011110001010000
1100101010111110
1100101100001010
1100100011010100
1011000101000001
0110101100100011
0110001011111011
0011010110101011
1101111110100011
0110110100001101
0000010100101101
0100001000001010
1101111001110110
1011101101101101
0110100011010011
1101101100011011
0111010100010111
0110110110011000
0000011110110011
0001101110001111
1011110010000011
0101000111000111
1000000110001011
1100110011010011
0011111101100100
0000110100000000
1110110001110101
0111111101101101
0001100001010100
1010010101011100
1110000110011011
1011111010100001
0100000110010101
0010000010000001
0100110110010001
0000110100110011
0010101110000101
1101101011101110
0010100001001110
0111111100010110
1010000100001100
1110000101111011
1011101110101000
1001011100000111
1110111011010110
1101010100111001
0100101110111010
0010000000111110
0110011001010010
0100000001001001
1011100001001010
1010111010000101
1100110001011110
1000111101010011
0110101111001110
0011000010010110
0101000100111111
1111011110110110
1000111011011000
0011000010101011
1011111010110010
1010001101011111
1100100100101011
0100101000011101
1000010000101101
0111000010101000
1001111101110001
1100110011110110
0001010011100101
1100010000001100
1110110100001110
1110011100100011
1011010111011001
0011011011000000
0101111101111001
0101110010100100
0000100110001100
0001010101001001
0111111101101010
0100111100111100
0000100110111110
0110010011100011
0010110000101110
0001111011111100
0000011010110010
0110001000100001
0100001001010110
1000000100010110
1111011000000001
0101010010110111
1110111110101100
1010000001011110
1001010111010110
0100011010001000
0010110000011010
0100000111000110
0111110101010000
0000100101110010
1110001101001110
1010000000111010
0010010000001100
1101111101101111
0110110110110000
0011000000111110
0101000011000000
1101001001000111
0101101000110010
0101101000111111
0100011100011000
0010101100101110
0100100010110001
0000000100011000
0011110110111110
0010101000101000
0001110111110000
0101110110101001
0101011011110001
1001110101101000
0011000011001101
1000111110000001
1000100111010110
0111110110011111
0010101111100000
1100100001100100
1011011011111110
0000111011010100
1110000100111110
1000000011000100
0100110011011010
1101111001000001
1100011110101100
1110011111000011
0001000111101110
1001110111101110
1110001000001101
1100110010010111
1011111110011101
0000000101101101
1110010101101001
1110000000100000
0000011100011100
0110010101101101
1111111011001000
1010010111010101
1001011011010110
0110011000011110
1011011000001100
1001010001100001
1101101100101111
1100010011001101
1101111001000011
1100110000101110
1010010100000000
0100111010000011
0011010101010111
0111001101100010
1010011000010001
0000001001100000
0010000100100000
1010110111001110
1111001110101101
0100110001111011
1001100110101110
1100101101100000
1101011100110001
0100001000010111
1101101011101101
1001100111001001
1100001000101101
1010111101111011
0011111001000011
1110111101111010
0010111010100100
1111110100010011
1100110010111000
0001111111011010
1000000000001001
0010011101110010
1101110000010001
0100101100011011
1110001000100100
