1001010110100100
0100010010110000
0100111101110110
1001101001100100
0010000000100001
0110001110010001
0010010101011010
1111100011001000
0010000100011110
0101101101100011
0101110110111000
1010110010011010
0000100101011011
0001111010011011
1011010001010100
1011110011100101
0010011110110101
1100101011111010
1001000111111100
0110111010111100
1100100101110001
0000101011001011
1100111000110011
1111010001000010
1100011011000000
0110011100010111
0010101100011000
0011111001001000
1110110111101111
1001100100011011
0101111001101110
0000110011111001
1010001000101110
0100110100011001
0101010010001010
0000010010010100
1001100010000100
1001110011101110
0111010011101110
1000111111000101
0011010110111010
1101101110001110
1000001101101001
0100110111110111
1101111010011010
0011100111010001
1011101001100001
0110011100111101
0111100101010011
1010100111011100
1101100001011100
1000111000010010
1000100010000110
0001011110111111
0001100100011001
0011100101100101
1100100001110101
0100000100010101
1111100100010001
1000010111111101
0011000110011010
0101101100010011
1000011010010000
1110010011111001
0110001011000000
0111011110100011
0111000010000011
0011101000110100
1000011000000011
0100011100011100
1000110011001011
0100110000001001
1000001010101000
0011101101000100
0010000011101000
0011101101110111
1111011010010001
0101000001111011
0011101011111001
1000010010001010
0011000000100001
1000000011010101
1011001011111000
1001011110010110
1100101001111001
1101110100110100
0111100100101010
1010100111010110
1101100011010000
1000011111100111
1010010110100011
0110000110000100
0000000001101011
0110000111010011
1010001101100010
1110110111100010
0000100001011111
1111110011100100
0010010001100110
0011111100010100
1100001101011100
1010100010100010
0111110010110111
0111101100000011
1000011010010111
0111110000010101
0110011010111101
0101010010110011
1100011001000100
1110101011100011
0001000000000100
1001010111001101
0011011001001111
0000011100111111
0110111011101010
0010100000011101
0110011000000000
1110001110101111
1010111111000111
1100001101010001
1010110010010101
0110000011111000
1010001001000010
1111100010001100
0011011000110000
0000110101111111
0111101001111011
1001111111100110
0111111011111111
0111101011100000
0101111011111110
0111111111001110
1011000011110010
0101110000000111
1000100010010110
1011011000010011
0110100011001011
1101111001111110
1000101010101001
1111001111111111
1000010010110100
1100010000111101
1001101111100100
1001101111110100
0001101000001100
0011101010101101
0110011101011111
1010001010000011
0111001111100011
1011101110000000
1011111001011010
0001000000010110
0011011011011100
0000110100111110
1110011001001011
1110111010001100
1011111110000101
0011000000110111
1101100101101110
1100100001101101
1000011010011010
1011010110011111
0000100100110110
0010100011010011
0010000001011110
1010100100101110
0111101101011000
1100110011010010
0011110001011011
1100110111010001
1010011111011010
1100011111101000
1101010011010101
0100000101111000
1000011011101000
1001100001110100
1110110110001111
1000011010111000
0001011001001111
0000111000111000
1010000010000000
0101110100000111
1111101011111000
0100001011110000
1001010001100011
0110110011011010
0110000011000010
1011101000100010
1101110011110001
1000111010101100
0111011010101001
1101100001000110
0111110010100011
1010000010110101
1000000011011100
0000000010101111
1101000000101001
1111001001001011
1011001100001010
1010101100111001
1011111011010101
0110011011000110
0000001110011111
1000111011011001
0010000011111101
0111010000011100
0100010010101011
1001010011101110
0001100011001010
1001101010111000
1100011101111001
0101010011010110
1000100101010001
1100111111011110
0100010111101011
0000001111111010
1100110111100010
1110010010111000
0101110011000111
0111001111101101
1010011100001010
0100000000011001
1110110110010010
0111111111010110
0011111111100000
1011101101100100
0111010101001001
0010111001110010
0010111001101110
1011101101011011
1111011101111100
1101011001010001
1101000110000101
0011111110101010
1100110000001110
0010111101011100
0101010011001100
1011101111100101
1110011001111011
1101110010011001
0110111111110101
0111010100111110
1000010001001011
1011100010011110
1000110100111110
1111000100100111
0100100110010010
1001010000010010
0011000101100110
0111100101000111
0001011010001011
1101100101010100
1010001110100001
0011110000101110
0110110000100110
1000101011000010
0010100011111010
1101001101100001
0001011001000110
1110100101111000
1000110000100110
1010101011001001
0011001110000110
1011010010111110
1000011101111000
1000111001001010
0101101110001000
0110101101101000
1111011101001110
1100111011101101
0101010000100011
1000010110110110
0010000000010010
1100110110110001
0010011001111010
1000110101001000
0110000111001011
0001010010110000
0110010011111110
1011110010000011
0010100111110111
1000111100101111
0111111110111010
0111110111100010
0001100100011101
0111111110010110
0001011100010010
1101001101101010
1100111011010100
0100101110010100
1010000110111110
0100111000110001
0101001001011011
0001101010111111
0011001010101110
1001110101000110
1000100100000101
0001011001101011
1000101000010111
0100101100000110
0011001000011000
0001100001000011
0110111111100001
0111101001000110
0111111110001000
1101010011100101
0101100110011010
0011000010001011
0001100011111010
1000001001000101
0011001000111011
1001100100000011
0100101101100101
0101001011011111
1011111001000000
0110110100110000
0100011011100000
0101110011010010
1111110111001000
0000011111110010
1011101000100000
1010101101100011
0001000001100001
0000001010100111
1101110010011001
1001111111110000
1111110001100111
1101011010101100
0011101100111111
0110110100010011
1110010000001011
1010110000111110
1001110010011000
0001010111001100
0100110111101100
0101001010001001
1000010101110000
0010101001000001
1101111001010101
0110001010011110
0011000000000111
0001000100000001
0010100001001000
0111101101001101
0010110111011100
0001100111110100
0010110001010000
1011011001000110
1011111110001011
0010110000010100
1110101110001011
1011101111011111
0100110001101010
1101000100101110
1011101000110001
0101111001010011
0000010101001001
0001101001101010
1111001111111101
1110000011110100
1100010110010110
0011100110100010
1000111010000000
1000011001110100
1010111101111011
0100111111011000
1000000001111001
1010100001111111
1110000001001100
0000000000010010
0100110000101111
0100110011010101
0001100110001000
0000000000100000
1110000100000110
0111001010011010
1111111100110010
1011111110010101
1111101001110010
1010100100000100
1110111010000011
0100011100000010
0010000010110100
1110101111010100
0001111001000011
1100100111001001
0101010001100101
1001110001000111
0001011100000111
1110101110110101
0010101011010110
0001001000011010
0000111110011101
0010111101010000
0100001010001001
1110000110000111
1111101011011010
0000000101101100
1101110110000111
1111101010110100
0100111001110011
1001001010101000
0000010000010110
1101111111111110
0011000100001011
1101110010010010
1010101110001111
1011110100011100
1110111000010110
0010111010010011
0110010011000000
1001011011001111
1110101100111110
1010100110011001
1000001001100011
1001001011111110
1100110111010010
1010110001111001
1111000101010110
1110010010100011
0100010011110010
1001100110100001
1000011001101001
0010001011000111
1100000011001101
1101110001010001
1010010010100100
1000110110010001
1011001110001100
0111010101011101
1110010000001001
1110001100110000
0100010001101100
0110110111011101
0100100000000100
1101100111001111
1010011110100110
0001010000101001
0000001101101001
0011100001110111
0110111110101001
1111111010111101
0101111000110011
1001100110001110
0110010100001111
1101010100001001
1000000001101111
0001001001011100
0110011100010101
0111010010011111
0100011010101010
1011111100101011
0010110100010011
1101011001000101
1110100010101111
1100000001100000
0111111001100111
1100100000001111
1101100100110000
0111011001011101
0000100010110101
0001000001110111
0011000110101101
0000110001011001
0101011111100010
1010110000110111
0101100010010001
0110101111111011
0111010100001001
0110001011111001
1001110110011110
0110110100100010
1111111001000101
0110111111100010
0011101100000011
0000101110011010
1101011111111100
0001001000101100
1011000111011100
1000101010011010
1110001001011101
0001010110001000
1100011011100110
0101100001100101
1100001001001110
1101000101000010
0101110011001001
0111000101010110
1100110000111001
1110010110000000
1011110010011100
0101001110101100
1110100001100101
0001000010101111
1010001111100001
0111001111001010
0111001001101010
1101011011011100
1101110100001000
0100111000011010
0111001010000101
1101111011111010
0001001001101111
1101100110101111
1010011001111111
0111010010101010
0000110001000110
0010101000010001
1100011000011000
1111110110101101
1101100001011010
