0100001001101010
0001100110010000
1000010111101010
1100110101010101
0110001010010100
1010100010001100
1000100000100100
0011011001010010
0110110011101000
0101011000100101
1110100110010111
0000011001100010
1010101000000101
1001001100101010
0000011000000000
1101100100100011
0000000111011101
0111111011100100
0110010111110101
1100001010001100
0101011000100011
1100110110011010
1111101010001010
1001010110100001
1011001010101110
1000110110100101
0001001010001110
0010010010010101
0110111100101101
0111100110110110
0111010111111100
1010110011101010
1000100110101010
0100000100000010
0111010100011011
1011100100010000
1111010111000010
1111100001010011
0111111101000110
1101011110000100
0100011011110100
0111110110100100
1010111101111000
1101100111001011
0011011000010001
1000001101111001
0001101000010011
1111111100110000
0010100101000011
0110110000001100
1101111110100011
0101000101101110
1110100100100010
0111000000111111
1100110001011011
1010110100001010
1011111000001110
0111001100001110
1100011000101100
0010111001110001
0110100000001111
1011001110001000
0010100100011001
1000000001001011
0101100110001100
0010011011111011
1111111100101100
0110111000010011
1001011111010001
0011011110010010
1101010001011101
0111100000011110
0101011111100000
1011101001011010
1010010011000100
1101000000000110
1010101101101001
0101100110100101
1110011110101000
1010001111111000
0111011110110110
0011101111001111
0110000111111011
0110100000011001
0001110110000100
0101101111110001
1000110000000110
0100111111110111
0011100001100010
1000000010100110
1011001011011000
1111010100101100
0001110000001100
1010111001100010
0000000000010000
0101001000110111
0111111000101001
1001001001100111
1011001001010011
1011111010111110
0100001010110010
1101110001100100
0100010111101001
1101000001101000
1000111101100111
1011101110010101
0100100100101011
1000111101010111
1000010010111001
0111010111101111
0110001100010100
1001110001101110
0010011100111100
0011001000101010
0111111001111110
0100010101101100
0101111001111101
0010101100011111
1001010011010101
1011011000100001
0011000110101000
0010011100111010
0010111101010010
0011111011110100
0001010011101100
1111001110000001
0100010100101110
0001010010010000
1000000001111011
1001110100001101
0111111011100100
1010101001110000
1101101000100100
0010000001101010
0110010101100000
1110111111011110
1101000110101010
1001111111101110
0001100111111110
0010100010000111
1101011010011111
0011010010101100
0110101100111111
1100001010100110
1000101110010110
0111101111000010
1100011101111010
0001000101110010
1000001000010100
0100101101011101
0110101000000100
1001111110011010
1101000010000010
1110001000010010
1101010001101010
1001100110000011
0110001101101001
1111110011110011
0011001010110111
1111100111100011
0101011011110011
0010010010001111
0010111001111100
0101101100101100
1000000101110001
1101110000111101
0011100100010001
0101000000101110
1000110010010101
1100100101100010
1110100111101000
0100000110000111
0100010011000010
1010000100010100
1001011000100001
0001101001001011
1110000010010011
1010101011010100
0000000101101111
0100010010111001
1101011011100000
1011000010000011
1110001110111001
0011011100111111
0110110111000110
1101010110011101
1001001001101101
0111010011110100
0001100100111000
1100101101011000
1111101001111010
1000001000001111
1110100100111111
1111101010101110
0001111001011110
1100010001011110
1110011011100101
0100100001100100
1000111001011001
0110010101110100
0000001000100011
1111100100011100
1000001111111001
1110001000000110
0100111101010011
1101010001110010
1010100100010100
0011000101111100
0101100001000111
0011000100101010
0011010100101101
0010100011100110
0010100100111010
0010010000101100
1001110110010101
1110100100010011
0111101110010010
1100011100110010
0000000110111101
0111000110111000
0111101100111010
0011101010100111
1000001101010001
1011011001110010
0111100001001010
1111000110010110
0000011010111101
1100110010011100
0001101010000010
1011001110001101
0001000001111101
0111101110111100
1111011010100100
1011110000110010
0111001101101011
0111010001100011
0001101111101000
0011011001111110
1011001001001001
0100001010111111
1010011010100001
1100111101000101
1011001001100111
1100100111000111
1110011101010011
0111110111101010
1011010110001110
0000110100101110
0001101111111000
0110001001000001
0001011011001000
1000100010111100
1100010100101000
1100101010110010
1001100010111000
1111010001000000
0100011101010001
0001001111001010
1111100101000111
0011100010110000
0010111001101010
1011101101011110
0001000001100001
1110011000101010
1010011011111001
0000100010011010
1110011000111010
0011111100000010
0001111011100000
1111000011011000
1001011101101011
0011010000110001
0101111001110100
0010100111101010
0100101001111100
1100101000100101
1000101000111101
1010101111100000
0010100101000101
0111011011011110
1110010101010011
0010100111101000
1110101010100001
0110111010010000
0011000100001011
1100110101100011
1101011011010010
0011001001001100
0001011000110011
0001110011111111
1110010000000011
1011000110101110
0111111000110100
0001001001100000
1001010001001110
0000000011001110
0110101000101010
0011101011010110
1011100000110111
1101110001111110
0111000101011101
1000111001000010
1111011010011011
1001011101001010
0011010100011101
1101100010101110
0001110110001110
1100010011101010
1110101101100101
0110001110100111
0011101100100101
0010111001110001
0100011010110011
1001001110011111
0101001111111000
1010000100100011
0100110110111000
0111100001100100
1001000000100101
0110000110110010
0100110001100101
0001110101101111
1001010010101001
1000110100000101
1010010110011100
1101101100110001
1000100010101010
1011110101100101
0111101001100000
1011001100011011
0110010010110000
1001010111001100
1011000001000110
1010011010000110
1100001100001100
1001111111110100
0001010010010100
0101101001000100
0111110101101010
1011000011111101
0000101111111010
1010011111010001
1010110011001001
0001110110001100
0111101001001100
0111010001101000
1001001101100001
0010011010010011
1000110100111100
0011111010110000
0100101011011000
1011000100101110
1001110101111000
1010000001000101
1010011010111110
1100110101111011
0100101111000001
1111011001011111
1110011001111000
0111100110100001
1000011111111100
0111111000101110
0000011011110111
0110101000111111
1011110100001111
0000110000011010
1110101100001001
0001000010101111
0100001111010010
0110111001000100
0110000101100110
1110000010100110
0010000110010101
1100001110001001
0010111101001010
0110110101000011
0111100101100010
0110100010101110
0100100000001100
0110011000001100
0101101111010111
1001000011001000
1101101001111100
1001100101000110
1010011000110000
1010001100000011
1010101101110010
0100000001101011
1000000110101101
1001110111000100
0101111110011111
0110111101111111
1011111001110010
1001100100111110
1010011010110010
0110111010100001
1110010111110111
0100110101010011
1001101100001011
1011100100000010
1000110111100101
1101001100010110
0100101101001001
0110001100001001
1011101001101111
1010010101010111
0001011000011101
1000100000001110
1010101001011001
0100110011011101
0010000001100011
1010001111110000
1110010010001000
0011100110101111
0111011110110111
0110000101011010
1101010010110001
1000011001111101
1000000010010001
1111011011011001
1101001100010100
0000001100101001
1110001011001110
0100101111011101
0111110000110001
1010011001111000
0111101110011000
0111011001100110
1111101111100100
0110001000001100
0001101100011010
0011001111110010
1101010100100100
1001001110110101
1010000001111011
0001101001100111
1101010100010000
1111011001010111
0111000100100101
0010111001110111
1011110100101111
0001111111010111
0101010110100001
0110011000100010
1011000001110100
1001101110011001
1111101100110101
0010111001000001
0010010000101101
1001110101011101
0101110001111001
1101010100110110
0100110110000110
1001100110010000
0111010011010001
0110100111010000
0010111010110010
0101101110100000
0110000001010111
0111110110101110
0111011000101010
1111001010100110
1101001001001110
0100000101101000
1101010110011111
0100111100000100
0111000100101101
0111101000000100
1001001110001100
1111100001110110
1011010011100000
1010101000011000
0010011111110110
1010011001000110
0101101001111011
1010101001100110
0110101000110000
1111001111010011
1110001100001011
1111001111011100
0011110101010100
1011011111110010
0000110000101000
1100101100110101
0010010001110001
0100101100011100
1010101010110011
0110000101100010
1001001110101001
0001010100011100
0101000010010101
1100010011010010
0101001110100110
0000100000110110
1111011001010010
0101101010100100
0001100000000001
1010101001010110
1000001101101100
1100110011111110
1000000110100010
0111111001001100
0110001100100011
1100011010001000
0001110100111101
1100001101011001
0000111000100101
0100000100101001
1010000100110111
0101111111111011
1000001111010011
