1011101110100011
0111110110011110
1010000000011010
0111010001110001
0100101000101110
1101100011011000
1001101110111100
0001110010001011
0000101111101101
1010111100001110
1100010100110010
1000111010100000
1010100100001101
1011001100111011
0000011010101000
0000101101011100
0000010010011110
0110111001101001
1111001101101101
0010111111101101
0111011100001100
0011100100110000
0111111101000001
0001010110100110
1011101010101010
1101010101111101
1001101000100001
1001000010000110
1111111101011110
1101000110100110
1101001010110110
1010010000110011
0000101110001011
0001010011111110
1111110101111100
1101110000111011
0001101100101010
0100101101010100
0100100110001010
0001001100000000
0111011011111011
1110100101110110
0101110001110101
0000100011100110
1010110010000010
1100000101101101
1100001100001110
0100000100100100
1010111110111100
0001110000011101
0110100000111011
1010101111100001
1010111110100010
0110110001110101
1010111101111000
1111010001110010
0000010100010011
1010111011111111
1011101000101010
0101111101001100
1001100110101000
1011101000101101
0010111110111011
1101000101110001
0101111001010000
0100101001100011
0110111000110011
0000010111000101
1011100010101111
0000011101111010
0100110101101011
1110100000011111
0101110101010100
1010111010111110
0110001001001101
0001011110100111
1010010111010010
0001010000011001
1101010101110110
0101010111001100
0100011010000100
1010010100101111
1101110101101011
1011011011101111
0100111100111011
0000111111111100
1001010001001100
1000101011011101
1010011001001111
1111000001101000
1110001101000100
1011011000000001
0100010011000100
1101101111101000
1000001100111010
1000001001101001
1010111101000111
0011001000011111
0010010101011010
1000101001111011
1110000110010111
1110000111001010
1010101111100000
0000011100010011
0001111001010110
1001011011101000
0000111100101111
0111100101101001
0010001011101010
1001110111000101
1110111001001011
0100001110101100
0000001111110111
0000010101101001
1100111111110101
1011110000010101
1000000000011001
0110011100111101
1111010000011011
0000100100011001
1010010010100100
0111101111111011
0111100110001011
1111110010110010
1011110001010110
0100011111001100
1101010011110011
0001001101101110
1101000011101101
1111011001110011
1100101111111110
1011001110001101
1101010010100010
1110001011101100
1101100110110011
1001000010111011
1011000010111111
0100010110000000
0111100100010101
1000110000100010
0101100001001100
1001000100110110
0000100001110111
0001001001100010
0101101011110111
1100110100010110
0111111101001110
0110111110101000
1001000110110001
0110011100111100
0011110100110000
1010010101100001
1000111000111100
1110101111110010
1000100011100111
0010101101101110
0010010001010100
0101100000001110
0111101011010010
0101101000110001
0101010010110010
1111101100000110
1001001110100001
0001001000111111
1101010000000011
0010110001101111
1011111101101100
0011110111110011
0001001110101000
1001111101000110
1000100010111111
0000100001000110
0110110110001100
1010001110011001
0110000111000101
0000000101110111
0001101001110010
1011000111100100
1110110110001101
1001001001001110
1011000110111100
0110000101001011
1000100011010111
1010010001101111
0000111010001101
1000010111010000
0111010001010001
1001100000110011
1111010010101101
1111100100111101
1010110110110000
0101011100001001
0111111011101001
1000000110010110
0100101001010110
0010000111000110
0110000000101001
0110111011100000
1100010100110101
0100011011111010
0000000110000111
0110000110011101
0001001010011010
1010010110011010
1000100110010010
0000100000000101
0101111111011101
0011101010100011
1011001110100001
1001100000001011
0111001010110101
1000101111001011
0100011000100001
0101000000011100
1110010011000111
1111110101111001
1101110110110101
1001101011100000
0111000011001111
0101000100001001
0001101001111111
1101111100010110
0011100000001110
1110001001110100
1101101011011011
0001011111111000
0111010110011101
1011101100100111
1000101100101011
1001110110011110
0111001110011010
1110110011000011
1110001110011011
0010110011001100
0010000011000001
0001010100001001
1101100010010111
1111101100000000
0110111011100011
0000111000011110
1101101111101011
0001011011100101
0101011111101111
1101111110101011
0100011011100000
0011010110001111
1011010011111101
1001101010011111
1000101110111110
0010000101101010
0110000000111110
1110010000110100
0011100010101000
0010000011111111
0111110000101001
0101111111101111
1001100100110100
0000011110011000
0011101000000101
0010000011011110
0011110100010110
1100010001101010
0111111001010011
1010111110100011
0100001001100100
0011101110111001
0000101111000011
0100011001011110
0110111110101000
1000100101111011
0111001000010000
1111010000111011
0011001001011011
1000111100001010
1010010011110111
1101100011010100
0011101101100010
1100011000000010
1000111100011110
1010011110001011
0000000000100010
1001011000010000
0010001011001001
1011110110010110
1011010011010001
0000011001110110
1001001110011001
1100100101100000
0110111010011101
1100110010010111
1001100001111110
0110111101000110
0110000011010011
1010101111101011
0000111100010100
0110010101001110
1111100110011100
0100110100010011
1101000100101100
0101000111101011
0111100000100101
0110010001101001
0011010100100010
0000110110010111
1010010101101110
1101001100000100
0010000101010011
0000110101101000
1111111110111001
0111110001110111
0110001000110101
1011101000101010
0011000000011010
0001110000010010
0000001010001100
1100010111101010
1011111000001011
1101100011000100
1101001011110000
1100101100100100
0100001110100010
0001100000110100
0011100010101010
0000001101010110
1010010001000101
0100111111111010
0110110011100101
0110101100111000
0101111000000101
1100111010011001
0001110000000010
1010001001010101
0000001101111101
1000100011000100
0010010110011011
1000111011010011
0010010101110011
0000100001000101
0011101100011011
0001010000111011
1110010111010111
1101101110000011
1010111110000110
0001000001100010
1000001001111011
0110111101101111
0001011110101011
0100001011011010
0110000110011101
1100101001010110
0000100011000111
0101111110011010
0000000110110001
1111000001110001
1111101101000011
1010110111110011
1000000101111000
1011110000010101
1010011100111101
1110000100110101
1010111001110000
1101101101000110
0100010100000101
0010111101011100
1001101101100101
0100110110011110
0110011111011000
1011001011100001
1001100000000000
0000101010101000
1010111010100001
0011111010001000
1100000111101001
1011110001100100
0111110011000010
0011111100111010
0101101110100000
0011100100110101
0100111001110101
0000111001001000
1110110110100000
1011100101001111
0011111111101001
1101110010010100
1111001110111111
1111000100000111
1101010101011101
1101010000011101
0110101100010010
1010100111010010
0000101001110111
0011100000001111
1011011110111100
0100110010110010
1110001100101000
0100100100111010
1011010111100010
1110100100101010
0110111101000101
0101011100100001
1111000110011110
1110111100101100
1100011000110111
1110000110001001
1100101110000011
0001000111001011
0001111100011000
0010100101010001
0111100001110111
0000101111001000
0010111000011001
0100111011110100
1000001110010010
0101011010010111
1100001110100010
0010010101101110
0000010101011111
1011100110111010
1001000101000101
1110110110111011
0110010011010001
1011001000000100
1000111100001110
1000100001111100
1110000111111000
1111011001110011
0010110010110110
0011110001101000
0110001110110111
1111011011111111
0101000101011000
1010010101001010
0000011111011001
1001110011100110
1101110101001010
0101100100000100
1101000011011011
0001100001110111
1001000110001100
0011000011110000
0000010110100010
0001101110100011
0101100001111011
1111101011000000
1101011001001001
1010101111100101
1010010011101100
1100011100111011
0101110111110100
1010101100000010
1000000001011001
0111000001010111
1101001100100010
1101011011010101
1110001010011111
0110101010010101
0101110001101101
1110001101100111
1010101111010000
1010110110101001
1111110110111110
1111101001010011
0011111010000111
1011010111110111
0000010101011111
1110001111000111
0011011001100000
0110100000001011
1010110100111011
0101000001001101
1101001001111100
0000011000110010
0000111100111011
0110000110001101
0011011101101001
0111000010010011
0010101101011010
0000100010100000
0110000001111001
1110101011011000
1001011100110000
1011111010100101
1000010101111011
1111001010111100
1110001101110010
0111101110110101
0010000101100100
0010110011101101
1111011110110110
1011010111010110
0011001101010111
1111101001111011
1010110001110010
0011101100011001
0111110101110011
1101110001011100
0010111111101100
0001100101010011
0101010001011101
1100101000000000
1000010011110110
1101000100010010
1110101100101101
1011111101001011
0011000001110010
1000110000010011
0100000100110011
0100011110001100
0111000101111001
0100100101110110
1010011101111000
