1111011000001010
1110101101001010
1010100110110100
1100000101010111
1011010110010100
1100101111100010
0100011111100001
0110111011001011
0000101010100001
1000010110100110
0110111010100110
0000101111010010
1001111000001001
0010110100011011
1010010010100011
1101010100001010
1010101111111110
1010011011001010
1111011100101000
1100110011100100
0101011100011001
0110001000001111
1110000101111110
1011101010100111
1101100100011000
1110110111000111
0011111011110000
0100000111011100
0101110101000010
1110010110100110
0100010101111001
0001011001010110
0010011011001001
1111010011000000
1010110110001010
0011111001010101
0000100011011111
1100111010000101
0110100011100111
0110101100101111
1101010001001001
0001110101000001
1111101100111110
1111000110100101
0110100001101011
0011000100011001
1100000110101110
0110001110001011
0110100100010110
1110100001010110
1010011000100111
0101100010001100
0001101011100001
1100111001001011
0010111111110101
1001000010110111
1000011111010001
1111110011011001
1010000001011010
1111111101000111
1111110110000000
1000100100001101
1101110010111110
0111010001010010
0010101101000011
0011101011011101
1000100010100011
0101001110100110
1100001001001011
1110100001010110
1011011011110000
1001010001110110
0000011010101011
0011010100000101
1101110010010010
1100011111110110
1111101010000000
1011111011101110
0100000110001111
0110101100000110
0000100111100011
0011011000111110
0001110101111011
1011001101000010
1111101010101110
1110100010010011
1001110011100110
0001001100010101
1101111110101000
1110011011100000
0010111110000011
1100011010100110
0010110010111101
1100100110110010
0111011110000110
1100111010101101
1010001000010101
0011110101111011
0000000110100001
1011100111011110
1111101100001011
1101011111100100
0101101010000101
1101011010111111
0001110000001011
1100100011011000
1110000111000001
0100100101110011
0110001001110101
1100001111010010
0110000100110010
1011001101110000
1101111100111101
0000111000100010
1000111011011111
0100010011000010
1101111001011110
0000110111001010
1010010100100001
1001011011010101
0111001000101111
0101000101110101
1110110101001001
1001011001001111
0000110101101111
0111111101101101
0100000110000100
0111110101110000
0001011000010011
1100010000000010
0101001101101010
1000001011000010
1111000011111100
0011111100101101
0011010101100101
0110100000110100
1011010111100000
1010011100111101
0010010000011100
0011001100011100
1000111101000111
0111000111001001
0001100011001011
1001100000100110
1010000010001000
0010100010011110
0000000100111111
1101010010100110
0101010010101011
0011000011001011
0101001000010000
0010101000000111
0101111010001000
1000001101101101
1010100001111111
0011100101010101
1110010110110000
1101010010011010
0111111100011001
1100100110011111
0110101101010010
1110000011110100
1110011110001100
0110100000001001
1000110001100010
0111101001011101
1000100111010111
1011000001001010
0111000001110100
0000001110110011
0100000110001001
0001000011001001
1011000111100100
0110111111101100
1111011101101111
0001110110100011
1110101001001000
0001000111011101
0000011010011111
0001001011100000
1110111001010100
1101110111000100
1101001010001100
0011101010000101
1100110011001011
1101111011111100
1001101000000101
1001001011011000
0110111001010011
0011100101101011
0111010010010101
0001100010010011
1100100110111001
0100111011110011
1000111000011001
1011001011010100
0011000010011110
0010010101001001
1000011100100010
0001110010101100
0100111111110110
0101110001100110
0000010001010101
0100011010101110
0111010110011011
0100001110010010
1011101111001010
1110000000100011
0000001100011011
0101101011011100
0110000101000010
1110111110101111
1001001000011111
1000110101010001
0010011001010011
0110101110110000
1011110110011010
0011100011110010
0101011000000100
1111000011001010
1111011100001110
1001010001011100
1001011011011001
1011001001100010
1010000101010100
0010110011011100
1010011101100101
0000001110000010
1000101101010110
1110110110000011
0010100000001111
1011000110000010
0101000011000111
1110110111000011
0101011100010011
0000110100010001
1000111011101000
1111110110100000
0001100110000110
0110011110011010
1011010100110111
0011100111101100
0001011000100100
0111101010010101
0101010011010111
0011011001111011
1010111100000100
0100000110111110
1001100101101100
0000010001000010
0001010101000101
0101000000100001
1100101010101000
1101010101011110
1110010010101101
0011000111101010
0001101001101010
0101011110000100
0100101101110011
0111111101011000
1101011100101000
0010101100101101
1111000011010101
1101011001111100
1010100110010110
1110101100101010
0010101001010110
1100010000101110
0110100110011010
0110101111100110
0011101100111101
0101000101010100
0011100001110111
1110010010100000
0110001010010011
0100010011111110
0100001000100011
0000000101001010
1000010110001011
1000111101001111
1111110100110101
0110010010010000
0001011011001101
0110000010101001
1111100110110001
0000100101110010
0111101011011111
1110000100110010
0110111010101100
1001111010001101
0100100010100011
0010011011110111
0111001101101011
0111010101011000
0110000100011101
0111000010110000
1011010011001111
1110101101001101
1011110110001000
0011010100100101
1001111000110011
0000101101000101
0000010100000111
1101100111100111
1101101011011000
0101010110110011
1011100011000000
0010010111001101
1110001011011010
1100111001101111
1100010011011000
0010110111101011
1010111100011101
0101000110100111
0000011010110001
1100111011001000
1010010010101101
0011100101101001
0011010100110011
1111001101100010
0010010001110011
1100101010000111
0011110010010000
1110111001011011
0110011110011111
1110001001100110
1011111011111100
0000100101010111
0000111111111100
0010101100001110
1110011101011101
0000000010100110
0011101011100011
0111101010110000
0000011000010011
1001110000001001
1110100100000001
1000010001110001
0011010010110100
1010001101010011
0100001100011001
1110111000111000
1000010110100110
0010010111000010
1001001010011101
1000110001000111
1000001111001010
0110100001001110
0011001100000101
1000010000010111
1001100010000001
0000001101110000
1100000111100000
0100001101100010
0010001010111110
0111111011011010
0000001010001111
1101011100011110
0111110111110010
0100000001011100
1100011110010010
1110110110000011
1111110100011101
1000010111001011
0100101011101101
1110110101001011
1010100101110010
0000000111011001
0100111011010000
1000001001001011
1110111001011111
0111001110010100
1100011100010110
1111111010000111
0011001011000101
1110100000001111
1110010111101001
1110111001010111
0111011101101111
0010110011010101
0111101001110100
1100101011001011
1101001000100110
1001001110110100
0000000110010110
0011110011000111
0001001100111011
1100000000111011
1000111100010000
1100001101001101
1100010110010111
1001110100011110
1000110010111000
1111011111011111
0001111111001000
0101111101001001
1100000010101010
0101010000100010
1001011111000001
0011001111100110
1110001110101001
0110110101000101
1010010101000010
0111100110111111
1110101101100010
1011111110100011
0100000000000100
0100110111111010
0000110110110001
1001000001100100
1000111101001001
0010111011110110
0110111010000101
1100011010101011
1101000100011110
1110100101100001
1111010010000001
1111111100000111
0010010001001001
1000001000101001
1110011010011000
0011000110000100
0110011111011110
0110011001010100
1110101111101010
1000101111010110
1001000001010100
0101000110000011
0001010100001010
1101000001001111
1101111101110101
0100000000101110
0111010111110010
1010001000010000
0111001010001001
1100001110101100
0111111111010111
1111101101011110
0010000100100010
1001011110111011
1011011110010001
0000010101110001
0110010011101101
0101010100000110
1101010101110111
1010010100111111
1010000010001011
1000100111100100
1111011000110100
0011110111011011
0001111110101101
0001111011010100
0011100110001101
0110101010011100
1101011100110010
1100110100100001
0110101010101100
1001100111100000
0101100001111101
1101111000100101
1100010100111001
1100011001100101
1111110101001011
1011110100001000
1001101000100000
1101000110011100
0100010111100101
0010110010010111
1010011110101101
1101111110101000
0011011110000010
0001000010000111
0010001101110110
1001100010110110
1101110011101100
1010010101010101
1111110100100110
0000100111011001
1111000101101111
0100011110101010
1110000001110101
1010110001111101
1110110010110110
1011100001110100
1111011111101101
1000111001111101
0101110010100100
0111010100001000
0101011111010101
0011101100110100
1111111110000100
1010001101011010
0110101101010010
0100101000110001
0000110111001111
0100001001111101
0011000101011000
0101111100001110
0101011000011110
0101000001011101
0000000011100111
0011000101000001
0101111110010011
0101111110000101
1100110111111111
0001111111000001
0000000111101010
0110000111100010
0000000011110100
0100111000010100
1001111101111111
