0110010010011110
1000000110000001
0101000111001001
1110111100010110
1111010010000011
1111011110001100
1100100001100100
1001011000100011
0111000101011110
1111001000010001
0000110110001101
0100110001000010
1010010110000100
1000110011110101
1001001100000110
0000101011101100
1011100110011110
1001010010010001
0010100111100111
1100010001110000
1110010111100011
1000000111011001
1011000110111100
1110010010011100
0001000110100001
1110011100101011
0001010111100101
1101100010001111
1010010101011110
1010101110111001
1101010011011000
1100010101100001
0010100101101011
0010010001101110
0100110011000111
1111001001110101
1001011100111001
0100000101000011
1000110100010111
1011111000110111
1000110001010111
0100001001001101
1100000110010110
1000110000100001
1000010010110000
0011000000100010
0111111001100111
1100010111110111
1100101101011010
0101101011100110
0000100001100110
1010001000001111
1101010000111001
1101101010111011
1110001110010000
0011011110001001
1001011010110100
1001000000000100
0001111100011001
1100000000001001
0111010011001000
0100111100010011
1111010011011110
1011110011000111
1011010000011101
0010000010000100
0011011101001100
0110010010001110
1110010100010000
0011101101001011
0110111001110010
0000111101000110
1100101100100000
1100110100100110
0100111110001110
0110001111111110
1101011111001011
0011101101100011
0011000000101100
1011101011000011
1110001001100010
1010001111001111
0110001000000001
1101011110010110
0011000000001001
0101110000110001
0100111100111010
0011111001111100
0110100111011101
1101111001011001
1011111100011011
1011000100110011
1101000110100001
0000011011010111
1100000010011101
0100011001100011
1101010110010101
1010000010001101
0011001100101001
0010110101100100
0011100011111001
1001110111101111
0101101011001001
1101001010011010
0101001010010011
0010101111101111
1111000010000001
1101101111011111
0111010101110110
1001111011000111
1100111000110100
1011010110000010
0111011100011010
0101011111011000
0001101011010001
1000011010010000
1000101100011000
0101111100001100
1100111110101110
1010110000011010
0010001010011001
1000001111101100
1101100010101110
1000100000001101
1111011001101001
0011001101000110
1000111110110011
1011001000010101
0100000101100111
0110111110101110
0000111101011111
1111110001100000
0100001111111000
0000001110011010
1010100110100110
0001011011011100
1111000111100101
0101000000100101
1010101101010110
0111001000000101
0110111101100011
1000011001110000
0011001011001011
1100011010111101
0001110010000101
0011001101101110
0110001101111010
0110101110111000
1001100110100000
1011010111010011
0001000011110111
0011000100101111
0100000100101101
0010101111011000
1101100110101001
1110110101100011
0111101000000101
0000110100100010
0110000000100110
0100010010000110
1111000001101110
1110010100100100
0010101001111001
0001101010001111
0000110110101000
1110011110100010
0111011000110110
0101111101010100
1010101000001011
0010101111100111
0000111011100100
1111001010101001
0101101101001111
1100101010001101
1101001101101001
1110011001100110
0010010011111100
1011100010101100
0001010010100100
0100010001001000
1111101011011010
0011101111010001
0011011100111111
0101011101011000
0010011011101011
1011001101010010
1001100111100001
1111110000101000
1010111000000100
0100010011110100
0011110100110101
1010100010100011
0011110000001001
0100110011100110
0101010000101001
0110010010011001
0101101100111110
0001111010110000
1001110111001111
1110000001110010
1011111110001101
0010001001111110
1000011010100001
1111001111111010
0100110100000001
0110001100010101
1010011000100110
0001011101001101
1010110010011110
1001111101101001
0000110010010101
1000001001000011
1011011111111101
0111100001110110
1101010011110110
1001110001111011
0000101011001011
1010101101111111
0101100011100101
0101000100100110
1011000100100101
0011011000101000
0000000011011001
0000000101101010
0111000000110000
0010001100110100
0011010100010011
1000101010110001
0111111110101000
0100111100111000
1111001000111000
0010101001001100
0011001001011011
0101101011110000
0000000011000000
0101001101110000
0001111100000110
1100010000111010
1110000000011000
0010110100100001
1101101011110001
1011000100011001
0110111001010010
0001000010001000
1100111011110010
1111111111110110
1011101110100110
1100101111101101
1011010011011001
1101111010001001
1000001010101110
1110010111110011
0110111100100000
0111010111100100
0011110100100001
1000000110011111
1101100110101011
0000111111100011
0000000110000110
0000010111000000
1000110010000001
1010101101111110
0111111001111111
0100010011001101
1100100100101011
1110000010110101
1100000111011001
0000001101000001
0001001010011110
1011010111011110
0110011011111101
1010111110100001
1011111011010110
0011110100110111
0101100001001111
1111111011000011
0000101111111001
1100011111111001
1010100111000110
0010101000000110
1000000101001000
1101100001101001
0000001010111100
0010101111111011
1010100011101100
1100101101001011
0100011001111100
1101000101000010
1100001111011110
0110011001111001
1110000011100111
0001000001010011
0111110101110010
1111101011110101
0100011010000101
1100111111101010
1001111100100010
1100000001101000
1001110110010111
0100010001010110
0011111001001011
0010101010100001
0000101001010001
1111111101110100
1111011111100000
1011101100000001
1001000001100100
1000011001001000
1111101010110110
0101101101101111
1000111101111101
0000010101101011
0001000111110101
0100010011010011
1010001010010101
0100000110011000
0000010011011100
1100011011011000
0110101001101011
0001111001010001
1100011111111100
0101000010011110
0000000011000111
1010101010011100
1010111101101010
0011101100010101
1000101101111100
0011000101101000
0000110010000011
0000100000001101
0010001000011100
0000011010001010
0110001101010011
1000001001100001
0101111111111010
0011010100010100
1100011111010001
1001001111001110
1011000001000000
1101010101011001
1111010111111100
0011100010111101
0110001000011101
1110001010001001
0000110000011111
1010010011101111
0100111001101000
1110110001101010
1011111001111101
0011110111111100
0100111000111011
0100001001111101
1100001111000001
0001001111010001
1001110000111110
1111110011111011
1000000011011010
0000111001011001
1011101101110010
1111001011100110
0001010001010111
1100110100010100
0011001001011101
0110000001000001
0011110000100110
0000011111010111
1111101001101110
1110001001101010
0110000101010110
0101100111110100
0011011100111010
1111001011001100
0001101111111001
0100100101000010
1010110110111000
0000001011110000
1010011000110010
1111100100110110
1000110111100001
0100110000010011
0101101000110001
0110000100110100
1000111010000111
1001101010000111
0101011010100101
1100001100111011
0001111101010011
1010111001001011
0110000111100111
0010110110110010
1110111011111001
0101001111100110
1100011101010110
1110100001110011
0101001110100011
0000110000001110
0101101100110000
0101110010101000
1111001111000011
1110100001111000
1011011111101111
0110000001010101
1100110000100000
1110011110110101
0011111010101110
0010100011100110
0000001001101000
1100101011010110
1011000111110001
1110110001110010
1101100111101101
0000001000101100
1010101110101111
0100110001001011
1001011001010101
1101110000101111
0011000010100110
0001100111001001
1010101111011011
0101000101011110
0011001101000000
0100000010111111
1111010101010001
1110011001110101
0011100110000111
0110001110110110
1110100011111000
1101011000001110
0110110010010001
0110111010010100
0101111011110110
0110000010001001
1110001110010001
0001110000000100
0000101110011001
1000000010001000
1010000111100011
0010001111011000
0000010010011000
1000000001001110
0001111110010110
0111000011011011
0101001101111110
1101111001110110
1111000101100011
1110110110011010
1000001011111000
1111101001100111
0010000001101011
1010011100110011
1010111001110001
0110011000101011
0011101001001000
1100000101000101
0101101001101111
1111101100101110
1101101001110001
0111101100011011
1000000010011111
0110010111000001
0010000001010110
0000111011110110
0110110111001001
0000011110001110
0000101011110001
1101010110110011
1010010001101000
0010001110001011
1011000000000100
1011111100111110
1010100110111000
1000110111011100
1111010011000111
0011100010011010
1001110101010101
0100101101010000
1000011100010000
1010000110000011
1000000101001101
0110010011000001
0110110101011010
0111111111101010
1000000000100111
0000011011110000
1000101111011010
0010010000110000
0011111111110001
0110110111100110
0110010011001011
1101110001011101
0011010110000111
1011001110101010
1101100001010101
1000100100011001
0001111001000011
0100101000101000
0001010101011110
1010011101000011
1111011010110100
1001111111000110
1000101011011110
1100110000010111
0011101101110011
1101111010011000
0010000101110011
1000100111011111
1110001000100010
0001011101001111
0100100001111110
0001001100111010
1000011000001111
