0110010100011110
1000110001101001
0011101011001111
0100101010010001
1010100101001000
1110111000111000
0100011100111010
1010010110010000
0100010010000001
1101000100101000
0010000100101011
1010100001100011
0001111001100101
1011000110000011
0110111000110000
0110101110101000
0101101101011101
0010111011001110
1110100010010011
0101111100001111
0000011110010111
1000011100100100
1010101011110100
1001101101000111
1011011000001100
0110110011001011
0010010101100101
1101101001110001
1011111100111001
0100000001111011
1001001000100010
0011001010001101
1100101111011010
1111111100010000
1101101010111000
0100110010001010
0001111000101111
0111101110011101
1001101110111100
1110001011010111
1010011001110000
1010001100000111
0111001010010001
1000101100000000
0000001100100110
0110110111100111
1001001111110010
1001101000101101
0100101000101100
0010110011100011
0010010010000111
1001111101101101
1100101000101000
1111001000111110
0110111000111011
1101100101110010
0010100100111101
0010100111110010
0111011011100010
1001010101100001
0110110110000111
1000000101011101
0111111100100010
0111111001110100
1111101100110111
0100111101110101
0100111101010101
0101100010101111
0110010101011001
1101010010101110
0001100011110110
1100100010111110
1011110100000111
1010001100110100
0110111101101110
0111111110101011
1110001100000010
0000011010001001
1111000010001001
0011100011011101
1111100100101010
1011001110000101
0101101010111010
0110100011101100
1111110101111010
0101001111000110
0110111110100111
0000110010111010
0101010110010111
1110001110101101
1101110001011000
1010011100101000
1100110011011100
0100011010000001
1010100001100001
0011111000010000
0111010001101000
0110010011110110
0000010110011010
1100011100100101
0001100000100110
0011000001100110
0000000011011101
1011000001011011
0110100111011100
1100011010010011
0111110011101110
1110100000100010
1101101000101110
1010011111001001
0110010100001000
0011101100111100
1110101101010110
0111110010111011
1100110001111010
1001111010000010
1110110101001001
0001001101101001
1110001000010001
1001100010010111
0001000110110101
1111101110101001
1000011111100100
1111100001100100
1011011101100001
0011110001110001
1010001101011110
1101100110110111
1000100011001011
1111101100011001
1110000110000110
1011110110000010
0100001010101110
0000110010100001
0101001101110011
0111111101110111
1000101100001110
0101100001000010
0101110010110110
0010000011110111
0010010110100011
1100010100011001
0101101011110001
0101100100010011
0100100101011110
0110101110011100
1111101011000010
1111001101000000
1010100011000100
1000111000000111
1010011000001101
1000000000000110
1100110111011011
1000011010101000
0101101111001100
0011111010001001
0010010010010000
1101100001100000
0001011111010011
0010000100010111
1001111001100011
1010001011100110
1110001101000110
0101010010111011
0110110111011100
1000000110111011
1100101001011000
0001000110100011
0100001010101001
0000101110101010
0010110011010110
1000010011111100
1100010011111010
1010001110111101
0011000000001110
0100010010000010
1001010001101110
0000110111110001
1110100010111100
0110111110101101
0010100110000101
0011011010101101
0101011010100100
0110010111111110
0010100111011100
1010011111010001
0011110110010010
1001010100011100
0000000011101000
0100011000010100
1010101000111000
0001101011000000
0001100010101011
0111100011111110
1000001101011101
1001010010000110
0101000001010100
0011111111000110
0001100110001011
0001010011100101
0000110010110101
1001111111010110
1000001111111111
1011110011100111
0111001101000010
1001010100101100
0001100000110000
0001101111011111
0010010000000001
0000000001100010
0000101001011100
1110011101101010
0000010101101100
1101111110010001
0000100111110101
0111001111101111
0001101100000000
1100001111111111
0111100101110111
1111001111100110
0001110000000010
0011110011100010
1010101110000011
0100001110010100
0001110000000101
1001110110110111
1101011100001000
1101010010110100
1011111010001010
0011111100101001
0100101010001001
0000010111001000
1000010111111100
0001101110101011
0000010010111010
0101110100110101
0010000101000000
1111110000101010
0010001011000100
0010011100111011
0111111110101010
0001010011011100
0111110100111011
0001011100011010
1110011000000010
1011110000010111
0010001001000001
0110001000111001
1000111000011001
1111001011110101
0101110100001100
0000011101110111
1111010100001111
1111011111101111
1001011101001001
1111000010111111
0111000000000110
1001101110001101
0001100100011100
0001001011010011
1101111001011100
0000001110001010
1001001001011110
1100000000110101
0100111101011101
1010111101111000
0000011111011100
1100010000101010
1110110011000011
0111010110110011
1000110001110010
1101100001000011
1110111010111110
1010000110110000
1100011100001001
1101101001111110
0110110000000001
1010101101101010
0111111110111110
1110101001111101
0011000010111011
1001010110111101
0101100010101111
1110010011000010
0100010001010000
0011001000010100
0111111101010101
0011110101000101
0100101101001100
1110010011000010
1000100100010011
0111100000110110
1001101010000110
0011100111111000
0010100111010011
1001101110001101
1001010011111011
1011110010001000
1110001100111010
1111000011001111
0111001111110101
0000011110011001
1011000011000000
1010001000101100
0001110110110011
1111000001000011
1111011101010111
0101111110010000
0010001101000100
1010111011111001
1111110001101000
0101111100001000
1010111000111000
0000000001001100
0001001001100101
1111010010001011
1111111001100010
1101010110100000
1111101001010110
1101100110010011
1110011010110011
1010010110110000
1001110111100010
1010111110100011
0000010000100011
1010101111001010
1100110001110110
0101010101101000
1101111010111100
1111100011001100
1001101100100100
1000101011010111
1001111110101011
1101110011101111
0100111001101010
1101110000011010
1001100011000001
0111011001101101
1101111001001110
1000110010000101
1011001001000010
1000101011100000
1010000001111010
0101011111001010
1001110000101010
1000011010010110
0111111111001110
0101001000001011
0011101111001101
0000001100001111
1001000100101010
0101001001011110
0100010110111100
0100101110001101
1110101101100101
1110110111010011
1101011011010111
1101001000101001
0100100011001100
0010010000101001
1011000011001111
0011001010111100
1010101110111001
0111101110101100
1010110110001100
1110100010111101
0101011001100011
1100111101100110
1000100100110010
0011001001000111
0001011000110001
0100001001110001
0000101110011100
1101010011001011
1010000000101010
0100111000110100
1101100100110101
0011100111101010
1101010011100001
1101010111111100
0001001110111010
0001100111111010
1000101010011001
1110001111101111
1101011000100111
1111011000111001
0011111110100010
0000001111010100
0110000010110111
0101100000110100
0010111010101000
0101001011101110
0110110111111001
1001001100000011
1001100001001101
1100011000000011
1010011101000110
0100111011101001
0101110000001101
1010100111101100
1010110110010100
0110001111010101
1110001111001011
1100010000000001
1111100001110100
0110011010110001
0110110001011001
1100100010000011
0011011001101110
1100100011100000
0110010101011011
1101111001111010
0100101001011000
0000010010001011
0100000111000010
0000011111000011
0110010111000001
0010100100101110
0011110000110100
1011010001000110
0010011000000110
1110111011101010
1110101111011101
1000001011011101
0001100111111000
0010001010001000
1111010010111111
0011000111001000
0001001011011010
0111001111010011
1110010001111101
1111001011100001
0111010101010111
0101011111100010
0100001100110001
1011100010001010
1001000011011011
1011001000111101
1110101011000001
1001100011111001
1101110011011100
0010111110010000
1101010001111001
1101001000011000
0010011000000110
0001010010101011
1100111101011000
1000111101001000
0100101111110111
0111000010011111
0000110110010001
1110000001000011
0011011110110001
0000010010110011
0110110001110101
0111111100000001
1100010011010011
0001010100100000
1101100011100101
0001011001001000
1000010010111010
1110100000111010
0100100001101100
1011100011111110
1000001001011101
1001101100000000
0111110100101000
1000100010010100
0001000110010011
1110010010010100
1100110010010110
0101100101100000
1001101010100010
1111100110010100
0001000011101101
0101100000100101
0100101000000000
0010101100011000
0010001101110110
1101001000000011
1111111000001111
1010111111011001
1110010001000001
1101111011011111
0010111100001110
1100111000010011
1010111111110101
1000110101010100
1110001000010001
0000111110110000
0101000111001110
0110010001010110
0011000001101010
0011010111001100
0011111111100100
1111100011101101
1011101101010100
1111101000101010
1110001000101110
1100000000110010
1001000111010000
1110011100011000
0111101001100011
0110100011110010
0000100111111010
1010111010100001
0011001011110111
0000001001111001
1001110101001010
1100000000101101
0001111010010101
