1001001001011011
1110000111010011
1100011010000111
1100100110110001
1000010010101111
0010001010111011
1011110101101000
1010110100100110
0101111011011010
1001111111000111
0010010100100000
0010110000001101
0010000001011110
0111000011101010
0111100011000100
1101001011101000
1100011101000011
1111010011110001
1101101011100110
0010110111011010
1101111100101001
1101000101110010
1010111101111111
0001000011000001
1101111010011001
1110010101101101
0000001110110001
1010111010000101
1001010010100011
1000010011110001
0110000101010101
0111011010001111
1000001011011000
1100000000110000
0011011001101001
1111111101111010
0100000110011111
0011000001010100
0001101100110000
1011100100011000
0110000100110001
1100000010101001
1011010110100101
1111111010000000
0000011001010100
1011111010010100
1111101000101001
1111001110100001
1110010111101100
1111101111001011
1101010110110110
0001101001011001
0110101110000000
0110100100001000
0111111010010100
1101010000110011
1000100111100100
0010110111011011
1110001110101001
1100001011010101
1011101110010010
0000111000001110
0111100111010110
0110010000100111
0111101101011111
1010011011001001
1111010001110000
1100000000100000
1100000000000100
1001100010001100
1111111001101001
0010101011100001
0010010101000010
0111001000111000
1111010011010011
1111111101100001
1010110011000011
0011101110110100
0100110000101011
1100001101011010
1111100000100001
1011000100011011
0000100101111101
1011100001001001
0000001100111111
0001100101111100
0000000000000111
1111011001100011
0111001010001000
0011000110011100
1110010110011001
0000101100001000
1111110000011100
0001011101001110
1111111101011111
0100110111011011
0010110110100100
0010111101010011
1110000111010111
0001110100100010
0010101001111010
1110111110110000
1011011001101111
0111100111110101
1101110010011111
1010110101101110
1011001000101101
1000100100110001
1101010001111011
1111000101100100
1011101101110100
0000001100101111
0110000010011110
0101100011011010
0111011101110111
1010001000100111
0010001111111100
1011100010010001
1011100001111000
1000010001010011
1010010011110101
0000110110001111
1111101110011011
1011100001100100
0011011000100101
0001011010100110
1101100100111111
0010111111010011
0111011010011001
0101101010110101
1001011011100010
0010101011111011
1001001001000010
1111011011101011
0100110111010101
1100011001001111
0000011101001011
0011000010010010
0111101010000101
1100110110011011
0101010110011110
1000101110000011
1001110101110000
0111110101110101
0011100010001010
0001101110010110
0101100110011101
1101101100011001
0011100100111010
1010001110011010
1101000101110100
1010100101011110
1100101011011010
1010110000110010
0010011100100100
0011010011110111
1010010110011111
1011001111011010
1110000110000000
1110000000010110
1110101111000010
0111110111100101
0111100011011010
1001001110100001
1000100100011100
1101111110110101
0011000011010001
1100111100100100
1101110110101101
0001110100101100
1010101100011110
0111100110010111
1001110001001101
1011011110010011
0100100010010001
0010100010011001
0100100011010101
1111010110001110
0000000011001111
1000001010011010
0010111111111011
1000001000100100
0110100001001100
1000110111000011
1111100011010010
0101101100011111
1111111101000100
1001001101101110
1100101111110111
0011001001011111
0110011010111011
1100010101000011
1101000100010010
0011000101001100
0010101000100011
1011010010110010
1000010111101110
1101000000100011
1011001101111100
1000110010001001
1100001000000100
0000111011001111
1011110011110100
1000110101100011
0011111000011100
0100001011011111
0010100001111110
0001001000110100
0001001111100100
0100010000110100
1011001000110101
1001101110001101
0011110110010000
1110101000101011
1001011001010000
1001101011010101
1000101001111010
1010001011011111
0100010110110001
0110011101100111
0110011111100100
1001110001100110
0110101100101100
0001111111010000
0000111010010011
1110100001101010
1111001000101011
0001101101011100
1000001111101111
0100000110111101
0111000110010110
1011111111000000
1110011011011001
0100000000011101
1010011010100001
1110000110011000
1111010100111010
0111000100111101
1111001010111111
0101100101001000
0001001100000000
0110100011100001
0111000100101100
0111110000101000
0011010110000101
0001111110100101
1111111000000000
0000101110001011
1101110011100100
0101001110000110
1011000000100100
1001010010111111
1010001111111010
1101110001001001
0000011111101001
1111011101011010
1000010010100001
1100110101110111
0011010110000111
0110011101111000
1000111101010111
0111101001001011
1111000110110110
0010010101100100
1010101111011111
0110000011000100
1010000110100000
1100001111100001
1001001010011010
1011000010011111
0000000100110011
0000101101010011
1101001011101000
1101100000010101
0000000000001110
1011010000000110
1010000110111000
0001101010000001
0001010101000111
1110001011101010
1010001011111101
0000011001001000
1110111100100101
0111110100010100
1010100000100110
0100101010101111
0011110011111100
1010001000101000
1010110011010001
0111010111111010
0001101101101101
1111101101110001
1101011111010000
1110001100110000
1100000110101011
1111011000000101
1110100011011101
0101100110100111
0001010101001011
1111110110000101
1110010110010101
0001110100100111
0001000100010001
1010101011110010
0001100001001100
1101111000011010
0100000100100011
1000100101110110
0011111001000011
0100101110101100
1110101111001111
0001000111111010
1000011001000010
0000110100001011
0010000110111110
1101000000000011
1010000010001001
0010100110101100
0010110001111111
0100110000111001
0010100101000001
0010010011111010
0001110111001110
1100011010111001
0000010011101110
0100110111110100
0111111011000100
1000010000101010
0110111101100101
1101011111011000
1011111111011100
1000100101101110
0111001111010011
1101100111010101
1100010011111100
0011000011101101
0010011111000000
0011100110011001
1111000111111011
0101100000001010
1010110100100110
0110111100111011
0111101001010101
0101111101111000
1111010010000011
1010100010101111
1000010100010111
1000101011100100
1100101000110001
1011110011111110
0000001010101100
0001110111010111
0110000101110100
0100001110110000
1101111101100101
0110110110001111
0100100101110011
1101000100110011
0110001111000000
0100001111111101
0010101101111110
1111111010001100
0110001010000011
1110101000111100
1100100101101000
1001110011100011
1101100101101010
1110010111101100
1011111110100010
0001011011001110
1100010011001011
1000001000010101
0100010010001011
0000101101010001
0110010101011110
1111000001011011
1000110111111010
1101010000011111
1110011001010100
0000110001111001
0001100001010110
1100101100101110
0100001001111001
0101001010000011
1000001011011100
1111100111100000
0010011111001000
0010011100110001
1000001100011111
0011101111000010
0101111101100011
0000100011010110
1111000010011101
1011100001000101
1101100111010110
0100110100010100
1111110000111111
1101100011001001
0000111111001010
0110010111101000
0001111110101010
1011001001111011
0101111111011101
1011110001000110
1010100100011101
1111011100000001
1101111001010010
1001110100010001
1001011000110010
0111100010111011
1000011110010011
0101010100100100
1100000011010111
1101000111111001
1011110011101010
0001110100110100
0100111100100011
1001000110000010
1111100100000100
0101010010001110
1001011110011011
1100010101011011
1101101110000110
0001010000001001
1011001001100001
0100011110101001
1101111100111100
1000000111111010
0010010111100101
0000010001011001
1010111101010000
0111000111100011
1011111110010110
0011010111000111
0101111111110011
0011010000010111
0110101111100010
1111101111011111
1001110011110111
0011101111100010
0100100101010101
1111100101111000
0110011001000001
0010110011010000
1100010101110011
0010111010000101
0001010001000011
1100100100011101
1001000110000011
0111010111110010
0001110000110100
1101000010100100
0001000011011011
0100101000010001
1101111100001110
0010101010101111
0101100010101001
0011101110111000
0111011010010011
1111111111001010
0001101110101010
0111001111111110
1001010111101100
1001101100100000
1111110111110010
0000111000000011
1111011101010101
1001111101101111
1111001110010011
1111110001011101
1010010110111000
1010001001110110
0100001011111000
0100100000110110
0110110100110010
0111001000111010
1111000010100001
0010001111110110
0011101001000111
0011010010101000
1100101001111001
0111010011110100
1100011010101101
0101010110001110
1010101110100011
0001101010101010
0100011000011011
1100101011110100
0010010111100100
0111110111101000
1111100100111011
1110101011110001
1100001110000000
1111110101101000
0001100110110001
1000001011000100
0001110001001101
1100101111101100
1100101011111101
0100111011101010
0111000110001101
0001100110100011
0110000001011111
1101000011001111
0111111001110100
1000100101110000
1111001111111000
0010101110110111
1111111011011110
0011111010010001
0100011010000110
