1101100101101111
0111000011101010
1110101011000010
0000100000011100
0111110101000011
0110101111000110
1010010101001010
1011000110111011
0110010011000101
0101010011110100
1100011110001111
0000010000101101
1111100111111010
0011111000000100
1110101111000011
0000101111111100
1010011000010001
1001101010100000
0010001100111100
1101110011101100
1010010001011000
0011010010001001
1100100000111101
1011010010110110
1011000111100011
1001001100100100
1111110001111000
0001011101001100
1110100001101100
0110111000101101
1101000101100000
0010110001101111
1100010011011000
0100011110100011
0001011111010111
0111010100100110
1111011010011011
0101011011101110
1101110001110001
0101000011011000
1111000111111000
1100010101111000
0010111011100011
0100101101000110
0010111010001000
1000111111111110
1110111001011001
1010110011001010
1101000111101111
0011101010110000
0000111101000001
1110111101001101
1111011001000111
0001001000011010
1101101001101000
0100110010000000
0100100000011010
0110101010011001
1101001001110010
0110111001100000
1001101001101010
1011101011101101
0001000011101101
0100110010001011
0111001110111001
1101101011110000
1111010010000001
1111001111110000
0010111010110101
0011000100000000
1110001101000001
0000101010010110
1111000000101110
1110101100110010
1010101110011110
0110100100101001
1101010011010100
1001110101001101
1110111101000011
1110101011101101
0000100000101001
1010110001000001
0100111100000000
1011100000101100
1010010000101001
0111011011111100
1011010111011011
1101000111110101
1000100101110111
0100001011001100
0110111101100000
1000001101011100
1100110000010100
0000101111111001
1000100011000001
0001010101001100
1110111100010001
0100011001101111
1110100111011010
0000101000101011
1000110010100000
1010011001000001
0011011000101111
0001110010011011
0011010100011111
1110011011100000
0001101110111101
1000001001101100
1111110101111111
1111011000110010
1100011010101101
0010100110111001
0011111000101001
1000100011100110
0001100100010010
1100000100000011
0100010111100101
1100000000001010
1101111010000010
1010110000100100
1110110110101100
1101111101000110
0111001111111000
0001100100000100
1110010111101011
0010001001010000
0000011001110111
1000011100011000
1100000000000011
1111101100101000
1001001001000001
1000011010111111
1101100011001011
0110011011001010
1001001001011000
1101001111111000
1110000001010001
0010001000111101
1101001001100010
1111100100000100
1011111010001011
1001011011001100
0010111010011001
0100000111111101
0001011110001011
1011000011011001
0100000110100110
1011011101111111
0000001111010101
0010100100110110
0000101111111100
1010010001100110
0110111011100010
1111101011110010
1010110101001001
1010010001010000
1011001000101001
0011001010111111
0010010000000100
1000010111010111
0001011000001101
0001101110000001
1010100101001000
0111101100101000
1011100111011100
1010100100100110
1010001011111000
0010010000000111
0001110110101110
1111001110100011
1000101000100110
1011110111000101
1101010101001010
1110110110011110
0110111101100111
1111111001100011
0101010110011110
0111011010111011
0010011111111100
0101010110100011
0000001100011100
0111101010011011
1000010000101001
0001010111000110
0110110100110001
1000000100011110
0111000111110110
0001010000111110
1000101011001101
1001111101000010
1011011011111100
1110110110101110
0000001111100001
0001101001001010
0100101110101011
0111000101100000
1100001100010000
1111111011010111
1010110001111101
1011110100101110
1101011001010100
1010100000100100
0111111011111110
0110111010101010
1111000100011000
0110101010011101
1111111010001111
1101011111101100
1001000101101001
0111111001011101
1110100110000101
1000011110001011
1110010111001000
1111011000011101
1000011101110010
0111111111001111
0100111111010011
1011111000001001
0000101110010101
0001010000110101
1101000010101110
0110000101101111
1110101010111111
0000010100100110
1101110001001111
0000111101110001
0100000101110111
1010001001111001
1100111100000011
1011111011110000
0100000000100110
1001010000110010
1001011010000000
1011010001101100
0001010000100010
0011000100100111
0111000111011011
1011101011101101
0110001000011010
1001100001011001
1110010010000101
0001000100011000
0101101110011111
1000010011111011
0000000000000001
0111011111001101
0000111000111101
1100100100010001
0010100000100100
1001111111110111
0000111001100011
1110101110001001
1110010100110110
1010100101010010
0000001000111010
1111111110100100
1110010001011010
0000101110001100
1001010100100101
0111100000111011
1111010011110000
1100100011000000
1000001011001100
0100010000010111
1011000011010101
0100100000100011
1100000001011011
0110010000100110
1010100110111011
1101010100111011
1011011101010111
1110000101001111
0000000111111001
0111001001101010
0110001100111000
1000010100001111
0100010101001000
1111001101111011
1000000110001010
0011111110110110
1011000101100100
1010010110101010
0001100111001110
0111110110010011
1000110111010101
0111011111011010
1001000100110111
0000111100010110
1000011000000100
1100101111000101
1110110101100010
0001110010101110
1111001100100000
1011010010000001
0011010010010010
1011010000010101
0111000101101001
0101011100011011
1101001001110011
1001101011110000
0001001101011110
0001011001100101
1101111011010010
0110010100001011
1000101001011110
1001101110000101
0001010100101100
0010010110000001
0011000110001100
1110101100011111
1010101011110011
1101011100000001
0100101111110110
1010101001000111
0101110001110110
0000001011001001
1010001001001001
1101101101100011
0001100110101011
0100100111100011
1001100001010111
0100111000011101
1111010100101000
1001110010000010
1001000010010100
0001101101011101
0110001010010000
1110001100010011
1101010101101100
1000010001111100
0011011010110000
1111001011101011
0010110011000001
1001011110101100
1001010001000000
0001010111110111
1111000010000101
1011000100110101
0011001111100000
0110011111101000
0100010101000010
1011011100110111
1010110100111011
0011110000101110
1100100110100100
1001101111001010
0000111001001010
1111100110001110
1010100101111001
1100111111111100
0101110110011001
0100010101100100
0100100010001110
0000010010000100
1100010011001011
1010001111101100
0000001000111110
1010111011001111
1100001110010100
0100111101101110
0000100011011110
1010110100100010
1111010001100110
1000001011010011
1001110010001101
1110011110010010
1111100010001011
0100111001001100
0001000110110001
0010010111100010
1010010010010101
1001010100110000
1111000010000000
0010000000111011
0011001101000001
0010110110110001
1011011110110001
0111111110111001
0000111000010000
1011101001010110
1111110111010000
1000100110000010
1110101101010100
0001000101111100
0101111101010000
1011101100111110
1101110111110011
1010101101010101
0000000000011001
0010011100101010
0011000001001001
1001110011011011
0011011011101010
0111001010100011
1110111100010010
1001100101111111
0101100000001111
1111101000101111
1001110101101111
1110001100101000
1001011000111011
1111001111000000
0001111000101010
1101110110000111
0001100010011111
0001010101010100
1100001010001100
1111110110010010
1110101111110010
1000111001100011
0011110011011110
0011110010111011
0010000101000000
1010010111111101
1011011010100110
1011110010000100
1001110101010110
0010111100111010
0011101100111000
1000110101100110
0110000001001000
1101001101100100
1000110010000110
1001010110101010
1001100110011111
1000001001111001
1010100110000110
1010010111001010
0100100000011001
1000010111000000
1010010000000111
0110011001101011
0001010101001001
0001111100101101
0101011011100110
1001100001000100
1100011100110110
0011110011111000
1000101110000011
1010011100011010
0001100110001011
0100100010000111
1100010100001111
0110101001101011
1100001101011010
0010100010010011
0101011111000111
0000100101111101
0001001010001111
1001110000101010
1111000110110110
0110001110110110
0100010001110100
0111101110110101
0111001011000010
1101011101010001
1111000001100100
0100100110000011
0111101110001011
0011010000001001
0101111100100011
0010111110100001
1101001101100001
0001110001110110
1100010100001100
0111001111111000
0010011011001110
0010110010111111
1110010010100010
1110010110010011
1001011001110011
0011010100010110
1001110011100011
1101111110001010
1000100001001110
0000000000010011
0001100101110011
1111011111011111
1110101000010111
0100001100001011
0111110100000110
1001100100011100
0110101110100111
1101011101110001
0110100001011110
0101101101111100
0100110100111011
1110110001001111
1100110011011010
0110111100010101
0101101010001001
0001111010101100
1001111111000100
0111101100001101
0110101011010000
1001010000110110
1111000010100100
1011010010000000
0111101100001101
0000010000001010
0000001110101101
1100010010001011
0001110010101110
0010000001000110
0101011011110111
1111111011011010
0001001101111000
1010100001100010
0011010101010101
1100110011001101
0001011011111010
