0010110000101011
0101011100111000
0010100110000010
0000111101011110
0001001011010100
0000101011100010
0100110001101011
0011001011110011
1111100011111101
1111000110101101
0010011000010110
0100011111011101
1011111001001001
0110001011111001
1001001010010011
1001010110101010
0000101100110010
0011011101000000
0110001001000100
0111110100001000
0110101000010110
0000110110101000
0111101100010011
0100010110001111
0110110101001101
0001011100011100
0110000011011011
0100111111000000
0000010011011101
0111100101001100
1110000111001011
1101010001111111
0001101111100110
0111011100000111
1010000001010010
1100010110100111
0001001000001000
1011100100011101
0101101001001111
1100000100111110
0111001000101100
0000001010111110
0110001001010110
1110000000001101
1000011100011101
0011101100001101
0010100010101011
1001010101010101
1111010110110101
1100011110111101
0011000101101011
0000011101011001
1100111100100011
1101010111010110
0001001111001010
1110010010101011
0100001111010000
0110001010010110
0011010110010000
1010011111111111
1100000100010100
0111010101100000
1000011000101111
1001001010011010
0001101000000001
1011000010011001
0001010011111111
0001010110110110
0100001010100011
0100111100110001
1001111010001101
1111010000100100
1011110011001011
0101000010100100
0111111010000100
1011001101110100
0000001101100000
1011000101010000
0001000001101100
0100000100110100
0110111100100000
1110001101101101
0001001010111101
1110100011000101
0110011100110000
1101000101011011
1110111101011010
1010010010111100
0010111111111000
0100010000100010
0111010100100111
1110000100001100
1010110101010100
1011101111100001
1111000110001100
1100010010000000
1000001100100001
0100101110010010
0011100010111111
1000101110001001
0111110110000000
0101000000000000
0111011001011100
0101110000100101
0010100100111100
0111001010011001
1101000010111000
1101110001100011
1000101111010100
1111111010110000
1000001101110010
1000101000010110
1011110110101111
1000111001100010
0110110101010110
0111110101101100
0001011100110001
1100111000101101
0100111011001101
0001111000100000
0011011000100010
1010011000101100
1111011111110101
1101111001110101
1011101111010110
1111101001111101
0001010001001110
1001101010111010
1000101100100010
0110000011000011
0011000001110010
0111000100011010
1110000100011100
1110100101010001
1101100110101010
1110100100001000
0010001011101000
1010110001111100
1111010110111110
1011110110001000
1000101000010001
0000101001010000
0011000011010111
1110111100000110
0011001100010100
0111000011101110
0011010011000010
0001110000101101
1011101110110010
1001100001110111
0111010011100000
1000110000110010
0000110010110100
1110110111010101
0111001011000010
1010001000101000
0111011010100010
1000111110111100
0110001010000001
1101110010101001
0011010111101100
0010000000100101
1101011001001000
1100101110010010
1101010010100000
0011111101000100
1110000110011110
1010010100100001
1101000101110101
0001010000111001
1010001111000001
1100011111110100
0001000101010110
0010010100111000
0010001011100110
1111100101101111
0110100101010010
0111011011101100
1110110100111100
0001110011100000
1010000011110001
0100010001000000
0110001101000101
0111011001011010
1100011001010110
1100001100011101
0000101100001000
1001000000101001
0101011011110110
1011111011011110
0101110011011100
0110100011110011
1101010000111101
1111010111101000
1011001110101011
0110100100001101
0101110101101011
0001001000010110
1110100010011111
1001110000110110
0010001100110011
0011111111110010
0000010101010011
1111100000010010
0000111001100001
1011010010100101
1000001000001111
0001011111111010
1000010001001011
0101010000011101
1010111110001001
0011011101010011
0001011111101001
1011000000101001
0101010000011110
1010001011111000
1000111100000010
1000011011111111
0001110100001101
0010000010100110
1111011000100011
1100011011101010
1111011100110110
0111011110101110
1110111001111100
1100100110001010
0101111101100001
0000100000110000
0010101111001111
1100011000101000
1110110110110000
0110111000101110
0011110010011010
0110001000011110
1101100101110010
0101100111101000
0100011000100110
0011010011000001
0001001000101111
0111101011001111
1111000101011110
1000110000000110
1100000100001011
0000010011101001
1101011111010100
0011000101000010
1011100111011101
0011110111001001
1010101001000101
1010111100011000
1000000110100010
0101010000111111
1110000100100000
1000111011010101
1111101110110111
0001011000110000
0011101101010100
1010101010110010
0001111110101010
0111111011100111
1101001111001001
0100000100010100
0001001010001001
1110010010111001
0000110000000111
1000100010011111
0001111111010001
1111001110010101
0110001100110000
1100011101001111
1010111010101010
1001111101100100
0101000110000111
1110101000100010
1010000010011000
1101011010100010
0101011010000101
1111100001001000
1011101010011110
1110000000010111
0111001111110111
1111101100100011
1110011000100100
1111001011000110
1001011010101100
1001000100011100
1000010010110101
0100000111010100
1111100111101110
0010111010000101
0011111000010010
0101010010110110
0100100011101010
1100101010010010
1100111001010110
0000001101000110
0110111011100010
1000100010001001
0010111000110001
0111010110101100
1100100101101110
0001111010000111
0110001110111010
1101000110100111
0111100111111010
0111100100111111
1110001101110001
0011101011110110
1101010010010111
0111111111101000
0011011101111011
1101100000001010
0100110001111111
0001010101100011
0100011110111111
1000100111110111
1101101110111101
1011000010111010
0111011110010101
1001110000011001
0011001000001010
0000110110111101
1101100010100110
1000001110001100
1111000001010100
1110001100001110
1010101101000100
0101100010010101
1010101100011100
0011010011010111
1111000110111111
1011111010001101
0100111111001100
0001011011100010
1111001010101110
1110111100110101
1111001010001000
0100000111101001
1010110000001100
0110111000110010
0000000110101000
1011110111000110
0001000001111010
0101010100001010
0101110001111111
1101100110110111
0101010111110111
1010001011100110
1110111011100001
1000010000010000
0000111011001001
1011001011010010
0100111001110011
1100011001001000
0001000010100000
1111101111001000
0010111111100110
0110010000110110
1000000101110011
0101010011001110
0001000110101101
0000111011101000
0000101101001110
1101101101100111
0100101101011001
0100001011100010
1101101001011001
0100111010001011
1100101010111000
1000010110101000
1111010010101000
1000011110011011
1011000101110110
0100001011110011
1100111001001111
1010111001100000
0101011100011110
1101100000100110
1011001100110001
0000010111001001
0001000001001101
1001110001001010
0000100100010100
1010001110100001
0110011100001101
1111100011010001
1101001101001110
0010100100010100
1101111111110100
0000110110100110
0101000010010101
0001101101110001
1000110111001111
0101101001100110
1110110001011001
0111100111101111
1101001111010111
1010010111011011
1111110111010001
1000010110011001
1111100101111001
0110101110110101
1110111010100011
1001100011001111
1011000010110110
0100001010010010
1000110111101011
1101100110100011
1100000101100000
0110001011001000
0110110110110011
0100101110101101
0111101111110010
0100010011100101
0001011110111000
1100010010000011
0000001001111100
0011011011101010
0110010010101101
1101000110101111
0011010100101001
0110000101000011
0011110100011001
1011011111100111
0011100001001000
1111010011111000
1100100110101011
0000010110101111
0101001111100100
1101111110100001
1011011000101001
1010001101100000
1000010111111010
1101101010110100
0010011110001010
1111010101010001
1111000011011001
1010110010111100
0011100011011010
1100101101001110
0101011100000000
0100010101101100
0011011110010110
0001111101001111
1110001101011101
0011111001111000
1000000110000000
1010111010100101
0010000111110011
0101001001111110
0110110001110011
0000000100011011
1101001001011001
1110110110011000
0100100110011100
1000010110011110
0000100100110110
1010000101111100
0000110010011001
1010000001010110
0100000001010000
0100000010010001
1001100100011010
0101010001111000
0110000001110000
1001100101110011
0011000011000110
0000010000110110
1010000011100000
1100111001111000
0010110000110101
1110111010001110
0100111101000111
1111100101010000
0010001100101111
1101001001101001
1100000101110011
0110010110000001
1001100000011010
0000001011000101
0011111111010011
0011011110010010
0011010001101110
0010000111111111
0100110111110111
1000010010101111
1101110110010010
0011011111000001
1110111111010111
0111101100100110
0111010000000001
0101000111011110
1110101011111001
1000001010101011
1011110110111111
0010101111010110
1101100010111111
0010010100110100
1110110111011101
1010101011100100
0110101010101010
0011010101011100
1100001111000100
1010001000101001
1101010011001111
1000000010000001
0000010110110110
0110011011001110
1110001100011001
0011101110101111
1111101100111111
