1011001100100010
0001110110011011
1110010110111001
0011110101011010
1010100011011110
0010111011011101
0011010001110000
0011000001101111
1000111010100110
0010110101111011
1100011110100000
1000111011101111
0010010000011110
1101110000001011
0001110101101100
1001100011111111
0000110111001101
0101101001111011
0000011011110010
0101011010111010
1010110110101110
1101000110101111
1110110110011100
1100100010100111
0101110100010101
1111010010010110
0100100010111000
1111011011001100
1110111101101001
0010001101100111
1100010100000010
1011010010011011
1000100111011111
1100001100100111
1100010001111010
0010110110111011
1010111110001110
1110010111111101
0100010011100100
1011110100111011
1100110101011000
0101000111101101
0011001000110011
1010010010010110
0110000101011101
0110111100001010
1110011110111011
1101000010000110
1011100011111101
1010000000011011
1110111001001000
0100010000000100
1000000111011001
0111110000110000
1010110000011111
1011111011110001
1111011110010110
0100001010000011
0101011100000110
0011110101101010
1110011111011001
1110010110111010
1111110101110111
0010101101000010
0111100000001000
1110110111011100
0011101111101111
1110111001000110
0100110000100101
0010010010111011
0001101011010101
0110111111111010
1100011011010111
1001010011000000
0000101011010100
0101111110001010
0010111111100101
0001111100111010
1000111001101101
1010000001000110
1001101001101011
1010101111101101
1110000010011101
1111100111101000
1101111000111110
0000100001000011
0000100010100100
0100011111010011
1000110000111000
1110011001100011
1010010111101010
1000110011010110
1011000011010001
0010000101000010
0011011000011000
1111000000010000
1101010101100111
0111100001001110
1101100001101001
1110111000011111
0101001010110000
0010010010111011
0010101011111010
1001111000010001
1111100010001101
1011101001010110
0111110101110100
1001010100100110
0101101101110101
0111111111000111
1111011111101000
0011100000101110
0100101100001010
1000111000110100
0110111000110110
1110001001001000
0111100100001101
1001111001110010
1100011001101000
1100000100110000
0000011101101010
1101100100010100
1101110100000101
0011000101111100
1111011101100001
1101101001111100
1111111010010000
0000011100110101
0101011111101010
1010101001111101
0100000101010010
1011011001111001
1001010110001100
1101111111000001
1001001101011001
1101001100001111
0101110101010000
1000110100010011
1010011010110001
1101010101010000
1110110000100000
0011100001100001
0000001000100110
1111101110000110
1011000011110111
1001011000110111
0011101110011010
0111010001101111
0100111101000101
1010000100001011
0000111110101100
0001010110110111
0111100010110000
0111011101000100
1011010110000000
0010010111010110
0001101001000100
0001110011101101
0001001110001110
0101011000011111
0100100001110110
0101001111101001
0101001100111100
0101111011110111
0101100101010000
0110111001011111
1010100110000100
0010000011010010
1001110110100000
1100011010010100
1110101011001100
0010001011111001
1111000011001111
0011001110001111
0000011011010100
1001001111001100
1100100101001001
1011111101000100
1100011010101011
1110000101100111
1110000100101011
1101001011110010
0010000110110011
0000110110100100
1100100010000000
0111110011110000
1000101101000000
0000011100001101
1000100110011011
0000100010111001
1101111010001101
1011001010001110
0001111011001110
1011001100101001
0010110001101111
1010000010100100
1101011100101001
1000000110000110
0000000010010001
0011001100001110
0101010001001101
1111101000010101
0001110011001001
0000000001100011
0101110101110010
0100101011110100
0100101011100000
0101011011000000
0101111100010110
0111010100011101
1011111101000001
1000110010101111
1101000101000110
1011100101010111
1111110010011101
0110010111011011
1100010100111000
1010010010111010
1011110000101010
1011100001000010
1110011101100110
1001111100000110
1001011111100010
0111101111010011
1111000110110001
1100100011101011
0111100111010100
1111101100100011
1111110011001101
0011000001111101
0000000010001011
0000100100001010
1100100010111000
0010110011011111
0101110101100101
0100011100000110
1010110100001001
0111110110101010
1001000101100111
0011001000010011
1011100001101011
0011011100100001
1000100100010001
1010000000000100
1110100101111010
0011001011000011
0100011010000010
1011000010011011
0000111001111111
0011111011101001
0100000101111100
0010011001100111
0111001010010001
1100110110010111
1000011000111110
1000111011110101
1110010010111110
0010101111000101
1010101000011000
0000010110011111
1011111111101011
0001011001101110
0101011101001100
0001100000010100
0100000111001001
1000100000111011
0100000010101000
0111010110100111
0101011000011110
0111110001011101
1111011000001100
0010111000001011
1010011000101000
0101101110001000
1101000101111001
1100101111100011
1000101010110111
0001100100101111
1111011110010100
1100000110001001
1000110111111100
0100001110110011
0010111101110101
1110100001101111
1101000101010001
0100011000111001
1011110000111010
1000011101110010
0010111010000010
1001010101101100
1000110011010000
0110011000010000
1101101011100101
0010001011110100
1110110000101111
0110011001111110
0001000011000101
0100011111100000
0100110011111111
0000111011000000
0011101111011010
0111111000101001
1010010011000001
0011110110001000
0111111111101110
0011011010111010
0001100100111000
1011110100111011
0011010101011000
0101001111110101
0101011011111101
1110101001100000
1100000100000111
1110100001011111
1101100010010011
1100101101011100
0010110001011011
0001110101111111
1011111001000110
0001100010000100
1000001011101111
0100010011001101
0110101001010010
1001100001100100
0000110111010111
1101101001011101
1000011111001111
0011011010111100
0010011001101100
1000111011100001
0010110011111111
1111011110010011
0101110000110110
1101001010101110
1000000000100101
0100010001011000
1110000010000010
0101010010000101
0110011000110100
0000000100110001
0110101010000001
0011111110110000
1001000110001110
1100000100001110
0100111100010111
1001100101011101
0001000011001001
1011001011111101
0000011101000011
0110100110100100
0100001011101110
1011001100010111
0100101000110110
1000000011000010
1111100010011001
1101110000100000
1100101100011111
0000110101001110
1010010101110110
1100110010111110
0001000101110110
1110001111000101
1100011111110100
1001101001110101
1001001000110110
1000110010000001
1110000010010010
1000110100011100
1110111000010110
1001011010011010
0111011110100110
0110011111100011
1011001001010001
0000100010000000
0100110101101110
1100111011100001
0000011110100101
0011001110101011
1110001001111101
1011110111001100
1010100110100000
1000110111100010
0001010000011000
0101110111101011
0001011110000001
0101000100001111
0110000011010001
1100100011111001
1011001010101010
0111010000100101
0111011010111001
0101010011101000
1011011110001111
0100100111010000
0001001010000101
0000010100001010
0001001100110101
1100010101100111
1011100011100110
0010000110011111
0011101101011110
0111000110110001
0110100110111001
1010011101000100
1001110010101111
0010110100011011
1101101101100111
0001001100010101
1010111001001000
1000110100010000
1101100010110100
1110110100001110
0010011001000011
1010011101000001
0100001111000001
0011001001000010
1110111001100011
1011100010010010
0010100011101000
0001111110001110
0111111011111101
1010011000100001
0111001011101111
1000001011010111
1001000101100000
1010001011100111
1000001111000101
0110101111011110
1110001111101001
0000110000111000
0101101101111001
1100111110101000
1001100100101100
1000100110011011
0010101000000101
1000100001011001
1111111010101010
0110011000110011
0111110000100111
0010000010110011
0100111000010001
0101011000111111
0111000110100000
1100010011110110
1001111001000110
0110101100100010
0010010010110011
0011000001110111
0100100011101110
1011110111111111
0110111110100000
1110000101110001
0101110101111001
0011100101001001
1101101110110100
1100011110100101
1110010001111111
0000011010101111
0101000101010010
1101101001110100
1111101010001110
0001001111001100
1111110110101111
0011000011110001
1010101010110000
1100011100011110
1011111010001001
1000110111101110
0001011111001011
1000101110000100
1011101010000011
1011001011101111
0100111110110111
0110010011111111
0001110101111000
1110101111000011
1010100011000000
1111011110100101
1010000101011011
1010000010111010
0001110111011111
0111110011011100
1011110010110100
0010001001100010
1100010111101101
0100000011111101
0111111010100010
1001010100010010
0101011110100011
1100101001000000
0100101100110010
1111001111000100
0101110001100110
0000011111010000
0101110000010100
0110010000100010
1100101000101010
0001011001100111
0111100110010011
0000000111110001
1101101110001001
0000000101110110
0001100101101110
1001001000011010
0111000010001000
0101001110000111
0111110011101111
1001100100000100
0011001011110101
1000010010100010
1100101111011100
