1100111100011101
0101111011101110
1010111010100001
1000110001000000
0001001111011110
1000111100000101
0011010001100001
0000100000010111
1101110001001100
1101100011010101
1001110011101011
1101000111101001
1111101001111001
1100000010001001
1101110101010011
1000011100000001
1010011110110101
0011110011101010
0001101111011101
0101011001010111
1001100000110100
0000100011000110
1110010011000000
1110101011000111
1101101101011101
1001110010000101
1110111000110010
1011011011010100
1110000110110110
1010000100100001
1111011001111101
1000110001000000
0001011001000110
0010110010101011
0011101011111011
1000011110010010
1011001001011011
0111101110111111
0001000000101110
1100010110001101
1111111000010000
0001100111111000
1100101111010111
1000000101001000
0110011010010100
0001111111111101
0011010100001010
1101110111111000
1100111100110110
1100000001010011
1111101100111011
1001111110100010
1110111100011001
0000110011111010
1110100101111011
0101001101110010
0011000100110001
1010011000100010
0111101100111101
0110010111001111
0100100010110011
1101101101011010
1100010101101000
1111100101010100
1010001101001101
1000010111111100
0100000100100001
0001001000011100
1001011110100000
0101101101010111
1011011100100011
0110110001101001
0101010011010110
1000100110010111
0001100000000101
1011100111111001
0011001110100100
1101011001101010
1101010111001001
0001111010011010
1101010000001000
1010100001000000
1101011110110000
1100000001000111
0011011101111010
1000111001101011
1111100101010010
0010100010001111
1000000010011100
1001010011100010
1001011111000000
0011011011010100
1010101101111011
1111100111100110
1000111001010111
1110111011101101
0001010101010111
0001110110010011
0001110010110000
0111110111101100
0101000100000011
1111110110111101
1101110111110111
1101001001100111
1001101110011110
1100010100011111
1010001101011001
0010010100000000
0110001000010101
0000001010011110
1010000010110110
1111110000000100
0001010110000111
0111011001101011
1000100110000010
0010110100010111
0000100110011010
0100010111100010
0100011010110110
1010111100100110
0000010010001011
0110101111010101
1001101000011111
1101011111010011
0101100001110010
1100100100001111
1111010101110010
1001110010111000
1001101100010001
0011000100101010
0001110111111011
0100001100000111
1001101111010000
0110110110011000
0111101110011010
1000111110011010
1000111011111010
0111111101100111
1100100011001100
1100111011001001
1010001110000110
1110110010011111
1100010010010000
1110000001101111
1101001110111100
1000111000110011
0101101101001001
1011010101001100
0001011101101011
0100000100111110
0110010010111110
1001111110110100
0010110110011000
1101100000101000
1101111010011100
0011011101011001
0110100101110101
1100000101111010
1101101000011110
1111000101000001
0101110010110110
1010010011101101
1111001111001011
0011111100110100
1011110111101010
0010110101100011
0110111101001111
0101010100010001
0110001000010011
1100011011010001
0011101001010111
0100111001010111
0000111011011000
1000010011011111
0011000001110011
1100101000011001
0011110110011111
0000101111000010
1110010101000010
0000100111010101
1011001011100110
0100010101000000
1111100100000000
0100100110110110
0010111101011100
1011111000010111
1110010101000101
0000101010010011
0000010001001100
1101000011110010
1111000110001110
0010001100110011
0011111001101110
1101101101100110
0111101011100111
0110001010111011
0110001110100011
1011101101111011
0000010100001110
1010101101011100
0101010000101100
0001010101010000
1000110000000110
0011100001101100
0111110001000100
0100100101100010
0101010110010110
1011101001001111
1001011111000100
0100101000001011
0111100111110010
0010011000111001
1001001111001111
0000010100001100
0010011000100011
0111001001010100
1111010100110111
0001101000010011
1000110110101101
0000111011001000
1001001011001101
1100001010000110
1011001001110101
0010111110110101
1101010110001000
1100001001110100
0000001100001100
0101010001010010
1000001011001000
0011001001011100
1111111001000110
0111001101110100
0101110100100000
1111011001101101
1101100010101000
1011010110101100
1001000011011000
0001011110000011
1011010001110001
1111000111101000
1110000101010110
1010101010100011
1111100100011011
1001010101001100
1100011101100111
1011110111001100
0011010010000101
0101111110111101
1111010011000111
1100111010110101
0000010011100111
1111111000100000
0100101101101010
1101100111110100
0011001101011010
1010011000010010
1110111111110000
0000100001011011
0011111111110101
0000101101011111
0101011010100000
0010111100010000
0111000110000001
1101000110101000
0101011111000010
0001011111000100
1011001010101010
0110011010011001
1001111101001000
1101001111110110
1110000000100001
0000110010111001
0111110011011001
1010110010101000
0111000111101100
1111111111000101
1010001101110100
1110000100010101
1111111000010111
0000100111011101
1011001000011011
1000100100100110
0110000100101111
1111001111111110
1010111000101000
0100011000100001
0110010101011011
1011001011110010
1011001110101010
1111000110010010
0110110001101101
0111111010010010
0010100100011000
1000101111110111
1111001100001000
0110111010110101
1000010110100000
1101000001111101
1011000100001000
1101000000111101
0010111101001010
1110010001100110
0100101110111100
1000001011001000
1000100101110100
0100100101010101
0011100001011010
1101111111101110
1011101000101010
1000000010110111
1011001111001001
1101010010000010
0110011100111010
0011011001001010
1110010101100011
0111000000001100
1001000001100011
1011100011110101
1101101000101101
0110000011000010
1111111011110001
1000000011111011
0110001001000001
1111100010111110
1011110010010111
0000011001011111
0001101111000110
1111000010100100
1111000000011011
1001110011000011
0110100101000100
0001100101101011
0001110111110100
0001001000101000
0100100001101100
0101101101101110
0011110101101100
0000010010111010
1110000110010101
1100101001001011
1010111000111110
1100001000110001
0100011111100111
0111110110001111
0011111101101101
1011101111011100
1010011110001100
1000110101100100
1001111111101001
0010001110100101
1000000111101010
1010010011011100
1101001001100101
1000101001100100
1111010001011111
1110100111101011
0111101111111000
0011110011110110
0000111001101010
0010001111011100
0110100100000010
0000111000001101
0010001110110000
0011100000011101
0001011110111101
1010100001111101
0011010100101011
0011110010000111
0011100000010110
0010110111111001
1000010001010100
0110010001100001
1110000010010100
0001010010100011
0000010100011111
0000000110100010
0010100110110010
1111111001001011
1010101000010011
1010110110101000
0010110010101010
1000000000001011
1101000001101100
0100100010001010
1000010111011001
0001101011110110
1100111001110110
1000001111110110
0010111100101101
1010000110110011
1000000100011011
1000111110111000
1001011100010111
1010111100111110
0101001010101101
1001001100111101
0011101000110110
1110010100001110
1001100101011000
0101000101111011
0110000111001110
0100100001000100
0001011111010101
0000010110001001
1001111100000101
1100000010111011
1010111100100100
1011111110100100
1100101110011011
1110010101001100
1010110110000010
0011001101101011
0101011110010101
0001110100110110
1010111000110101
1100111010111100
1111000101001110
0000001110000100
0101010001011010
0101010100010010
1100001101101010
0000100100010001
1000000110010011
1100100011011110
1011011100101101
0000010000001101
0101111111101010
1111010000011101
0010001100000010
1111110111000101
1000110111010000
1111011110110000
1010101001101110
1001001011110000
1010110011100010
1010111110001001
0001001010010110
0010111111110101
1110011000010010
0001101110101010
0110001110010011
0000101111111101
0101011010101101
1100001100111011
1100011110101110
0110000000101100
1110100110011100
0100011010110110
0100111100010000
1101110111101001
1111101010010000
0001100010110001
1110101100100110
1101011100101101
0001110110010110
1101000100011011
0000111111010011
1101111111001011
0110001101100010
0101110011011011
1000100110000100
1010010001000000
0010110001010011
1100010010110111
1101110111110001
0010110101000110
0010010110110010
1111011111001011
0001000010011100
1001010111011010
1111001100110100
0100110000101101
0001111001111100
0001110010101110
1101011000110001
0010010000101110
0101110100100011
1101110011011101
1101100100010001
1110100010010110
0111100001010001
0100011100110000
0100101000111100
1000110111000000
1101001011100011
0001110100000111
1011100100110101
0010100100111001
0111000110000001
0000110111010010
1010010100001011
1111101111110011
0010001001011010
0011011011000111
1111010101101111
0010110100101010
1000011111010101
1010111010001001
0100011001111100
1001101010001011
1010100111011111
1000101010011111
1001001101111001
1011000011010110
1100000001000011
1100000010011100
0000001000001001
0011010101101000
1011110010110000
0011100110101101
1010101101001001
