0110100110010001
0001111011111111
1001100100101100
0000101111011011
1100111000100101
0101100000110110
0111101110101100
0101110000000100
0100111011110010
0000100110110001
1001011001010011
0000111000000101
1100100111100010
0011001111111000
1010100111010011
1011101010011101
1001111101011010
1001101000000100
0100000101011010
1001111010000110
0000001010000101
0110101101111001
0010000011110100
1000010100111110
1010001110000101
1110001110011100
0100101000010001
1110111111111100
0000000111001111
0110101110001010
1110000101001110
1110000010100000
1010001101001010
1001110101100101
0100111000100111
1101100110010000
1000000101101000
0010101111001100
0000010110110001
1110101100111010
1011010000101101
0111001011111111
0111011001000011
1111111110100010
0000110111000100
0010011110001111
1111011101000010
0001010110000011
1001000100001111
1000111101111011
1010110110001011
0100101000001000
0000001010010100
1010011111101010
0111000000010010
0111101100001001
0101111110010101
0010001000110011
0110011101100010
0111010111110100
1100000010110010
1011100100001001
1100101101110000
0111001000000110
1010110110001000
1110111011111000
1011001111111100
1100100000010000
1011010110010110
0000010001111010
0111100001000111
0001111100100111
0111101001000010
1001100100100101
0100101101101111
0110100111110111
0100110010110011
1101011101000010
0010100111011010
1100110001000011
1001111001110000
1010011111011000
1110000010000000
1110100101011100
1000011111010011
0000011101000001
1000000010000010
0100110001010001
1000111100011101
0101101101010111
1011111000100100
1011010100000111
1010110101010001
1010011001001010
1000000101110000
0000110101101000
1101100010000100
1011101011010110
1011011011111101
1011111100001010
0010110101100001
0000011010111001
1101000010101111
0100101101000011
1101111010110011
1101000000111001
1100110000010100
0010100000000000
0111110110101000
0011101110010001
1000001111010111
0101101001111011
0101101010010000
0011111011101101
0111110010010101
1111001101011101
0001000001111001
1110110101101010
1101110110110001
1100101111100100
0001010111101100
0000001000100010
1000010010000000
0010101101100000
1010001000001011
1111111001111110
1001101010011110
1100001001100000
0011110111000000
0011011100111001
1011010001111000
1100010111100000
0011110110011101
1000101001011010
1110000000110000
0000111110000011
1101100111011101
1000010101101100
1011011111011010
0010100101110000
1010100011111000
1101111001000001
1011110010010101
1110010011000000
1010110010100110
0001111010010111
1000010001011100
1100101000100100
0100111011111100
1110100111110001
1001100001010011
1000001100110100
1001100011110011
0010111001001010
1110000101111011
0101000101010000
0001110101111100
1111011010101100
0010110001001110
1011111000011101
0011011001001000
0100101100010000
1011011011000110
0011011110011010
1111001111011000
1000100011010000
0101011011000011
0101011010110101
1000100100011101
1011011001000101
1110000101101001
1010111101101001
0001000100111110
1111010110011011
1110111111001101
0100100010111010
0010101101100110
0111000011011010
0001001100100000
0000111100000111
0101010100001100
1111010010100101
0111001000000110
1101111110101111
0101101100011110
0010110011111011
1010111011001000
1101011000000101
0000101101101111
0101010000110101
1010001010100110
0101111001010110
0100000011000000
0101110011000000
0100010011010111
1001010011101010
1001101111011101
1000000110111011
1011011100111001
0100101101001011
0001100010000000
1111000011110101
1100111100100101
0101000110000010
0111001111010101
1001101101100011
1011000101000010
0110100110110101
1000100011011001
0111110110011000
0011111111111110
1111010111101001
0111000100111100
0001011000101000
1101000110000011
1011010110001000
0101110011010110
0000010110101010
1101100110110010
1011000100100111
1111000101001011
1000000010101001
0011111111101011
1101110010000001
1111101100011010
1101100100001100
0010000011111010
0101111001010110
0100001110100011
0110111110110010
0101111101100010
1110001101001100
0001101111100010
1000111001101101
1000010100110101
0000101011100000
0111111011010110
1011011110010010
0011110111111010
1011011100110001
1011001000000100
1101100010110010
1101011011100111
1001001111010001
0111000101101011
1000001101111001
0000000110111010
1101001111010010
0000100100000011
1011100111101111
1000111100010000
1101100111101110
1101101110010000
1100111010000110
0010111111110001
1101100000011000
0010111100110100
1100100011110101
1101010000011001
0100101101010011
1001111010011000
0010011101110111
0001010000110011
0010101001001000
0011101100110011
0111111000000111
1000010000101111
0100011101110001
1100001001101011
1111000011011110
1010001011001000
0111010101000011
0000000100011111
1011101111100101
0110110001111010
0011101001010101
0100001010011100
0101100100000000
0101001000011101
0110010111100000
1000011100111110
1111011001010110
0011101000111011
0100011101011100
1100011100010001
0101100101111000
0101000110110001
1101010011011011
0100001110100011
1001100010111101
0010001010110001
1111001010111000
0010011100010011
0011001110011011
0010011001011001
0111001011011001
0100010100000000
1110000101110101
0100010100110100
0110000010111101
0101110110011110
1000100001111011
1101111101011010
0000001110110000
1100111110010001
1101001000000001
0011111010111101
1000010010000000
0100000000111010
1111001101100101
0101111010011011
0100110100101110
1010110010010011
1111000101111101
0100010100110000
0011001010010111
1101110100000010
1001011100110100
1111111010101010
1010001110001010
0011011011100110
0101100001110010
1011101000011000
1000010101111110
1010000111010111
0100110001111110
0101000101101111
1010111001100111
0100101100010100
1101100000110111
0110011111011011
1011000001001110
0001000010000111
1101011111100010
1101010111001010
0111010111011110
0110001011000001
0011101111111011
0110011100010000
0110000111100111
0100101101011101
1000111100111111
0001100001001000
0100110101010111
1101100100101010
1010111000011011
1101111010000010
0110101000111101
0101100001000111
0010000001011100
0011000110101100
1000101101001110
1000000111101001
1001101110111110
0101011001011101
1001111100101100
1011011101001100
0010110111110110
1110111000110011
0101001100101001
1010100001000100
1011110010111001
0101011111101011
1100011011111110
0001010100000110
1100110000000101
1100110010110111
0010111100101110
0000101111101000
0100100101001101
0001101000000000
0011011111111100
0010001111111011
1111010010001011
0010100000101101
1111011110100111
0010101101001110
1000100110011001
1001001101001101
1011110010111100
0000010111010010
0100011110101001
0101001000101100
0101101110001000
1011010011010100
0111011111100110
0000001010110000
1100110111100111
0101011111001000
1100010101000111
0011010100110111
1001101001011101
1000000111000010
0000111011000110
1100001101101110
1010111100110101
0000011000100011
0100010110001000
0100100110010011
1111110111110001
0110010011010100
0011011110110111
0010110010111001
0010001101111100
1101111000110001
1001000010011110
1011011011100100
0001101100110100
0110011001100000
0001011000000100
1100101001001010
1000000000001001
0000011110100000
1001101110100000
0010001001010011
0110001111101100
1110010001101011
1110010110110001
0000001100110110
0100111110000011
1010100000100101
0010011101010001
0110000001100010
0110111110001010
1001001111001111
0101011011010111
1101011110111010
0010111100110000
0011111100001100
1000010000111110
0000101010011001
1111110110110100
1110001111100111
0011000001000110
1011111000001100
1101011010011100
0010010111111010
1110000111110100
1110001111110111
1111001000011111
1001101011101101
0101000101001000
1001101000101111
1111001001111101
0111000110011000
1111110000011111
1000100100000100
0101111001101110
1010011011000011
1110001110110111
0100100100111101
0000101001011110
1100011110000000
0000001111011101
0111010011000000
1011010000101111
0100110101001000
1010110010010111
0001001100001100
1111001011100000
0101100000011010
0010010011000100
1010100110011101
0110111111100011
1101001110100001
0001100011101100
0010001010100010
0100111011111110
1010111010100110
0001101001000110
1011000111110101
1101110111110110
0111111100101011
1011000001010010
1110101110001010
1101011000010111
0100001101001011
1010010011100101
1010001001100001
0010010111001100
1011001110011110
1000000100001101
1110000110011001
0110111010011101
0110111110011000
0001111011011000
1101001100100101
0001010110100111
1100101101110111
0000110100010110
0000111011010001
0010001000010001
0000101001111100
0110110111010100
1110010001101110
0100000100111111
0100011010111001
1010000001110111
1000001101011111
0110111011000111
1000111001101010
0100111100101101
0010010111000101
0111001000110111
0010011111100100
0000000111000011
0110010110011101
0100101101001101
0001011100111101
0101100100001111
1101001010111000
