1010110001111100
0010011100101101
1011110111111011
0101101011000100
1101011010101010
0000000110010110
1000110011110111
0101010110110011
0101110101100001
1000001101011011
1111000000111101
1010101111010111
0101101110010111
0011001101101011
0010001010100100
1100101110110110
0000011101100111
1101101001001101
0010000001100111
1111010011101001
0010000010101111
1111001001100011
0000101000110100
1111000010101100
0111110111100101
1101101110011100
1011001011000010
1010000011011010
1010001101011111
1101010100011100
0110010110010110
0011100010001010
0101000010111011
1111011011110011
1011000100001101
0110110100100010
1110100101100011
0101101000001011
1100100000001011
1111011001010101
0101000111111100
1000010011111100
1111101110101101
1011000001101111
1010101111011001
0000000001010010
0111111100111110
1001111101101111
0100010001100100
1100001001100111
1111101101101001
1001110001110111
0101111110010111
0111010000011011
0000110100100100
1010000001100010
0110100100100110
0000010110010011
0010100110000100
1000000111110000
1111110100001001
0000101001100101
0111011011111110
1011100110011100
1001101111010100
1001101101010101
0001101101110110
0011111111100010
1110001101110000
1011111101110100
1101110100001010
0000101010111101
1001011000000010
1111110000101001
1011000101001111
0011010011001110
0111111110001010
1001011101110010
1010011110111000
0001011101001110
1001010000110000
0101110010011111
0010101111110101
0001001001000101
0000110000010111
1001001111001110
0110101001001001
1101110101001010
0011011111011111
0000101001101000
0011100111110000
1100011011011100
0001000001010000
0111110110010010
1010011111100110
0000001001111001
0100101110000100
0100010110110001
1110100010110001
0110010011001011
1010100101111111
0011011001010000
0001001101110101
0001010011000001
1110011101011000
1011110010101111
1111000001011001
0010010101001100
1101011000101000
1101111100010101
0000100000110000
1001011100011100
0000001001110001
1111000001000101
1100111110110011
0001110101101101
0110011011010111
0100011111100101
0101010001000000
0011110011100111
0110101001101010
1011011111111100
0100011111111000
1100001110001100
0111100111001110
0100010011001001
0101110001101011
1101100111000101
1110100011101011
0110100000001110
0001111110001111
0100110000111000
1101101111001100
0000101000101111
0010100110000010
0101011010010011
0001001011111000
1010001011011100
1100111000010001
1000000101110000
0110101101010000
0110100100100111
0000011001101000
1100111100110011
1101110001111011
0101100011101100
0101101110010111
1110111101110011
1111111101110001
1000001111101001
1000110001000100
0110111000011111
0110111101110100
0011101011001000
0111101011100000
0011000011110111
0010110101100000
1100111110001110
1100011011011101
1010110110000001
1100000111101011
0011111011001101
1011111110110000
0001000100111101
1011000010011111
1110011110011101
1111011101010001
0001010011011100
0110000101100101
0111111110110001
0110011111111110
0111100110110111
1101111110000010
0010101000001011
0110110111100011
1010101100011010
1110111001110111
1001100001010111
0101011101101111
1110110001000101
0101100000100101
0011110111110011
0111000111011101
0001000010000100
1111110001010100
1000000010010100
0001000001111100
1100000101000100
0010111111001111
0110010001101001
0110000101100101
1000110011101001
1111000110100100
1001010010101110
1100101111001010
0011111101011001
0111000000110110
1111010011100010
0001100001110110
1110111001101100
1101101000011001
1110001110010111
0001110011101100
0110011101000010
1011000010010101
0101000011100100
1101100101100001
1010101101010001
1100001000110010
1101100101010110
0111100001101010
0010001110111000
1010000110010000
0100000111001011
1100011011111101
0000001101011100
1000010100010110
0001110111101000
0000100000100010
0001101001010110
0100110000111101
0101111000100111
0100011100011011
0001001011010000
0110111110101110
0110100101011101
1001110000100101
0110101010100001
0110001100001010
1110010000011000
0011010010101101
0111010010101010
1000110010100111
1010000010001001
0111000010010011
1100001111111110
1011101000010100
0100001010001111
1000101110111111
0000011001101111
0111110110010111
1110011110111110
1110101111111010
0111011111101101
0011101001100010
0100100101101110
0011010010111101
0010011110110010
0101111101001111
0010011010001001
1001010100110000
1101110101010001
0111001101110101
1111100010010101
0000100100110001
1011111110101010
0001011101101011
0110000100000100
1110000000010111
0000111100100101
1111010011010010
0010011101101000
1010011010011000
0011001110010100
1000100010110011
1001000001111011
0101011010111100
0111110000100111
0011001100011111
0000000111000100
1011000000011001
1011010001000000
0000101110000110
1110101100001001
1110101101111010
0101010111001010
1111011001000111
1001011011100100
1000010111001111
1000001101011000
1001010000011100
1101100111101011
1001101110101000
1100110110110111
1000110010100001
1101001000011011
0100001001111110
0100000111111100
0110110111111100
1010101011110110
1001010110100000
1011001110111001
0011111100001000
0011011111100001
0101000000011000
0001100011111101
1111100000010111
1000000010011110
0101101110101111
0010001111101110
1010110110011100
1101110011111011
0010110010110111
1110111110011100
0110011010000000
0010010110110010
1001001001110111
0010110101111010
1010001011000001
0101111100000110
1011111100011010
1111101111100011
0010111000101001
0001011000011001
0101111000000110
0001110100111110
0111000011101100
0111111000100001
0000000010001001
0001001010010001
1110010101001001
1111001110111111
0001111110100010
1101101110110000
1010100000000000
0001111001101111
1000101101000010
0011100111101001
0110101010000111
0001111101100011
0101001011101001
0010001011100100
0101101110000011
0101101110111101
0000100110011001
1100011100100110
0010111101010110
1011100111000101
0101000001001111
1001001101010001
0010100101000011
1000011001000101
1010011010001110
1101001100000010
0100111111001010
0110100101100100
1111011010001001
1000010010000101
1000100000100101
1000111001001000
1000100100001100
1110011000000100
1000011100110100
0100101111111110
0111110001011000
0100010101011110
0010101000111010
1011101010000101
1100100111110110
0101010101111001
1101101011011111
0001010110000001
1011111010011100
1100010011001101
0111110001000110
1010000110000011
0011000011011110
1100100110111000
0100000000101000
0001111011111100
1110011000100001
1000001010100101
1010110110000100
0001001011010110
1011101001000000
1011110111001011
1000100111010001
0000110001001111
0001010001101110
1100110000100001
1101000001001100
0010010001111000
1110010001001000
0011001001111100
1100100101000110
1010001001000111
0101001011111011
0000001011110011
1011100011101110
1111100010110010
0101111000010000
1100101110101000
0100101010110010
1000001110010010
0010111111101010
1101001010011100
1000100111001011
1111100010110111
1111110011111001
1110001000110111
1100011001010011
0101010010101001
1111011010000111
1011010010000001
1001001011111101
1110100101110011
0000100011101110
1111110110001110
0000101011110011
1110011101011100
1101101011101011
1111100011100000
1101000100100110
1100011000010000
1010101110101011
0011001001101101
1001110110100010
0101011001111000
0110110010110011
1011100011110100
0000001101111101
1010111011001100
1000110000100001
1101011101110111
1011001000110010
0110000000010000
0000001010000101
0110110110111011
0101010111000011
0000011100001101
0001000110011000
1011100001001001
1100001011000010
1110001100000100
0001110100110110
1000000001001110
1100011011101111
0111000010100000
1000000110010100
1000101011110110
1000110110011010
0110011100100111
1110110100000101
0000011111110111
1110100001100111
1010100111001110
0001101110100110
0110101011100111
1000110111001111
1000111000100000
1100011000100110
1010000001010100
1010101011011001
1001011010001011
0100100001111100
1011101110101101
0111101100001001
1100110101101001
1010001111111001
1100100000001011
1110001000110000
1101110101011111
1100110010001110
1100000111001101
1110010101000010
0110110000001111
0001001111110101
1011000010110110
0010100010111000
0101010110100011
0001000101001100
0111111110111000
1101010100111100
1100011110000111
0110101110101110
1000100011000010
1101111111011000
1100011100010011
1011110011001111
0110011101010110
0111001001001110
0110101101010000
0110001010001001
0011011110000010
1001111101011000
1010011000001111
0100111011110100
1000011001000111
1100110001100000
0010101111110110
1000000010001010
0010100101101101
1111011011001110
1110111001110000
0010011011100001
0000000000000011
0111101000001110
1110110101011010
1110000110110011
1010110111101010
0100011111111000
0001000000010110
0010100000110010
1111001101111110
1100001110111101
1011111101101100
1010110001100010
0010010100110011
1001001000001110
0001100100001000
1011101111100110
