0011101111000001
1100010011110111
0100011011011111
0001000001001000
0110001011110001
1111110100001000
1101001011111000
1110010000010000
0110111011111111
1111111110001011
0101111100100110
0010010000111010
0000000001000010
0110101011011000
0001101101111100
1001011101010011
1111011100001111
0010000010111000
0001100001010111
0110101010100110
0101100011101101
1111110001111011
0001110101010111
1110111111000001
1000100001101100
0110101011100001
0001100010001011
1101101000010101
0110010000011011
0011111111001110
0001000011000001
0011010001110101
0011000000010110
1000011001101101
1011000101100011
0110101111101011
0001000011111011
1101110010101000
1101001100011100
1001100100000100
1011110011101010
1011101111110100
1010000010001011
1011010010010011
1100111101101001
0000101111010100
1001000100111110
0100011000011101
1010011001001001
0001010010100010
1101011001101001
0010110000101111
0101110110010011
0101111010110011
0100100100010010
1000001000000101
0110010010011100
0001101000000111
0111000001011110
1011000111010001
1001101100100010
1010001001111001
0000101111000011
1100001001011100
0010010010011110
1110000111010001
1111000110101011
0001000101110100
0010001010001011
1000101011010111
1101101010100010
0011101010001101
1010001110011010
0111111101010111
0101010000001001
1111001101001111
0001110101111110
0011110011111011
0111010101110100
1010001010001011
1100000011011100
0100111100111100
0000100100010010
1100011010100101
0101010101101011
1100110000010110
0011001001100110
1010110001011101
1011000110101100
1110001111000111
1011000111111111
0111000101110101
1010000101011111
1000111110100110
1100111101100000
1100001100001001
1010010101011111
0110110011001011
0011001011010111
1111110101110001
1111011101100110
0101110010101000
0101101101011101
0000101101101011
0001101110101101
0111001110100010
0110110000010011
0010100100000100
1110000110100001
0010011010011010
1010100101100000
0111010101111110
0110101101011000
1110011110110010
0111000100011010
1100111100001101
1110011111001101
1100000001110001
0101110110011111
0000011010100110
0110110000011001
1111011011101011
1010000000000110
1001010111101100
1010001001100010
0111101010111001
0111110010111000
0110110010101110
1000110000101001
1101101101000111
1010000001100110
0111010100110110
1110110100111110
1010011011101110
0110001001000001
0000100011100111
0001000100111111
0110111100010000
1011101111110001
1111001001101011
0111111011101011
1111100101110001
1101000111000111
1011011111101111
1010110100000000
1110100011010000
0110110111101101
1000001000111101
1000011111101011
0110110011110010
1100100110010111
1101111110110110
0110111000011101
1101010010010001
0101011001011011
0010101000111001
1100010111001011
0101011001101001
1101101100110000
0110000000011001
0110010100010110
0110101001110110
1010110001101001
1010100001011000
1000001010011111
0111101011100111
1110011000111011
0010110000101001
0000111000111100
1000110101101010
1001000101101010
0011000010110001
1001010001011100
1010100001010010
1100101001101000
1101000101001001
0011111001011010
0000010111101110
0011101100101111
1011111000000011
1100001001100001
0000110000110011
1011010011011011
1100110011011110
0110010001001000
0000110101100111
1100111000101111
1001101010010101
1011000110001111
1101111001101011
1101111110110101
0110010111011000
1001101100101100
0001000110111000
1000101111011010
0110000011000100
1010001100111100
0101011010111000
0110110111111101
0011011111000100
1000010111110000
1100111111001100
0111110000011001
1001101101110111
1100101011001101
0000111010101010
1010111110100000
1010001000000101
1011001011011001
1101010111100010
1111001101100110
0111100111101111
0001010110100101
0001010100010011
1101110101110110
1010100010110000
0010110000111111
1101000101001000
0100000011001111
1001100011101101
0000110111000111
0111001100110011
1100111110100010
1110001001101011
1000110000100100
0010101110000010
0001001100000011
1010111101011110
1111100110010000
0010111011011110
0001010111101111
0001000111010100
0111100001111010
1111000010010101
0010010100110010
1001100011110010
0000100000100100
0100010000010011
1010010011001111
1010001010111000
1011111011001101
0011111101001011
0100110000100000
1110011011000010
0100101001000110
1011000110100100
0000001000101100
1000010000010100
0111010110111011
0010100011111010
1010011100001100
1111110010101000
1001000001100010
0010000101110000
0101101100000010
0100111001111111
1000000000011010
1101111011011010
1100001010111011
0110000110110000
1110011110101001
0000111101010111
0101010000001011
0111011101100010
1010100100110001
1000011001110011
1000111001100110
0011011010111011
1001011011000010
1011111111010110
0100001001111100
0100110001011001
0000011111001111
0001010101111110
0100110011000110
1011011111100111
1000001000011010
1100100110100000
0110011101000001
0011000010100111
0101100110101110
0011100000111010
1001111000000101
0010111001011000
0000100101111000
0100001011011001
1100000010001010
0010001101100111
1100011001010100
1111011001101110
0000001111010010
0111011101111100
0001101111010111
1111110000110011
1100101000000100
1110011101000001
0001111001101011
1011100111100011
0011001110000111
1111010101100110
1000010110010011
1000000101101111
0111111010000110
0011001111111101
1101000111110101
1100011101100000
0100100101100101
1000100000100110
1100100101010000
0001001111010011
1101000000011001
0100000100011010
0101001001100001
1100011101001011
1010100010100011
1001101011111110
0010111010111101
1111011111111001
0001101111001100
1110110101101000
0001010010010101
1101110000100110
1010001110110000
1110000000000111
0110001010011101
0110001000010000
1001000110011111
1110000101011110
1000100011000010
0101110001100111
1111100111110001
1010011100000101
0010110000100111
0100101011001010
0011011001010011
0101111101001111
0001000101110001
1101011110100010
1010011000111101
0000001011000101
1111000110101111
0000110000101010
1001000011100110
1110010110100001
0100110011100010
1100000101010111
0010000010011011
1111010110001110
0010001101001101
0101000100100010
1110000000001100
0011100100101011
0111001000100111
0000100110010101
1001110001000111
1110000111001001
1010110010000001
1010011100001001
1001011011011010
0101000000011000
1110101001000110
1101001010110010
0110111100101001
1001100101000111
0011100010010000
1010011001101101
0000111100111111
0010100111110101
0110110111100000
1101110100000101
1011011001010111
1100010001010100
0010010001101000
0011110011010111
0100001100000110
0111011111000001
0101010111101001
0000111011111110
0001000011111011
1110110100100010
1010111110111110
1011010111011011
1000111111110001
1011010011010110
1111010011001110
1111000010010011
0100110010111111
0010100000010000
0010000010110001
0011111011010001
1011110101000001
0011110111110110
0010110111101111
1100010010101010
0101000011000111
1011011011011001
1101000011010100
0001011100001001
0110011100010010
0010111011001111
0001101101101011
1100111010000101
0000011010110101
0101111001000111
0000011110100110
0001011101010000
0001001100111110
1001011101011111
0000001000001111
0001001110000001
1101100100011001
1100001000110000
0111001111101010
1100110001010111
0101110101011011
0111101111011111
0110010101010100
1110000000101000
1110111110001011
0001100111101010
0111101011100000
1011001011110000
1010101011000110
0000101001110110
0111101011010111
1011001100111010
1001110010000001
1000001001010011
0111011000110110
0010110100110011
0101110011100100
1111011111110100
1100111101010001
1100101000011000
1010001010011100
1111001001111001
0101100111101100
0101011010110000
0010000100110000
1001110010110101
1011011000000101
0111000001111110
0110100110100101
1011001010111001
0000011011100011
0010111010000001
1111111101011110
1011110111101001
0100010111110001
1000100010001010
0110101111101011
1011111111100111
0001010000001000
1100111000110110
1101101010000010
0100111111111111
0000111100101010
1101010111000011
0010001110011110
0101010100110010
1001000111101001
1110110000001111
0100100010100000
1010011100001100
0101000000111001
0001100000101011
1001001111011010
1100110010100111
0001000000110111
0100011111010001
0101110111100001
0101100100001111
0101110000000101
1000000010011000
0010111110111010
0010111001011001
0110110001111101
1110111111100000
1111001100100111
0101101000111010
0101011001010101
1101111001000110
0111111101011100
0110010110100011
1110111110101010
1111000111001101
1101100010101000
0111010101011100
1110011110100001
1000011111110100
1011011001111111
1001110101111001
0101010110100111
1111101011110001
1011100100101010
1100001111000100
1100010101010010
1101001111001110
1101110010101011
0110011100011111
0000010000000101
1101010110010011
0010011001101111
1111101101111001
1110110110110110
0000001110100000
1011100111000100
0101111010100010
1010010010100111
0100101100100001
1011101001001101
