0111010111110001
0100110011110001
1101000111111110
1011011111100101
1110101110000101
0111101101111110
0011100000101110
1101011111111011
0010011000101010
0011110110010110
0001001101011100
1101000100011111
1000101111110000
0110101110110010
1110110001111000
0001010010101100
1011100100011011
0111101111111010
0111010011100000
0100111111001100
0101101001100111
0101001010001100
1110011000000010
0001110011111111
0010010001000110
1000110000010110
0010111111000001
1001111011100011
1001110100000101
0010001101100100
0110011111001110
1000011101111001
1010011101011110
0000010111100101
1010001111001100
0000100001001010
1000000100101000
1010001000110111
1110110100101010
0010111001011000
0111101011011001
1111011011001111
0011001111101111
0011110000111010
1101111011101100
1110100000110100
1011111111001101
0010010101100011
1001010001111000
0000100101101001
0101001101100110
1100100111100110
0001110111010101
0110101000011100
1111101010111010
0001011111000111
1110110010001101
0001010010100111
1001100001010111
0000000010000011
1100100000111001
1101000000101000
0101101111101001
1000000100000111
0100011111010010
0010001000100000
0000010111001100
0011000001101001
0101000111000110
1111001000101001
1100111100101011
0100100111011100
0100111010001000
1100001000001001
1010001101001010
0011000111101100
1011100111111011
0101010110100010
1001000110100100
0100111111100100
1111000001110001
1011010001001110
1000001011010111
1100100100000010
0110001111100110
1001000000100101
0000000001110001
0001110011011110
1100011100000110
0001101000011101
1000000111000010
1001101110011101
1110101101000010
1001000111010011
0010100001111101
1010101111010111
0001011001000101
0000011001000100
0110001011010111
0000001101101011
0101000101000110
0000011001110000
0101000101000110
0000010010001110
1001001100110010
0000100000111000
1010011001101011
0101110000110010
0010011011101011
1110110100101000
0001010100011101
1110100001010010
0110101100110010
1110110001111001
0111100001000110
1110001110110010
0011111101010100
1011001001010011
0011101000111100
1010001001010001
1010111000100000
0011111011100101
1001011100001110
1101000101100110
0100010010010100
1111011100110001
0001101010111101
1111010011111010
1111010011001111
0100111111000010
0001111000101000
0001100100001011
1100110111101101
1111001001100010
1111001101000000
0100010011011000
1100011110001011
0010101101000011
0011101010111100
0101111011111100
0010000010111110
1110111110010001
1000110001001001
1111000100000001
0111110010000101
0111111011010111
1111111111001001
1010001110100110
1100101010011011
0110011000101110
1000011000011010
0010011010010111
1101000001011010
0000101100101100
1101000000010100
1010001010011010
0000111011001001
1000000110111100
0100001010101000
1101001101111001
0001010101111100
0100101010100111
0000000111001011
1111100100100000
0110100111100110
0111010111010000
0010011000000011
0101110010001100
1011111110001101
0100100000111101
1111111001001011
1011000100101010
1101001001110011
1111111010111101
0001111001011111
1110100101100100
0110001111010110
1101000101010111
0101101010101011
0110111100000101
1101110011100101
0100010001111001
0010010111000111
1101000111100011
1100010101011101
0100000101111000
0111101101001100
0101010110101110
0110010001000010
0001010111011111
0110001101110011
0111011010000011
0110010011010110
1001100000101110
1000111101000010
1111111001100101
1010010000101101
0000101101100110
1010100011111001
1101101001010100
1100100100000110
1010110111111100
0000001001010111
0101010000100000
0001111111011111
0111100101110110
0001101101111011
1101100101010011
0110001010111110
0011010111110011
0101011011010010
0010010101101100
0111100011110011
0001111100111010
0110101010110010
0011010110000001
1101100111111101
1001111010101110
0101101000011111
1111110011110001
0011011011000010
1000111100001000
0011111001010110
0110010110101001
1001101100111011
0010100001010110
1101011111101011
0000001000110100
0100010001111111
1001101110001011
0001000000000000
0101110010010010
0111010001111001
1011000101010111
1100011010001011
1011100010010001
0110101110000101
0001111101001101
0101011011010100
0101001100000010
1101001010100101
0101001110101100
1110110010001000
0011011011011011
0001111011000110
0100110011110010
0000110101001111
0110101011010101
1011100110101100
0001001001110111
0100110011101000
1011110101100000
1101111000010101
0111010101000001
0001011100101100
0011110010110010
1111000101100101
0101101111010001
1000100000001001
0011010100110101
0011001000011000
1101011111010011
1110101011011000
1000110000000110
1001101010000011
0010011000111111
1001010110101011
1111101001111010
0110101000001010
1111010111010001
0110011001001100
1100001111100111
0100001001000110
0101010110110010
1100001101001101
0100100111011001
1100000111010000
1100000111000011
0101101111011111
0101001110100111
1110111100100011
1110011111011101
0011011111111001
1010011001010100
0100010000111010
1000011101011101
0010010101000000
1001101110011001
0101111000001100
1110001010010000
0110100011010110
1010001110011001
1001100010101010
0111001101110000
0110101000011100
0110111110101011
0001010001011000
0110011001001000
0011110100000111
1100110110110101
0000110010010010
0001100000101100
1000010111011010
1001000000110011
0101001101001100
1101010001110000
0011100111101111
1000010100100110
1011100001011110
0111001001010001
0101001001111101
1110010110001010
1001100101100011
1111100001110101
0101001100111001
1110011000001011
0000011000110010
0010101110000010
0000001100000000
1010101000100110
0111010011101010
0011000111010000
0111100010110001
1001011110111010
0111101000100111
1011000111100001
1000101110111011
1000000001011001
0110110110101111
0101011010101010
1110001011100011
0000001001100001
1011100010011110
0011010101100011
0101001100001111
0001011010110000
0101000011010110
1110010110000100
0100111101111001
0100100100100000
0010011010000111
0010110100110010
1001100111110001
0100110101101101
0010100000110001
1000100001000000
1110101101001111
0000100010000100
1000000010000011
0000010110001010
1111000000001101
1101001111001000
0010011100100111
1111101010001110
0101100011111101
1011100110001001
1000100101010101
1001110011110000
0110101110000001
0101011010010011
0011110111111110
0111011001000101
0100100011001010
1000011001110100
0000111101100100
0001110011011011
0000110101001010
1110011001010110
0011011010110001
0010110001000011
0100111010110010
1101111111000111
0001001111111001
0000101000011100
1110100010001100
1011000001110010
1011010011010001
1110101111010001
1111011111000001
1011011101111101
1111001101100000
0011011111000010
0100000111011111
0011001001111010
1110100001000000
0101000101111000
0010101010101100
0011110000011101
1110111000100011
0000110001000011
0100101101100001
0110010111101110
0111111101011101
0111110101100011
1100011010110001
0000111001101101
0010001000010000
1101011000101011
0111110111010011
0011101110100000
0000100111001011
1000101100101000
0001111000110001
1111110001111100
0010101110100011
1011101110001001
0001011010011100
0100101110011000
1111001111000100
0001001011010100
0011010010111110
0110000000111100
0011001011110011
1000001110111000
0100000110101001
1111100101010010
0001001111110100
1011001100110000
1010001000110100
0111001000000011
0010010010000010
0000000001100011
1010000111110111
0001111011100110
1100001110000001
1011011011000111
0011000010000111
1000000000110100
0110111011010100
1001001011110111
0110110001110001
0110011101001110
1010010010110011
1100101100100100
1011110111010011
1100010000111001
0011010001000000
0010011110100011
1110110011010110
0001110001010101
1010011110111101
0100101001110101
1100100100010011
0010111010001101
1100010001001011
1101100111111010
1000010011110101
0110010010100011
1011011011011001
1100010101011111
0110101000010111
0000100000110000
0110110001111111
1010011100101100
1001101111001001
0101110011101101
0001011111101001
0001011001001011
1110101111111010
0100111000111101
1111101100101010
0001001011000011
1101000111011110
0111110100011010
0101010001111000
0010001001001101
0000110110001001
0101010001101010
1101001111100101
1110010100110011
0000101111101111
1000100110000111
0111011011010011
0101001001000000
1000011110000011
1001111011101100
0001001000011011
0010110100110000
0101110100011001
0110101001000100
1000100100110110
0111001100111100
1011010010011011
1010111110010000
1001110111011111
1110110101101010
0111011001011011
0110111000010100
1110010000110101
1101110111010010
1010100000101101
1010101110100000
0001000011101110
0000000001001001
1111101011011101
1101010100000011
0110110001001110
0001010110111110
1110011001101100
1111111011001111
0110100011010001
1000010111011110
0011000001010010
0111001110000110
0000010011111100
1000101001011110
1101110001011001
1100100110011000
1100100010011111
1000110001011001
1000001110001011
