0100000000000101
0100111110110010
0110101101000001
1100001001110100
0010010101011001
0011010011110100
1010001010000111
0101101011100001
1101000000100000
0010101110011010
0011110001000000
0101010100111111
0111100110011100
0111110011000110
1011001101111110
0110101000011010
1110011011010011
1110000101001111
1001110111111101
0111101001110111
1101110100010111
0001100110101101
0100110101110000
1100101100111100
0010011001011100
0000101110101100
1001111101011000
0111110101011111
1101101001101101
1111100001001011
0111101000011011
1000000110111000
0001100000110111
1011100001100111
1000100111110001
1001001101001001
0101100001111001
0000111011101101
0100101100001000
1101000001101000
1101011110110110
0110010100101110
1000010000101000
0100110100111011
0001001101110000
1010111011101100
0001001010111100
1100110010010000
0001001100110001
1111110101110100
1000110000100001
1011010100100000
1111011000011001
1010010010010100
0010001001101100
0111101010011011
0000000001110011
1010100110011001
0100110111111001
0001111001000010
0100010111011011
0111111101001101
1101001010100011
1111010011101001
1010001110110100
1110001001010100
1100010100010110
1000011000000101
1100111011001010
0001000001111101
1101111001011010
1000110100110111
0110101100101111
1001011010110011
1111110100111010
1011100101010011
0010011110101001
1001101100100101
1011111101001001
1101110000011000
0101100111010101
1011000111100000
0011000010100101
1101011100110001
1010001111001010
1000110000101100
1000100000011110
0111101001101001
0101110001111101
1100110101010001
0011111101110011
0001000110100110
1001001011110110
1010001101100000
0011110001101100
0110101010000011
0111111100101100
0110101101101100
1111010010100000
1100101100000111
1000011010111011
0110000111011001
1011001000100111
1110101100101100
1001111011000100
0101011010011000
1001000000110101
1100110110001010
0001010110101010
0111100000101011
1000000001001111
0101101110100111
1010001100000100
0000110110011111
0100010011000010
0110001000100000
1011100001110110
1100001101100110
1101011001111100
0011100010100011
1011001111100001
0110010111111111
1000101100101111
0100011110110000
0000111001100001
1001110101011010
0010110101010011
1001100001101100
0111011001111010
1000001011010110
1101100110100001
1010001100011100
0101011101101001
1100010010110000
0111001011101100
1001110101100100
1000111011101000
0101001111101001
1110001010101011
1010111011111011
0100100001001111
0010000111011110
1110000110110011
0000111001111011
1110000010000111
0110000001010111
0010110100100111
1011001100010110
0011000010111101
1010011100000000
1000101101111110
0010100101100110
0100101001110110
1000110110010100
0000110010011111
0001011100101001
1110000000001000
0010100100000001
0001010001101100
1011101111111010
0110110010100011
1001110100011010
0110011111000100
0001100111100100
0111001101011101
1101100111010110
0101110011101101
0101000110101101
0110110000110111
1100101110101011
0101101001010110
0111111101001000
1001000001111011
0100011011101101
0111001000111110
0001001101110100
1011000110010010
1000100111110101
1010010100011111
1101101100001001
0010100010000000
1010101100101010
1001110011110011
0000001110001101
1011101011010011
1011001111001111
0111001110111000
0110000110000011
1011011101000100
0110100011010101
0100101101011100
0101011000001100
1100111101011000
0101001000011101
1001010111010000
0001000111011011
0111000011010000
1011011001100010
0001101000000010
0000000111010000
1001100010000001
0000010000001010
0011000110110011
1100000111010100
1001101111101110
1000000011110011
1111100100100111
1110111100001110
1000001100100100
1110011110011111
0001011101011100
0101101001000001
1001010111000011
0000111011111110
1110000000001110
0000110111100100
1111010011110000
1100001000011001
1111101000010101
0101000011011010
1011000110101100
0110011011011010
1100010110010001
0111001000011011
0011001111000001
1000000010011110
1001001011101100
0000011101101011
1101001100100101
0101011011011001
1111010100101100
0100101110100101
1100010111100100
0111001011001110
1000101101101110
1001101110000011
0011010100011111
0011110011001000
0110000010111010
0011010111110001
1000101010000100
1001011000111010
1011111101010001
1000101111100110
0000101011111110
1110101001001000
1011101101110111
0110110000100000
0110101111110110
1110011011111101
0001010011111001
1111001011100000
1101010011111111
1101000101011110
1000101011001000
1000000011011001
1110100011011110
1111011111000100
0100001010000000
0110100010000011
0010000000000011
1000000101011000
1101100100101010
1111100000011101
1101001111011011
1001111010101010
0101001011000000
1001100101100111
0011101101001010
1100110100010100
1101000000110000
0010011001010101
0101110110010000
1010011000110101
0100000011100111
0010101001010011
0010010010011000
1110010100101000
1000100010110001
1100010110010101
0101111001000001
1101100010101001
0100000111100111
1001100101111101
0111110000110001
1011110011111101
1001011111011101
1000111000100010
0111001011000010
0010011100000011
0100001110101110
1010110101111111
1000001100011000
0000000001000010
0010001101111011
0110011110011001
0000110111000101
1100100001010000
0111101111111100
0101000111001000
0010001111100100
0010111110111001
0101010011010110
0011110000011000
0010011000010110
1111111111101110
1001011111110111
1101101010111100
0010100000000010
1001111110110100
0010010011001010
0110011010100111
1001000100101011
0000101100000010
1101110000110011
0111001000011000
1010000100011100
0001111100010111
1000011001101110
0100110011100011
1011110111000100
1101000001000001
0110011101000110
1101000100101010
0100110000000101
1101010001110101
0010001001101000
0001100011111010
1000111100010100
0111010100010100
0101101011110111
0001110100101110
1100011000000010
1011001110010101
1111000011100101
0000100011100101
0100110011111000
1111010011111001
0010000001101110
0111100000100111
1101101011010010
1001000000101001
0001100111010011
1110000111100101
1000100010101010
0010011111000001
1011100011111011
0001001110011001
0011111111111000
1111011101111110
0011100110100011
1111001011010011
0000010000110110
0110011000111001
1010111010001101
0111101101101011
1011011000100100
1111111001011101
1100101000011101
0101101111110100
0001110100101001
0011010000110101
1001011100011000
1011011101101100
1110010100110010
0101111110001111
0010111110110010
0001100110100001
0110111001110000
0010011000010011
0101011001010011
0101010001101101
1111010101101110
0110100100010010
0001001010010011
0101011000001011
0100010000110101
0001111011001010
1101010011101110
1001000111000101
0001110011111010
1010101110100110
1100001101110011
0100110011100011
0111100001011011
0111101110101101
0011110010110111
0101101110111110
0001100100100111
1010000100010011
1011000011111101
0101100110100011
0101000101010010
0101001001110100
0001111011011111
1001110110110010
0010010111111101
1101011010001111
1111011100111010
1110110001011111
1101011100011100
0001101110100100
1010010000101011
1101000101110011
1011110011010101
1100011011010101
0001110110100111
0100000101010110
0100000101010000
0111000111110010
1000101001010110
1010000110001001
1110010000100111
0011100101001000
0010101011011111
1011111100010111
1010111101001001
1010010101010000
1101000001000100
1011110010001101
1111110110011010
1101011110110100
0110011001011100
1010000001011011
0100001101000100
0010001100101111
0001011000000011
1001011010110011
1100101010000000
1011000001100010
0011110010111010
0101100011110110
1101000000011010
1101110011011111
0110110010111111
1001000001010011
1001101010100100
1000111000101010
0001101100010010
1000001110100101
1001001110110011
0101101010101000
0000011000001011
1000110001011110
0011111011100100
0101000110111100
0001001111100001
0010110011100100
0011000101001110
1110100111111011
0001111110111111
0101100001001000
0110111000100000
0000100111101111
0000101010000101
0101110010100111
0101000010011101
1110010111101110
0000001110110000
0111000100010010
0101001011101110
1101111001001101
0000100000010110
1001010010110110
0010010110110100
1111111100100111
1111011111101001
0010000000101010
0011111111101110
0110100011100011
1011010101111101
1100111001011001
1000110100100001
0100001001000101
1101100000111101
1100011001010111
0101111010010001
0110001111001011
0001000110111001
0110000101100101
0101011100000001
1011011110100100
1001100111000111
0100110001110000
0101111000100010
1111011111011111
1110100001101110
0000011011111000
0000111010001100
0000001101001110
0001111100111010
0010111100001110
0110100111110001
1011001111010011
0011010010110010
0010001110010011
1001000001101110
0000010000111101
0100111011001111
0000000101111110
1000111111011010
1000001100010010
1110001010111010
0010111001001000
0000110011010000
1100110100101011
0111000000111111
0101010100100011
0101000110111011
1111011011010000
0100100010101010
