0010100000001101
1110011010110000
1100000001010101
0101011001010111
1100110000110100
0101110111100011
0001111111110011
0110111101100000
1100100010101000
0111000000101101
0110011010100100
1101001101100100
0001111101111010
0001110010011110
0010111100111111
0000010101011000
1101001000011111
1100110000111111
0101101001101101
1111110000100110
1000111101001101
0011110010000011
0010110110010100
1000000011011110
1101110010001000
1000100101010010
1111000101100001
1100101110110001
0000100110101111
1110111000111111
1011000111000110
1100101001110010
1000000000010100
0100100011011001
1110011000100000
1101010100101000
1010000111101110
0010111111100011
0111011101101011
0010000100100010
1000001111100000
1100011100000010
1010100111010111
1101101000111110
1001100011101111
0110111000011001
1111000100001101
1100010000111011
1110011010000001
1000100001000111
0111010101001001
0011101110010001
1111111101101001
1100111000001010
1000011011011101
1111100101110111
1001010100100011
1100001100110101
1001010011100001
0111000010110110
0100001101111100
0111010111010110
1101111110000011
0110001110010001
0011110011001010
1100111110011011
0110111110111001
1101111101110001
0101110101000111
1001001011110010
1110111010010001
0111010100000111
0110001100100000
0001001111110111
1011001000101010
0100011100110110
1110110001000010
0010101000100010
1011111001100000
1010000010000001
1011011101100001
0001110001000110
1000010110100000
1100100111100000
1110110111101000
1010000001000001
0111110111010100
0001011011100010
1101000110110111
1100011011010111
0101010000111011
0000110110011001
1101000110000111
1011001110001001
1101100000001010
1010000110101010
1110101110000110
0101101100101010
1000100111110001
1001110000100111
0001000100000110
0010001100011111
1011001000110111
1100111000100010
1110100111000101
1011101110111111
1110000110011010
0010101011101000
1101010001101101
1110100001110111
0011011110101101
1011001011101000
0011111111000000
1100100001101000
0001001110011001
0010100000111111
1101110110011011
1010110001010011
1000110100000101
1000110111101010
0011100000101010
0110001111110101
1001111010000001
1000101011010010
0100010100000011
1001001011001001
0100111011001100
1010010001101100
0000100000010110
0101110111110100
0110001101000011
1010100010011011
1001110110100101
1111110110101100
0000001110110111
1010011000110100
0111101110010110
0010011111100011
0101001000111000
1101011100000111
1111110011001000
0101110110010100
1101101100011000
0011101100000100
1001010011010011
1110001001011000
0001111111110111
0101110100101011
1000000100000011
1010011101100111
0100011010011010
1000111111110101
1011000011011001
1001011100101100
1010111101100001
1101011011010110
1001101011001010
0101000001010101
1011011100100000
1101111011101011
0011110001110000
1011111101010100
0110111010000110
1100000111100101
0001110111111101
0101011111011001
0011100011010011
0111011111011001
0101100000111011
0001101011001001
0000100101100010
0111101011010111
1111111001100010
1110000101100101
1001010011101111
1101001011110101
1111101101111010
1111100011010110
0011111001001111
1111000001001100
1011010110101100
1010100101001100
0001100111000100
0011000110001100
1011001010001110
0000010001111101
1001001010010100
0100010111010101
0000011101111010
0110100010011001
1010000111001111
1110000000011010
0101111100100100
0000101001110111
0000010010011110
0111000000000001
0011100011101001
1110011011000000
0101101010111110
0001100001101001
0011010000011001
0010101011100110
1001100101110101
0011011001000111
1101001100000110
0001111010010001
1100010110010110
0010011001100011
0111000001010000
1111110010110000
0111010101100100
1111010111011110
0000101101111101
0001011100110010
0110010000011000
1000100000001011
0111110111000001
0001011100111111
1101100111001001
1100011000010010
0101001101010101
1101010100000110
0111101001110100
1011010000100111
1011000110101100
1111010000010110
0001110010110111
1011100110000101
0001010010110000
1111101010001110
1101010010011000
0100110011101111
1110100110100101
0110000011000010
1011011001010110
1110010100001100
0011100001001001
0101110011011100
0011111010100001
1110011011000110
0100100111100011
1000101011110101
0110010011101100
1001011000010100
1000110110001110
1000000001111110
1111110000111100
0101101000100101
0001011101110101
0010101000000010
0010111101110111
1010010001101000
1001110100111010
0100111101100101
1100101111111001
1100110011010001
0101010101001001
1010010001111101
0000100110001110
0010010011000111
0110100100111000
1111011011011100
1001001101101011
1100001110100011
1100100100100000
1001011111110100
1101001011011000
0001101001001001
1111000101111111
1001111011101010
1010110110101110
0110000010000011
0010110000000111
1110001000000000
0110000111011110
1010110010100101
0001011011011111
0100000100100000
0111001011111101
1101111111010011
1010000111111101
1000101101000111
1001110111110010
0101111101010001
1001100100111001
0100011001100101
1111110111011010
0010100001100101
1011010110111110
1011111011100110
1110100010111110
1100110000101011
1110000101001010
0011000101100000
1010011010001101
1110101111010111
1100110101110001
1011001000100111
0010111011010011
0111011010001000
0000001000000111
0010001110110000
0001110001000111
1001010101000000
1011011101011000
0000101101010101
1000011110001011
0011101010100100
0011100110000000
0010000001010011
0001010110011100
0101110000011001
0110110010010000
1110111010110011
0110001000000011
1000100011001110
1100011011011010
1110001000110111
1000110100110100
0110100110110000
1110000101101101
1100001101001010
0000111111011100
1010010011001110
0111100010111100
0000000110110011
0111011011101111
0111000001110000
1011000110011111
0000110010001001
1110110100110101
1101011010110101
0000110101011101
0000110110111011
0111011001101111
0100110011010111
1100111101000111
1001110110010110
1101010011111110
0000111000010110
0110100010110011
1000100101011100
1000101101110001
1111100101001011
0110010011001011
0111101010010101
0010011100110000
0111000110000101
1101011001010101
0011011011111110
1111011010110000
0100110111000001
0111011100010111
0001010011000100
0000011011010100
0011010001111110
1101000010111111
0001111011010111
0110000011101001
0001110011100000
0000000010111110
0000000110010001
1100101111010010
1101100010111101
1010101100010101
1011001001011101
1101000100111001
0101100100001010
0101101000000000
1011000101001101
0111110110111001
0000011001110011
1000111000001010
0111110110001011
0010000010000011
0011001101111000
1100010110101101
1110101110001001
0110101101101011
1111000001011100
0001101110101111
1010110111111110
1101111001110010
0001101000010001
1000100011000111
0000011011100101
1010111100100101
1110101111111110
1100110011011000
0011001101101001
0010110101010111
0001110010010001
1110110111001011
1110001010010011
0010010100000111
0011111101100111
0101010101000101
1100110110101001
1011011000010000
1100100100001100
0101101011000000
1100111000000110
1101010111111000
1110101101110001
1101101100101111
0101110011001010
1101101010001011
0111001100001110
0111111000000101
1111010000000001
1100010011001010
1001101000110111
0110110010010011
0011100111000010
0001010111010010
1101010101111110
1011101001000110
0010100111011000
0011011100000111
1001011000100101
1100101000101100
1010101011011111
0111111010100011
0100111111110000
1010110100101101
1111011100011001
0101101100100001
1001110101111000
0111111001011110
0111010111100111
0101111101100111
1000111101100011
0110100111110011
0011010101001011
0010010101011101
0010010010111001
1111000110100010
1001111000101011
0011010000100010
1100100110110001
0101010110111000
1101100100000010
1110111100100001
1110010111000011
0111101011111000
0001111000110100
1110001011001010
1000000110010110
0110001001100010
0011011110100100
0100011000110101
0101001010101100
0011000000111110
1011000010000100
0011001001010111
1101111011111100
0100111110100101
1010001110010101
1101001101011110
1110110101010011
0001111110011100
0001101000001011
0011010111011011
1110001010011000
1100001111101011
0010000010111110
0110001101111101
1100111010011000
0011011000011111
1000010101111010
1001100010110001
1101001010100111
1100010110100011
0010010000101111
1000000010000001
1001000001000010
0011000100110001
1110011101001110
0001000000100011
0100001100000000
1010000101000100
1101111111110011
0011011010110111
1111100011011101
1111101101111110
1100011010011000
1111110100000111
0110100010001111
1000010000111001
0111110100101000
1101000001110110
0110001011001011
1101011100111010
0111100101111011
1010001011110000
0011000000111101
0110111110001001
0011100110011100
0011010100000000
0010110011111011
1111011000001001
0110011110011000
1100010000111011
0100101010111111
0101010110001011
0101001011000100
1000110110011110
0000110110100000
1110011010011111
0100010001111001
1000010000101111
