1001101001010011
1011101011011101
0000001010000001
1101010010000111
0101110100101001
1000101001110101
1000010110111011
0000100000100110
1000101110111101
1101111111111010
0111100100001011
0111000000011111
1010101011011111
1100000001100110
0111011011010110
1010011011000101
1100011001101010
0111001110111100
1000011100101011
1011011101111110
1000101101001100
1101001001000011
0100000011100101
1101000101100000
1111000100110110
0100001000001101
0110010101001101
0010101101100101
0110110010110010
1000111011111111
1010001000011100
0110011011100011
0111011101110001
1001100111000110
1000100011011101
1111110100010001
0111110001000110
1110111011000001
0111100001101100
1010100100101111
0101101111010001
1101111011100111
1000110111111100
0111111010000111
1001000110011011
0011111000111001
0010100010111101
1000000100011010
1010001010111010
1110001110110010
1010101000001100
1000001001001101
0000110000100010
0000000110010000
0101001001111111
1111111110100101
0010110111001001
1100011110100100
1001110100010111
1100010010010110
1010000101011000
1111110110110101
1010000011111001
0010010011100001
1010111001011011
0010110100110110
1000001100010011
1100100101010000
1101100010000111
0010010100010000
0100110001110100
1111101100110110
1010100110111010
1001100000011100
0011111111110011
1010000101011101
1010101011001011
1011101011110011
0010001010001000
0011001001000100
1000001001111111
0100100010010000
1111000000111000
1000000111010001
1101000100100100
0000011001100110
1111000111100010
0011101010100011
1001100100001111
1111110100001000
1011000010100100
1100101101100110
0111000000001100
0001000110111000
0101011101101000
1010100110110001
1100111100101110
0011111101100001
1111111111111010
0110100000010001
1100110011111110
1100111010111000
0101111010010000
0100010001000001
0110111000010110
0010000000011001
0100101110100101
1010101101100101
0011111001111100
0001010000001010
0011110011101110
1001011100001101
0010011010100010
0100100000111011
0011111101110001
0010010110110001
0100101010100100
1110010010011000
0101101010001110
0110011110101011
0101001011111101
0100100111101110
1101011100111101
1110000101110000
0000011000111010
0110010111011101
0101001000001111
0001100100010101
1110110000010001
0100011000101101
1101011111011100
1010000101110010
1011010101010101
1011010101010100
1101000011110001
1100110000111010
1111101101100110
0111111011011100
1111101110101011
1000110111000100
1110111001010111
0001101000011110
1101100110111010
0100101100010001
1110100111100111
0011010100000101
0100111010100011
0001000001101010
0100100000100110
0100100100101111
0100001001101110
0111111100110101
1110011111101000
0100010000001110
1101110100101011
0101101010101101
1100101010010101
0110100011010011
1001100001011111
1111101010110100
1010111100011100
1111000100011110
0110111101111111
1101000110000000
1111011000101001
1011101000111111
1010111001000000
1110101100010111
1100101111111011
0010010010111111
0100111110110000
0010010110111110
0000110111010010
1000000111100010
0010011000100110
1010000110101000
0001011000001010
1010101001100001
1001001101000110
1111100001101001
0110010010001010
1101100011010001
0110011001100000
1011000100101010
0011110110011111
1011010100100000
1001101011010111
1111011010110001
1110101111110110
0000101100101000
1010000001100110
0001011010001001
0010000100010001
0101011000100000
1001111000111100
1011111101100010
0110001100100111
1001000100101000
1101111111011100
0110100001110010
1000111010101100
0111011001011010
0000101001010100
1111110000000101
0101000111001101
0000000010000111
1111100000111000
1110001010111101
1110000000101000
1011011100001111
1011100111101010
1001010100110110
0100001110100111
0111111100100011
1011011000101101
1001100110000011
0010000111010110
0010010011101100
0101000101110000
1101011001010000
0010011110010100
1000010110010011
1110110001000011
0010011100110110
0110111000001100
1101011001110100
1011101101001100
1011010100011111
0111110110100111
1000000101100111
0011100000001101
1100011001000010
1000100011101011
0001001001011110
0010001110000100
0010000001111101
1110010101010000
0001100001011001
0101101101111110
0101100101111001
0010110110001001
0010100100010010
0101111011010010
0011001111110100
0000100110000110
0100111111011010
1011100011100000
1001001101101100
0101010100100011
0101100010011010
1111110011111000
0010100111101000
1111101100100001
1101101101010001
1000100110110111
0101110010110000
1110001111010011
1011110011010000
1101111001011001
0101011100100011
1011101110000011
1010101100110011
0011100011111001
0101011000011110
1101000011010001
1011011010101000
0001110110001011
1000100011101110
1001010101101101
1100110001101000
0001111000110100
1011000010011110
0110010101010001
1011000100011001
1101101011101000
1101000011101100
1000011000010111
1001010111111001
0111110011000111
1000100011100010
0011010100010101
0100110101000110
0111111100110001
1111100000111110
1100001111001010
0111110111010101
1001011100111000
1110011000001010
0001110100001110
0001000011010100
1100001101010010
1001011000100100
1100011010010100
1110100100011100
0001010100100000
0010111011010100
1010101001010000
0101010111111000
0111111100010001
1001101001101010
1111111011101010
0001110011101110
1011111101110111
1110110100101010
0111011010010101
1011111111111111
1011011011011110
0010111111101111
0001100110010111
0100111101110111
0110010100101100
1100010001001000
1111101000110001
0001110010111010
1000101010110011
1101110011110001
1000110100101011
1000010010001110
0000000110011000
1111011000001100
0110010001000101
1110011000010010
1100001100011000
0111010100110100
0101001110010101
0100100110010001
0000000100011001
1000110000111100
1011000011101000
1100100101011101
0011000100011001
1111101010100100
1100011101001000
0101111010101101
0000000001011110
0100010110111011
0100000000110010
0111100001001011
1100100000101110
0111010000010000
0011111001111110
0001001001110101
1101010010010010
0010101011000010
0011101111001001
0000010011000101
1010110101100000
1001001100110001
1010010111010110
0110101101001111
1010100100100010
1111100011010111
1110101000101101
1001111010101101
1110110110110011
0001100000010000
1110111110111000
1010110010101010
1011000110001111
0111101000100100
1111110011011000
1001111111101011
0000001010111111
1000011100101111
0101010010000000
0000101001010111
0000110010100010
1101101110100111
0011101110001001
1001111010001011
1111011011011011
0101001100111000
0100000101110010
0111001110110000
1000101111011111
0100100100100101
0110111010000011
1111000100010000
0001100111101011
1010010111000100
0101100111111001
1011100110000110
1111110011011010
0010000111010110
0100001110001001
0000010010101100
0111010111101111
0111110010010110
1101101001001011
1000101111100001
0000010110110011
0111101111001011
1101111010000011
0011011011100001
1001101011100010
1000111000011110
0011000000111110
0111001011000000
1000111001100010
0110010111011100
0111101010011010
0111000001100100
1011001000101101
1110110100001000
1000100010011011
1111000100011110
0100001001101111
1111011111100110
0110010011100100
0111000100000011
1001011010111110
0011010011011011
0101000000101010
0001000101100111
0000110111000111
1010111110100010
1100100001110110
0010111001100000
0100000111110010
0101100010101101
0110110010100000
1010100111011000
1011000010111001
0011110101000001
1010011100110110
0110010100000100
1111010111111100
0010010011111000
0101100111011110
0010110000101101
0100011011000000
1001100110110011
1111001111011000
1100111111110100
1100001000011110
1100101101110000
0111001101001100
1011100011101000
0100111110000111
0110010110110011
1010110001010001
1111111111000101
1010100101010000
0000100110000111
0111100100000001
1101011111001001
0110101111011001
1010011110110011
0110000100010110
1001010110100001
0001110011101101
1111101000110111
0110000011110101
0101001100111011
0111101010100110
0000101011000101
0100000100111110
1011100100010000
0001000001011111
0011101011101011
1001110001001111
1000101011001011
1110001101101110
0011010011000111
0111011000001110
0111110111011110
0111101110101101
0000101100010001
0001010111001101
1001010110110101
0010110100010011
0101110010010110
1011010111010001
0110011001100011
0010001010100111
0111110001100010
1001100011010101
1110101001111000
1111010011001110
0110000100011100
0111000001101010
0101000000010011
1100110001100110
0101110111100100
1100111001001001
0110010010000111
0101001011110110
0010000101010001
1101001010100110
0100011000010011
1000111100011010
0011100110000111
1001100011111101
0000000111111111
1001101100100011
1010010100100010
1111100111010110
0101000110101110
1101111000110010
1010100111111010
1100111001010110
1011011101110001
0000000010100100
0001110101010000
1001101000010100
1100001100001101
0011100011000110
0110101000011110
1001000001001110
1001101101111000
0010100100011001
