1011011110100000
1111100101110111
0010010010001011
1101101000010011
0111100000001010
1100001010011111
1101110010101010
1001111110010111
1000011110100101
1100101000101001
1100000010111110
0110111000001011
0011000010010101
1011101001001011
1001010101100000
0010001000111011
0101111110000110
1011011011001100
0111011011110001
0100100010000101
1111011000111011
0011111011011100
0101010110000000
1101100011011101
1100100000001111
0000100100001001
1001110010000001
1110100000011011
1001010000000010
0001001010011100
0001101100110100
0101111001101011
0100010110110000
1110111111010111
1001110011000110
1110001000111001
0010010011001000
1000110011011100
1100111111010101
1100000000001000
1010111110011110
1010011110011111
1101100101000011
0101101100000011
0101000110111110
0101011101011010
1100000011000110
0110101110111010
0011100001010011
1101010011011001
1101010000101100
1010010000101101
0001001000100010
0001111001100010
0000000001110101
0001111110111011
1011100111010000
1001101101100111
0111101000111010
1001101101100110
1101011000101001
0001011101000110
0110100111110011
1100101000011110
0110011001010110
0101000111110001
1010101011011101
1000110001000110
0101111000100101
1101101111011101
0001110110110011
1101100110101011
1111111000100101
0000100101011101
1011110011110000
1111101110100010
1011010111001000
1000110100001001
0010011101001000
0001011111101110
1110000110011001
1101100110101111
1110001010110101
0111101110011111
0001100100000001
0011101010111000
1011111000110110
1111010000010101
0001010001010110
1101001001111110
0001011100101011
0110011110100111
1111111010000100
0000010010101100
0000011111011101
0101010011100000
1010101000110111
0001110000111100
0010110111101100
0110011000010100
0000101001110101
0111101100100001
1010101100010111
1001001011111010
0010000011110001
1011101010111000
0001101111111001
1111101110100010
0100010000111011
1000101110101001
1010111111111110
1011011010111101
1000000010111100
1111101110100001
1101101110101010
0010010001111100
0111000010110100
1011111110001111
1111011000000110
0111011101010110
0000110000000000
1110010111010000
0011010100100111
1111010000110100
1101101001010011
1000110010110011
0000001010110101
0011111001101000
1000101011000111
1110111100010100
1011100100001011
0001100111110000
0110111100000100
1111011101100011
1011000011001111
0010101000101010
0100111100111111
1110000000111010
0001111001111010
1000111100100010
0010011100000001
1110100000100100
0111110111101111
0111110001110101
0010101000101000
1010101101000011
0111110110010001
1101001000011001
0000101110010101
1100011010100011
1111011101000101
0101101110101011
1001000100010110
1001101110011110
0001001000101101
1101011110010010
0011010111000000
0100000110000110
1110111011000001
1100010001010010
1000110011100111
1010000000011110
1101000000101001
1101111000010111
0100011000010100
1110101011010001
1010101100010001
0011001001111011
0001010011110011
0000001000110010
0011101101101001
0000100100111101
1011010000111101
1010001111101111
0010100010000100
0100001110000100
1010011100111101
0010001111100010
1000011100011011
0001100000110101
0110100101000101
0001100100111100
1011000101100110
1110010111011111
0001110111100110
0101100011100111
0111101111000100
1010110001101111
1100100000101000
1100001101101011
1011001110010100
0111101101111000
1000000001000100
1111011011111100
1101011110100110
0111101100100011
1101010111111110
1100111010000001
0000110010011111
1001101000111111
1110111011110111
1001000000010011
0011011101010111
1111000000110110
0100100101101100
0100001010000011
1001101010110110
0011101101011001
1101101101001011
0110010010011000
0010101010110011
1001000110111110
1011101001100100
0001001001000101
1011000111111011
1111001101101110
1111000001000110
0011111100001011
1111111110000101
1110100010000100
0110111110011111
0001111100110011
0101011111110001
1000010110010110
0011011111000000
1111011010000000
0001111110110111
0100001010000100
0010111001100110
0011101011110011
0101011111111011
1111100010110010
0011001110111101
0011111101001000
1010001100111011
0110000111001001
1100001101010000
1111111111111000
0011010111010101
0111100111001001
0111010011100011
0001000001111101
0110000001001101
1111111010011110
0000100100100110
0111110110111001
0100100011100101
1011010000100100
1001010011111011
1001011101111000
1010100111110111
1110011011101100
1001100110101011
0000010000001101
1110001000101000
1010100101010000
0011100101010010
1011011001101000
1001110010011100
1001100100111000
0101101110100101
1011110001111101
0110111111100110
0110000000110110
1101100000001100
0011110001000111
1010010011010000
0101100101001110
0001000111001010
0111010000010110
1001100011001000
1110010111111001
0010100010111110
1010000001010110
0110110001101001
0010111010101111
0000110110110000
0100101010100011
0101111110000110
0000010000011111
0101001000001110
1010110111110101
1000101000011001
1111001001010011
0000001000100100
0111110000011101
1001110111100001
1110100011110111
1001111110101000
1010000111101100
0110010001001000
0011101010110001
0101000010001101
0011111110011001
0011100011101101
1010001100100111
0111100110011010
1100000010101100
1010000000100101
1100111111110010
1000110100000000
0100101010010010
1010001111000010
1001101101010100
0000000010100001
0111000011011000
1111101000011111
1010101010110100
1101001000100001
1101101101101011
0111100010100001
1000110010100001
0111101010110101
0100100110101010
0101110100010011
1001011101110010
1000101011100001
1011110100111101
1101000110011010
1001011001110100
0010111101110101
0010110110000110
0001011011010010
0010111111011001
0010111001101010
0110100001010111
1101011110000001
1000101001001111
0010111000111111
1110100100101110
0000111011001011
0101101010101011
0110111111110100
1111101010100100
0100100110000100
0010101010101101
0101000000100011
0001100010000100
0001110111111110
0010101110110011
0010001101101111
1110101101101100
0101111111110111
0101001111011011
1101110000011000
0111000010100110
0110110000010111
0100100000010000
0010110000000110
0101100001010110
0110001011001001
0001110010011111
1010011001011001
1011110011010111
0110000100000010
0100100000011101
1111001101111111
0101100001000101
1011110000101110
1001101110100000
1010010100001001
1001111010111011
0011100000100101
1101101111101110
0000010010101010
0100101111001010
1000111100110111
1100110101010000
1100011010110001
1100010010101100
1101011001100010
1010010111001001
1101010100011000
1010010101001111
1111101111110101
0110100111111011
1101011001101111
1101011101010100
1101010000011011
0001011110110101
1111010011011010
1101101000010110
1011100010101110
1010101110010101
1111011101001110
1000000011011100
1011011101101110
0101100111010110
0101001000000111
1101110110011100
0000011011011010
1000011011101110
0011000101001100
0000101011010110
1000111111000100
1001100101000011
1101111010100011
0100110001001000
0001100000101010
0000100110010001
1010000101000111
1011111011100101
1110101001100000
0110110000110010
0000010110110001
1001110010100001
0101010110101110
0101001101110010
0001111111001100
1110100100001010
1011001001010001
1000111111010100
1010001110011111
0010001101000110
0100010011111010
1111111011000100
0100100010101011
0000100100101110
0010110010100101
0100001110001110
0111101010010010
0101111111000011
1101010000010111
1011011110000011
0010010001000000
0111100011100001
0101111111100110
1011101110100111
0001100000100010
0110001100010011
0100000100000000
1101110011000000
1110000101000100
1001101000111010
1100011001100001
0010100001111111
0000010110111011
1010000000111010
0101001101010110
0010011100001011
1001100111100110
0010000010101110
0101000001111010
0100011100100100
1001010101111100
1001101001100000
1010101111101010
0111010101100000
1101100011001000
1001111001100011
0000111011110011
1011010101101111
1010100001011010
1010010101000001
0010011100110111
0111110001011101
1100110011101000
1010100101001110
1001010010101001
0100101001100001
0100110011000101
0010111101111101
1001110111001101
0101101001000000
1110111101011111
0011001100011110
0101110011011101
0110110001111000
0110000110101000
1010011111010000
1011001010000011
1110001000110011
1110110000000101
0100110011011110
0110011010001100
1100010001001000
1101011001111000
0011111110001111
0001001001010011
1011100011001010
1000101100110111
0100001110011010
1011110011111010
1010110101110100
1000100110010101
0101000100001000
1010101001001001
1110010011010010
0000001110010110
1111001010010101
0100001000000110
0110000001100100
1101001001110100
0100101111110001
0100011011100110
0111001011010111
1110101001000010
1010011100010001
1010010011111100
0100000111000011
0100001111001000
0011011011001111
1000110001000001
1110101111101110
0000101001100111
0111100000010011
1110000100100010
1100010110110100
0000010000011001
0100100011001100
1011110001011000
