1000100101101110
1011100001011111
1011011001001011
1110110110100110
1111110000110110
1011111101101001
1011010111111011
0101010101111100
1010100001101101
0111010110101110
1000101010001101
0000100101001111
0100000001001011
0101000011100001
0111000010000011
0100010101010011
1001111010011100
1000001101001110
0001001110001001
0111000110111010
0001101110011011
1010000000010101
0011001100111010
0111110101010010
1001010111111111
0010110000100101
1011110011100101
1010010111111010
0110100101011111
1010000011100011
0000001010100101
0001010101011101
1001110000111111
1101101011110000
1110000111100100
1011011011101100
1100011000000111
0010001110100110
0110011100101001
0110111100111101
1111101010101011
1010110001110000
1000101111110011
0001000001110101
1100010100001011
0010110010011001
0101111001011001
1100001100101000
1001011111000010
1100111001001001
1111100010101011
0111100011110011
0111001010000011
1000001111111100
1010000001010101
0110111111001010
0111000011110101
1100011111110010
0001101011101001
0100011110000101
0010101000011110
0011000110001110
1001110001000110
1000110100111011
1100111000001001
1101111001101110
0011010110011110
0011100011101011
0110101110101011
1001110110011001
1011110000111001
1011111100000101
0010111110001001
1111111100000111
0100101111110000
1011010110001000
0111101010001000
1011110000010011
1010101000001010
0100100011000011
1010111100111001
1101100110010010
0000001001100110
0100010000110101
0001100110011101
1101101110111100
0001111111110110
0001110000010010
0101011111000110
1100011011111001
0111001111100001
1101101111101010
0111001010001100
0011000010110000
0010110010110011
0111001110011110
0101111001101110
0110001111001010
0100111000011100
1000001010111011
1011001010101100
0001010100011101
0011000010111011
0010101111110001
1100011001100111
1000110011010100
1000100000010100
1011011100011110
0100100111100101
1000110110010001
1000101000010100
1010001000111010
0101011110010111
0101110100111100
1000010101111110
0110000111111100
1000000101011001
0010001100111011
0000101001010100
0111001001100001
0100001001001111
0010101101110001
1110011000001010
1100101100000011
1101101000100011
0110111101010010
0111010001010000
0111111001111100
0100001001011100
1100101001101100
0100110100100010
0101011000011100
1001001010000010
1110101110010011
0011111001110001
1011111101100111
0101011011001100
0001100000011111
0100100110000010
0100010000111100
1011011010011000
0010000111000111
1111000001010000
1110110111110100
0111101101001111
0110100110101100
1011101011100100
1011010001010100
0001101010100010
1010011011000011
0110100110110001
0000111101111000
0011101110110001
0000011101101010
0110010110001100
0011011011011101
0000010000001000
1001011000110011
1011100101010000
1110011011011110
0110010011011001
1011011010100111
1110110001100111
1101001100110110
0101100000001010
1101101010110100
0110110010100000
1001000011001100
1111011110101000
1111100101001111
1111011100100011
1010111100100001
1010001110000000
1001000010001110
1011111100000101
1101101001110111
1001000010110101
0111110001010001
1100001011001100
0011000101101010
1000001010111010
0001000000110001
0101111110011110
0100010000011110
1101111001010001
0100010011101101
1010111111101100
0110101011001100
0111101111100111
1000010010101010
1001110100101101
1000001110111101
0101001010101000
0001010001001001
0010110100110010
1011000111011110
1101010010000111
0101110111111110
0001100100000011
1010111101000110
1011010010100111
0000011011011110
0000110000000010
0011101110101010
0110000111001010
1001011010011010
0110110101001010
0000011110101100
1100101010011011
0011000111011011
0011010101100011
1110001111100111
1101100010011100
0101000000101011
0110011011101000
0110001000111100
1101010101110111
0101000100010000
1111000111001100
1011000000100000
0001000110111110
0010000111011011
1001000011110000
0011010011000001
0101111011000110
0110110110100110
0011111100000010
1001000010101011
0000110101101111
1010011011011101
1111000010100111
0011000011111011
0111100001011001
0010100101101110
0110111100010110
0010101111000001
0111000110111110
1111001111011001
1101111100011001
0010110011110011
0101011001010010
0101011100111100
0101100101100101
0111111110001110
1000000001011010
0000101001101011
0100001111100001
0000000101010110
0110010001010011
0101110001100101
1110001000000010
0100111000010110
0110110100001110
0000100001010011
0010110111111100
0011011000111001
0000010010101100
1010100001000101
1010010001000000
1001000011010100
0011000000000010
1011010011100100
0000110010101010
0001011001110000
1101101011110111
0011111001111101
1100111111111001
1101111100100110
0000101101101110
0010001110101001
1010111100010100
0011011000000110
0111110111000000
0101011110110100
0110001101101000
1001100111100100
1011110111000010
0011100111100110
1111100101011001
1001111010111111
1011100001110111
1010100110100101
0010110110010001
0100001010111000
0110001111001001
0100100101111111
0110011011011000
0110111000110011
0110110010010011
1001100010100101
1101110010100010
1001000100111010
1000001000010100
1000010010111001
0011110000011011
1100000111101010
0011111010000110
1000101000000011
1010010010100100
0101011100001100
0100110100100000
0111001011011011
1000110111100000
0010011000101101
1101101010110011
0000111110101010
0000110100011011
1011011001001001
1101010101011101
0101110110010011
0111000000010011
0111110100100110
1111111011010110
1111000000101011
1000000101100100
0011110101011110
1101111101111001
1110110001000101
0110000111011101
1110010101100010
1011110101111001
0001000010111111
0110010010110110
1101011100100001
0111111111011001
0011011000110011
0010010111111011
0111001001100111
1101111111011101
1011111111111000
1101100110000000
1010000101110100
0100011010001000
0001111100110010
1101111000101110
1110010001101100
1010111001000110
0100010011011010
0011000110101111
1011111000100100
1110100100000000
0001110101110101
0010010011100100
0011011011000100
1101100010011001
1111100010101101
0101011001100010
1000011111111001
0111101011001111
1011101101111000
0010111100111100
0010101011010010
0011001010111110
0010110111101010
1000011100011000
1110010001011101
1101110111001100
0111110011100011
1110011010111111
0000110111011100
1000111110010001
0111101010010011
0110101010000101
1001100011011011
1111100110101000
1110100111111101
0100011110001101
0010001010110111
1001111001010001
1010101011110011
0000011011000101
1101101011001001
1101100000111101
0101101001100001
1101010011000001
1110101110110100
0101111100010100
1111011010111111
1000101011101100
0010000111010011
0010001001000011
0111110001010010
1110001100110011
0110100101110010
0010100110101101
1111010011100101
0000101010111111
0111101000011110
0000100111011000
0011110101011000
0001101100100100
0000010011011110
1100011110101011
1101101010101000
1100110011001110
1110111010010100
0101001011100001
1101010111111100
0011010100011111
0110100010100001
0000111110111111
0100110100110111
0100100001111000
0011100000011111
0011111011001101
1010111001111011
0110011101000011
0011011001010000
1111000110111110
0000011110000111
1110001111111000
1010110111110110
1111111110111110
0100010101010011
1001110001001001
1001100011110100
0001001101000010
0011011110010101
1111101100001100
1001101100010011
0100111100101000
1111010101000101
1011011010010101
1000001100111100
0011001000100111
1000011000010101
0110000111110010
0101001100111000
1111000011110111
1000010100111000
1010101101100001
1001101000011000
0101001010010101
1010010111010110
1011001100010001
1010010101111011
0100011000111101
0101001011111110
1000110101001010
1110011001101100
0100011010010011
1010111100110100
1100000111011000
0110000010010001
1001111100111101
1001110000111110
1100001011111010
1001110110010110
0110110101100100
0100110101111000
1101111101110110
0001011110110111
0100111110001100
1101100010111000
0001101001111111
0110111010111101
0111000001111001
1011001110100111
0010110101111110
1010010011011010
1111110011011001
0000011000111111
0000001100000010
1100001011000001
0001101001100010
1001111011101111
1110101100111110
1100001100111000
0101011111001001
0111101111101011
1010101011110110
1111000011011000
1111000111011110
0110010100110000
1011011110100100
1100011100000110
1110001011111010
1111001011011100
1100101111010011
0110101000001001
0000010011010100
0010100001100101
1100100010011101
1001100011110101
1110011110110000
1110010000010110
0100000110010101
1000100111001001
1000110110101100
0000011101011001
1000000000100010
1011010000111110
0010010101011011
0000111111001011
1110101001111110
1000110001100100
1110111001011000
0100011011110101
0100101010101110
1010110010111001
1010111101110000
1100000010000011
1101001110001101
1010001010011011
0110010000110011
0101110001000111
1101011110011001
1110101001001110
1011010011011010
0101000001000000
0001001110000101
