0011011011100101
1010000101001110
1111100011111101
0011101100110011
1110010110101001
1100111100000100
1010110011001111
0100000101001011
0000101010000011
0100001111001011
1100110010100111
1101000110011110
1101100111011011
0011000000010010
1000000001000001
1010101001110000
0101101000011111
1111001001110100
1000101101000110
1000111111100101
1101010100111001
0101101110001110
0101000101000001
0011011001010001
0000001100010101
1110100100000111
1010100010000000
1100010111100100
0111111111101011
0110100101011101
1011011010000001
1110010011101101
0111010111010110
0011111110100000
0110001110000111
1111100111000101
0010110111101110
1111011101100111
1010101101001001
1110100111100101
0000101110010011
0110000101000010
1000011101010111
0111011000011001
1010110110100111
0110011110100001
1010001101111101
1001101100000010
1010110011100110
1010110101101000
1001101000101111
1101101010011000
0000011001001101
0100010110111100
1111100000100011
0001110101100101
1111010100001010
1100110110010000
1011100101000110
1011100100110110
1010110011010101
0110001111111001
1001101010101011
1000101101110010
0010001011110101
1000011010110011
1100111011001100
0010000111010011
0010010011001110
1100100100111111
1101011101001110
1110000010010000
1010100100000100
0111101101001000
0110110010101110
0000011010101111
1110111001111101
1001100000100111
1111111101101101
1000111000111101
0011000101011000
1010001111001011
1101101010011010
1001010110001101
0011010110001000
0011110110000000
0111111100110110
0010101110010011
0111010001101110
1011001001000011
0010101010010100
1001111011100001
0111111011111000
0001111000110100
0100110000100101
0111010001001011
1001111101110111
0010001100001010
0110100001110000
1001010111011110
1011111010111001
1110110111111000
0001111010011100
1010001111100100
1100111100101101
1101110000001111
0001110011000000
1110110100101000
1111101010000001
0001110110010001
1111011001111100
0110001000011010
0110011100100110
1010101100010010
1000110001000001
0010000100001011
1011001111001100
0010111111110100
0100011010110110
1111010111011010
0110001001101010
0101000001100000
0100001011110001
0111101101110111
0010010000001000
1010000110010110
0010010100110001
0100001011110110
1010010001010110
1010011000110010
0001001000111100
1000101111011010
1011110101111101
1110100011010001
0011110011111001
0111000100011011
1101110111000011
0010001000101010
0011010010101011
1011101110001110
1011000001000101
0010111100111100
0010000101001010
0101100000001010
0100001010011011
1001011000111001
0110110010010110
0010101101011101
1001001011101010
1101111101011111
0000101111101011
0011000010000110
0110101000001101
1111111110000111
0111110010101110
1000000000100011
0001010110010011
0110101011010110
1011110000111000
0110101000111101
1101110010001101
1011010100011100
1100110010101001
1101001010011111
1110000001001111
1001001001000010
1010101101100101
0100010000010010
0110101001111000
1100100001000011
0001101111000010
1011111011111110
0100111001100011
1111110111110111
1011101101110100
0111101101101010
1111111100100011
0000000000011101
1000001011001100
0110000000000111
1000000000110100
0101011000111110
0100011000000010
0110000101001111
0000001100110000
1001000010100010
0111001111011010
0000111101110000
0010101100101000
0111100101011110
1010101101111001
0011010101111100
1011010010011111
0001010101010110
0011100110000111
1101101000000101
0100010101110100
1110110011100101
0010011010000000
0100001100101100
1000111001100101
0000100010001110
1001011000100011
1011001011010101
0101110101000001
0100110100111101
0110001001011000
1001100010011111
1010010000010011
1101010001010101
1100110010011000
1010001100000001
0010011111100110
0100001111100110
0010100011101110
1011110100111011
0011111001100011
1110101010100010
0010101010110010
1010111110011000
0001111010000011
1111101000000011
1000110111001001
1101001001100100
0110110100110111
1101100000111101
1011001100110010
0101111010101001
1010001010001000
1010110001100111
0101000111101011
1001000011111001
0110011100100101
1100001011101100
0001001111011110
0101101011100101
0101100000110111
0100000011101110
1001110110011011
1100010011011110
0111110001100100
0101011001010101
0110101001110100
0101100100101100
1011101001100111
1011101100101100
0000100001110001
0011110000111100
1111000011011000
0010110101011011
0011011001111010
1110110110001010
1111001001111001
1100001111000111
1100110011011001
1001100010001000
1111011110110100
1101110000001110
0011001111011010
0100001111111000
1101011101000011
0011110011011001
0100011111010000
1000011111110000
0010101010101100
1110001101010000
0001001101000110
1001010100101101
1100101000100100
1001111111011010
0011111000100100
0100100111110110
1100110100111111
0110111010011100
1011011010010110
1000110010110110
1110111010000010
0101001000100000
0100010100001110
0111010001000100
1110111011101100
1110001111010000
1101001101101100
1101010110011010
1011010100101011
1111010011000100
1011100101110010
0100101100110000
1010001100110000
0010000110011110
0011100001011110
0001100110101011
1100011010010001
1000110110111101
0110001111100010
0111001101100110
0111111011110001
0110100100011010
1111110011001101
1101010001000011
0110100010111010
0101000100000110
1010001010111001
0111110100100010
1011110111001000
1000111100010101
1000101101000011
0001010111001011
0001101101100100
1111100001101010
0110100000011110
1010101000100001
1110110011001010
0101110010001000
1011001010011001
1011101100011001
1100111110000000
1100100001100000
1011101101010010
1100000110110110
1011011011110111
1001011111011101
1100110100011111
0111100110100000
0101110000111100
0101010011001000
0010011011011000
0101111111000100
1011011000100110
1110010110101110
1111101000000011
0101111111001000
0101110000110101
1011010001111010
1110101010111101
1101101111001000
1000011010000010
0111000101101011
0010100111010110
1111011001101010
1010101100001001
0101110101001101
1011101101000001
0111100000010001
1110001010111101
1110101011111001
1111100011011000
1011100011101101
0001111101011001
1101010110010001
1100011010000011
1111011000111110
0001000100001000
1001010011011011
0000101111010111
0111010110110100
0101110010100100
0000000011010101
0010110110000101
0110100001111000
0101000111100110
1101010101011011
0010010101101101
1001110111111111
1100011010010011
0111100100000100
1101011001101011
0000000101011110
0001110011011010
1000001101100111
1100011111010101
1001100000110000
1001000000100110
0010111001011100
0010101101010111
1111010111000110
0101011101001011
0111101010000000
0010010101101000
0111011100001000
1000101110111001
0010110010001010
0101000100110110
0000101010110100
1100010010011011
1111011000100110
0011101001111100
1010111000111011
1100100010101001
1111000001111001
1111011011110001
1101110111100000
1101111111001110
0110110111001001
0000000001101001
0001010110011010
0110010110110010
1101011000111100
1101101001110111
1110001010011001
0010010110011001
1001010110111101
0101101011111101
1101001110010111
1001111001101000
0100111111010110
1011001110111101
1001001011011110
0111110000001001
0001101101101111
1001011010100010
0100001000110101
0111001110010001
0110111100111101
0110111110100100
0110010000110100
0010100010100100
1110110010010000
1111010110110000
1110110011100000
1000000010111000
0011011110010101
0000010101010110
0011100000101000
0101000010101011
0001011100110111
1001101011101011
0000111110110110
1011011011000111
1111101011100011
1110111110011010
1010010001000010
1000001001101011
1010110110010001
0011110010100000
0011110111001111
1100111011101100
1010001110001011
0000101100011011
1110111101101010
1010000111110100
1110001110010001
0000111000110110
0100011101011001
0101001111111000
1010101110010101
1110000111110100
1100111100100111
1011100110000101
0110000001110000
1011010100001011
0110010110101110
1010000000100100
0001100001100111
0110001111011111
1110001010110100
1010111100101010
0000011000100100
1000010101011110
0100011110011101
1010001100010001
0010011011001101
1100101011000001
1001111001010001
0100010011010100
0000010011111100
0100000000110011
1101111100000101
0100001101001111
1001101110011111
0110000000110010
1010001101011101
1001110001011100
0011101111111100
1011111010110101
0011000111101101
1010001000000100
1111001010010101
1000111000101101
1111111110001001
1101110100111010
1010100011111011
0110110100000000
0111000011011000
0110110010101101
0001110001010001
1000000001011000
0000010111100110
0101000010010111
0100110001111001
0100011100101010
0011001011010111
0010111101001100
0010010011110101
1110000011100110
1111100111111100
0110001101111111
1101100101101100
0110100000111110
1100010010011111
0101001010000001
1110001100111110
0111000100011101
0110000101101110
1101111011011100
1010011010001010
1011011001110010
0001010111001111
0111101110100010
0111000111111111
1010101001110000
