0110000100001010
1010110010000110
1000101011100111
0100101101011111
1000110111111011
1011111110110110
0000110000110010
1110011011110010
0110101111100011
1001001011110101
1111001110110111
0001001111000110
0011010100111000
1011011111011101
1101010101100110
1111011101001111
1011010000011001
1110100011101010
0101100110001101
1000010100011101
0011100110101101
0111101110001101
1001011110101010
1001100001011101
0111010000101010
1010100000100100
0011111001000110
1110101010100110
1000001010001010
1110111101001111
1000111101110110
0010010011011001
1101100111101001
0001001100110010
1101110100100101
1001110111100001
0000101100101100
1101000010001110
1101111011010110
0111000000010011
0110011100100001
1011001010000111
0101010101111000
1010000001001111
0011000011011100
1101000110010000
0010110101100101
0011100001000000
1000100001110011
0101001011101111
0110100101001100
1100000101110011
1110001111111100
1100011100010111
1101010011000000
0110000010011000
0010010100001011
0010010001000101
1000001010011101
0100000011110101
0001011110001011
0110010011000111
1101000100111111
0110001011011100
0001101101111011
0111101011101000
0110110011111011
1101001110101101
1111010111110011
1111001101001000
1011101011100101
0000001111100000
0100000000101010
1110110110000010
0100100110111110
1100101111101001
1001011000000000
1001000101001101
0000000001001011
1101001101010110
0110101110001000
1011100111111000
0110110111100010
0000100110011100
1100101000000000
1010111101001110
1000010010001000
1011000100110101
1001110000011111
1011001100110100
0101100111111100
0011100100101011
0010111110100100
1110101011100101
0111111011011111
1010110011011011
0010011110011110
0110010010001111
0101001111001010
1111101101001111
1011101111011110
0100001101100010
0111000010101100
1100011010000111
0100010100001101
1001111111011000
1011011100000100
1010001011000000
1001010111000010
1001101100001010
1000101101111110
1111100011111011
0001010110011011
0001010111011110
0010100101000101
1011000111001001
1000000111100011
0000101100110110
1010100011011110
1001110000100111
0111001001110100
1110011110100010
0001101110111100
1100100000110010
1100100010010110
1010010001001010
0011001011100001
0011111101110000
0000000101001010
1111101001101110
1000111111010000
0111010101011000
1110100000100111
0100011101001111
1111100010101111
1001000101110101
0000001011010001
0001110000001100
1011000010000111
1100111101111110
1000100010011100
1010110000001101
0010000011001000
1000101110000011
1000101001001001
0010000110101100
1000111011100001
1000001100000111
1010010100111001
1110001011111010
1011110001110000
1001001101100010
1000010110010001
0101110100100100
0010100010010100
1011100000011101
1100000101000100
1100011100100101
0011110111111100
1011000010011100
0110101010001011
0110100001011111
1010001000100111
1101111000011011
0000100011000001
1011001010010000
1100110101000010
0010110000001100
1000011110000001
1000111011000100
0100010011101001
0000001010101100
0010111111010110
1110010100001011
0100011110000100
1101110100110001
1001110101110111
0100001101000110
0010111011110100
0101100110001011
1000111001011011
0110110001011110
0101111001010100
0101010111011000
1110011110011111
0100100001101000
1110001010001111
0100110111100111
1001011000111101
0101011011100110
0110111101011101
1010100010101110
0010111001001100
1001101000101011
1111001001011010
1001000101101010
0011110011011101
1011000000101010
1101011000001110
1001001111110011
0111101111110000
1101011000011010
1011110010001000
0101000101010100
0110101111111011
0110000000000101
1101110101100001
0111110100011111
0110010010001101
1111000001010111
0010011111011010
1010111111101101
1001110100100111
0100001001011111
0101101100111000
1001110111000111
1101111010001000
0001001101101010
1011111110010011
0011110100001000
1101101111110011
0110010100111110
0010111011111110
1100100011110010
1010000110001010
1010110001111101
1000010010000000
1010111000000001
1010010110011010
1110011101011010
1010100110011100
1101111111001011
1111000110101011
0100010111110111
0100111111100111
1111001010000100
1010001000010010
1111100000010011
0110001110110111
0000100101011111
1001110011100001
0101010110001111
1100010010000010
0101101001101010
0000101000010110
1110110010010010
0000111001000110
1110101110011011
0000000111001000
0000110011011010
0101110000010010
1011001100000111
0010111111000111
0011010110010101
1101110111011100
0111100000000100
1100110111000001
0101001110001010
1110111111010100
1010010100001011
0100000101100001
0100011011001111
0100110100010010
0001110111011000
1010110001001010
0101011101110100
0000011100101011
1011000010010011
0101011101101001
1010100011100010
0011000011000110
0111100101000111
1000111111011111
0011111010011110
1110101100101010
0010001111101100
1110100001111010
1010011001001011
0111101011010111
0001010001001011
0001001011101011
0101110111000010
0010000000001100
0001101111111100
0001001010001010
0100011110001101
1110010011110010
0101100100110110
0111110111000101
1110000100110000
0010101010110001
1011010100000001
1111010101010111
1011000001111111
0111100100110101
0000100111110011
0100111011001111
0011001001000010
0011111101010101
0110010100101110
1101101101010110
0110111111101011
0000010110110001
1001000011001110
0011011011101010
0111001011011101
0011110110100000
0110011010101111
0011011000010110
1100000010011011
1111011000111111
1010000111011110
0011001000100100
0000101101001110
0000000001011000
1011111100110011
1101001000001110
0010011101010100
0000000000000011
0100000000111001
1110101011011110
1001011110010001
1011011011100010
0001101000001111
1111101010110100
0000000010011101
0101001100000111
1001110001101000
1001010101111111
1000001100111010
1111111110110000
0010010110000001
1111001101101101
1101000000010001
1111110110101010
1100010110010010
1000011011101010
1110111111111100
0110001010111100
1101001101111001
0110111000100111
0111111010010000
1110110011001010
1101010101001001
1110001100101101
0110010001110010
0100000000111111
1100101011101110
0110000101011101
0010100010000100
1001110111111011
1000011010010010
1111110010010111
0010110100110100
1111100001100000
1100000101001000
1101101001001000
1000000110010110
0010011100010110
1101000011111000
0111001110100001
1010000011011010
0011011000011010
0100010010100100
1000100100101001
1110101100001111
1111000010000010
1010111010111110
1101000101001101
1111111101100101
1100100001101000
0100000011010010
0011011000000011
0111100010100000
0100001100011111
1000111010010000
0111001100000000
0110011011011101
1100001010001100
1101001111100010
1010011000111111
0010111100000001
0010010001110110
0000001100111111
0111011100111110
0001111010110011
1111110000011110
1100000100011100
1000000110111110
0111101011010110
1000001000101101
0000110000010001
0011010011001111
1000001010010011
1001011001110000
1111101111011010
1110110111001101
0101011110111011
1100010111000101
1011011000010000
1110111001000010
0111000011011001
1100101110000000
1110111010001101
1010000001101111
1110100110110111
0100101111000110
1010001001011101
0100001010000001
1001001011110100
0111011010010010
0100111110000111
1111001011001011
0100001101111011
0100011111110100
0011111010101111
1000111101110110
1001100010010000
1100101010001100
0101000111101001
1101100110001101
0111111101100010
1000000101100110
1000111000100010
0010100000011011
1000110010001000
0101000010111111
0111100111001101
1110101010001011
1000001010010110
0001001101110110
0001011000111101
0011001101100001
1101001110110100
0101011101111100
1110001010001011
0101101010100100
0010101001010111
0111111100010101
1000100011101000
0100010010110111
0010110011111100
0010111101000000
1100101101011010
1010001000101101
0001000010111110
0101010110011010
1001011010010101
1101011101100111
1111010000110101
0001000000101110
1111000001000100
1111111011111111
1000101111100111
1001101000001100
1010110101000000
1111010011110110
1001000010110110
1001111011010001
1011110100110101
1000111000011101
1101010000001000
0100110111110001
1001110110011110
0110000000001010
1110101100110101
0000111110001111
1001110111101011
1011011111111010
1110110111000111
0110110001101100
1101101011011101
1111111110111110
1101001000001010
0010001010100101
1110110100110001
0001001110111110
0000110111100000
1000000111001100
1101101000100000
1010110011100110
1111010110111000
0011100011000010
0110101011011011
1101011101010111
0001110110000110
0000011101110000
1110001110111011
0000110001111000
0111111001010100
1011110110011110
1001010010001100
1100000111101000
1111010100111101
0001010111100100
0111011001010111
1100011101011110
0011101011001011
1101001010100100
0011100011000100
0010001010001111
0100111101001010
0010111100010101
0011110011111111
1000101101101000
0000111111000010
0001011000010111
0011110001110000
1010011001111111
0001010110100101
1111101011101111
