1101101001010111
1011001100101110
0101111000011100
0111100000100010
0101000001001011
0101001111000010
1100011110111100
1110011010000111
1001111111010100
1111110101000110
0011011010110100
1100010100010101
0001110010110101
0111010011010100
0111010000101001
1011010011011100
1001000111001001
1011010011001110
0111101000110100
1011011101110010
0010011111101111
0100111011001011
0011111111010111
0100000100100011
1011110111110010
1000000110100010
1010000001010111
0101100111000001
0001000100001000
1101011101110100
0010010100111010
0011110010100011
1101110000101001
0111001010000011
1110110101111001
1110111011111011
1011110100010111
1001010100010111
0000111101000000
1101010111111101
1010101110100110
1010010101101000
0001111101110111
0011010111100011
0101011111100111
1111110001100000
1111010010001100
1011101010000010
0101111001010001
1000001110110101
0011110101100010
1111111101001100
0000010110100001
1100110111100011
0111101000100000
1111101100010001
1101100110101111
0001000100011111
0100100101010000
1001010011110111
1110110011111111
1011011100000011
0001100101110000
1100000001100100
1011100010100001
1111110011000010
1010000111011000
1001110011001110
1010111000010110
0101001101000001
1111000001010001
0001110010010100
1100101110101111
1001000110101100
0100111100001001
1001110000011000
1011001010001100
0000111001001100
0100111000010011
0011000100110010
0011100100001000
1100011100010100
0010100011000001
0111000011110001
0101011000001011
1000010001010000
0011100100101001
1001111101110111
1010010101010101
0011000011100101
0101010000101111
1000101001011000
0111000011000011
1011000001101100
1011010110001111
0100000010100101
1100010100001001
0011110001101100
0111110101010011
1000111111001010
1110101011011000
1011000100001010
1101011001111110
1110100111011101
1011111111111010
0111000110101100
0010111000100000
1011101110100110
0011100010101001
1011101110010011
0010000101111101
1011011000100110
1000011111110010
1011001101000110
0101010000001010
1000111010100111
1001111001001101
1111011110010100
0100011111000111
0000000111010001
1111000101111011
0011001001101000
0011000001100100
0000011101010000
0110000111101000
1001011011011100
0001001000011011
1111101011100100
1011010110000000
1011111000111111
0110000101011101
1101100100100101
1011001011001101
0100111010000011
1001001100000111
0001110111100000
0111110011011011
1000100101110001
0001000010010001
0101010110111100
0100010101101110
0001010010011010
1000100010010111
0101101000111000
1101011101000011
1000000100010001
1111101001001010
1111010000110011
0100010111100000
0000100101010111
0001001101101101
1101101011101110
1010101100100100
1000011010100101
1111110111000001
1000111011101110
0011000011011101
0100110001011101
1100001010101101
1001011001110010
0011000111101100
1110111001011110
1001101001011110
0001100000001000
1110011101111011
1101001010100011
0101100011001111
1110111100110010
1110101010011110
1010100001000011
0101100101001100
1000011010101010
0111010010100011
0001100110011100
0010111010110000
1100111000011101
0110111100100100
0110110110011010
1000100011011111
0110011111000001
0011010000011101
1100110000010101
1110110110101100
1010101000110001
1010010111110110
1110011101101101
1011110011010001
0101011011100110
0010010111001010
1100110011010011
1100100100110110
1110000001000111
1111011100011001
1001101011110110
1100110100110101
0010100001011110
0101110101101011
0011000101001011
1000010010001100
0101110000101011
1100100110100111
1100011111110010
0110010010001111
0101111110111111
1011110111011010
1011100010010110
0111101101000110
0011011010011011
1010111100111100
0110011001011001
1111011100001111
0101111110101101
1110111010100010
0000100001111011
0100010001000011
0011101010000010
1110000111001011
0111111100110100
0011001011101000
1010011101000110
1000100010001111
0100011111010100
0111000011100010
1101001001111010
0111010100010011
0011001011100001
0011111101000111
1010111001000001
1111001110100010
1001000111110111
1011010010001000
0010000001001000
1011101101001010
0010001001100001
0101110001010111
1111110010010010
0010010111001000
0110111000000110
0000111101101001
0110111001001011
1011011001111010
0000010000110110
0001111011011111
0001100011010111
0101011101101101
1110000100101101
1001010111011111
1111000000111111
1010010111100001
1110001011001000
1101101101111010
0110000001001111
1010001010001000
0101100101110111
0001011000010110
1010001010011101
0111010010101111
1001010111100101
1000000110101101
0110000100000101
0101100000000101
1000100100010010
1101111001000001
1000011000100010
1010010101101100
0010100010101001
0011010000001011
0110111010110100
1000101010000100
0110001010101001
0000101001110111
0100000011101010
0100111110110111
1110011110000111
0101101101101001
0100000011000010
0001000100110101
1110011110110101
1111101001100010
0011000100000100
1101111111001001
1011110111100111
0101000011111011
1011111110111111
1100010011011001
1110110000001001
1101101111001000
1101000001001111
1000101000010001
1110000001001101
0011010011111000
0001100100010110
1001100100010111
1011000100000000
0010100000111101
1111100010110110
0000010011101101
1111100001001100
0111001011000011
0000000100100000
0101001010001010
0100111010010011
0010010000000111
1101010011100100
0010100110110111
0000001010110000
1101101100100101
0110000101111101
1100100100011010
0000000010001001
0000110110111010
1100001011111110
0010100100111011
0011101011000011
1000110010111110
1000111100111010
1101001101101101
0110001010100100
0010001001100010
0000101100010001
0001011101000001
0110100100100011
0100100100011110
1001110110001101
1110111100111100
1000001001001010
1010100000111101
0110100001001100
1111001000111001
0100011101010101
0000111000001111
0011010111010001
1011101001011011
0110111110111100
1100010010010011
0110100101100001
1101000101100000
0101011100010101
1001101001100110
1001100101010010
0100011100101100
1010110010000010
0110000100000000
0110010001111000
0111111100101000
1100010101000111
1100011110110111
1000001001101010
0100110110100111
1000110000001100
1101000111010001
0100001110000001
0000000111010100
1110101011011110
1100000100101000
0010011101011001
1101110110001110
1001110100101110
1011000111100011
0110101011001101
0010001101010000
1101100001001110
1100101111100010
0001001111110100
1111110011100110
1101100010101100
1110111000111110
1001111001001101
0000111000111111
0101101010000001
0100000011111101
0111101001000100
0010000101101010
1001010111010000
1100110001100001
1101000000000001
1101010101001000
1100110000111001
1011100011100101
1101100010011000
0011001111110000
0110111011011101
1010000101111010
1011101100000001
1001000000000010
0000100100111101
0100100110111010
0000011001101110
0111011100101001
1011111001100001
0100101001011101
0110101011101111
0100000011001010
0110100001010101
0000111100000010
0100011101111100
1011100110101101
0010010010000000
0100000010101111
0100101111101110
0101001001100000
1000100010011100
1000011101111010
1100001110011011
0001011010110100
1110000000111001
0011101101111100
0000110010100001
1100100111101100
0001011110101100
0101000110001100
0000100100110010
1001011101110000
1111101010001111
0011110010000001
1111101100000100
1110110000101110
0010101101010000
0100111100110010
1001101011001010
1101010010001111
1010101100000001
1110111000101001
0111011000100100
0010011110011010
0001000010110110
0001001000110110
1001110001001110
0011110000101101
0000101011110000
1001101101110010
1000100101110000
1110001111001100
0101111111111100
0100101110011100
0101100111111101
1100010111100100
0111100001000111
1010100110101010
1100011001100110
1001100001110010
1100100011011110
0010110011101110
0000110001110111
1011101001001100
0110011001100101
0000101111110000
1000100011110101
1000000001000100
1001011001000100
0101000000101111
0110010100111111
1010010000100001
0111010001101010
1100010101001110
0100111010110011
0101111101011010
1110010110101101
1011010000110000
1000111000000101
0000010101001101
1110111000011010
1101010010000010
0001110001001000
1000001111110010
0110101010111011
1001001101000001
0110000100000111
0011101010110110
0100011010100101
1110111000111111
1000010000011101
0111011111010001
0101100000001101
1100101111111011
1011010011011100
0000010010001010
1100101100010011
0001010111001101
0110011010111001
1011100001101000
0100000000101110
1011011010011111
1000111011010010
1110010001111011
0000001010010001
1111101101011110
0111110000101000
0001010011111011
0010000110000100
0111110110000110
1111110000000010
1000010000011011
0101110100111001
1001001010110010
0010011101111001
1000001000110001
0111010110000011
1001010101000010
1001111100101100
1000000010100111
0100000001110000
1010011000011001
0000000110101111
0110010001000010
0101010001111010
0111010000000110
1011010101000110
0001010010001101
1011101100111011
0100111001100001
