1001101111000100
1001011110111010
0000100101110001
0011011110010000
1100110001101110
1111011111011010
1101000111010011
0110000001000100
1010000100000010
1110000110100001
0101101110100100
1110111000110101
0011000100010111
1000010011100010
1110010011000111
0100010000110011
0101011001011001
1110011100011000
1110010000000001
1100010101011101
1111010001010000
1100011100110100
0110011010111101
1110101001101111
1101101010110010
0111111100100011
0010111101111101
1110010000011000
0010011011111110
0101111000010111
1111110101010011
0010010100010010
1100111000101001
1110100100010110
0000010110111001
0010010110111011
1100100111101011
1111110010001100
0010001011100011
0110100010110110
1001100110100011
0111110011110111
1011001001101001
1101100010101011
0100100011100111
1111011110110100
1100101110110010
1111100001011001
1010010000111000
0011111111001101
0010001000110000
1011111101101100
1011010000001110
1011110011101001
0010001001001101
0111100010011110
1001011101000011
1111111010000111
0000000110111111
1111001111101011
0010001011101101
1010010011100100
1010111000001000
0100001011100001
1010001101001010
1110000010110001
1000001111011011
0111100000110100
1001010000101001
1001010111110100
1000111011101111
0011011000101011
0110110111111100
1111010101000110
1101111100110111
0100000111101010
1000001000001010
1111111101111010
0111011110010111
1001010010010000
1001001110111000
0011101110010000
0010110110000111
0001100100010011
0010100101000001
0010111010010110
0111010001101100
1111001001010101
0010011110010001
1110000011111011
1100101000011111
1011110100101100
0011010110100010
0100110000010001
0101010111110001
0111000101100110
1100000100110100
1010000001011000
0111000010011110
0011111110010000
1001100110011010
0001110001100011
0000100110101100
1101000110000011
1010101100001100
0011101001000001
0100000100011000
1110110110110000
0101110010100011
1000101010010011
1111001000000010
0111001001000110
1011100101001111
0000100001111010
0001000100110111
1100001001110000
0011101100111101
1001110101100101
0001010110100000
0100011110000100
1100100011111100
1101110100101010
1110111111110000
0110111110011101
1110110011110000
1111001010100011
0101101001001111
1000111001011110
0011011111101011
1000100111011111
0110101111000010
0110100101000111
1100111000111111
1010100100101110
0011111011110010
0011010101010110
1010100111010011
0011100111101010
0011000001011010
1110001001011110
1101100010000001
0011001111000110
1110010110000010
0111001001101111
1010110000101010
1010010100101100
0100100011111100
1100111110111011
1100001001101011
0010101001010101
1011000010101110
1100010000010000
1011000001110101
1111010111001111
1000101111011001
1011110111011100
1110101011001100
1000001011000110
0011001010001100
0001110000010001
0000110110101001
1011101011100101
1110001011011011
1100010001100111
1101010110000100
0010010111101110
1010011000101001
0011111001111100
0110010011110101
0110110110011001
1000010011011001
0100100110000010
0110100100010100
1000110000011110
1010010111001001
1000110110111101
0001010101110001
1110111101101000
1010000111100011
0011110001101000
1100010110010111
0101011100000000
1100010111100110
1000101100010010
0000110101000001
1100010011110111
1000010101010000
1110010000100111
1001100011110011
0111001101101011
1110000111000001
1000110101100100
0011010001001001
0000010111001011
1000101110101010
1100101011101101
0010011010101100
0100010111011001
1100100000100100
0011101111011101
0011110100101001
1110010001011010
0001011000110111
0100010010101001
1101011100010011
1101111010010101
1100101101100010
0011110100000010
1101101101011101
0011100011001010
1110000010111110
1101111010001101
1101101000110100
1100010011110101
0001111110001010
0001011110111000
0110001111011110
0001001111011111
1101100100101011
0000000110011000
0011000000111101
1000000000110100
1110101001000110
0001000011010001
1111011010011000
0111011000100111
1110000011100110
1000011100010010
0101100110111100
0100110001010110
1011000011000100
0001110110000101
1110000000010000
1010100000010101
0010110010001110
1101111011101001
0111101110010011
1010010110001101
0100001001100011
1111101000000010
0000111100010010
1000001011000000
0100111001101011
1110111010110010
1111110001100101
1111010010000100
0101000100011101
1111110101101011
0001001010010111
0001101001111010
0110010011100100
1111100110100001
1110001110011000
1010001110011010
1000101001111001
0010110100000100
0000111000111110
1101111000001110
1101100010010110
1110100010100001
0001001010001101
0101111000010101
0011010100100110
1001101111010111
0010111000110001
1101011111111000
1101010000100111
0000100010011101
1110110000110101
1111111100101111
0111101001100110
0000010011011110
0000111101110101
1010011011101011
1111000100111110
1000111100011100
1001011100010010
1000100101001000
1000100010011101
0110100000100101
1000101011000011
0011101011010100
1100000101100110
0111000100110111
1110111101111010
0100010111110111
0100010011000001
0101010100110001
1111010010010000
1111111010110110
0011110000010101
1001001100000011
0111000101101000
1111100111011010
0111011111110000
0111110100001101
0100000011110010
1011100001101100
1010100011010100
0001100011110111
0110010110100011
0100000000001011
0000001000000011
0000101101101000
0001100101111101
1101000100100011
0110110001111000
0011001001000100
1010100010001111
1011111100100100
1101011010000011
0111010001010101
1101011001001101
0001111000001000
1011100110011011
1010100001001101
1100111010111000
1001011001000101
0000010101000001
1111111110000100
0010001101000001
0000010111100110
0110110100011011
0010010000100110
1001001111011101
1110100011111110
0001110101000111
0101100001101101
0110001011110101
1101000100010110
1010001000001001
0000011010110100
0000011001111100
0101000011101010
1000110011100000
1010111111011111
1101111011111100
1110101101110010
0110001001011111
1011010001101011
0111000100111000
0100001010100010
0101100010111010
0100110111101111
0100100111110010
1010111000110100
0111001111111010
0111100001011101
0001100010000010
0100101010011101
1100100100101110
1000001000000100
1111001000011100
1011000110010100
1111011111101001
0101000111100100
1001111100010001
1011010110001000
1011110100000000
0000001000011101
1011111010101010
0100100011110110
0011010110111010
1100111101001000
1011101001110110
1101110100100001
0001010010011111
1010110101011000
0000101111111010
0001100100101101
1110111010000011
0110000011101100
1110101111011111
1011010100010110
0100011110010100
0101100001000011
0111010111111010
1110001101010111
1100101010010101
1111100011100000
1100001100001011
0101110000011000
1101110100100011
0100011110011011
0000011001011011
1001111111111100
0110011001000110
0000100110000100
1101111011010000
0000100001101101
1110100011000010
1110100000000010
0111110010010111
1000000111011111
1111001000010111
0101011000011010
1101100100100110
1110111001111110
1001111111111011
0100101011110100
0111001001111000
1011011011110010
0000010110000111
1111101001101111
0000000100110100
0011000110010011
0110000000101010
0011111001110010
0011001000001101
0100001011001011
0110010011101011
1001111110111100
1001011011100111
0110001101010001
1101001100111010
1111100000001101
0010001100010010
1000110000110100
0010011110000001
1111101101001110
0000101010101001
0101001110110001
0001011010110010
0000011110010000
0100011010011010
1100101010010001
1001001011110001
1010000111000110
0100111111011011
0010001110101100
1011010001100111
1110110100100000
0000011110010110
1111110011101111
0000000111010010
1011001010010100
1111101110101011
0110010111110000
1011110111111011
0111101011111100
1110001100111000
0010001111001110
1011001111010010
0101011110101111
1111011000101000
0011100101011101
1001000001000000
1001100000010000
0111000111011010
1111011110111101
1000110011011001
1001011011000111
1000010011111010
1110101101000100
1011101000000100
1001000100111000
1001101010101001
1110000000011010
1010101111010001
0001110010101101
0000100101110100
1101100010000010
0000111111011000
1000001100000001
1100011000101010
1110000011010011
0100000110001101
0010111010110100
1110111101010011
1110000111100011
0110011011000010
1100100100110000
1100011011101110
1110100001110011
1000111110101001
1000011000000010
1100101111110001
1000111010011010
0010110100001101
0010000011001010
1001000000111010
0001000011011111
0010110010000001
1000110010101010
0001000110001110
1101000010100110
0100110101100000
1110111111100100
0011101101110101
1111001111001001
1111011001100001
1111010110001000
0001101011000101
1100100001001001
0111100000000000
1010001100111110
0101010110111001
1000010001110100
1101000010000011
1100010111010010
1010011000011110
1000110100000011
0001110101001100
1101001111000000
1111110000010011
0101110111001100
0011011001001110
0011111111011011
0010011001111001
0011101000000001
0110011011010010
