1000100110001000
1111101101000101
0001100101100001
0101100101111100
0011010010100101
1101000111010101
1101000100001111
1000110101000101
1000101010010011
0101110110111111
0110011000110010
1010000000010111
1101010000001110
0010010011111000
1001100101111010
0101001101110010
1101000010100010
1011000000111000
0010001101010001
0101101101111000
0100101100010100
1111111011110111
0000100001100011
0010011111000111
1110110010011010
1000110100110001
1001101100110011
1101100010010111
0011101101100001
0000010001100100
1001100000001001
0110011000101100
0011001111000010
1001100110100100
1111011111101011
0001000011110100
1011110000101000
0110101011001111
0011101100110110
0010010100001001
1001111010000010
0010011111100000
1101101011001001
0111011111101101
0101101010111101
1010101101000011
1111100010101011
0100001010010011
0110010100001001
1101101001100100
1110111100110011
0011100001110111
1111111100100100
1001110111100001
0100001101110101
0010001001110110
0110011000011001
1110111110001001
1100000010000110
1101110111001110
1111011100010110
0011101010100111
0101101111000111
0011111000101011
1100101111111011
1010111100110011
0000100001101111
1010100000001111
1110111010011011
1110010001101110
1000000000010000
1111110000100100
0000100101111100
0000010110010111
1100011011001111
0100100001110010
1001010001011111
0101000000101101
0110010011110011
1110101100110100
1000011101110100
0110000001010011
0000111100100110
1111010111101110
0110110100010100
1100011110001010
0101011010011100
0000001001110001
0001010010100011
0001000000000001
0011001010001101
0011101111000110
1010100101111110
0100011010010010
1011011110110101
1000011011011111
1010111001100111
0110011100100100
0011010001101100
0001100000100010
1110110110110111
1100001110000011
0101011111000000
1010101110011010
0110000100101100
0001001010100001
0001001011111101
1100000111110110
0101110011101111
1110111101111101
0110111011000010
0110011100010000
0011001111000111
0011011100110100
0001100001001000
0000111101100100
0010011111110111
0000101111010111
0100101000001001
0101110100111011
0101011010101011
1110000101000001
1001110100011110
1010011101010110
1010101001001000
1011100000111111
0100101000000100
1101110001010110
1101111110000011
0111100110010101
0000100001110100
0110101010100001
0010111010100001
1101001110111110
0101010111010011
1001110110000001
1010001010110101
0000111110001100
0010001011011000
0010000101001011
0110010111000100
1001111111100111
0001111100100010
1000101011101110
1101100010110101
0110101111011111
1101110110111101
0010011111111001
1011011000011001
0000001001111000
0101001101110001
1101010101001001
1010001011110010
1000000101000100
0011111111001111
1110001000100111
1111101011101110
0000111100010111
1010010001101111
0000010110100111
1011101000010001
1011001111111011
1111010001101100
0000000111101011
1010010010000001
0101111000001101
0001000111001110
0010110000100100
1010011011100010
0111001000100100
0111101010100010
0000101000100000
1001110001110111
0101000111000101
1111001101101001
1010001010110011
1000100001011000
1011111100110000
1010110000110110
0111000110111101
0000111001110110
0000110001010010
0011001000011011
1110001110011100
0101010111100111
1001000110100001
1111000001111011
1101010011110010
1111111000100100
0010010101101001
0100100011001100
0000100000111010
0001110001110111
0001110001010011
1111001110011101
1010010001110101
1011100000010100
0000011000010010
0111100011010000
1000010111001011
0000110000010001
0011111110100100
0011000011011110
1111000000001100
0100001000000110
0110011000001011
1100011110111110
1100111110000100
0100111111111010
0111010010011100
1001100111011011
0010101001001000
0000101101011001
0110010011110010
0100111010101100
1111111111001001
0001000001001111
0001111001111101
0110001001101011
0001100100001100
0100011101110101
0110101010110101
1110001010000010
1000000110101101
0001101100101001
1011010001101000
1111001111001011
1011001110111010
1010110011101101
1010010111111000
0100010111111011
0011011101001111
0101110111101111
1011000000010111
0000000010010111
0001101111001110
1011101001110111
1100110011111100
0001111010000011
1001011101110111
1011000011101011
1010110011010010
1111000011000001
0111101000010110
0001000000101110
1011100001011101
1100011001001101
1001001110011010
0010100001111011
0100010011010000
0111001100001011
1100011011000101
1010100010011111
1011011110111110
1100101010011001
0111100101001011
0101001111111010
1101011110011110
1011110010110001
1010101110101111
1011001111110011
1101000101110111
0001110110110111
0000011011011000
0111100010111000
1111101001100000
1110111001010000
1011110000000011
1011001011000011
0100100100000110
0000101011001010
0100100101010000
1110100011011011
0110101000001110
0100001000101011
1111111110110100
0010000101101111
1001111100000000
1000110001001011
0101110010000000
1011000011001110
1000000010001100
1110011010101101
1011010110000111
1111010010101100
1010100110100000
0001101101100110
0101000010101011
0010100100011111
0110101001010111
0001101001111001
1101000000010011
0100011000001111
0011101011000100
1010101110111101
0111011001001011
1010100011110001
0011000101110100
1110111001100101
1110000111101011
1101100100101111
1101010110001111
1011111110001110
0011100001100111
0100101111101110
0101011100100101
1011110010011111
1010101111111110
0010110001000001
1010000010010111
1110100001010100
0111000100101011
0101111000001101
0100011000011000
1100101111000010
0010100110001101
1010101010110001
0100110011111100
1111111011010010
0100000111011101
1011000001000110
1001001010000110
0110010110100101
0100101111100100
0101001101010000
1101110110111101
1010000000011001
0101000011100101
1111001000001011
1010011100010101
1100000000110100
0110000100010000
0000101001101000
1001110001111011
1010011111010100
0110110111000011
0010010100011001
1011000111110101
0111000101110001
0110000111011101
0011111111100000
0011101101010111
0011000001110111
1111000111101111
1110101010101000
0110011011001101
1011000100010110
1011011011111010
0001110100110001
0011011110000010
1001110111000011
1101000100010110
0111100011001000
1011110000100010
1101110101100001
0101100011111001
1111011101100010
1110001011111101
1010110101011100
0100100101100011
1001011111101010
0101110100001101
0110110100100101
1001010010011011
0011110110010111
0100001000011101
1011010000000011
1111011110001000
1110101110011000
0111011100011010
1111101100110000
1100111000010110
0011011100110111
0000101110111111
1101011110011110
1111001001100010
0101111101111010
0111110100100010
1111011000010001
1000101111011000
1101111000110010
0010011101010011
0010100000001101
1101111011000001
0111000111001110
1000101100000100
0110010001000001
1100101110100100
0110110101011110
0100001001010100
1111110001011001
0110000010111010
0010010100010101
1000110011010010
1011101010110110
0010100111010010
1001010001010101
0000111111110000
1001011101110001
0011111100000001
1101010011001001
0000111111100000
0011010101110011
0001110111100111
1010111011111011
1001111100111100
1100111111010000
1101010110000111
1000110011111010
1000110010101111
1101001011000101
0110100110000101
0010001100011001
0110111111000100
0001001000110101
0001110000011011
0100001010000101
1100001110100111
1110111100100100
1011101011110101
1111001011011010
0110010001111000
0111111111010101
0000100000101001
1100110011111011
0000110011101000
0011001101101011
1011000111010101
0111100110111001
1001001011110111
1101111101001110
1010100010010101
0001000111010110
0111001110010001
1000011101000110
1001011110101000
0010000010110111
1010011101110011
0011100001111011
1111011010101011
1110100010101011
1001110110111001
0001111011100011
1100001111101000
1001010110011111
1110111000110011
1111010010100000
1011011111111111
1110101111101111
0110010010001011
1010001110111100
0010010111010001
1010111010010110
1101111110101001
1110100001111001
1100001001000011
1001111001111001
1001010010000010
0010101010100011
1000000110100001
1011110111110011
0111101110100000
0001010100101001
1000010100100001
1010001001101001
0101110110110111
0010100101011110
0000111000111101
0100010101011100
1001000000011110
1100100001100011
0110000011111011
1010001011010000
1011111001011100
1101011011000110
0000111110001110
1011100001111011
0110000010010000
0010010100100010
1110001000101111
1010001011001001
0010000001011011
0111111000010110
0010101011000100
1010111001000001
0100001001100101
0111010101000111
0010111100010001
0101000100011110
1101010001100011
0010011011100101
0000111011101111
1111010100110001
1001100001110110
0000011001111000
1101111010111100
0011100101111000
0100100000000000
1110101110000010
1110110101000110
0000011010111011
0011010101101101
0011100000010111
0101001001110010
1100011010100100
0000100110110011
0001000011011011
1001100001000101
1000100010110110
1101010111001100
1111011100010000
