0100101010000101
1101010001100011
1001010001011010
0100111100101010
1100101100000101
1000101111011101
0100000100101100
0011000011110001
1011001111110110
1111001000100000
1111110000000110
1110110011000000
1010110011100101
1100100011001100
1001001001011001
0011111100011011
0111100110000110
1110101100111010
0110001010110001
1101100100010011
1101001000010101
0111100101010011
0001011001000001
0000100001001111
0001001111101011
1001100111101001
0100000110010110
1000100101110110
0000010000101100
1010110111000001
1011101101010110
0001010110110101
0110111000000010
0110000100010010
0000011010111111
1101011100100101
0111100100101110
1001000111110010
0000111111110111
0001001010110100
0011011011110100
1011010101011110
1011011111001011
1111000101011001
1111000110100000
0110010000101010
1010101001000001
0101100001010001
1111011010100100
0000110101011111
1000010101000111
0011010010111001
0110000101011001
1001000110010111
1101100101101111
1010000110011011
0010101101011110
1111001011010100
1001000011110110
0011001000011000
1000101001011011
1100010111001111
1011000001101111
0101101000100010
0000010110000110
1011100111101010
1101011011010101
0111001000100111
0110110001001111
0010001111011001
1000111110010010
1001110000010101
1101111010110111
1010111110010000
1111000011110010
0001110110011011
1100000111110010
1011110000110100
0011100011111011
0100100000100101
1011001110110001
0000111010111001
0100010001101100
1000100000001000
1001001011011111
1100100001100010
0010100010111010
0000001010010011
1011011101111011
1110001111111110
0010001100000000
0111000011101011
1000100101110010
1101000100111110
1110111011010101
1000000111000110
1101000001111100
0110010011000110
1010101101010110
1010100110010111
0101100010110011
1110011101110011
1011100100101001
1000101111110010
0001001101000101
0100000111100000
0111110010101011
0000000011100011
1111011010000001
0010010110111100
1001000011001100
1110101001110011
1010101001110000
0000110000000110
0101100110011000
0001011100011111
1011111000001101
0111011011100110
1100101010000010
1111001110000011
0000001101100110
1001001011110101
0000101000101001
1001000101101011
0011111101100010
0011010010010100
1101001010001001
1101011001011110
1100110010010011
1111100111111010
0000011100101010
0111111111010111
1100100000011111
1101000001010000
1101111100011001
1110011010011010
1011101101011011
1111000011000110
0001111110011100
0001100010110011
1101000100101100
1111000011010111
0110111001100001
0010011010111110
1111001000111101
1111101110111010
0001110111111101
0101100110100110
0100011000110000
1011101101011111
1101010000111111
0011101110011111
0001000110000110
1000011101010110
0000101100000000
1000100010111001
1111010010011101
1001001001000110
1000010010001101
0001001101011011
1000011010000100
0010100000110101
1100011100011111
0111111010110001
0001000001000100
1111101101110111
1110000001000110
1111010000011110
1010011101101111
0000111101011001
1110000011101001
1010001111100101
0100011001111101
1111010100010101
1100100011000100
0101011110000000
0001100111111111
0110011001110111
1011000100000000
1000010011000011
1101001001111011
0110100101011101
1010011010101001
0100110100011010
1100010111110101
1010100101111010
1100011111011100
1110101010111001
0011001111111110
1100100011010010
1110110010010001
0010100100000000
0000101011011111
0111000010011011
0100111100101001
0111001100100101
1011000011111000
1100001110110100
0001101101101010
0001010101100101
1100100010001110
1100010111001011
1011001110111101
0001011011011110
1111001110010101
1011111100011011
0011001010111110
0110100001111011
0000001111110111
0101110111101000
0111000100000100
1010001100101110
0000111110101100
1000111000111101
1011001100010110
1111101111100110
1000101110100001
1111110111001111
0101111011111010
1101010010010000
0010011100101001
1000010100111001
1111010110011010
1001001100100111
0010001000101010
1011111010111101
1110011010010111
1111001101111010
1011000000111011
0001000110000000
0101000001111001
1101111000111111
0111010000011100
0110100001111110
0011010110101111
0011001000011111
1100011010110111
1111110010010101
0001011111011111
0100000110010001
0111011110001100
0101110011100110
1100000111110101
0111101100000110
1010001100000110
1000010101100011
1010001111110001
0101000000111101
1011101010111011
0011111111010101
0010101001110011
1001100100110110
1100010001011010
1010101110011111
1011101101111011
1111000111010111
1000111000001000
1001011010010110
0001110011011001
0100001011110011
0100100010010110
1110010100000100
0010100000000110
0000110111010011
1010001101110110
1111011001100101
1010101101000001
1110100010011001
0110111000111010
0100001100110100
0100000101001101
1011111101011110
0111000100111101
0111101000000100
0110000011011001
0001010111011100
1010011000100010
0010101010110000
0010110100010011
1100000010100000
0010101101111011
0101000101101001
0000010110100001
0000011100100101
0000001111000000
0110101011001111
1111011000110111
0101110111100010
1101111000001101
0100011010111010
1011101101101000
1111001100101010
1001110111010100
0000101100110001
1011110110101110
0100011111000100
1000101010010111
1100011100100110
0101010101101010
1100101111001101
1111100111010111
1100000100010001
1001011100110001
0011100100000100
0100100000001001
0100111010000001
0010111111001011
0001111111111010
0011110011100010
0101000100011101
0100000101010011
0100010111111011
1101011111000100
1010111011001000
1111111111011000
0110110001000110
1011011000100101
1100001101100010
0111101100111100
1100001100111110
1010010000001011
1001000110100001
0010111101000011
0000010111000111
0110011010111010
1110100010001011
1010001101110101
1111101010010001
1011001001000001
1111110010101011
1010011100001010
1011000101001001
0010011010011110
1001000000000111
0101101110001001
0101100111010111
1000111001000100
0110010111110000
1101101100101100
1100101000100111
1111101110001111
0010101001011101
1010100100010100
1001000001001101
1010111100001110
0010110010110001
0011000100100100
0000011111100111
0011100101111001
0001011100110111
1100110100100101
1111111111111000
1110100011011101
0011001111010011
0010100010001010
0011100101111100
1001000000001111
0110111010101100
0001000101111001
0010001010101001
0110101000000011
1101110111100101
1010000111100101
0000111100001100
1011001110100111
0000011101000110
1101101100110000
1001011001010111
0111000011111101
0110010101111110
0011010111000111
0111100011101011
0110100010011101
0110001100000111
0110101011101001
1111010110010111
0101110100011000
1001100011000111
0000100100011110
1100110001000101
0111010001000010
0101001001001101
1011101011011011
1001011111110000
0100011111110000
1001111100010001
1011110011110100
0100101100000101
0101101101001110
0001110000001111
0011111110011001
1100101010100111
1001100011000011
1001100110000010
0101101011000100
1101110001000110
1101000111100111
1111001100000010
1101100000000101
1111010001011000
1011010000010111
0110100101111011
1111010101011100
1001100010010101
0110000100110101
1110000010011000
1110000011100110
1100011111011101
1101001000111100
1001000010011111
0011000000010011
0000010001000000
0101000010111100
1001111101011110
1000000011110111
1010011101011011
1101000110010101
1100010001010011
0000000101001000
1110010000001000
0110111011011011
0010111101000101
1000110101101110
1111100100100110
0011111100010000
0110110101100001
1100001011101000
0000100011101010
1010010110110001
1000101001100000
1000101010110011
1011100110110000
1001111011000011
1101011100100011
1010001001100110
1000101010100101
1011110011000101
1011111101111110
1010000011000001
1011001110111011
0100001101000110
0000010101100111
0100010101100110
1111101010010010
0011000111011011
0011111011000000
0110111011010101
1011111110110111
1011001001011101
0110111010011001
1100011010011100
0110111000110010
0101011100011110
0011010000010001
1100111110100001
1100000011010101
1000011110101100
0011100010111101
0011000110000110
0100101110000111
0111001010101100
0000010010101110
0111000010011101
1001100000000110
1110001010011111
0101000010111110
0111001110000101
0011101100001000
1010011100000000
1001001101001011
1001100110110111
0101111101010111
0100110001100111
0101111011000011
0010011001110110
1110100011101000
0001010111101110
1000101000010110
0111111000111111
0100000110010101
0101001010011010
1110111101110010
1001010010101110
0011000110000000
0101101100000101
0011011100010010
1111010100010011
1011010011110100
1000001010001100
0000101001110011
1110101100101000
0101001000001111
1101110001100010
0100000100010001
1100110010001000
0011000111000010
0101011001100101
1101001001011011
0010000111110000
1001111011011010
0111101011001110
0010001100001100
0110011001000010
0011001111111100
0010010010011001
0001010011010010
1000011011100010
1101011111110100
1110111111101000
1011111010011110
0110111000001111
