0101010101000101
1111001110000100
0000111001100010
1110001000111010
1110110010101110
0010110011001101
1011100001111101
0101000111000101
0110010001100001
0011101010111100
0100011011100000
1111111100100100
1110101001010010
0001100011101000
1111011101010100
0110011011110000
0011000110101000
1001010111010111
1011011000100110
0110001001111001
1110100101010101
0010010000001110
0100100001110110
1101001011110000
1011001010000010
1110100110010010
1011011000001001
0010011110111101
1110111000000011
0000011001101001
0101110111100100
0101111100011111
1000100010100011
1111000011001101
1011011011111011
0101011000011110
0001010101001000
1000000011000110
0110011101010111
1000001110111000
1100010010011011
0111010100000001
1000010001110001
1001011011011000
0101010001110001
0011010011011000
0111100001101110
1011010110101110
0110001001001101
0111001111100100
0001101111110100
1011001011100000
0101011110010000
0011011101000101
0110000100110001
0000111110000001
0010011000010011
1000111011010100
0001100101011001
0100100001110011
1101101101010010
1011011101001101
0111111111110010
1000111011001000
0010100111010011
0011101101101001
0001001010000000
0001000011010110
0011100101110100
0100101101001110
0000010110100101
1100101000100111
1100111000000000
0000111001100001
1010111011010111
0110100000100011
0010010010111001
0111011001010001
0100111001010001
1000011111100000
1010000101100100
1011100001011010
0010100111101000
1011011010110001
0110001000110111
1100111110111000
1001000000000101
1100001110011000
0100000110000000
1100000001100011
1011011001110100
0110101000000010
1001011001010100
0111010100101101
0100010000001110
0111100010100001
1000100001110110
0100000100111110
1000000000001101
0101101011001111
0010110111010001
0000111010011111
0010010011001110
1110001101100010
0001001101110101
1010111110010010
0010101111010010
1000001000011111
1100101100101110
1010010001000011
1000000100111000
0011100000001010
1011100000101110
0111010010111000
0011001110101110
1111101000101010
1111000000011011
1101101000100110
0110100111111111
0110000110111101
1001100010101110
1000101000011010
0111001001101001
0000101011110000
1010000110111100
0010110101001001
0011000010000011
1101111011011100
1111111100010111
1000110110010001
0101011100001111
1111001011100010
1001111110010110
1001100001111110
0000111101110110
0101110001010001
0011010010111000
0100010011001111
0100010000000101
0101001101110100
0100111010000000
0110000110111101
1101111000011111
1101010110110001
1001110100010110
0100101100110101
1110000010010011
1100010000011010
0011110010100101
1000000101110100
1101101011110010
0110000101010101
0101001111011010
0010110011100000
0100011010100011
0111000001100011
1011101110010000
0110011011000100
1101001100101110
0111101110000000
0111011010010010
0000001001101110
1100111111010010
0000001001010110
1010110000000100
1010100011001011
1111111001011010
1011001110110001
1111011010001000
1010011001100011
1101010001000101
1001101101101100
1011011111011000
1100010111100001
1001010111000010
1101001101010100
1010100101010000
0101000001110101
1001110110011110
0001000011011100
0111101111010000
1110001111010000
0000101011111000
1110110001001000
0111011100010100
1001011101001111
0110101001100111
1101011101110110
1100111101010010
0010101111101110
0010111100000100
1101010100101001
1010110001011000
1011100110000011
1101011011011011
0111001111110010
1100100100011110
0110010011100001
1111100110000100
0100010000101111
0101111110101000
1111001100110010
1011010001011111
1001001101100100
1011001101110000
1110001110100101
1100110111010011
0110100011101100
0010110000011001
1000101001000110
0110001101010000
0111001101011010
1110011110110010
1000011001000100
0110001001101110
1110100011110111
1111111011111111
0010011110110110
0101111010000101
0000010011000111
0110001101111111
0000000000000011
0111011111011110
0110111000110010
1001010000011011
0110111101111100
1101101001101000
0000001001110011
1110110000001011
1001011011111010
1110110001101010
0010101100000001
1101010010001100
0101100101010001
0011101110101111
1001001110011110
1110011011110101
0111010000011100
0110011000110000
1011001010000110
1101110111111101
1000000110001110
0010001100100000
0101000011010010
1000111110110100
0110010000101010
1011111001010101
0100001110010010
0010010010101100
0000110100111101
1100011110110000
0100000101000110
1001011110100011
1111111111000101
1111011001001100
1011100000011110
0010000011101000
1011101001010010
1011111110001001
1110101010000101
0110111111001011
0101101101010000
0011001110110010
0110100110010010
0000000100100001
0101101100000110
1010011111100010
0111010110111100
1010111010101110
0000111001010111
1010010111001010
0010010010000101
1001100011110001
1100001001010110
1000111111100101
1110100100110011
1100101011111001
0010100110011100
0100111000000001
0000110101111001
0101101100001000
1001100110100010
0101110000011111
0000110001011110
1001101101101001
0011101011010000
0000100100010001
0001110111000001
1101111010100100
0101010100100101
1111101011001010
1100000010101011
1101000111000000
1100110011011000
1001110100111011
1101100100101001
1111110000111100
0101101101001100
0100100001101111
1110010110001001
1001000110111100
0101010000010011
1010101111100111
0111101110001111
0011110000001101
0100000001100111
0110101111000111
1111011111110111
1101010110100000
1111100001000011
0011101110011011
1000011110000110
0110011001100000
0100000000000100
0001101000001010
1010100000000010
0100011111001100
1010011101100100
0110110110011010
1001100010101011
1001100110111100
1010011100101111
0100101100101111
0100000001111000
0001110010111001
1010111001110111
0110101101011001
1101011011010111
1001010110001001
1000111010000101
1100011101000001
1111100100110101
1101100101011001
1110110100011100
0101110010101110
0110110111010111
0010110000001010
1001101010111110
1100111001101101
0011011111001011
1001111111110001
1100011011111011
1100000010001110
0101101010111100
1000011010100101
0011101000110111
0000110000011111
1100001000010111
1111011000000101
0111100110010001
0010101010111100
1010110001110100
0001001101110111
0101001011111110
0010011010101101
1000100010101000
0100101001010000
1111011000101111
0111101100011100
0011100111000100
0001101001110011
0000110101100110
0101001100111011
1101011100101110
1001101011001101
1010111011100100
0011010000100111
1111101100111011
1100101111010001
0000110111111100
0010111010100000
0010101101001010
1101111100010000
0111011001110011
1101011100100100
0011101001101001
0011001100010101
0001100101111100
1101000011000101
0110101111101110
1111010000110100
0111010101100000
1111010000100011
0001010100010100
1111010001010100
1010011011111111
0110110011111001
1010100110000100
0000100111111100
1111011111000101
0100011011011001
1010001100000000
1011110110000101
1000011100010011
0010101111010110
1100011111000111
1111001001011101
1111111010110101
0010110111000011
0101111001101100
1110100110000101
0100000000010111
0101111101001110
0000000100111011
0100100111111000
0011001110010101
0111000111110110
1101010100111000
1101010100100100
0110011100011100
0110011011100010
1100101100100001
0001111010100000
0100110111101000
1010101001011110
1101000101101011
1010100011001000
0110010111011011
0110000110101011
1011000111101101
1100000011111101
0111011101001011
0010101110010011
0001000101011010
1100100100000011
0111001101010010
1000100111000101
1101000000010111
0100101011110000
1010011011000001
0010101100110011
0111011000011001
0101101110101010
0010011110011100
1010010111101001
0001100100000000
1100010110000000
0001001101111000
1000100110000011
1110010110100101
0101001010010110
0001010011110011
0111000111101001
1010101100010010
1110100111010111
0100000100110110
0011000111110110
0110110100001001
1011000111010000
0010011111000001
0000010111101111
0000111011100011
1101001000111111
0001010000001110
0000000101101100
0110100111001111
1110110110010111
1110000111001000
0000010101011111
1010000011000001
1100111010100010
1100100001010011
1100110100100010
0101100011110010
1011111000011101
0010001101010111
0011010110010111
0011100100010001
1110111001101010
1001001010011011
0011111010100000
0011000101110001
1011000101101100
1010011101000110
1101010000111110
0100101101001010
0001001001010111
1101111110111001
0101100111001000
1000000111010100
1001011110001011
1011000001001011
0001000100101011
1101111000101110
0100001100100001
1100000100011000
0010110101110010
0000010110100001
1110000111110101
1111011000001001
1110010010000010
1100000100010010
1011110100010000
0100010011001110
0100010011011001
0001000000110110
1000100100111000
0011011000000001
1110011010010100
0000010110100001
0000001110110111
0111001111110101
1101010000010000
1010101000010101
0011011101111110
0111000010111100
1111001111010000
1110100010011100
0000110110011011
1100101101110010
1100101001000001
