0000110101000111
1010011010101001
0111100100111101
0100011000100010
1001010001000011
1001110010001111
1000101110001110
0011011011110001
0000100111101010
0101011011000001
1101011111000111
0100001111000110
0001101011010001
0111000110011010
0000100001001000
1000110111000000
0000010001010010
0011000111110000
0111110000100101
1110100110101111
1101110100000101
1010000011100000
1110010010011101
0100011111001110
0001000011100001
0001100011011000
1011101101001010
1001001010101111
0000000111011000
0010011010000100
0000100010011110
1100111000110110
1100100011001011
1100100111111001
0001100101000101
1010110110101000
1101111111000010
1010101101011001
1010110100100001
1100001111010011
1000010000000001
1011111111111011
0101110010000111
0111010000101000
1101111000010111
0011101000010100
1110010101100001
0000010100011111
0011111011010010
0010111001111001
1101100110010000
1101000000001100
0111000001101111
0101110001110000
1100100011000000
1101010100010001
0011011101011110
1001001000111011
1001101010101110
1111111111111000
1111111110101000
1000000001110101
0010001100101010
1101100000000100
1111001110010100
1110011101000011
0011101101100111
1110110001100111
1110111111010101
1010011000101100
1011101001000011
1000001110100010
0001000101000111
0001000010001110
1111111110000111
1110111101000010
1110111010100011
1011111000000111
1100000000011111
1110001011110010
1000010111111000
0100010100110001
0010011111100101
0100010110011001
1110011011100100
1100101000110101
0001010011011001
0110010000000110
1110100011110011
0111110111100011
1111100100011111
0110001000011100
1010101011000110
0111111110111000
1011000110110000
1010101011110111
0000101110110011
0110001000011101
0010010111011001
0011001111111101
1110101001111000
0001111110101011
1111100111001011
1011011000101100
1011011100111111
0000000010111010
1100100000011001
1110100001010101
0101000000100001
0100001110101010
0111111111101011
1010100011011001
0011110110110110
1100101101001111
1011101110111010
1010010100010011
1001101010100100
0010001001101110
0110110010110111
1111110000100011
1100001000011011
1110100101101010
1010001100011011
0011111001000011
1000100001000011
0001111010110011
0001110010110000
0001111001011000
0111011000000011
0111110000110101
0000101001010110
1000000010001110
0101110110010011
0010001001000011
0010101101010011
1101100110010111
0010010100010001
0100111110011101
0101101011011010
0111000110010001
1000100011110000
1110001110011011
1110000010001110
0101100001010001
0001011110011101
1110100110010011
0110101111110110
0110011010010001
1101101111100101
0001010100000100
1110000001110111
0110101011010110
1001110101110010
0000101100100100
1001010111001001
0010100101001000
1001001011001011
1110011101110000
1110011101111101
1011110011010000
1010110111101100
0000001010110010
0011101100011011
0100110000110100
0101101000000011
1000100000011111
0010011001100110
1100101010011111
0001011100000010
0101110001100111
0111001000101001
0001010000010111
1101010000110100
1110101101110110
0101001010101000
0110011001010001
0110111000001011
1010011001100110
1011000101101110
0110101110110101
0010001001101101
0001111011010001
1111000110010101
0000010101000100
1111011111010000
1100001101010001
1001100111111000
1110110010101001
0100011010011010
1101001101011011
1001111001100010
0110100000100111
0100111100110111
0001000001001010
0010011001000011
1100110010101110
0010101000010001
0011010001110000
1100011010011101
0110000101110000
0111110110111100
0011100000110001
0100101111110001
0101000101110100
0100111100001100
1111101011111111
1100000111110100
0101111101100010
0000001101111011
0010010010010011
1111100110101101
1010110001000011
1011111001111001
1010010010101010
1000111000000100
0100010111011011
1110101101100110
0101111111010011
1111111111011011
1000001110011001
1101010001111100
0110001010101010
0010111010011101
1101001111010011
0001001100001001
1011110011110101
1000000011100110
0011001110100011
0110110101001111
1101010110111000
0100110101110011
0010101111101000
0000110101010110
1101000110001011
0001010111001001
0011011001011000
0010011110110000
1010110110110111
1010101011000011
1101000100001100
0110111001001110
1011111100110111
0101001111000011
1110101001000001
0010010011010101
1000010011111000
0001110011000110
1101101001111011
0000000110101011
0101011010100011
0101011010001111
1111001101000000
0101001011010001
0111111001110000
1011011110010101
1111001010101110
1000110011111001
1001011010100001
0111100011001100
0010100011101001
0100100111011111
0110100111100000
0011011000011100
0001000001110100
1110111001110010
0111000111110101
0011001011110010
0101101100001101
1110111110010010
0100100000001001
1011100100001101
1100000000101010
1000110100011011
1010101110100100
0010100011101110
1011101011000011
0100000101011110
1011100001110001
1011111000001010
0111100001101001
0010110100011000
1011111100110110
0100111110001001
0000001000001010
1010111111001111
0100010101100110
1001011100001100
0100000110010011
1111000000010101
1011111100100110
0000001010001101
1110110100100010
1110111001011011
1100010111000000
0000101110010111
1100001111110001
0110110110000100
1000111001101111
0110011101101011
0101000110001001
1000000001110011
1100010100101110
1000101110010001
0010110011110010
0000101010010010
0101100011110000
1010100111011000
0101110000010101
1010110010111101
1010110000001110
1110100010101100
1000110011000100
0001111101101101
1010000001001011
1000100110011001
0100101101010100
1011110100111100
0010110111100011
0101101000100001
0010110110110100
0011000010000010
0101001110100000
0011100000001011
0111010111010001
0010000010111100
1110000111110110
0001000100001000
0100111010011011
1111011010011001
1001111011111010
1100011011011001
1111111101100011
0101110010110101
1110011101110000
0011011010110110
0111010110001111
0111001000110110
0110001101101111
1101101101110010
1111011001110010
1100011010001101
0011011011011111
1110011110101000
1010110110001101
0011101110101110
0100011101011010
1011010110001000
1001101100000010
1101000100000101
0001011101001100
0010100101001110
1110010011010110
0101111001011011
0110101000010010
1001001100010001
0011001000100011
1010001001001011
0001111111000100
1000111011010010
0100100100100011
0100000111101101
1000101110010000
0100101001110101
0101001001001111
0000001110000111
1100010100000101
0000010101000101
0001111010100110
0011001101100010
0011001110100111
0001011000011000
0110111001101110
0000000111000011
0111010011011101
1001111010000011
0001000110011111
1001101001000101
0101111111111011
1000111111001001
0100110101001101
0100011011110011
0001101101111110
0110100111001000
0010011111111110
0111011111011101
0010000100101010
1010001110010111
0101001010001010
1111000111011010
0111000111010001
0010111110010101
1110110101011010
0110001111001011
1100001001001111
0000000100000100
1110000010111011
0100111111111111
1001000011001010
1011101001000001
0110000011010100
0011111101001110
1111111001101100
0011000111001011
1010100000010000
0010010110010000
0000010010001110
0010111001100001
1001001010011010
1111100011001001
0110011111011000
0110100010000001
0100110010000001
1001101011101111
1001000100111001
0010000000110000
1000101111010101
1110010111011000
1011001010101010
1011101110010100
1110110101010101
0000110010011111
0110111111100011
0101111101111011
1000001111110110
0011010110100001
1110010101111100
1101010111100110
1000011001001010
1000101111100101
0011111010100111
0011010110001101
1010011101110010
0010010001011011
1100000001001111
1101010011001100
0111010011111101
0100101010000100
0000111011101100
0100001001101101
0100000001101111
0000010001101010
1100011110010101
0101000101011000
0000010011011101
1000101000110100
0010100001010111
0011001011001010
1100101101011000
0000111011101000
1011111101010001
1010011011101000
0101100111100010
0010001011000001
0110000000001111
0001100011101010
1101011100011111
0010001110110000
0100111110101001
0101001100001111
0111001000011111
1011101110010011
1101110110010101
1111110111011001
0011010101110101
1100001001000101
1000010000100001
0111111001001001
0001100100101011
0011111010101111
1110001100100100
1100101111111001
0000101100100010
0100010000001011
1111101100100110
0111000011101000
0100111010100100
1010100100110101
1110010100101011
0101111101010110
1101111100111101
1001000010001110
1000000000001011
0101001001010110
0001001000110100
0111011010011111
0011101111010001
0100000010100011
0001110100100000
0010111010001111
1000100111000011
0000111010001111
1011101110011100
0101111111110001
0000010110111000
1000111100010000
0111101110000000
1101101100101101
0101011111010101
0001110111010010
1111011110001110
0101011000011000
1111110000110100
0110011110101000
1100110001101110
1100010011011111
0010010011110000
0010110001100000
1111000110000001
0010001001000101
1111101100001011
0001100000111101
