0100110101000000
0001010000110111
0110101101001110
0011010101000000
0000000000111111
0101011110100100
0111101100000010
0010101111101110
1011110010010100
0010101100011110
0001001000011001
1111010010101001
0010110111011000
0010010011001010
1011100110001000
0001000010101001
1010011110100111
1001000011111000
1100110000100011
1010001101100010
1011100001010000
1100110001110111
0110001000010010
1100110001001000
1101100100011100
0101000001111011
0010010100011001
0100000110101101
1100111111100000
0010111011000101
1110010000111110
1001000001011010
0000101011001010
0001111111111110
0000010101000101
1111100000111001
1111101111010000
1101101111101100
0100010011100111
1110100110000000
1101110000011101
0100110010100001
0001110000010011
0010111111111010
0111110110110111
0000011011110011
1100100001101000
0010100100111011
1001010011110010
0111001101001010
1000011101111010
0101000101010100
1111101101001110
0011100011011101
0000011100110011
0011101110010101
0001000101110010
1100100010011100
0001110000100111
0111010111111000
0001101001001110
0001001001110111
0100100000011000
1010011101100111
1000101000011110
1011000010011111
0110010100111001
1011000010110000
0100100001111111
1101000110000110
1111011111110100
1101111010101100
0000010101101011
1101010110101110
1110010101110011
0010100110000001
1011011110111100
1100010001101011
1001011011111011
0011000110001100
0001000110011111
1010000110010100
0100010101010101
1001000011011111
0100000100000100
1001111000010110
0010010101001010
1011110001011010
1100101011010001
1011100011001100
1101001000011000
1010101011000010
0011001000111010
0001100101110101
1100111000010000
1111111111001010
0100000000110011
0010100111000011
1110101111111101
0110110100100001
0010100101010100
1100011011100011
0001000101011011
0010011110100111
1110100000001110
0101000011101000
1010010110110100
1110101101101010
1010000010110100
1010101001011011
0000111100111101
1111001110100011
1011100011001001
0010101001100101
0111101011111000
0001111001110110
1000010110100000
0111001010001011
1011010010010001
1011011000110010
0111001110000011
1101111110110110
0000000000001010
1000111000011011
1110001100000010
0010010110000000
0111110001111101
1101011100100110
1010100000100001
0010100011010011
0100000101111001
0010010111110001
0010000011001011
0000100101010111
1110110101001100
1111110001100110
0101011100100101
1110111110000000
1111010111111001
1111110100110011
0011100010010010
0101110010000001
0111100001001011
0101101110001110
0000011100010111
0111010101001101
0111010010001111
1110001000100010
1011111010001100
0011111010111100
0010101101111100
0100101000010100
0111001001001111
1011000010000010
0101111100110011
1000100011000010
1000000011000110
0110110011100010
0000111100110100
0111000110011011
1101111010010101
0011000101101000
0101001101100111
0110100000110001
1111001000010111
0000011100110110
1001101110011101
0111111100011100
0100010000010011
1000011011111111
0000110011100000
1111110111101011
1100011111011011
1110001000010110
0011011010000000
1111101101001000
0100010111111010
0011100001000001
1111010011110111
1011111111110100
0001010110000110
0111011100101111
0100011001111000
1010010111100011
1000111001011101
0100110001000101
1010100100100100
0101001101011001
1001100000111111
0110001010101100
1010101000111001
1000001100011011
1011101100100010
1110101010001010
1101001001110001
0100110000001011
0101000100010010
0000010010101001
1100111100100110
0001000000111111
1010010111010101
1101011011101110
0010101100111110
0101110001000111
0110011111000111
1010110010111000
1001100010001100
0111011011001001
0111000010101001
0001010111111011
0111001111001111
1010101100111000
0001011101110001
0001111110000101
0011001000010111
0101100010010101
1111000000001110
1100100110101111
1011010110110001
0000011110001111
0111110111011101
0010101111011001
0110111110011011
1011110100100111
0111101111011001
0001000100100100
1001010101000000
0010110101110110
0010001101000100
0011110011100100
0101010101100100
0111101001101010
1101101000100101
1100110000001110
1010010110010110
1110000001100110
1001001110111111
1010010011110011
0111000010010001
0101000100111111
1000011100010100
1101001101101110
0001100010110010
1010000100100110
1100000100110011
0010000110010010
1000100001101100
0001010110101100
1100011101100001
0000011111100111
1100001111010101
0000011011101101
0111111100111110
0100010100100101
0010111100111101
0110110010101001
0011110010001011
0100110100101100
1111100100011101
1110000001000001
1111000000011000
0111100111000010
1011101110100110
1110101100110111
0110011000001011
1000111100011110
1001011000111110
0100010110110000
1011011101001110
0000011110010000
0100101010101101
0010100101010011
1111100111100011
1100100111011110
0000010100001100
1011011110001011
1011110001000101
0000110111001001
1101000111011011
0001110011111101
1111101110111111
0010111010101001
1100000110101101
0011110001101001
0101111111001000
1111101011111000
1111111000110011
1100010110110101
0010110001111010
1110100010101001
1011010100110000
1000001111101101
0011101100000001
1111100110011000
0100100100010100
1001000001100001
1111100010011010
0100001111001010
1111001001111110
0110010110001011
1001111111001001
0000100011000111
0001010000110001
0101110100011101
0010100101010101
0110110110011111
1011100101000110
0111101010100000
0001111111001010
0010100000110101
0010000011110100
0100001011010100
0001011101010010
1110011011000110
0110001001011101
1110000111001000
0010011000111101
0101111001001010
1110111010010001
0110000010110010
1011011100010011
1110011001001010
1110101011101101
1101110110111011
1001101110000000
0000001001000100
1100100101001010
0111000001010110
0001111001011101
1111010111100001
1000101111111101
0011010111011111
1010010110110110
1001101110110010
1101001101001111
0110100111101111
1101011000100100
0100110100100000
0101001011001110
1010001111010010
0111000100110111
0100001100000100
1111100010010010
1101010100101110
0000111111110110
1010100101011011
1000111110001100
0010000101001010
0001100110101000
0100010010011001
1101111111000001
0101010100111000
0111000010100111
1110101110100111
1110101100010001
1110001101010001
1010110000010000
1110110000010000
0100101010001010
0110001011110001
0101010110001001
1101111010010110
0100001010110010
0001000110100001
0000001000100011
0100000011011010
0011000011000111
0010010110110001
1011011101001100
1010011011101010
1000100101010010
0100000110001000
1100010011100001
1011110100110101
1110001001110010
1011111011010101
1111010010000011
0111110101010011
0100011011101111
0000110101011111
0111111011000111
0110111101011111
1001000001011111
1011010000100001
0001010011111110
0000000111111101
1010010001110000
0010110000000101
0000101001011101
0100111010100110
1111000110110111
0101101001101111
0011001100111101
0110111001101001
1010100101100100
0011110100101101
0100111101110111
1111001100111001
0000001000001000
1000000010011001
1000011110110101
1111101001111010
1100100010110011
1110101000110011
1100000111001111
1011110110001000
1101011001100110
1111111011000000
1100011101010000
1010001001011000
1001111011011111
1001010111000110
1111010110001111
1010000000110010
1010100010100001
1010001101111111
0101000111110111
0101100011011110
0001010001111101
0111011010010010
0010100110000000
0111111111101111
1000101001010100
1100011000111000
0101110000010011
0101011010100100
0110100010001110
0101001010010101
0001011000000110
1111001000010011
0000101101111011
1001111001000001
0001101110110111
1011001100111010
0101010110010000
1001010110001110
0110100011000010
0101111010111000
1111011111011011
1011000011000010
1000000000111001
0000001110110110
1001101110110010
1011010100000101
0011011111111010
0110010001001010
0101110110010000
0011111010011101
0101110000001000
0101010110110110
1010110101011010
0000101000110001
0101101001011001
0010100001110001
1100011000000101
1100001010000001
0100000101111000
0100100001010010
0101001110100111
1100101100001111
1000000100011011
0110010110001010
0011000011111101
1001000101101001
1101010010100100
1001111101111100
1110101011111110
1011110101101100
1001111010101001
1100111110000000
0001000110011001
0001011000110001
1001110100010000
1100101100111101
0110001101101101
1010100100011111
0110101000111110
1101101110000001
1101011011100100
0111010100000011
0010011001011110
1110110000101001
1101001010011000
1010101000010000
1100100111001101
0100100011101010
0010010011010000
0010101001111100
1010100100011001
1000000001111101
0011111101001101
0011111000101101
1000001111111011
1100000100110010
1101001001100000
0100110110110101
1000100110100100
0111001100100010
1000001110011111
0000111101011000
0101100000000010
0110001011000101
1010001011011101
1001011000001011
1101001001100100
1110000111100000
0001011100101000
0001100101000100
0111101100001100
0000011101110011
0101101001100110
