0001110011111001
0001010111100101
0111011001111111
1011000101111101
0011101110001111
0011111001111010
0100001111110010
0110000101001101
0101111100000011
1011011101010101
1000101000111101
0010010000101010
0111000100100100
0000111110110100
0101110110101110
0100101110100011
1100111111011101
1110000111011010
1111001100010001
1011110100000100
1100011100101011
1011010101110110
0011110010111100
0010111001100010
1011010100100100
0110101010110111
0111100110001010
0011000100110110
0111111100101011
0011011101010000
1001010001100011
0101101101010011
0111001110011010
0001011101101111
0111110101010010
1101011011101000
0000100001111101
0111010111101110
1011010011000000
1100011001000001
0110101011100100
1010010010001001
1011101000101101
0110011101100110
1111100001100001
0110101111110110
0100100100101010
0011010100011010
1101110001000100
1101010100000011
1110101010010111
1100011101000000
0111101100111010
1001010010111110
0000011011000110
1111100010100011
1001000100100001
0001100110010101
1100000110101001
1011100010101000
0000110001010000
0111101110010010
1000001001010111
1010110110011101
1001101001111100
1110001110000101
0111010110110110
0111000001001101
1100101011000010
1000010010110111
0110111010111001
0010000010101100
1010010111110100
1111111100111001
0101111111010000
0010000010101001
0110010110111110
1101100000110101
1110000101100111
0110110100010011
0101101011111110
1110100100010111
0010100010000100
0010100001110000
0000011000111101
0001101101101011
0111000101011010
1100100101000111
1110111111000011
1011100011010101
0111111000010001
1001011100111110
1010110001101011
1100010101110101
1010110000011100
0101111000001111
1100110101101001
1001110000010000
1110101100101011
1000101101110100
1011000100110110
0011011101101011
1000001010000010
0010001000101110
1110011010100100
0010000111100010
1110110011011101
1101110100010110
0011011111000000
1011100111001000
1101111101001111
0111100011001101
1110100000111111
0101100100100111
1110011100000010
1101101011010011
1000001010101000
1101011101110101
0110111001111000
0100101111010010
1001100010110011
0011101011110100
1001011110110111
0110100001111101
0000101101100001
1010000101100100
1110111001001100
0011000000101101
1110101000011100
0100011010111011
0011001000100111
0010111111010111
0011001111001000
1011010000111011
0100010000110101
0001001111011010
1001110110011001
0100100100001011
0001101110101101
0101011101010111
0001111111000011
1011000101110010
0100000000001110
1100000010010110
0011110001000101
1001101000000111
1101001111111010
0001011110010011
1111001111111010
0000000011001000
1110100011011100
0111000010111111
0111011001010000
1101011100001011
0011011001110110
0100100110101001
0101001000110100
0001011111101110
1110011101110100
0101000111101011
1001011101010010
1101101101000000
1010001001101100
0011010101100000
1100110111111110
1010010011000101
1101111111111100
0011111100110000
0001010000110100
0101111101100101
1100111010100000
1000101100011111
1101111101101011
0101011001010100
0110000001110010
0101111010001011
0101001000001100
1010101001110100
0100110001011011
1000000111101011
1101011011110001
0011100110101010
0111010010000001
1001011110100000
0011011110111000
0110001000000100
1111101101011010
1111001111001101
0101011000011000
0010100110001000
1001110010111011
0010011010101100
0001100111011101
1111011101111110
1110001100010000
1110101000001011
0001001011110001
1111111100110100
1001101100010111
1011001110011001
0111100100100111
1010101110011100
1111111010101001
1001110110010111
0000101000111010
1101000101111010
0101000111111001
0001011110110111
1101000010000011
0101011100101010
1000110111101111
0101100011111010
0011110110011010
1111101101011110
1011111110111001
1100110011110011
1111101011110001
1010001110101000
1000100000110010
1110101001111000
0110011111111111
0010111010110101
1100110110100110
0000111111100001
1111000010010110
0101001100010111
0101001001100101
1101100101100100
0110110110001010
1101110000000110
1000111000011000
1000011111010011
0000100001011110
1100010000000100
0110100011011010
0100100001111100
1011010000001111
0111010100011010
0000011101111001
1101100010111000
0100110111100100
0000000001110100
1011010101011100
1100101111111010
0101100101011111
1011101010110111
1010110101011111
1001001111001110
0011001001010011
1010001110110101
0110010011010000
1111111000111001
1011001101111011
1011000101101110
0110000110011011
1111111110100001
1001011000001110
1110001001101011
1100110111100011
0011001010100111
1100011000100101
1111001101011111
0001100110001110
1001101101111011
0100011100110000
1011111111111110
0101001000010011
1100001000101101
1011101000101011
0011000100010010
1010101110011011
1011101111101100
0111100101011000
0010010001100101
0100101111110111
0101001001101111
1001010101100111
0101011100000111
1101100011000100
1000010000100110
0110110011010101
0010111100101010
0101010000101110
1000100100111010
1011001110111011
0101100010001000
1001111100001100
1111101010010011
0110000001011110
1011000001101101
0110010010110101
0110010001101001
1110000011101100
1000101101100000
1110000110110110
0111000000001110
1010000110010101
1110010011011101
0000001001000101
0000100100000101
0011110010001001
0000100100001001
0001100111100010
1000011000001000
0000111100010101
0001000110011101
1010001011000010
0111001111110010
1110101000010011
1000010111111101
0011000101100100
0101000111101011
1101011101101011
0001111001100100
1111100111110010
0100111001111101
1001000110011110
0110000001001110
1101010011011111
1110110001100001
0000101110001111
0011100110001111
0010000010010001
1000101000000010
0110101011110111
1011011000011011
1010111011000100
0100010011011001
0101110001011110
1101011000001010
0010000100001010
1001011000111110
1110111110111010
1001001001111110
0110110100110101
1010100000110111
1110110001101101
1111100010111111
0100001110001000
0100101110111100
1000001001100100
0000011111111100
0001110100111101
1001011001110101
0110011000011000
1001001011011001
1100111110101000
1001101110011110
1111111100001110
0111100010101110
0110000110001110
0110001100101000
0011111110001011
1001011010101111
0110011010011010
0010010001100110
0001100001110000
1000101111001100
0010111010000000
1011011011001010
1001010100100111
1110011001101000
0110111010000000
0000100101011001
1011010100000110
1110101110000101
0011111100111000
0101110111101110
1010011001011000
0101111000011101
1001010111111011
1110010101001110
1010100010111100
1011101011000011
1011110011001111
0000101111111010
1000101101010111
0011110000101001
0111101101110011
0001001110000001
0111001001110000
0100010000111110
1011000100101110
1001110110001010
1001111111011011
1011001110011101
0010010000110011
1010111011010100
1111010111111100
1010011100100110
0111001100111110
0000010100011101
1011011000001000
1011011010010011
0000110000101010
1110110011001110
1110100010010110
0111001110001001
0111100110011011
0001110110000110
0110110111010110
1011010000000110
1010010000111001
0010100110011011
0000111111101011
0011111001110001
0001111100111000
0110110011000111
0001100001010100
1101000000010011
1010000101001100
0100100111110101
0100011011111011
1001000000010100
0000111110000011
1110000011111000
1101011001010000
0000111010100100
1100001001101000
1010001111110111
0101010001101110
0000101000110000
0000100101110000
0111010000110011
1100011010100111
0101010101101101
1101001000010101
0010010010111100
0010100111111101
0001101001111011
1101000011101100
1000010011100100
0111100011011010
0101100100101101
1010001111000010
1010100100111101
0111001010010110
1011011111111000
1111110111000001
1101111110001000
0111111101110101
0011110000010110
0001100000011000
0011111111110001
0011111011010010
0110000111001010
1111010100001100
0000100010001111
1110101111110000
0001001110000101
1100110000101001
0100101001111001
1011001100010010
0011101010000010
0010001111010100
0101011010011011
0000011010100001
0010100011011000
1110000110011001
0001000111101011
1110111011100000
1111000101101010
1011010110111100
0000111001101101
0111100101111111
0011011101000001
1111110110111001
1111010010011000
1000100100001010
0000101000001001
1100000000001000
1100100001000111
1011100001101001
1110010001111111
0000100110011111
1001101100100100
1001010000001100
0110100001010110
0111110000010010
0000001100111110
0000000100111100
1010111101111110
1010001010000001
1011101100101011
0010000011110011
0010011101111110
0001011100110110
0100101000110001
0110111000000111
0110100001011110
0110111010100110
0010011100101010
0100110101110000
0000101101011110
0101001001001101
0000100010101011
0100111101010010
1010001110101101
0000000110101001
0111100011100111
1011011001001000
1100001101100000
0100011000111001
0011010111111010
1011011010010101
0001101010011011
1100111110111101
0011010000011100
0110000011001001
0110000010000100
0111110111101101
