1010101011110010
0011010001000001
0011100100101010
0100101110101011
1010010110100100
0110010101110011
0100110010101100
0111110110010000
1100110000010001
1001010110100010
0011100111011010
1010101100011011
1010110001111000
0011101010010001
1000100100100111
1011100000010010
1110011001001100
1010010111010000
0000100001001010
1100100111110111
1010010011101000
0101010001101001
1010011100101011
1011011011100101
0010001000110111
0111111011001001
1011100000110110
1011100000100001
0000101101011111
1000111011110100
1100000110010000
1001001110111100
0111000100110010
0100010001100100
0010100101010010
1010010100111111
0100100110001110
1010111101111101
1000000000010000
0100100101001011
0011001001000110
0010101111001000
0111111101010000
0111000001000011
0101110011100011
0010011110111101
1010001011010000
0101110110101111
1101011011100101
1111011011010100
1110011011101101
1100000101011111
1001111101111111
0100100110110001
0101101000011100
1111000110100011
0111100110011111
0011001010111101
1100101110000100
0110001100111100
0110010000000110
0011110001010001
1101101000111011
0000101100010100
0010011000011010
1010001111110100
0101010110101110
0111010101111100
0001011110101111
1111001111011111
1100111111111000
1010000011111100
1101101011100110
1010001000111110
0001000001011100
0110001111101101
0100000111101001
0100111010001000
1001011001000101
0100000101100101
0000111000010101
0101111001111000
0011001100000011
0001011111100011
1110101101100010
0110110101011011
0100100100110011
0001110101110001
0000111000100011
0000001000010000
1010000000101010
0010000001001010
1110111001101000
1000001010101110
0100111010100010
1010000010111001
1000010101100100
1111011010111010
1001101010000011
0001111111001011
0011011110111100
0101010100101000
1100000100101110
0001101010011010
1010010111110001
0101111000001101
0111001011010001
0101101111111110
0011000100110001
0100010011010101
0011001111110000
0111010010010100
0110110110110011
0011001100111011
0011011001101110
1000011000101011
1011010010000010
1000011111110000
0101010101100100
1111000101111010
1001111001011100
1110011101001100
1010101010111110
0100100110010001
0010101110101101
1000010100000000
0001011100111110
1000111110110001
1101110001001100
1010001000100110
0111110000000010
0001000100011110
0100010111011010
0010111110111110
0101110000000100
0111100111100100
0111111110101110
1001110101100110
0111111011101110
1110011010001101
0010110001110011
0010011011110101
1100000101101111
0101101100101001
0001011111111000
0100001110011011
1111100011011001
0111011011011000
0010110000000001
1111000111011001
0011011011000011
1001000101001011
0011110000000001
1100101000011110
0010100101100011
0001101100101111
0100110100101000
0011001011111111
0111010011010101
0111110001001010
0000000100111011
0100111000110000
0010010011010100
0010011111111111
1100011011001101
0001011001111101
1010011011001010
1000011001010001
0010010110001110
0111110011100100
0111000111111110
1010011010001011
0100010110101101
1011001111110100
1101111110001110
1010111101001111
1111101011000000
0000111010111111
1111010101100111
0001100011001110
1000101010111101
1110100001000010
1111010110010110
1010000101011100
0100010100101001
1001000011101000
1000010101111101
0110110110010011
0010110011110010
0101001110100000
0111110001100000
0000011100110111
1000011101000110
0001100011010100
0000111010000111
1110011001011010
1100100100001110
1010110010101011
0000111011100000
0000111011110110
1011100101000110
1100101011000100
0001110010110001
0011000011101011
0000010010010010
1011000000011100
0000111101001011
1110110001000111
1000101000001001
1101000100000000
0101110000110011
0011001111011010
1001110101010010
0111011111101001
0011110001011111
1010011000111010
0101010110111111
1000000010010010
1011100001101010
1101100110111010
1011011000101101
1100010000011111
0011111011011111
0110110001001110
0010111000011001
1101010011010001
0100011111000111
1010101101100110
1100011111011001
1010001001110010
0111010000111001
0101001001101100
0000110100101011
0011010111010100
1001110001100011
0001001111000011
1110010011001101
0000010011010011
0010000010011010
1000000110110000
1100001110001011
0101010001111101
1100100011011101
1000010100010000
0011100101010111
0110000010101001
0001000011101011
0010100110110001
0011000011000100
1111010111110011
0000000001110100
1101011011100000
1011111001100011
0010110001010000
0100011001000011
0111000110010111
0101011110111000
0100001010101010
1010101001010100
0001101011111111
1011001000000110
1111101101010001
1110010000011111
0000001000010001
0001011000111101
0110101110000111
1111110110101101
0000110000110001
0110000101000000
0000010010110010
0000011111101011
0110110010010000
1011110011001000
0011000010101100
1011011001111100
1011010101101001
1100110111010000
1010110101001011
0010100001000100
1110111011110001
1000100110101110
1110100010000110
1000000001000110
0000110100001011
0001011101001101
1110101000001000
0101110011001110
0010010101001000
1011000111000101
1010011101010101
1111101011100111
0010111110111111
0011101101001000
0101110100000011
0101111011110100
0010101110101010
1100110100000101
0001100000100100
0010101001011010
0100000001001101
0110000011100100
0001010110111000
0001111111100101
1111001010101111
1001011111100100
1000101011010110
0011000110100100
0111001100100100
0101110111000000
1100100000100111
0101000100000110
1101010000101000
0110111110110101
0111000110001001
0001111110110011
0010000010000010
0010101000111001
0100011000001111
0010001110010110
0011010000000010
1111100100101111
0110100000000000
0001001011010100
0100110001001011
0101010001101110
0110001001000000
1111001110101000
1001011111100010
0000011011000110
1001000001001000
0100101100111111
1110101010110000
1110010101010100
1010111010000000
0101101001100111
0101000101000101
1000011001011011
0100100111110100
1011110000110011
0010110101101001
1011110010011000
1110011101100011
1111001001100010
0110010010100000
1100110001100010
0110101100111111
0011011100010111
1000000010110010
1011011111100000
0110000010000101
0010001011000011
0011010101101101
1100110101100001
0111010001111101
0011101111011101
0001010011011111
1101110101100110
0011010011010000
0101011100111001
1100111100110001
0011111111101100
0001011010110010
0001100110001110
1100101001100111
0111110011011000
1110110110110010
1110011001010100
1100011000110010
0001010010111100
1001010001100110
0100100110010010
1111001100101001
1111001011100010
0110001101110101
1111011110101011
1010101101010001
1101000101111101
1111111100110110
0101101000011001
0010000011000001
1001111111101100
0110110110010110
1000011001000001
0001001101011101
1111011000000011
1000110000010010
0011100101101111
1100101000110001
0011101100001110
0111000110111001
1100110110110111
1100010010110101
0000110000101010
1111111111011000
1000101100111010
0101101001101100
0101111100000111
0010111110010001
0001110000101110
0010000011100001
0000001110111000
1100001010010110
0010010010111111
1010111111011010
0110011011010101
0000000101000101
1001000001010011
1010111001000111
0100111100100110
0010000110111001
1110001010100000
1010100111001011
0001110000100000
1010010000000111
1011110101111111
0111000110010010
0000111001001010
0010010001100111
0100011011111110
1001000010100010
0110110001001011
0000001100000010
0011101101100001
0101100101001010
0011011010100000
0101100101100100
1100000111011110
0010000101011011
1000000111010111
1000110010011001
1010100101111010
1110101010000100
1111000100111000
1010110101001101
0110010100000110
0011011000110010
1000011010111110
0010100111100010
0110001100111001
1000100111010011
0101110000110111
1000101001101101
0111011001111011
0001011100000110
0100101010001011
0111111101000110
1011000011000111
0010000100011100
0010100100111101
1100011010001101
0001100000101110
0000101101100111
0111000100010111
0000110111010111
0001010000000111
0101011000010111
1001110110110111
0011110100010001
1101011100101001
1011100010100111
1001111010001111
0111100000010011
1111101010001011
1100110100111010
0110000111000011
1001110101001011
1000110110000010
0110010010101011
1010000101101000
1111111100001100
1110000001110100
0111100101011010
0101000000011001
1000000001010010
1010110101100101
0111101011111001
0000001000001011
0111000011000000
0001010110100000
1000010101110110
1110010101010001
1000010000101101
0111100101100101
0010101000100101
0111000110011001
1000100001100001
1111110110110111
1000010101101011
0100010001100001
1111111110011011
0101010001011110
1101000011110110
0010100101010011
1011101000101011
1101110010100010
0011000000011100
1100001010000001
0111110110010101
1010001101111000
0010100001000001
0111010111001101
1110111110101010
1001000011101000
1000011100110011
1111100011001110
1010111011110110
1100110010111101
1010111110101000
0100101100101000
1010011101000110
1001000100011000
