0000101111010000
0100101010011001
1101011001011000
0001100111101000
1011000101010111
0011100101011011
0001101101110001
0110000101010001
0000011010101100
0101101100101010
0010111010110111
1000001110011111
0000100110101000
1011011000100001
0110101110101100
1101101000110001
0001111111001011
1100011111001101
0101000010010001
1101010001010011
1000010000010111
1000110101001111
0110111010000101
1100000101010010
1101010111000010
1110111010011110
0000000010011011
1010100001111100
1001100100010000
1100001111001001
0010010100110101
1110000000101110
1111010100100111
1110110011011001
0110011011010011
1000010111000111
0101100111110011
0111110010101100
0010001110110010
1001110110100101
0110111101011011
0100110000000010
0001110110101100
1101110110111101
0000010010011010
0101010111010010
1101011010111111
1011110001010000
1101000010101101
0011101101111010
0010110000101111
0111000011100111
1011101101111001
1110101111100111
1010101111000010
0100011111110001
1010100001010011
0001000010010111
1110100000111110
0011100001100111
1110011010001100
0011101101001010
0101100010011011
1010001101100111
0000100001011001
0100100100100100
1110000011110111
0000011000101110
1101110001111100
0001000011010111
0010011000110001
1100110010101001
0011110100001101
0000100101110111
0101000000010001
0001000011110010
1000111011110100
0011000101011101
0000011111111000
1111011010011000
1110010000000100
1110100011111010
1100010010011101
0000010100100101
1000110011011000
1111111101010010
1000011111101001
1110101100101100
1111011110110010
0000011011111010
0110011001100101
1010010000101000
1101001001000010
1110110000101001
1001001110110110
1101110010011001
0000011101111111
1001001011000010
0111001010111110
0111001011100100
1010010101001011
0110110011010010
0001100000101100
0010011111010100
0110100111000000
1101010111110100
0111011001011100
0010110000010011
1001111001100001
1111110111100001
0010101011110001
1101110010011010
1011101001101011
0111001000101111
0110000110101110
0010100100011011
1110000101011111
0000111001100011
0001110111111000
0001011110011010
0101110000001000
1000011100100010
1000110010110111
0111010101101100
1101101110000001
1111110111010110
0100110111011001
1011000101101011
0101111100000010
1000100101001101
1001101000010111
0010011000111001
1010100010100000
1101111110010100
1010101111011110
0011111101101100
0101001010100100
0101110111010001
0001001000101100
0110010001000011
1111000111001011
0110011111101111
0011001011101011
1001111100011100
1001000111111110
1100111010111011
1111110001110101
0011000100111101
0110101001101101
0001000111010001
1100011001111111
0011101111101100
0000011101111010
1010010011001111
0110110101001110
1001010111001011
0111101111111110
0000000111100111
1011100110001110
0001101010100010
1000011111101000
1110010001010011
1111001011100110
1110010000101010
0011001011100111
0111101001010010
1000000111001011
1100001100101101
0010110010100011
1001100001011000
0000101001010101
0111001011001001
1110101111101001
1110000001110100
1110101001010010
0100100011001110
1101001011001101
1101000001111101
1111000100010100
1010011100101011
1101001100001110
1010010000101001
1010110001111100
1111010110110100
0001100110101110
1100011111001000
1111001100111100
1100110011001011
1000011110001111
0011111011110001
0000101011100010
1010100010010000
1010010010010001
1101011001100111
0111110110001101
0110101011000010
1110000101110101
0101001011100010
1100100101100001
1000101001000101
1000001011001011
0000011101010000
0110101101101101
1100000111101111
1101001100101101
1110101000111110
0110111010101010
0100111100000100
0111100110100011
1111100101101011
1010000110001110
0000011110101110
0110010011101100
0001111100001101
1011110110001010
0010000001100110
1000110110101011
0011101111010010
1111011011000100
0101100000001010
1010001000000010
1100010111110010
1011100001001001
0001100110111100
0110011110110010
0000011110011101
0111100010001010
1111001011011101
1110001011100101
0100101101011001
0010011110101001
0111000101011010
1001111111011001
0100011111110000
0011101011101010
1011011000110011
0101011100010100
0000010010101100
0011101010110001
0110100011010001
1110000011111110
0000100110011001
1000101101110000
1101011110101111
1100101010000111
0101100111110000
1100011011000110
1110000001000000
1101000001110000
0110000000111101
0011111100111000
1100000010010011
0110001110001100
0110010010111100
0101101100000000
0010100011101111
0101010001111101
0101001001110011
1101101111000010
0001000011111011
0100101010001010
0000101110110011
0011011001001011
1011111000011000
0100111101101011
0111101011001100
0010100010011011
0010000101101110
1011100011010101
1110100000010011
1011100010101011
1000100111111110
1000111000111011
0011010100011011
1001101110111100
1010010111001001
1101111011110101
0011111100000001
1011010101010000
1001110101110111
0000001001011000
0011010000000100
1011011101001111
1000101000011111
0101111101000000
0100000101100100
0110001000000001
0000110100000100
0111101100111110
0011101100111010
0001111000010010
0011000000011110
0100011011100110
1111100000100011
1111110100101101
0100001111101111
1111110011100011
1011001101101011
0000110001101100
0001101000100111
1101010100010010
1100110001110000
0101100110111110
0101100100111111
0000011101111010
1010001011101011
0111001100110000
0001100001010100
1100110000110111
1000000100111100
0011010100010010
0010000100001100
1001011000101001
0011100111000101
0011101011011001
1100101110010001
0110101000000000
1111011101101110
1100010001011001
0000011010001100
1000110011111000
1000111001000100
1000101110110001
0000001100110011
1010011110011001
0000111011111001
0001110010100110
0000101111101110
0001010011000110
1101010101111110
0111001010011100
0000011010001110
0011111101001001
1010101101111010
0010110001100100
1010100000101011
1110101000110110
1000000111010010
0110011000011011
1011100100101100
1101011000111011
0100110001110001
1110110000110111
0111001101111100
1111110110010000
0111011011010101
0000111100000110
0110000110010011
0000011111100011
0011000111100010
1001001001110011
0110010011010100
0110011001010010
0011000110111011
1111011000001000
1010010000101000
1101011110011100
1010001111110011
1100110111000111
1101110100001000
0010011100110110
0001101100100001
0101110000000011
0110001010101101
1111101000111100
1100001001001100
0011001000011010
0011101000110111
1001000010010111
0001100000101101
0010110011010000
1110011101010100
1111010001101010
0111001010111011
1100000011101100
1101100100011100
0101011010001111
1100101101100100
1001101000001011
1010100011110011
0001111010101100
1110001011000011
1100000101011101
0001110000111001
0101001101000011
1111001010010000
1101111111000110
1011001111110110
1000001110000011
1000010110010011
0001101111111110
1100010101111111
0100001001100010
0001001111111011
0101001001111101
0110011111111000
1011100010101010
1101011001001000
0000000101000101
1001001110100101
0100000010110100
0111100001011001
0100100111100000
1001100111000001
1000110110000001
1101000101111000
1110100000101011
1011100101011101
0010010000101100
1000111110111000
1010100111100101
1111011010001010
0010110101110011
1110011101000110
0100101110001010
1100100000010001
0001000100111110
0101100000100011
0101111000001101
0011111001000010
0101111001100001
1001110110010010
0010000011011001
0101100011011111
0111100110110110
1000011100001010
0101101010011110
0101010000111010
1101101111010110
0000101101100101
0010000011100001
0100100001100111
1111100101000001
1011111011001000
0100100001111100
0100100010111110
1101111100001111
1010001000010111
1000110010010001
0011111111101101
0000011110100011
1011101101010000
1101111111000000
1101100111110100
1101101000100010
0011000010011100
0001010011001110
1111010110111010
0110101100111101
1001111001011011
1001110001010101
1011111010001101
0001010010101100
0010001111000101
0010010011101011
1100110010001100
0110010110011010
0101110111100100
0101100101011000
0011100000011011
1110001110111001
1110100000001011
1111111111111011
0111001110000001
1010111110100001
1110111001000111
0100101001100100
0011010001011010
0100000011101110
1010001000100110
0110111010110001
0000011000101010
0101000111010011
0111011011110001
0101101011000110
0101000000110100
0101010001001000
0100010010110101
0111000100110110
0111110101110100
1001011000010101
1011101101110000
1101100110001010
0100010011000100
1100111010100111
0000011001111110
1110100101100101
1110001010110011
0010111001011100
1001110101110010
0100011000000000
0010011001001100
1001100110010111
1110110000110111
1000010000110000
1111010001010110
1000111001101101
1100110111110011
1000110110011011
1000001000101000
1011110101111001
0101001111011111
0001011011000001
1000010100110101
0101111000111110
1101010001101111
1011001100100111
0000100111101111
1101010010001101
1101100100110111
1011111111111100
