0000111000110010
1010010001111000
0110011010000100
1101011111110011
0100011010100010
1010101011001001
1001110010110100
0100111010001001
1111101100010011
1101110001001100
1001001100110000
0111001101111000
1111101101011101
0111010111111000
0011010110011100
0111111111010101
1011101100000101
0101000001000011
0001010000001111
0001000011101110
0100001100000011
0110001011010001
1000101110011111
0000101111000000
1010000110111001
0101001110110000
1110011110000100
1110111101110111
1100001010000010
0111101110000001
0001110100110110
0101000001010110
1010101111110001
1010111001110111
0010101101111100
1001111110010101
0000011101111001
1011111010100101
1100100111011010
0100110001100011
1011101011000000
0110001110110111
0001010100001000
1101111110000101
1100100111001001
1001010110010111
1101101000100010
0100010000010101
1111101100011010
1000000110101100
0111011110011000
0110101100100101
1111000101111100
1000101001001111
0101101001011101
0100101010011101
0010001000010111
1101110010110100
1100000100111001
1010001001001101
0011110010001010
0000001010100101
1111100001111110
0001001111001111
0111111011101000
1100010101000001
1111001000001010
1100001110011110
1100000100001010
1111110100001110
0110111111101000
0100101101000111
1101100110001100
1100001100111000
0001000000000110
0111011100110010
0000110011111001
0111010110000000
1010100000011011
1011001110011001
0000111000101111
1110100110011111
1101011101000011
1000111010010101
0101011101110011
0111010011100101
0110001100001001
0001001101101100
0011001011101101
1000000110011001
1011000010001011
0011100010101001
0000110101111000
1100010111010110
1010110100010011
1011011110001000
1010100001011100
0111011010011111
0110011001011110
1111000000111110
0000100110001010
1001000010010010
1001100001010000
1011010011110000
0011100011111110
1100110110111010
1011110010000011
1011101001010011
0011011000100000
1110111001101111
0110001010100010
0101011001101010
0001000111000111
0001000101000111
0100110101001010
1001100010111010
0111000011010110
0011000000110111
0101101001011011
1000010011000101
1000111011000010
1010100100100110
0100100100110001
1011110011000010
0111101000101000
0011001110100000
0010101111111111
0011011011110011
0000000011001101
1100110001011110
1001100010110001
1011011011101010
1101101100011100
0011001011000110
1100100111010101
0100111000010110
1110110111011100
0011001000101001
1100101000110011
0100000100000100
0010011101010101
0100010110100000
0011010001011001
0010110010111101
1100000101101000
1111001011001001
1101010111001101
1101101110110001
1000111111000111
1011101011110010
1010110011001111
1011100111111011
0010000110110001
1001000111100011
0111011011110110
0001001000001100
1001110000111011
1010010100011100
0101010000011100
0001000001100101
1000010010110001
1000011001101100
0000100010010010
0011000000110010
1111000001110001
0011110101110000
0001011101000011
1011001110010011
0011110001101110
1100110110001100
0011011100100001
1000010001011001
1110110010111111
1010001111010100
0000101100010001
0110010000101101
1000100110000110
1101110110101111
0011010000000001
0001110010001101
1111000101110011
1000000100100111
1010110011000101
1110000101110111
0101001011111011
0011110100111010
0101011110011101
1010111010010000
0001001001011010
0000001010011001
0100100010011001
1111011000110011
0111111101110111
0001100111000010
1011010100100101
1100010001101000
1000011110101011
1011011101001111
1010010000011000
0110111101110011
0010110010010010
1111110100001110
1010101010111000
0011011111001110
1011111100111111
0001101111011000
0001111010111001
0011011110110001
1101000001010110
0110011110101001
0101011101010101
0011111101000101
0010010011101010
0001100100110101
1111110010000101
0101000100111110
0000100010101111
1001010111101010
0000101001100010
0101100111010111
0011000010011010
0111100100000111
0111101111001001
1001000101001011
0100111111110110
0010011000011111
1010011001000000
0110011101010001
1011011111010011
0000101111110011
0111001011001100
1110111111100100
0001101111011101
0001100010011101
1100011101011101
1111110110110101
0111011010111111
1111011011000010
1010001001111011
0011011000100001
0000001110000011
0110100011101000
1010011000110100
0111010110000100
1001001010100100
1001111100001011
0011011100110110
0100011000110100
0100000010000010
1000001011100001
0101101001110010
0100011010101101
1011100101101111
1010110100111110
0001101001101110
1000011001111010
0100101001110100
0011110000111010
1110001111101000
1000110101010111
1110010010000011
1000000100000101
0101011101001010
0011001101111000
1010101111010000
1110001001111101
1111011000100110
0100001001010110
1011001100011101
1001010010101111
1111010110101110
1100011010001011
0001000110111010
1010011001101010
1111101001100101
0010111001011010
1010010001001110
1010111010010001
1111110011100010
1100000000110011
0111010110100110
1100101111001001
0001001010011100
0011000110111111
0110001011000001
1101101111000011
0111010010100000
1010010011110110
1000010110010001
1000110010101101
0110100011010100
0100010111110100
0101011100110001
1000111100011110
0011111000110010
1110110000011101
1111000010001110
0001100101000000
0000000010101110
0110100110000100
1001011001110010
0001110001000010
1001110011110001
0011101011001010
0011110111110100
0101010000111100
0000111100000101
0010001101001011
0000101110110101
1000100010011111
1001110011000000
1110010001110010
1010010101000100
0001000011101011
1100011001110110
0100010100011010
0110001011111101
0111111101111100
1110101111111101
1011101101010001
1110011000000000
1000000111110111
0010101011011111
0111000010011110
1001010100111010
0011100000110010
0111110111000111
1101000000001110
0111010001111001
0111001001011110
0111111001101010
0110110101011111
0011000101101001
0100001010011110
0110110011101011
1001010000001000
0000110110011110
1000100000100011
0110111000010111
1010000110001100
0110100010110010
0011101001100001
1100110000011000
0001101011111010
0111110110000111
1000011011010101
0011010100001000
1011000010000110
0011100101010101
1100000001101000
0100101111111100
0110001001000001
0101011010101000
1010111001000000
0101001010010100
1110001100101001
1011110000000010
0001001110111110
0000100010011000
0001111110000110
0001011111100000
0101101101001011
1001110010010001
0101010000111011
0011001001011011
0100101100011001
0000000111110110
0011100010001000
0100000100111101
1110001101010100
0110001001110010
0010000000110101
0000111111100011
1100111001110111
0010011100000010
0000001010110001
1101111010011000
0011001101011001
1011100100011110
1010101101011001
1000000101110001
1010010011101110
0111111011100110
0100110011000001
1000111001011000
1001101010100010
1111111000000100
1010100100110100
0100110110010110
1010001100011111
1100010011001000
1011001000010011
1000000110010100
0010101001000101
1110011001110110
0110110101101000
1111000011011000
1000001001100000
0001011110100010
0011000110011110
0011010111101100
1001000010110101
0011011110101010
1111000001011101
1101011110101010
1001010010001100
1111001111001010
1110001110010111
0000001001011100
0111000101100001
1001000110011100
0010000111011011
0001010011000110
0000100100010000
1001110101101101
1010001011111111
1011101101001100
1101000101010101
0100001101100110
0000011011010111
1110101111100111
0001000111101100
0111001101110010
0000000011101001
0000010010000100
0100111111100110
1100110110001010
0000011000100110
1000000000001101
0111100000000100
0001101000111000
1110100010111000
0011101000001111
1101011100001100
1001011100101001
1111011010100101
1001101101101010
0110101110101111
0011001001110100
1110110111110000
0011111111011110
0111101111101000
1101111110001101
0010010000010011
0100110011001100
0111001011000000
1000000111001000
0011111111111010
1000101100100000
1000000111001100
1010001011001110
0110101000011001
1000111101110111
1100100110101000
0110001001100111
0011000010001111
1010101110001000
1000001001110110
0101100010110000
0101100110110110
0100110001000111
0111101011110111
0111101001110101
0101010001100101
0011111101010110
0100111101001001
1110000011000001
1010110011111010
1001001111101100
1011110100001000
1010000110111010
1011101101010100
0100001010010111
1010100101100101
1110010110000111
0000100101010010
1010001101100000
1000100000001101
0111011010010100
1100000100111111
1011111100110000
1000001010101100
0001001011010100
1000110001111101
1110110111101101
0110100010011011
0101010101010101
0000100100001000
0010101000100101
0110110000111110
0110001010100101
1100110110110000
0010111001001010
0111000100010001
1001000001010000
1111001110111011
1111110001100111
1101110001010111
0111110001001110
1000011101000000
1011101111000010
1110011110100101
0100100000110010
0001110001100111
1111011111101000
1010100001010011
0010110100011001
0110000010110110
1010001101000100
1101100110001101
0111011011100101
