1011110110011001
0001111111111111
0111001000010110
1001011111111100
1110011001111110
1001011111001100
0110001110111101
1110011111110001
0100111111011001
0100001101000011
1000110011000010
0011010110101110
1101100111011101
1000001011111100
1101111101010100
1001101111000001
1001011001110010
1111000000011011
0010110100001101
1010011010101001
1010010110100011
1110001110110110
0111000110001011
0110111111100110
0000100011101110
1001100110111000
1011110111010101
1010110000010100
1001010011010001
0110101011111110
1111000111100001
1111101001100111
1011100100011100
0010000101101010
1111111000100001
0000100101110011
1001111001101011
1011100101000101
0110111000100100
1111010000101010
0111011100101010
1111000100110111
0110111110111100
1001100011100011
0010000011010001
1010101110110110
0101001101100101
1110110111001100
0111000111100000
0100011100110001
1101011011010111
1011100000000100
1001110101111001
1101010010110111
1000110001111010
0110000010110001
0000010100010010
0010111110111101
0001100100011101
0011011110101101
0001111000000011
1101101011000000
1000011100111011
1010001001110000
0111101111000100
0010000001000011
1001110000110110
1010100011000001
1011100000000101
0111011011110100
1011100111001110
1010101000001011
1011011010111100
0010011010000100
1010111011010011
1101011101010111
1111011110000011
0100010010110101
0000000001001000
1111111000010100
1111011011101110
1000111011100100
0001101000101101
1111110000101001
0010011011100011
1010011100000100
1110110011101101
0111011101101011
0100101110111011
1101110010000101
1011111001011000
1010101101000001
1101010101111110
0100101101010110
1011101000011010
1101100101111111
0101010101000001
1100001110110001
0001000001000111
1100101110000110
0010110111001000
0010000011110111
1011110001010101
1010111001000101
1101000110011010
1111010000001100
0100010011100010
0000110000001010
0011011011001000
0000001011010011
0100110101100111
1100101111011111
0101110010000011
1111100001100101
1111000000000110
1111101101100011
0101101110000100
1000010110111011
1001011000000110
1100011000111100
1101101100010101
1000011100111111
0101010100011001
0110101000110111
0111110000010100
1110101010110011
0011100001000111
0011100010010110
1011101111001010
1001110100001111
0011100110100000
1010110101101100
0011110111010001
0111000110110110
0110011000010111
0111101101010001
1000110111011001
0011101011000000
0001101100111100
1100101111010011
1011000101000001
0111000111001001
1100011110100000
1110100100010110
1110111111001011
0001010010011111
1011110011100100
1010011110101111
0111111101000101
0011011111101111
0011100101111100
0000001100101010
1110100010111011
1110000001010000
1010101111100100
1110000111000100
0110100101000101
1011110000001001
0010111011101001
0011111010001010
0000000110101000
1111010100000000
0001110010000110
1001110010111010
0010111011100101
1101111000111000
0101011101011100
0100010111001110
1011010000100001
0010001000000000
1000010111110010
0011001100010101
0101110110011111
0101110111010000
0001110100001010
0001101000011101
1111010110011011
0111100000110011
1000101110101001
1000001100001101
1011010110101010
1111110100011111
1101110001000111
0001110110110000
0011111101110100
1101111001101101
1000100110011100
0100011000101011
0000001100111010
0011011010101001
0001111011011111
1111101010001010
0000000101011101
1101010011001001
1011000011100000
1010100100101000
1001001110100100
0001011000110110
0111001000001010
1001100110001010
0100101111000101
0101110110100011
0111011111111110
1110000010111010
0000010000000001
0011101111010011
0110111101001000
0111101001010001
1110000011101001
0100101000111001
0110011010110100
1010000101011111
1010001010010010
1101101011111000
0110001101111111
0110000011100101
0101000010111001
1001110100111101
1000110010000011
1001101000110011
0110011111100111
1111110010100110
1000000100001111
0001011010111000
0100010100111110
1100110001000010
0111011010110110
0010100101001010
1001111111110110
1011110100110101
0111101010110111
1010011110100100
1000100111111001
0011111010110011
0011000011001001
0000100011001001
0100101001101100
1111011000001111
1010100010110100
0010100010100010
0101110100001001
0010000010010101
1000110000011110
0000010000101000
1011110000000001
1011110101010101
0010010110111010
0010001001001010
0100011100111001
1100110011010011
0001111011110001
1001010010111111
1111101101000100
1000000001101000
0110111111110000
0100011110010111
1101101000000001
1111001011000101
1010010000101111
1101110100000010
0100001100110000
0011011111001111
1110010001001001
1101101011010100
0010111010111010
1110100100011110
1001111100100111
0010101100110100
1100010101110111
1000100110001101
1001000100100011
1001111110110000
0001111101001101
0011011101101111
1100011001010110
0100011001011011
0101110101001000
1000100101011110
0000001000001110
0010001010100011
0101111100001100
1101101111110001
0010101110011110
1011001100100011
1100000101000011
1010001111010001
1110100001111110
0001100100101100
1010001010110101
0011010101001100
1100101011100010
0101010010011110
1101000001110011
0100010001000010
1110101111010011
0011011110000111
1110000000000110
1110101111011111
0100001100101100
0101100111011111
0001100010101010
0100101001001100
1001010011100110
1110100111101010
0110010000110000
0000101101101110
0110111111111011
0110011001011010
1000011100000011
0100001001010011
0101000010010001
1100110101110101
1100101100111000
1101011010110001
1111111010101111
0001010000011101
1011000000100110
0111001010001110
0110101111000111
0001101001010010
1010111010000010
0011110101110010
0110111010111111
0100011011010010
1111001110010101
0001000111000010
0010001110111101
0001000011110101
1100011110111000
0000101010001111
0001010100000000
0100011011010011
0000110001111110
1111010110111101
0100010000000101
0010001110010100
1010101100110011
0011100000111101
1100101000011000
1011011100110001
1100101011110010
0011111011101001
1101100110100110
1101000100101100
0011100111000110
0101011011010011
1011001101000101
1011010011111011
1110100000111101
0010101000011110
0100111011011010
1101101010010111
0010000100111101
0101100101011000
1001100010011000
0011000011000001
1110010101110100
0111010011010110
0011100010010000
0100000110110010
1100101011010101
1000000011011010
0000000100110000
1100100101000011
0010011100100010
0010101100100110
0001011110111111
0001000000011011
0101111010111101
0011111111110101
1111000001000100
0010100001010100
1010111011111011
1100000110101100
0100000001110010
1011010110111001
1100110001110011
0011111011000011
1111110011100000
0001010111101000
0001001011000101
1001010100111100
1100010101001011
1111101000110000
0000001111011100
1110101110101001
0101100101110001
1011110001100100
0000011100000000
0110001100011110
0001111000011110
1010110100011100
0010110111100100
1100111000111000
1110000100001100
0001101101100100
0001110100011001
0000111110110011
0000011001011110
1001100100011110
0110100100111100
0101111100101111
0001011101010001
0111001001100101
0001101000111110
1000110110000111
1001111011100010
0101000100001001
0010101101110010
1101000010011000
1011101111001001
1101011111111010
1111011001011010
1010111001000010
0001111011001000
1001011110010111
1110101011100110
0011000011100101
1101000111100110
1100101101010010
1000010110010111
0110100110000110
1001100110011010
1110011000100011
0000011011111001
0110000111101110
1101010111111101
0110100111111101
1111000110101101
0000111100010100
0011001101001010
1100010110100001
0011101111010000
1001000011000100
0111001110000100
1000010101101010
0101101001001100
1100110111001110
0110100110110110
0000100000010000
1010001101101111
1010110111001000
0101001100011110
0100100100011001
0001100101100011
1101100101101110
0000111001101010
1110011111110110
0111000001101000
1111001111010011
0111000101000101
1100110000010001
0000110000100010
0110000110010010
1100011001110100
0111010011011001
0010100000111100
1010110001001001
1111100000101111
1110100101101001
0010010111100110
0111101000000111
0000011111101101
1010001000011100
1010010110000000
1111111000010010
1111000011111011
0101000110101110
0101110010000111
1000010001000110
1111100011010100
0111000100100110
0111001111000101
1110011011001100
1011111000101111
1000110001110011
1000000010100000
1101001011000000
1000010100110001
1110110001011000
1001111101111111
0011101111000101
0011101110110111
1001000101111001
0100101000000110
0001000010010101
1001011101101101
0011101101101110
0100111111110110
1011001101000100
0000000100001001
1110111101001000
0111010010011001
0100011000001001
1110111011001000
1101101110001010
0001101110110110
0000100110111110
0011111101010111
1111100010111010
1001111100101011
1110001110000010
0010010000001000
0111010000000000
1111100111011010
0000110011111110
1100010010011000
0011010011000111
1111111111001111
1100100010100011
0010001000001100
