0110000111001001
1101000000110011
0100010101101011
1100110001000000
1101100010001010
1111001010001010
1011111111110010
0000011101011110
1001011010001100
1001100101000011
0110001111000100
1001000111100001
0110010010000110
1110110010011110
0010100010111010
1101000001011000
1111110101001000
0110011001001001
1010001010110101
1100110011010110
0101001101000100
1000010100110001
1110110000100101
0001010000101100
1101111110101101
0000110111011000
0011001100101010
1100000010100000
0011100011011111
0101000100000101
1000110111010001
0101111100001001
0110111011111100
1010110101100000
1011011100001110
1001011000101110
0101101010111100
0011000001011101
1001110000001100
0100100100001010
0001000110000011
0010101110110101
1011100001111110
1101010111101100
0010100001101110
0100101010111000
1001001100010011
1011101010110011
1101010010000110
1101000100011110
1111110100001100
0001100001011110
1100101010001101
0001110001110001
0111111010111000
1000101010111011
1111011011110011
1111000110000000
1100011010111000
1001110001000100
1110111001001010
1100110011011001
0101111011110110
1100111100011101
0001110001100000
0011111000111111
1010111000111110
0101110100001101
1011001001111100
1101101010101010
1100111010001001
1000110000110001
1110011000110011
0110101111100101
1101101101000011
0010010001100101
1110001111111101
0100010010011100
0101111100100011
0100110110101010
1010101011100000
1010110001000111
0000010010001100
1011011101001100
1011001100111100
0100000111101100
0000001001001011
1110110111000110
0001100011100101
1110011101111101
1110001110001011
0110100001110111
0001011010001111
1110111100110001
0101001101011101
1111010100110101
1100100100100100
1011011011111110
1110011110000111
1101100011110100
1001011101101011
1101000010110010
1100111101101101
1111011110110001
1001001011110100
0011000010101100
1101000101100010
1011011101100000
1100110101111111
0010001101001100
0101011011001111
1011101110111011
0101100101110101
1100111110010001
1000010111001010
1000001011011011
1101001110011000
1000010001100010
0100011111111101
0011001001010110
1101100010010001
1011100010010001
0101010101010011
1011100101011101
1001101100101001
0100001001111100
0110010101111100
1100000110011101
1100110110011111
1100001110100001
0111011100110011
1001100001100110
0011111011100110
1010011111111111
1110001110011110
0011010011111010
1111011110000101
1000001110001011
0111111111100101
0000000100110001
1111001101101011
1011110011100111
0010000011111111
0010101111001101
1001010110001111
0010010100101011
1000011100111001
0001101001011100
1000101100101011
1100001000101111
0111111010001001
0110100011001111
0100000011010010
1111111001010110
1110001111101011
0010011101000010
0000000111000110
0011011111011110
0000011000001011
0110011011110100
1110100010100001
0000001110011101
0011111111001000
1010111000110111
1110100000000111
1001000101001001
0100111111010111
1101110111011010
1101111001101011
1110010001101000
1000110000000111
0011000101000010
1111101010100000
1011010110010010
1100110010101101
0110000000001010
0100110100010101
1100111000100100
1011101100010001
1001111111111100
1111101001000000
0011100111110010
0110000110000110
0000001010000000
1100110111100101
0101000001000101
1111111111111101
0110010010010110
1010010100011001
0011100101010100
0000000000001100
0001001011110001
1001010011100111
0111000000100101
1011100000010000
0000110110000110
0011000001011111
1110001001111111
0000000110001000
0000110010000011
0111000000011111
1110100100010110
0000000100010011
0011010001010101
0110111000001000
1011000111010001
0110001000111100
1101011111011110
0111111110100001
0001001010011001
1111000000011110
1001011010001100
0110000011100111
0110100111011001
0000001110010001
0101000010010101
1000000001011010
1101110000110100
0101110101011001
0111101110000000
0111000101100010
0011110010101011
0100100110001000
0101110001111011
1010000110001000
0010100100001100
1111100101110101
1011000101010011
1111000111011111
0111101010100000
0001111010011001
1011000111001100
1001101100111000
0100011011100110
1000011000011000
1000111111101010
0000101010100010
1110101001000011
1100001100000110
0001101101101110
1110100110110101
1111011101011101
0001011111011101
1000110001111100
0011110110101001
1001111010011110
0100110101110110
0111111100001100
0000110110000001
1010000101000100
1010101011110001
1000100111110000
1101111000110100
0101100101001111
1011100001010000
0100100101011100
0000000000100000
1111010010000000
0000000001010000
1000101001000100
1000111010000010
1010011011010010
0000100010000001
1111101010110000
1100010001010011
0101000101100110
0001010101111101
0000010011000111
1100100110100110
0100001001001010
1011110100010000
0100100001110000
1100111101010111
0110111100100010
1011011000110110
1011011000001011
0011101011110101
0010110000100101
0110111100000010
0100001011000010
0001101011000000
1010001100001111
1101110100111100
1001111001000100
0011000001010001
0111010101110100
1001000011101000
1101001101011001
1010010101111111
0111111011111101
1010011001011011
1001101001001100
1101100100100011
0010010111001100
1011100010001010
1110100101100000
1001010001000111
0110010010001010
0001110111010001
1111010011001011
1010100111001001
1000101111010111
1111100011110011
1000100110101100
1000010101000100
0100101110000000
1010000100110100
0001000101001010
1111101010101101
0000010111010011
1000010011100111
1101100110101100
0101110001101000
0101110101010100
1010100000011110
1000110010001101
1001010000001011
1011000111100000
0111001110111101
1110101110000000
0000001110011001
1011011101101001
1110000011000101
1010101000010000
1000001101011100
0010110111010000
0010100111101010
1011110001101100
1101110111001110
1000101111011101
0110001111110111
0110011011000110
0101000101101101
0001001100111000
0100011111100000
1000011010111011
1000001100000001
1100100111110010
0111101111110000
0001001010001100
0001011011111111
0011110011001010
1110110011011111
0111111100000011
1001101000000011
0110111100110100
0001101100011101
1001110111100110
1101111011001111
1001011100111100
1000110111011100
1101010100010110
1010011010001011
0100011011010010
0011001011011011
1101111000000001
0011000111100010
0101111100010111
0110100011001101
0100110000000101
0000000110111111
0001100110001001
1010110000000100
0011100100011011
1011101010111010
0101111111011010
1110000011101010
1011000011101111
1001110010111001
0000010101000010
1100001001011111
0101111000110000
1001010101111111
1101001010111110
0110001100100101
1101100110101000
1010010110011110
0111010000100101
1000110110111001
1111000101001001
0011011101000111
0111010011011111
0101000111111010
0111101000011010
1001010000010100
1101010010100011
0011001101010110
1101110010011011
0010100101001110
1011000100101100
1001000110111011
0110110011110100
1000010001110111
1110011000110011
1000100110101001
0000010011111010
1011111010100010
1101101110100100
0010100011100100
0110111011110110
0101101011010101
1111001001111011
0101111100001110
0000000000000010
1100101101111011
0101111011110100
0101011110001110
1001011010001011
1101111100100010
1101111110001010
1010000101011011
1110101101100101
0101110010010010
0100110110100001
1100101111110111
1011101011000101
1110001010101001
0110100110001011
1110110000100101
1111010111111100
0000011101010011
1010010010110101
1100111100110010
0001011011000110
1010000101001101
0111001010110111
1010100101011001
0010111110110111
1001110111001100
1001111110111100
1010100111000111
0110110010001010
1010011011110011
0111101100000100
0101000110000111
1001010110100101
0101010010011111
1101001111101011
0101001000101001
0000100110010110
1001001101001101
0011100101001010
0010101111011011
1110011111110110
0110001100100001
1001000111100011
1111011000100010
0111111001111001
1000000011110100
0011001010111001
1111100010110101
0001100000111101
1010100011011101
0100001110101111
0000110111110001
0101001110010101
1110110101010010
1000000101111001
0111000100001110
0101010110100111
0101001101111000
1110110100011101
1110001110000010
1001011001001001
0011101111111100
1000000001100111
0101100100110110
1100101111001010
1100101000110010
0000000101011101
0010101011011111
1001001110011111
0011100110011101
1101001101001001
1101011000101010
1010011101110111
1011101110000010
1111110010110010
0101001101101110
1101101100011101
1010000011001111
0010001111011101
1110111010110101
1110110110110110
1111100100000011
0100100110011011
0111110111110011
0110101000101010
0111010111010101
1001000011001111
0001100000000111
0101011110110111
1011100100001000
1110001101011010
0100011011101010
0000110011100100
0011011110011100
1011101000111111
0110010100100101
1110100000000010
0001010110110011
1011110001101001
1000111010110011
0000000000010111
0010010111011110
1101000010010101
1000001011110001
1011001101101100
0101110001011000
1101101001111110
0010011010011110
