1000100011001000
1101001000000011
1110001010111111
1010100001100101
0011000011110101
0110000000011100
1110001011011001
0001010100001111
1010110001110011
1101100010110001
1110001010001001
1011010111000001
0010101010000100
1110011100000101
0010100101111101
0010011110001001
0110010010100110
0000100000100010
1111000011010111
1011010101001111
0011010001100010
1101011110001000
0110010100100101
0101011100100001
1110110100011101
0111000010110000
1011100100101011
0111111101111010
0010011111011110
1110110100000110
0001011101010011
0010001010100111
0000101010011011
1101101110110000
1110011110000010
1100100011101010
1011010111010100
0010101110000000
0011011001000111
0100100100011111
1110010000011111
0101001011000101
0110100010101010
0000110101010100
0001010101100111
0101110000011011
0010111110101001
0001100011011010
0010110011011100
1000000000110010
1011100001000010
1000000101110100
0010101111101001
1011101101111100
1001011010000001
0001111111010010
1001111110111001
0100111101100110
0001011000001101
1010000001010000
1000111011000010
0010101001100100
1111111000101111
1000011001101101
0100101000101010
1111000010011101
1011001100100110
1000011010110001
1010001111001000
0011101000110111
1100001000100000
0000100111011111
1011000000101010
1100011110001001
1100011001011000
1110011111001000
0001111000101000
1010000101011111
1110010000110110
1101011011000000
0011000111110101
0101110010110001
0000010011010010
1000101111000010
0111011110111101
1010000010001001
0000011000111010
1010000010100100
1100010000001100
1111010000100001
1100010101111111
1000101100001110
0010101001000110
0000101111110010
1111011101111100
1011011110010011
1011101100000100
0100101100101000
1111101000111111
1010101101100011
1111100101011100
1000001000101111
1101010001010110
1000000101000111
0001111000110010
0011010100100000
1001110000101101
0000001010001000
0010110000110011
0010111011010000
0111001100111000
1000110100000110
0101000011011101
1000010110010101
1010000101101111
0101101110100011
0111100111010011
0101001010010001
1101111101111101
0100111110000000
0100001011110110
1110110100110110
0101010100010011
0000001011100001
0000110110000100
0000110111111010
1001010101100000
0000000010000000
0101101001010000
1000101001110000
1100111110011101
1000111101011011
1000000000010000
1100111011100000
0101100000001101
0000101000011011
0011100011100100
1110110100101110
1011101101101110
1010110110011010
1000001100101110
1100001000110001
0001000011011101
1100011011101000
1010101100011110
0100000010101100
0010011110110100
1010111010000101
1111100010001010
0101100000010110
0101100111001000
0101100111100100
1110010110100101
1101110111110100
0110000101011000
0011000000001101
0100001110101110
1010000011101000
1101111011100100
1101111000011001
0101011000101000
0101111001111001
1100011111111001
0011110101101000
0111000011011011
0000000001101010
0010111101111011
0000111100101011
1111001101111011
0000110000110100
1101011000101010
1001111000000100
0111011011111100
0100010111011100
0010000100101110
1101000110111110
0010010001100000
1111110000110100
0000001011100010
0010001000000100
1001110001010100
1001101100011101
0001011101110111
1000110010000100
0101101100100001
1010100101110000
0101100000111010
1000011000000000
1100110111010011
1011001110000010
0111111010000100
1110100110000001
1100011110010011
0100100110110101
1101101010011010
1101100100111110
0101100010111110
0100011011010010
1110111111111111
1110000111001011
1111111000101001
1001101001110001
1110001100111111
0100011101000011
0101101011011100
1100001110000110
0110111111110010
0000010011001110
1111000010111111
1000100010110000
0011100110000100
0110001101100110
0110110110000000
0001000111101000
0001110011000111
1001011000011101
1101001111000101
0001011000000100
0010001111101100
0111110110011100
1100000110010011
1001001100001110
1000000001111011
1100110000101011
1110111001111000
1110111111011001
0000010101000001
1010000010111011
1010011010111100
1000101001101011
0011110001010010
0111001111000000
1101001000011001
1101000001010100
1001001001011000
0001111100011100
1011100110110111
1000001000100010
1100100001110101
0101111111111011
1000010011001011
1010001001010001
0101010011011101
0010101000101101
0110001011001110
1011000110010010
0110001010011101
1110001000010110
0000000110010100
1010111000111011
1110000110000000
0011110000000111
0110111010110010
1101111001001001
1101100100000000
0111001001110010
1100000010111101
0111001010111110
1010101000111001
1011001001100110
0100110101011000
1000001110101111
0001011011101011
1100111000101110
0111010011010101
1110100000100000
1000001010001110
0101100111000100
1110110010011101
0100010101101010
0110001100101010
0101010100100110
0110000001101010
1110110001000010
1001101110001000
1110011010001110
0110001110010111
1101011011010001
1011011101011111
0110000001111010
1010001011100100
1111100111000111
1110101110001101
1111011110110011
1100110101011000
0001001010011000
1101100101101100
0111011110101111
1011010010010101
0001000110100111
0111011100011001
1101110011010010
1011101111001110
0001001101010111
1111010110001011
1100110101111010
0000001001111010
1001110100110110
1111010000100000
1110101010100011
0001101011001010
0100110001111101
0110110010011011
0000110010011101
0100110101110111
0111010000110101
0101100111001000
0011011111100011
1111001101000110
1011110010110111
0011000001011010
1101110111110100
0111010001110011
0010010101110001
0001000110010101
1111110010010111
0010011010000101
1101001110010101
1001011101011011
0100010100101000
1010100011011110
0001001100001011
0100100000000101
0001101011101101
0010110110100011
0001001111011111
1110010010010101
1000001101000101
1001101110110010
0000000100000010
0100111001010011
0010010000001100
0111100011001110
1100101101111011
1110100000101110
0001000100110101
0100011101100010
0001110101101001
1010001000101110
0011101101110111
1110010010110011
0001101101101011
1001111111001010
1110011101100001
1001000001100000
1110110100100001
1110101111010111
1011000010001100
1001000011110110
1101100001111001
1110110001000101
0111011111000010
1101110011111100
0111100111100111
1001010110100100
0100011100010101
1001000001101111
0101011111010110
0000111000000101
0111111110111010
1000010000110011
1001001111100011
0010001101100110
1010100101100100
0001011100000001
1010010001000010
1000001100111111
0111001110110111
1011011001000001
0000110000001100
0111100111010110
1110010100110000
0110110100011111
0110000010100000
1000110101001010
1101001011100000
1011101000110110
0000101001100000
1001011101100100
1001110110111000
1010000011101100
0111110000101111
0001001000001101
0111011010101001
0011001100110111
1011101000011111
1110100101001011
1001111100010110
1001101011011011
0110101001011100
0000100101101111
0001111001100000
1001000011010101
0010110101001101
0000001101101101
1011011010011011
0100111101001000
1001110010111101
0100011110100111
0100100100110101
0100100010011010
0000001100100111
1110000011110111
1111110110000001
1000001100011011
1101100111100111
1000111000101110
0001011001100001
1011010011000010
0011111011110100
1111011100011111
0110010100100111
1110111101011000
0010100111110010
0101001101100101
0001010000010110
1001001111111010
1100111110110001
0001001100001010
0011001010101110
1100011101000000
0001011100101010
0001001001011001
1110111000111101
0001111001001011
0001010111010111
1010011001011110
1000110001010100
0111110111110110
1010110111010001
0111111001010011
0010111011001110
1101001111110100
1011010010100110
1110100101000110
1101001100010001
0100011000110111
0011100100110011
1001101001101011
1111010010010110
1011110101001100
0101100011110110
0110111011101011
1011000100110111
0001111011000111
1000110001000111
0000010010101001
0101011000001110
0100011110000001
0010100000010001
0011111000110111
1011111101100001
0011011010101010
1000010110100011
0100100011110001
1011101100001011
0011101011011111
1001100000110001
1000110011110011
0111000000101000
1001011100000111
1001111101011101
0110110101011011
0101011000010100
1110011010010100
0011101100100100
1010100111011100
1110001011110101
1010111010010010
1011110010010010
0100100111111110
0010000010100010
1001101111100010
1001001111011100
1000000000101000
1100010010110001
0111110101100011
1110101111000111
0110010100001100
0111111000010101
1111100110011111
1001001010100101
1010111111110010
0000001011001111
0111011000111001
1001100001100011
1001101000101001
0011001000001110
0010010000010100
1000010011011110
1111010101110011
0110001011011001
1000001010100000
0110000001100010
0110100111001000
1111111000100100
1011001010011110
1010001000010101
1011000111011000
0010110011101111
0111100001001011
1010000010011011
0001010000101010
1110111001010100
0011001000011111
0101011011101101
0101011001011011
1111010100111000
0111110111000110
0110000111010010
1110010001101001
