0011100110100010
0110000111100011
0010111110110111
0001010101101101
1101000111000011
0100010110111111
1110001111111100
0001010101100111
1001000110000100
1010010100101000
1110111110010111
0111100110101010
1100011101100110
1000010011010111
1111110011011111
1111100101000100
0010110110010110
1001101101111101
0000000010100010
1001110010010010
1101011011010010
1001010111011011
0101001001100110
0010001001011001
1100111011110000
1010111010011001
0010000111000001
1100110101100101
0001001111100110
1110001110010100
0111100001100011
1101000011100010
1100110101011001
0110100100010001
0101111010011011
1011101000110100
1101011011001110
0100010001111011
0100101101011101
1010011111111100
1100110111001100
0110010001010111
1110000011001101
0011000100111000
0110100101011011
1111111110001010
1111100101100100
1011110111000101
1111001110101011
1100000111110001
0010101001001010
1001100100110011
0011100110111110
1011110011110000
0111101111111110
1000110100110100
0000111111000011
0101001010011011
1010011001010110
0101111111110100
0010110110101101
1100010101001010
0101110000110111
1101000011110110
0111110110110011
1101010100010100
0010001010000101
0000100101001000
1000011100001101
1000111101110000
0001010000011101
0001011010011000
0001010100100011
1000001001111101
1000110000000010
0110101100011110
1100111111011100
0000100001011110
1101011101100001
1111011110011011
1001000110001000
0000010000000011
1011100001110001
0011010110110000
0110001001001111
1100111100110000
1111000010101100
1111001110111000
1111011000111010
1011111010101101
1010010100000010
0111100011011101
0100011101110100
1110011010000011
1010011011101110
1110011010001000
1101110000111001
1101011100111010
1110011001100000
0010001010110011
1101111011011010
0101101000110011
1111110011100100
1000100111010010
1011111110111100
0001101010101001
0111111010111110
1110000101001100
1000010000110011
0110101101000110
0011001111100110
0111000010111010
1011100000000101
0110001000000101
1111000100100011
0010111110010011
1011000010011111
0111110110010101
1111101010110100
0001101000010000
1000101111101100
1100001111100111
1011000000100010
1010101100011101
1111110110010001
0110111110001111
1001111101011100
0011100011110011
1101000100011111
1101010110010111
1011011110110101
0100011001011001
1100000000011101
1010101000011011
1101101000001110
1101111010000000
0000010101111011
1110111011110001
0000111000101110
0101001011110000
0001111010010110
0000111010111011
0001000111110011
1010100100101000
1110101111100101
0001011100000010
1001111001000100
1000011000111101
1101001100010111
1101100110010010
1011110000001111
1111001101000001
1111111001001010
1001001000000111
1111110000000100
0011011010000101
1100110011011001
0000000101011110
0000100110000000
0111110000010011
1100000101001111
1000110101000101
0100100110111010
1110000111010000
0110111010111100
1110010001001000
1011111111101000
1000111000001011
1010000111000101
0011001001001110
1010001110101110
0110111101100111
0010011110100000
1111000101100111
1110011100110101
1010001111010010
1010001111101000
0100001010011101
1101010000110000
0011000110111111
1011101011000011
0001001011011110
0000101111111010
1000001111100010
0001100100001101
0110011001011110
0010101111000100
0100001101101110
1111000100000100
0000110000101110
0000111000010110
0100101010010000
1100000111110110
1001100001111101
1111110001010111
1000101010110001
1101011011011110
1011010010001100
1101111100011111
1001111111100011
0001001100111010
0000001110000011
0101111110000100
0101110001101111
0110111111001101
0100110001011110
1110001110101101
0011011011111001
1100000100110001
0100111111101111
0010011101111011
1111011010000101
0111101111011100
0110010101000110
0000110111001010
1100110010010101
0010100011010101
0100100001101100
1111000011001100
1011101000110011
0011101011110011
1101101000110100
0100001000001000
1000010011100011
1011000100101000
0111000101011001
1011101010101011
0100111001100000
0001111100001001
1110110011111010
1100001011111110
1100111110101111
0011100010000111
1101011111000111
0011010110111000
1111000110001101
0100011010110110
0101000110100111
1001110000101110
1000011000110010
1011111110100001
0001110100100100
1100100101011010
0001001101101010
1001111111101010
1100110001011000
1011001100010100
1010101100101010
0111000100110011
0110000111111100
1111001000001100
0111011110110001
1110100001111010
0011111001000100
0101110101100100
0101110010101000
1011110010110000
0011001001001101
1011000001100110
1101011101111110
0111011001001001
1110000001010010
1111100101010110
1110010111011100
0001001000110010
1110101100000100
0110101111011000
1110001111110111
1110101011000011
0000110010110100
1101110111100010
1111011110001000
1000101001000110
1111110110000101
0110100111101100
1010010010010000
0001111100011100
1100111000000000
1010100110011110
0000100000101110
0110010001000011
0101111111010000
1000111000111111
0011000100010011
0001100111111001
0011111010010100
0010000111101011
1100100101001000
0000111100101001
0011011100111001
1101110011100011
1110111011111001
0011000001010111
1100110001100000
1001100010000010
1010111010010000
1010010001000101
0010010101100001
1111011000110011
0001100100100010
1011001110011000
1101110100001000
0111010101010111
1111111011001000
0100100000100010
0011001111000001
1100010010101001
0111010010001011
0010011001101000
0000100111010001
1110111110101101
1010001101101110
1011101000000011
1011101001110011
1101000111101010
1100111011011001
0110100111011011
1111101000110010
1010111110101101
1100011011011011
1000110001000100
1111100000100001
0110110000111100
1010011101101101
1001010011000000
0010000001011100
1000011010111010
1010010110000001
1011110100000100
0000101110110001
0101000010010000
1100111101010101
1000101000011101
1111100001011111
1011000110110100
1001011100000101
0101100110101110
1111011101001011
0110101110101100
0000110100111101
1110111011001110
1001001001011101
1100111000100000
1011010010110000
0111111100011011
1011001100110111
1001000010001010
1000011010101110
0011000100101111
0001001011010010
0100111101011101
0111110100110001
1110000000110101
0001000001011110
1100001011111100
1110011100010011
0011100011011010
0000110100111110
1111100010100101
1100001110001110
1110000100100100
0010011000110110
1011010000101010
1000000001011001
0000010101100101
1000111110000010
0110110101100011
1000001100100001
0100110111000100
1110010010011100
0101111101101101
0000110011110111
1101001000000110
0111011110010011
1010100001101000
0100001000010000
1011001100000101
1010111000010001
1100010101011110
1010000100101111
0010110101111110
0000110000001101
1001110110101010
1000110011001001
1000010000111011
0100011000000011
0000010111000000
1000110101111011
0100010100001101
1110001111011100
0000111110111101
1001111100110100
0110000001001101
0110010101110011
1100100001011010
1001011100110100
0010011110101000
0111111010111110
1010000001011001
0100111000011100
0000001101101100
1101100100111110
0101001010011100
1000110101110110
1111010101000010
1001111010100101
1100000101010110
0010000100100011
1101010000010110
1110011100100100
1111000101010000
1111010111110100
1011010011101100
1100000001111110
0000111000110110
1101011001111110
1011011100110010
1100010011000001
0011000101011001
0100001000010011
1010101000010000
1100010001101000
0000110010010111
1101100000001011
0010010100001100
1100011101110101
1010100111011001
0110000000111100
1011111010110111
1011011000000110
1011010110110001
1100000001011110
1000000001010101
1110111111110001
0101000111001000
1100011000000101
0000100000111011
1000101001010000
1010111100101011
0001011111100000
0101100101100101
1110101001100111
0101110010101101
1011001110111001
1011011100001101
1100010111001110
0001000000100111
1011101000011001
1110010100100100
1011000110100010
1100010001101110
0111100100011101
0101111101000101
0000011100011001
0100000111100001
1111101100011111
1100010100010010
0011100110101000
0100010100000001
1100001111000011
0000111010001001
1111000111101110
0110011111101110
1010011110010000
0110000001000111
1100111110000001
1101000111101010
1101100010111101
0100111101110011
1101001110010011
1100110101001111
1100010001001110
0000010011000110
0010001001010101
1011110111000111
1010010111000011
1100111011000011
0000110110111001
1111011101011100
1001001101100110
1101011110011110
0111100010100011
1001110101011110
1000000110111011
0001100001001110
1110010100110110
0000110010010000
1101111000001011
0110100100001100
0001110011000100
1111110010010011
1100011000001001
1100101110110001
1100110001110010
1101001010101100
1111110110000011
0001000011101011
1101101100010111
1101100101011101
1100011110000010
0111011111110000
0100111111101111
1011110000100110
1110010100110011
0000101110100000
0001100010000001
1011011000010101
0100101111110110
0011001100011001
0100110110100001
0001001001111000
