1110111001110001
0000011111100000
0101110010100100
1000000111100101
0110111010110010
1100010100100011
0110001010111001
1000011001011000
1100100101100111
1001011001100110
0011110000010101
1100100111011110
0101100011110010
0101010101001111
1100011011101000
1100010001100111
1100011110010011
1001011010011111
0110101101111001
1100001000111110
0100001111111001
0111100100001101
0010110001011110
1101010000001100
0100010100100010
1010001011010100
1111101100010010
1100100111001101
0101010110000101
0010000000100101
0000101001001010
0010000000101010
0001010100011110
1100000100110110
0100011001111011
1000001001101110
0010000010100001
0011100001110100
0010001111001101
0101100110111001
0010101101011111
1000111011010110
1110010011111010
0111111011011010
1001100111001110
0010100010111110
1110111100100100
1111001110000000
1001000011110101
0001100101100111
0110100100010110
1100101011010010
0001001101000100
0110100111100010
1000101010101010
1001000111000101
0110000110010001
1101010100001101
0000101110010110
0011000011110110
0001111100111111
1111001110000011
1111010000100000
1010000000001011
0100010001001100
0100000010110010
1111110110011100
1001010100100110
1111001100110010
1011001000000101
1111100000001010
0011010011111010
0011000101011010
0110010111101011
1010011010001110
1100001111001110
1011100000011011
1000000110110100
0100110011011010
0111011111111000
1111101101100011
1011001010001000
1010100111010111
0111010100110110
0101011100001110
1000011111001011
1000110100101101
0011110000100000
0001001110110100
0110100101100011
0100111001111000
0011110100111010
1010000100000001
1000100110001110
1110001010010101
1001111011000011
0010110110011110
1111110101110001
1010010100011000
0101111110110010
0001111010110100
0011010100110111
0111001011011001
0100111001111000
0011010111100001
1110100100011011
0101001010111111
1000110101001101
0101100011000000
1000001101111001
1000000001110111
1100000110110101
1100001101010111
1111110000111101
0111111100110011
0110001010100010
1010110100110100
1110100101011001
0001000000000101
1101100011100010
1011011011011111
1000101101111000
1111001100011111
0011110101100001
1110010011101101
1110001110100111
1100010111100001
0001001111101111
0010001101100011
0100011001010010
0101000010110101
0001000001011100
1001000101011001
0000110100000010
1100011100101110
0000101000101001
1111001011110101
1110011111100101
0001111101110110
0100011010111000
0111000101111111
0000111000100101
0100010001100010
0000100010010100
0110010011011101
1111111001110111
0010001101011001
1110010100011100
1110011001101010
0110101100111100
0000101001010110
0010011000001110
1011000000010001
1111010110101011
1000101110000100
0010100010100001
1101000111010101
1000001001101011
0000111110100000
1101010110101100
1011001100110010
1010000101010110
1000010100010010
1010011110011101
0000110010110001
1011010111010111
0010010111010100
0111101101001101
0100101110011101
0100110001000010
0101011100001001
1110001001110010
0111101100101010
0100010101110111
1101100010000001
1001001100000000
1001011011111111
1100010111100111
1001111111010111
0111011011100100
0001111011110000
1100111101100101
1110101011111110
1011110100001001
1011100111110011
1100011110111010
0011000100001011
1011100101100100
0100101100100010
1000010101101100
1100110110000100
1011010011000100
1101111110111010
0110000011001000
1101111110111011
1000000111100010
1011011011010101
0111011010010110
0101111001101101
1111100110100010
1110011110100011
0101101111001111
1001011101011100
1001011101100110
0000011110110010
1010111101101011
0001011001010011
1000010101111101
1000001001001001
1111101101010011
0110101111001010
1110011010111001
1010011010101011
0001001100101110
1011100110000101
1111101110111110
1011100001100011
1110011100010001
0111111110101111
1011101001010101
0011100110101010
0101110101010110
0100010000101110
1110011001110100
1010010100110110
0011101100111111
1001100110111010
0010001110011110
0000101010100110
1001010010110000
1000101001001111
1101000100000110
0111011100011000
0101110110111010
0000010110010111
0100010000010100
0111110001010001
1000011011110110
1101111100011100
0000000100000100
1011001001001100
1010000110110110
1000011000101100
0001000010111110
1100000001110110
0001111000110010
0011001011011011
1101000101010100
0111101010001010
1011001111001101
0011110000001000
1001010100010100
0001100110111100
1010110110001011
0001101100100111
0011001010100011
1111010010011111
0010001100100100
0001000101101101
0101010011110111
0001001010001011
0001011011000100
1011111000101000
0000100111010011
1001000110010101
0011110001010110
0101010010101110
1010000110000100
1010100011100110
1110011011000110
0101100001100100
1010000110010110
1111011011111101
0110000010001011
1001101100000011
1011010100101101
0000001000011110
1011101011000001
0101101100100111
0101110100100001
1111010110001111
0011100110100111
0001011010000010
0111000101011100
1100100001100101
0101010000101100
1010111001101001
1101101101011101
0000010000101011
0010011111001010
1010111001110110
0001010101101001
0010111010111100
0111101110101111
1011001001001001
1110011011101111
0000010111101110
1100111010111110
0100011010010010
0111110101000011
1010111100110111
1100101011111110
1100001001010010
0001111000101110
0010000000111010
1001010001100000
0101001101110101
0101111101101010
1011000100111100
0000001000000011
0111101111101101
0011001010010010
0100000101000010
0110110100001011
0011000111011011
1000001110011010
0001101011001011
0001001101010110
0001111011010111
0001010011101011
0010100101100111
0101101010110011
0001100101100101
0110110011110100
0111111110110000
1001111010101101
1101101011111010
0110110000100111
0000000100110000
0000101100010011
0011100110010001
0011000010011010
0001101011110011
1011111001000110
1101010101011111
1101101010010011
1111101011111011
1111001100110010
1001111011000000
0110110011110110
0010000111001111
0011110111011101
1010011110110100
1101101100100001
1111000111110011
0010001010010010
0110000100011010
0111011011000101
0000000110100110
0111110101000011
1101100110110100
0110011001001110
1001101100011001
0111011101001101
0100000100000101
0111101001000111
1101101111110101
0100000010001110
1111000110100010
0110000010100101
0101100000000101
1110100011101001
1001100011101001
0100001101110011
0101110100011111
1011110110111011
1001010010100101
0100110100110011
0110111110011000
1011101010101001
1000100101001110
0110110000110110
1010101110010111
0101010010100101
1101110101010000
0110011101100001
1110001001001100
1110110011001001
0001101101110000
0011001111000111
1010001101000111
0110111101101001
0101111111000000
1100000101000111
1001100001101000
1110100000110011
1001101101110001
1001101010100000
0101100001111000
0011001111100011
1011110100000001
0100000000000101
1001010001111010
1100100000000110
1000110100001001
1101111000010001
1111111110101010
0000010000101100
0111010101110100
1000011111101001
1001001101010000
0111111101000110
0001000100011100
1110101011111101
1010011010011011
0111001011110100
1000000000110000
0100110011010000
0101100011100011
1001010011001111
1000100101111000
0010000010011101
1001011001010001
1001000000001011
1011010100001010
1111101101100111
0100101110011010
0011111010100100
0001000000001001
1110010100100110
0011001011010000
1010101111101101
1101101000011001
1110110111110100
0101000100001110
1100000001011100
0110111110110110
1011001001000101
0000101101111100
1010011111111111
1001001011101101
1111111011000011
1101010010110101
1111010111110010
1101011011001001
0010010011101011
1100010011011111
0101000010111111
1011001001100011
1111110001011001
1111010001110001
1111011011100111
0001100101101100
1111110011101010
1000010011111010
0100101010110110
1001000011000000
0000001101000001
1000000100110000
0100011001110110
1001111000010110
0101110110001101
0010100011100000
1111101011100000
1001011001000111
1001000101001010
0110100100100101
0001110011101010
1001111100011100
1100001111010111
0110010001111000
1111011100100101
0000100010010110
0101101001111100
0000111000110101
0010111111001100
0011010011010000
0111010010100110
1011010111111010
1111010101101111
0110110000011001
0100010000011001
1001001101111011
1101100001100110
1000100101110001
0011101100101100
1111001010010010
0000100111111010
1100110011100001
1101100000011000
1001101110001110
0010110000111111
0001000010110000
1101100011001100
1100001100010001
0010011000010110
1111010011101010
0010110100101000
0011000101000100
0011100010010110
1111001100000011
1110011100000100
0011001000110011
1010111011011110
0010110111010110
1110010010101100
0100010100010111
1100111011010111
0011011100111110
0000000100010101
1111101111000101
0110101010110001
1010010011111011
0101110111010000
1001111111000111
1110001110010101
0110011101111001
1010101011100001
1101000001110111
0101010111000100
0001010010011100
