0010010001101111
1000111111111000
1100010101100010
0111011110100111
0110100010100010
1111001001101110
0011100001111110
0010101101011110
1011001010010101
1000000111010111
1001111001001111
1100101110011001
0111101101111011
0000000110110001
0100001011111110
1110101101100101
1100100111111111
1101011101110001
0100111001001010
1110011111101001
0110010010000101
1010000010010010
0000100111101101
1111010101010011
0011011001010001
0101001101111111
1101010100000001
0100000001111010
1000001011000110
0100100010000010
0011101000101001
1010001001010111
1001110101001110
0100000001001110
1110110000100001
0011000111101010
1010001110111001
0000000111101011
1000101100011001
0001101101101001
1101001010011001
0001101110000010
1100101011111101
0100101111001101
1111110110110000
0110100000110101
0001110111001000
1010000010100000
0000010001101110
0010111001111101
0011001000110011
1101000001101111
0100101110010011
0111101000101000
0100010010110011
0111001100010111
0101111001000110
1011100110101110
1110000111100000
1001100111110000
0000000110100110
1100001010110011
0101001011100110
0011111110100010
0010111111001110
1000100111110110
1101011011111001
1001000100110110
1101011001001001
1100101001011110
1111110000000110
1100110100100101
1010011101110100
1100000100101011
1101010001111100
0100111101001111
1100001110101000
1111110011100000
0001111011100100
1111001001010110
1111111001011010
1100010001011001
0001100010110010
1011111011111100
1111101100101011
0000001111100100
1110011110000001
1001110111011010
0110111011100001
1100010010100111
0100110100111111
1011111111010110
1010000001010011
0001000010011001
1101101110001011
0000110101110000
1001010011101110
1100010101110010
1011010010010000
1111111100010010
1011101101100001
1110011000111111
0100110100011010
1001001100101110
0001010100001001
1010110110101100
1101000100110011
0111110011010110
1001101110001100
0111010000010101
1110101001110000
1011111101111101
0011110111101000
1101000011011101
0111011010100100
0010111010101000
1000101101101001
1000101011011011
0111010010011101
0011110000010000
0110011111111110
0011110011101101
1110010001001010
0110010000100010
1001001100100010
0110100110001110
0111100110101110
1001011101001010
0100100001000010
1101011011011011
1001000011000010
1100110110010001
1111000000111011
0011011110010001
1000011110010111
1101111111010000
0010001010110110
0001111101001101
1110111110011001
1100101110001001
1101001000110011
0010111000011110
1000000100011101
0011011100110011
1101100001100010
0110100101111001
1100100010101000
1110100100100110
0111001101010100
1001011111101010
0101101010111100
0001100001111110
0101110011010011
0000101101110110
0000001110111100
1011111001110101
1000100010001010
1101010101001111
1011000001111001
1011000011111110
1010000111000011
1101010011001010
1010000000110001
0101110011111110
1110100100011001
1101011000011100
1101101001001100
0010010010000101
0010110100100100
0110000011100010
1000000110010110
1100100101101100
0001101101011010
1111111000101111
0010101010101101
0011110101000110
0110100110010011
1010111000010101
1000010010101111
1000111000101101
0011011100001011
0001111000100101
0011101101001110
1011000101110000
0100010001111110
1010100001010000
0001000100101000
1111101101010110
0100110100010001
0010000100101101
0011010011010000
1001110111001110
0010010110111011
0000000011010101
0001011111111110
0101101111001000
0011101000010010
0010010010000110
0000100111010110
0101001011001001
1111111101011110
1000011010001010
1111111111010111
0110111110110101
0111100100011011
1011011001100101
0010111011001011
1001100011111101
1000111001111010
1000011000101111
0110010110010110
0100001101110101
1010110001110100
0100010010111001
0100110110111010
1000001111001000
0000111110001001
0111111001100101
0000110111011101
1110100101000000
1011100011011011
1110110000010010
1001011101100010
1111000101111000
1000011101000111
0111010101100100
0110101110000000
0000010100010111
1011000000010011
0110100001010111
0110011111100100
0111111010101111
0100100011010001
0100010111011111
1110001110001111
0110100110000011
0100110111101001
1101011001110010
0100010010111000
1100011011100101
0000010101101110
1100111000000001
0011101000011100
0101101010100011
1011010000000110
1110001101110100
1000010011000100
0011011110100110
0111100001001000
0011100011100011
1110101001111011
0110001101001110
1111000111110101
1010001010011110
0011111011010001
1101101011001100
0011010110111011
0010111000111011
0101110010011010
1001010100110011
0001100100101000
1110011001011110
0110011010100011
1100110110110101
1010001111011011
1000110010001011
0111110011110000
0010001010110101
0000111010101110
1001101010001111
0100010010010000
1000111110000100
0111010001110001
0111000100111111
1111010010000000
1000111110101000
1011100100000110
1010101000001010
1110110000101101
1100110111001101
0000000000110111
0001111100011101
0000000111110111
1011010111001000
0000110010010001
0100100110101000
0010100011101110
1011110000110011
1101000110000001
0101101111100010
0111001101000111
1110010110100101
1110101000111011
0000011100110001
0011111110001011
0100111111000110
1101110100100101
0111110110110110
1000010011010111
1010001111001101
1100100010100110
0101001111101011
1110100001111111
1100101011000000
0111101001111111
1011111011000110
0001000111011110
1001100100000000
0111110100110110
1011110010101001
0110110010001110
1001010011000100
0111101000010110
1111000000110111
1011101010100101
0010011011100000
0010000110001001
1011110111110000
0001100000010110
0000000000001100
1100000110110000
1011101111101011
1110000011011100
1100010000011011
0111000110101111
1010010101011001
0001011111110001
1011011001001111
0000010010111111
1001100000011100
1110000111000111
1110010010010101
1010101000000100
1000111110010011
1100101001100100
0100101110111011
1001100001000001
0000011000100110
1100100001000000
1011001001000000
1110101001101000
0000110111100010
1010001011010110
0101111001100101
1010010010011110
0001110011100101
1010101011101111
0010001000001010
1101001001110101
1100011111001110
0000000110100100
1100011000000010
0101011101000011
0011010010000000
1111101001100000
0111001101111111
0101111110111000
1100001010111100
0111000011100010
0110011101001100
0111100001011111
0010000010011100
1101010000001000
0101100111101011
0011001101010011
0010000000110000
0011110010000110
0101010100001110
0110111100000001
0111110100010011
1010110001000010
0000110010110001
1100101001100100
0111010010101101
1000110000010001
0110100001110010
0011110100010000
1101100110000100
0000010111010101
1010001111000000
1111110110101010
0010111011010011
0101100100001111
1111001011010010
1000011011000110
1101100001010111
0101010111011011
0101101100011101
0011000111101110
0100101111111011
1100010100100101
0001101010111001
0000001110110001
0000111000010000
0111100001010101
1010111010110001
1011000100011100
1100110111110010
1001101100111110
0010011000000101
1111000001110100
1001110010111011
0111100110110000
1100001100010101
1101000010000100
0111011001011000
0001010101111101
1100001011111011
0011100101111011
1101101101011100
1110000001011110
1001100111001000
1101100110011010
0000011011100100
1010011110000111
1111011001110100
0100000100110000
0101101001110110
1011011011010101
0000111100000000
0101001100100010
0000011011110101
0100010000011100
1010111100111000
0110011011110010
0111011011100101
0010101110001000
0111100000000000
0111001101001111
0111100001000100
0110110000011000
1110010001110001
1011000000000010
0000000111010111
1011100010000110
0010111110011101
0110000011001000
0011101101001011
0100001011100000
0111001000110111
1010111001110101
1011101100101001
0111100001111100
0010111111110010
0011100101010000
1100010100001010
0011000011001000
1100101100101110
0111001000100010
1100011001111000
0101100001111010
1100001000001110
1011011110101010
0100001010101101
1110011110111001
0101000101111011
1001110111010000
1000011100101100
0111100101000011
1011101110010010
1010111000110001
1001110000010011
0110111101100111
0100111101000100
0001110100111111
1110010100000100
0011001100111100
1110010001001010
0101101110011011
1101101010110111
0111011010000010
0010010111101110
0010011110101111
0001010100001111
0011111101010011
0110110111001000
0100101101100111
0100011100011111
1010100111100101
0010100100011110
0101100010111111
1100011001011101
1001010111011100
0110010110010101
1110011011100001
1100100011110111
1101011110100010
0010010100000011
0110010110111101
1011110011000011
0101010001101000
0000110010011101
1101101110110000
1100100110111001
0111000110101111
0001000110011110
1111111000001100
0110010011101000
1111100011001110
0101111111001000
0011101111111001
1111011011010101
1101111010101111
1101011000001101
0111011110111101
0111111110001011
1001101110100000
0011110000110000
0011101110100011
1010001100001010
1100100101010110
