1010111111010111
1011110001001001
0100111101111110
1101111100100111
1100001001100101
1011100000010101
1000111011001001
1010101110010001
0000001010001001
1000111011110100
0011110011101001
0100001101100011
0100000010101000
0001010011011000
1101100100101111
0110111000100010
0111100110111111
1000000011010110
0110101010111101
0000100000010110
1001100111001001
1110011101010011
0101101110010101
1000011010011100
0011001100001001
1110010111000111
1111000001010110
0101001000110010
1110101010110010
0100010110110010
1001100110101001
1001000011011110
0101000001000000
1000110000110000
1010110010110111
0000000001010100
0110101010010110
0110011010111001
0011110001001100
0000010111011100
0110001101011000
0100100110011100
0111111100111011
0100100100111100
1011010101111000
0000100110010000
0011100110011001
1000011100011111
1100111110111111
0101001000000111
0000011010011011
1100100111110001
1101111000010001
0010000001101100
0111000100100001
1000110000111011
1101100011111010
0010101110110101
1001000011011010
0010001100100100
1100001010101000
1101100010111010
1010101101110011
1111000100111110
0101111001010111
1011000111010101
0010111001011100
1101001011111100
0000101111100001
0110001011100100
1010101001011101
0011111011111100
0000011010010011
1000001110011011
0110101011100000
1110111011100110
1111010000101001
0111101100010001
0010010100110110
0000100000100011
0111101111010111
1011101110110010
1010010111100100
1101101010111011
0100000100100101
0101000001000100
1010010011110101
1000110000100010
1100110111100011
0100100000000101
1011001000101110
0001001001010011
0111010000110001
0010001000101101
1001111000011110
1111001100110001
1100111111010000
0100111111011010
0000101010010001
0010001001011000
1010011100100110
1000010111100011
0100001111111011
1111010111110111
0010010111101111
0100110100100110
0110011101010101
0101100011001010
1111110010000011
1110001110000100
0001101110110011
1101001001010010
0010111011111001
1101110010011000
1110000010101111
0101001000000001
0110110011101001
0110001110100011
1110010010100000
1101101000111000
1001011110100001
0001100110011000
1010110000010101
1111110001011001
0000110000011001
0011000110000011
0100011110011011
1111000001101100
1100101001111000
1110000010011110
1010001011001111
0111001100101010
1110001010001111
0000000000110100
0001100011101011
0111111010110110
0101010111000011
1111000110001000
0001111100011111
1101011110101100
1100111111001100
1100110001010101
1100001000101100
0100001011011110
1010010100000111
0000000110001011
1000100101101000
1110101001100011
1010110111111000
1100000100010011
0000110000110110
1101100110011011
1101010011000010
1110100001010110
1011111001110111
1010111001001100
1001100111001110
0010110110111111
0011100010000111
0000101110001111
0110000001101111
0111110001010101
1100001110111110
1110111001010110
1010010011000011
0100100010000100
0011111010100001
1011100001010011
1111100110000000
1000000100100001
0000011100010010
1110101010100010
1110111111101111
0110110100110100
1011100001111000
0010100010000110
0111111000110011
0001000101010010
0010001001011110
0100010110111101
0011000101101001
1101010111101101
0011110010001111
1101110101110111
1001010000111100
0000101001111101
0100001101110100
0010000010001101
0011101110001110
1100001000100111
1011011000100011
1010111100100110
1000001010010000
1100001110001100
1011100101011101
1000101001110111
0001011011011011
1010100100100011
0000101001010101
1111100000000110
0110111000000011
1101011000001000
1011111101110111
0100111101100010
1000111100101011
0110010111001110
0010011100000101
0111000100100001
1001100101011111
0010101111101000
1110110000111000
1010110101111010
0010110010000100
0011110100111001
1000010111101011
1110001111010110
1010011110000111
0010110000011000
1000010110110100
0101101110100100
1011010011000000
0010011000000100
1000010001101010
0110000010011100
0100110101011011
1001001101100010
0100101011011100
1110110110000001
0011100111100101
0011011000011010
0011110000001001
1111100101010011
0011111101011110
1100111101110101
1101100110000010
0100101000111001
1011111001101110
0110110110111010
1101111000000010
1010111110011011
1111111011100010
1011100010000100
0100011111101100
0010110110111010
1100000010010101
1001010000101110
1000010111011100
1100001010110011
0001000100000010
1011000101000011
1010101100011011
1111001110110111
0101001010010000
0000100111110100
0011100111011110
0011000010111110
1100001101011011
0001110111100110
1100011101001010
1111101100000110
1111111111111011
1101001111111001
1011011101010101
0001010111101111
0110111011111000
0111011110111101
0010011011000111
0000010101001110
1101000110010100
0000010010000110
1101001001101011
0011000011011111
1100100100100011
0101101110001000
1000010100000001
1111010110110101
1110100101000101
0100010111000000
1001111001000111
0111011001001101
1100011010000111
0011010101110101
1111010011101000
1110100100010010
0110100000101000
0011001111001000
0010101101011000
1010011110000101
0110110111011001
1010001111100101
0100101011000000
1101000100111111
0100001001101110
0010100010110010
1100101000100101
0001011110100110
0110110000111110
0001011011100011
1000000000111010
1110010001110101
1110000010001010
0001010100000100
1110001011101010
0011111011111010
0100110011001111
0000001101100010
1001000010100110
0000100110011011
1100011000000100
1111101100111011
1111011011001110
1000010100110001
1000110011010111
1110001100100011
1111100001110000
1010001110101111
0101011001111001
0010001001101011
0001110011100100
1011100100110001
1001111100110111
1101000000010000
0001100101111101
1110000010000101
1010100000101011
0111000111100100
1101010100111001
1100100110010111
0111001001101111
0111000100100011
0110110100001001
1110011000001110
1101101000011001
1000011001111011
1110011101111001
1100011011111101
1101101011001100
0110000000001111
0101100001011010
0000011100010000
1010001101010000
0101111100001011
1111110111101101
0000101100011101
1101110111111111
0011100001110010
1100110111100010
0100011101000101
1001001001100111
1000100101111100
1110110101111001
0111010011111010
0001101111110101
1000010000000011
0100101010110101
0101010011011000
0000111011010000
0110110101001110
1101001100101000
0101110001001010
0111101101001001
1011100111110111
0011010001111101
0001001110010111
0010000100011010
0001010001000001
1100111100000101
0101110011000100
0011100000011111
0110110011010001
0000010011001000
1010100101001001
1010110111111101
0001111000010010
1011001100001100
0100000110000010
1110000111111100
1101000100101001
1000111011000111
1000000101110001
1101101000111001
0110101001110100
0011110001110000
0001100101011110
0000010110101111
1100000111111111
1010110111011000
1000111100010011
0110110011001100
1101111101111111
1011001100000101
0111011100101010
0011011000011010
1010101100011011
1100010000011010
0010100110111111
1011000000000000
0000011010110101
0000000010011110
0111111111100101
0101101110011100
0011100010110010
0110100110101101
1001010110000110
0000001110010001
0010110101010000
1001000100010110
1111001010001101
1011100001100001
0110100101000000
0101110110011101
1011010111000011
0010101100011001
0100001001010000
1010010111001011
1000011101000001
1011110111000011
0000100010111100
0110100010001000
0100010011010100
1001110011011011
0000011000010101
1001100010101001
0000110001101000
1111111111110100
0000100010100100
1010000000000011
0011001111000111
0010000001000000
1011001101010001
1000001101000001
1100110111101000
1010111000111100
1011010110100110
0110000011101101
1000111010101100
0010000011011010
1001110101101000
1101001111111100
0011000111100010
0001000111100110
0001010110101111
1001110010111101
1101011111011011
0111010000101110
1110010100101011
1000010101010110
1011001100110001
0110011010110011
1110101010100010
1000110100100111
1001101010001010
1011110011100110
1111111101001001
1010000110001100
1010110011011011
0111000000001010
0100100011001110
1010011001011001
0011011011110000
0011010000101000
1100000010100000
1010010010111110
1010101110010010
1001111011100101
1111101000010100
0111111011001001
1110111101100011
1101010111101010
0001000001010001
1100110010100010
0000110010000101
1111011011011101
1001001010010110
1001100000100011
0111111001011100
1101111101001000
0100010100111010
1001001101100001
0010010100110111
1000010010011011
0111001101000010
1111011100111110
1101010100100110
0010001101001011
0111011010110101
1111001100111011
1000010011110100
1100000010010000
0000000100000101
1001110011110100
0001010000001011
0010100011111101
0001101010010101
1100001011001100
1101000010011000
1011001010000000
1011100100001001
1001100110010110
1000010000101111
0101110001000011
1101110010101111
1101110100111101
0000001000111001
0000100011000010
0010100000100111
1011101010111101
0010110000000011
1110110100000000
1001000100100010
0011111000000100
