0000100000000110
1011010110010111
0110011011110111
1101100001101110
1100001001100010
0101011000010101
1100101010100011
1110110101000010
0011000001000010
1101101010111101
1011001100011010
0010100101101100
0001100100000000
1101111111110101
1111100010110011
0101000111110101
0111100110011010
0010010111010100
1001100001100110
1111111010111001
0011101100000001
0001111101100000
0100001001111011
1111000010000001
0110111101000100
0010110101010110
1011010111000000
1001000000111101
0100001110101111
1101110110010001
0111010111100010
0100000100011101
0000011101110111
0010100010110011
1001100000100100
1011001000011101
0100101101000011
1011101001000001
0001101110010001
0101110011001010
1001110001001001
0101100000110111
0000011101000111
0100101110000000
0010011001111101
1100011011010101
0110000100111001
0010111011010001
0110000110100110
1111000100000010
0100011110010011
1010001111111100
1001111100101000
1111010110010010
0010101001001111
0000000111101010
0001110111110000
1001010000100001
0110001111100100
0110100100010100
1010001100001001
1001111111010110
1100100011010100
0111000101010000
0011111100011100
1101110100100111
1110110000010100
1110001000010110
1111100000000111
0000001110010011
0011110111000111
1101100111000010
0110011010101011
1110000110101011
0101100110101111
0001001100010000
1110000111011111
1011111111100101
1011000111100110
1100011000100000
1111110010111101
0100110110011001
1010100100011000
1101100000110110
0100010010010011
0111010101001011
1111110001000011
1100010000100111
0010001100011011
0100111000110001
1000111100100101
0110101110110111
0110001101111111
0100011100000100
0001000011110110
1010111011001110
0110111101010001
1101000110001100
0010110011010011
0100000101010010
1001111111011001
1111001010111101
1100101110011100
0111001100011100
1101111010001111
0001110010010101
1110110100101110
0110011110110111
0011010000110100
1111100001101011
0100011000110000
1010110111110100
1011110110000001
1001001111001111
0110101111100110
0101100011101000
1000011001011111
0001011111001110
0010000010111100
1100001010101011
1110000001111101
0000010100100000
0100010011110111
0000000011101101
1011100110011000
1111110001000100
1011000000010100
1110111000010001
1111001010010000
1100001101000001
1011110001111001
0001101010110100
1100001111001101
0000010011001111
0100011100000010
1000010001100111
1001101001100010
1110100110100010
1110011010011110
1000111001111000
1110100000100100
1101011100110011
0110010101100110
1100101110010010
0100110101111101
1011110110000000
0000110000000111
1100100001000011
1100101110011001
1000001110011101
0011110000100110
1110010100110010
0000100111010010
1111011101001011
0000011000110101
0000101011011110
1000100001101011
1010110111110101
1100000111001000
0100101010011011
1100001001001100
0001011110100001
0100000011000011
1011110010101000
1010001110100010
0110000000010111
1111100111010010
1100101011101011
0100111110000100
0110001001001000
1110110001101000
0010011011100100
0101100101011011
1110000000100010
0111011100011000
1101111001111111
1110000001000000
0000001110001011
0000100101101110
1010110000110011
1101010000101111
1111111000000011
0011000100000000
1100101011100001
0001010111110000
1100100010110100
1001011011111010
0111101001111010
1110011001001001
1101000110011111
0011000000001100
1110001001100001
1000111011100101
0000111011110110
0000110100111011
0101101111111001
1010011010101011
0101111110110000
1111101101101011
1011100110111101
0100001101011010
1111010100001100
1100000011010101
1100110101001000
0011011110010101
0010011100100101
0001111101010100
0110001111110001
0110100011011101
1110100111010111
1101000111010100
1001001010010101
0001101011101100
1010010100010111
1100101111101100
1000111101100101
0010100110001000
0101011010011010
0100010000110011
1111101001000010
0010101100100111
0010011110111000
1101110010010000
1011110011000111
1100010001100110
1110000111101011
0101100000100010
1010010011101111
0010010110100001
0101000101110100
1110001111111011
0100011110001001
1111001110011000
1111111110110010
0010000000110110
0101010100010100
1101100111010010
1010110100010111
1010000001101111
0000010011011100
1110000011000110
0110011000100100
0110100111010100
1110100110111110
0000011111110011
1100010101110110
1001101010010110
1011110000110000
1011111110111110
1010110011011010
1111100101100110
1100100101010100
1000000111011001
1101010010100001
0000011010011000
1110110111010000
1100010100110101
0011001010000110
1010010010000001
1100111110111101
0111110111001001
1010011000001010
1111001100011110
0100011100011000
1100001000000111
0111001000010110
0011001101100110
1100010110000010
0011101110001010
1010100111010101
1101101101101010
1101101000111111
1010011101001000
1010111100001111
1110000011011100
1100110110111001
0000001001111100
1101110100110010
1111100001011001
1111000111000100
1001001010001100
1101100001100011
0110110001100000
0110111110011011
0101100001111100
0100010101101100
0001000011010110
0110010000010001
0110100010101111
0010110110010101
0011100001011101
1010110101000011
0011000011100101
1101000010010011
1100110111000010
0001110110011000
0100110011000101
0101100011111101
0100000110000111
0110000000001100
1011001000101010
0110111100111000
0100111011011000
1001010011001001
0001100000011001
1011110110110100
0010111010000011
0011001100111100
1011000111110011
0001011000111000
1010011000001010
0110000110101011
0010111011011101
1101101100111011
0100010110001000
0010100100101010
1000011110011000
0000011110011111
0101000000010010
0111000011010111
1000100110111000
0110011100011110
1011100000001011
0000011101110000
1010000111001101
0100001010110101
1010101101110011
0010101000101101
1110110111010101
0000010100011111
0001011010100111
1101000110010000
0010100001010110
1101101111100101
1101101010111010
0010110000000101
0011110100011100
1110101100011010
0110000111001000
0000110100000111
0100110110001110
0011110001111110
0010000100110010
1001011100111111
1011001010001110
1010001000110011
1100011001010011
1111110110101001
1111101010001110
1111011010010011
1011010010010001
1101100010111101
0010111101011011
0001010001110111
0100111110100101
0010110100001110
1101000100000001
0010101110100110
1001011110011000
1010001011001000
0111010000000010
0110010011101010
1010100110100001
0000011110100100
1111010101011011
0001000101011011
1011001101011011
1110011011110000
1100100100111111
0000101011111100
1001010001010000
1010110111000001
1000011111001111
1011010011010100
1010111100101110
1000101011101100
1000100100100110
1011101010110111
1111001101101000
0110011110000010
0010100010001000
0101101110101011
1110100110000011
1001100111001100
0111001010100111
1010000101001100
0011000010110111
1110000000100100
1011010110001111
1001101100000010
0000110100001110
0101111000000000
1000101101000011
1100010000101001
1001100010000100
0000010111011111
0110001111010100
1011101001000101
1011011000001010
1100110101011110
1000000110001010
0111110101001000
1011000000010101
0111001111010001
0011110101111011
1010010100000100
1110000101011110
1010000001000000
0101111101000100
1000100011000010
0111011001100101
0001010000101010
1000010000011100
0000001011110110
1100000011011101
0001000010110110
1111000001101110
0011011100101011
1010100010001101
1110011110001001
1100100010100001
0100010011011101
0111100011101100
1100100000011101
1010000110010100
1001100000010000
0100011100110101
0101000111000001
1001101010100000
0101110111010011
0011001000000111
1000100001111010
1000111000110001
0101011100000111
1010001001100011
0110011111000001
1001110001001000
0001001001001010
0001011101101001
0110110110111011
0011101001001011
0101011001001111
1101100001010100
0010111110111111
0111010010111000
1011001100000010
0010010001110010
0011101000101001
1000100111010100
0001000110001100
0101000001000000
0001000110000110
1110001011010111
0001000100100001
0110010001110111
1000011100010100
1010101111101101
0111010001101111
0010101100010111
1101111100111011
0010111101010111
0111010011010100
0001111100010111
0000001001101111
0110101101111111
0100110100000001
0000101000000100
0000111001000111
1010101000101011
1010100010110100
0100100111101001
0010000110100101
1001101101010001
1000011100001110
1001110110101000
0111000001010001
1110011100111111
0001010000111000
1010101010011000
0111001010010010
1000000101001010
1100101000110011
0110100110100000
0101000001101001
0101111010010101
1000010111100110
0111111100111110
1011010111011100
1000111110101001
1010110011110111
0111011000110111
0000101110000000
0011011101000110
1101000111100010
0110111101110110
1101000010001100
0011010101011100
1001011100111001
0011001111111010
0101101011001110
1110100011111110
0111010011010010
1000011011000110
1101011000010011
0000001101101101
1000111010001110
0001000010101100
0010111100110101
0110001100111101
0011011011011001
0010100000010101
