0110100011100000
0001000010000011
1011100011110110
1000110110000000
1110111000110010
0010010010100001
1110001111101000
1001010001110000
0001000101101011
0001110000111100
0101100010010111
1001110110010101
0010001001111011
1100000000100010
0100110111101000
0101000000101011
0101110010010101
0110000111000000
1000110011110011
0110111011101001
0001100101000100
0100001001001011
1001100011001111
0010010111111011
0110110110010000
0011010100001101
0010011101101111
1000100010001100
1011011110010101
0011000001010010
1011000001001110
0100000111000000
1011101100010110
0101110100001010
1110011010111010
1101000101100010
0001111101101100
0111100001101110
0010000100110001
0100011011010010
0110011111011101
1111010111010111
1000100010010110
0010101101101000
0000111011011001
0111100110111111
1101100000101000
0010001100101110
0111001100000110
1110001100100110
1000010010111001
1111110010101110
0000000110111000
1100001101000001
1110101100001011
1111111110110100
0010011111101101
1111000000111100
0001000101000001
1110001001101001
1111001000010010
1111011001011110
0101110100110001
0011010010100111
0000011011001101
1111110001011011
0010101111011110
1000101110001010
1011100011101000
1111110011111000
0100010100011011
1011011110101011
0011001011010111
1000010100110011
1101000010110110
0111011111011110
0011010011011000
1111110010110011
1101101001000110
1111001000010111
1111010100001101
0011110110000101
1100111111110001
0000101000110011
0100101111011111
0011001011100010
1110111110011010
0111001111000111
1111011110111000
0101011111101100
0111011100101101
1101101110101101
1100000001111000
0010001001001001
0101000000001111
0100001011011001
0000100101000011
0100011001011011
0001101110110001
0000010100011011
0111111101110101
1001011110110111
0010010000010011
1100011100000101
0100101110011111
1111111100000010
1010101010100001
1011111111100100
1101000110000001
0101010101111110
0111110011111010
0011010111101001
1000111111100011
1010000100111101
1010011010011100
1111110000101100
1101111111001110
0110010011101011
0011000110011011
1001110110111001
0110110101001001
1010100001010000
1000111011110011
1100011001100101
0001110111111110
0010010000110010
1101110111000101
1110101110101110
0111000111001001
0011010001100110
1001110110100001
0101001000000101
1110110010100011
1101111001100011
1101000011000110
1101101110100000
1000000011111100
0110110111100101
0001110001101000
1011000010111110
0101000000011000
1110110001101000
1110100000010011
0100010101101011
1001001001010001
1111101011001100
1100000100011001
1101110001000110
0100111010001111
0101001110011001
0111101100101111
1110101100110111
1010100110101000
1010110001111011
0001101000011011
1001011110100011
0101111101100001
1101111000110110
1110101000010110
0010111110010101
0111101111110111
1010000100010100
0101000100101000
1100001000110001
0001101110010110
0111000101100000
1111010000001100
1010010111101001
0001110001101111
1110010101001010
1000111110011101
0001011001111111
1100010000011011
1010100100010010
0010101111101111
0000010111011001
1101001111011100
1010100111010001
0110001010100011
0101010001100010
1010110001100111
0100001111110101
1010011110101000
1011100100100010
0000011001010001
0101001100010110
1000011111010001
0011010110100110
0111001100011100
1111111111011010
1101001010001011
1111010011011011
1101011101011000
0010000100000001
0111100010100110
1000100111110101
1111110001101111
1110001000100110
1101010001100000
0101011000011100
1000011100000110
1101111110000101
0000110111001101
1101001111100001
1010001011110001
0010100111111011
1011001100100001
1111101011000100
0010110001001001
1000001110011110
1000001001100101
1010111101010101
1100110011101011
1000001100011101
0111011101110010
0111111010011000
0111101100000100
0010101011010100
0001111111111110
1101111110111000
0101100110010100
0100001111011000
0011000000010110
0110011000101111
0011001010011101
1110110000010100
1100010010001000
1010000011100100
1101011000000111
0010111110001101
1101100011110101
0101101110100001
0110111000010001
0101101111000001
0011000000000111
0010000001101100
1101010111001000
0111001001001011
1100011000001010
0010000011100011
1110010100001110
1110101111110001
1110011111110101
0101010111000000
1110101111100101
1001100100011011
0001111010001001
1111101101110001
0001010111000011
1110100010100010
0100111110001011
1000010010010010
1000000000000110
0110110111101011
1001000101001000
1001001010110010
1010010001011100
0111010001011101
1010001111010110
1001011001011000
1000100010011110
1101000000111011
0010101110111101
1000011000010100
1000110000010101
0111111110100010
0010111111111011
1110111111100011
1101111010100110
1111111100000001
1111101111011011
1011001001100100
0011010100001000
1001010000100001
1111110010111110
1100010100001000
1101110010000101
1011000011111111
0010110011110011
0010111110011110
1001101101000111
0001110010000101
1100110110001111
0111110000010100
1111110101101110
1101110010100110
0110111101001001
1000001110100100
0000010000110001
1111111001000110
0000100010001000
0110010100001000
0100001011111111
1010000000011111
0000101011111001
1000100100101011
1011001111001000
1000100101010000
1110000100001010
0011000100110001
0011111110010000
0011111000011000
0100110001110100
1010110011000111
1100010001101000
0111100011001011
1100001111010000
1000000110101100
0010000111010101
0000100110011111
0111001010100110
1101100110101000
0001001011000110
0111111101111011
1001101001101001
1011011010100101
0110001001011110
0111001000010010
1101101100000001
0010010011110011
0010100010101100
0111001110000000
1000101001001010
0111110001000010
0111110011111111
0000101100001101
1101001100101101
1000110111001101
0010000100110001
0101110001001101
0111110100111010
1000101011111110
0000011000111011
1011001111111010
1000000110000010
1011111000000011
1001011101011111
1111100001001001
0010110011111110
0011000101110010
1111100000011110
0100001101111001
0010010100101110
0101000000001010
1000101011010001
0111011100101011
1100100110001111
1110000001110101
1101101100000100
0000110010110100
0111001011111111
0100000001010101
0110001111001000
0011011000010111
1010011110010110
0011000010011110
0111001011110101
0110011001110101
0110011101011011
0000010101100011
0011111011000001
0000101101110111
1111101010100010
0110000011110100
0000001111111110
0001001111111000
0000011111110110
1010110101100001
0110010000010101
0000110100100011
0100101001001011
1100001001101100
1100000100110011
1001111011011110
0011110000110100
0010100010010100
0100001111010001
0001001101100111
1011011001110100
0010001011000000
1110100010110100
0010000111100110
0000100010110011
1011010010000111
1111100000101101
1101111000110110
0100000011011011
0011001010010010
1101101100011011
1100101100111101
1000110100101000
1001000100111000
1000101001110111
0100011000100110
1000010111000101
0001001000110000
0000000110101000
0110100100101000
1000110011001001
0101100011001111
1100000101101100
1000101000011000
0000100101010101
1110110100111011
1100100101001010
1111100101101111
0111011110101111
1101010100010110
0100011001110011
1100001000010101
1011100110001101
0011110101101100
0001011000111100
0111110010010010
1011001100010110
0100111110100001
0100000000100111
1111000011101100
1001100101010101
0100000100110001
0100100101001100
0101010000000000
1001000000100100
1101101101111011
1000100101100010
1011001100010011
1101111011110111
1111001010111101
1000000011010100
0011100011101011
0100111101001000
0101100100110011
1100110111110100
0110011000011000
1101000110100001
0101000100001101
0100001111101101
1100100000000111
1000001000000101
0000101000110010
0100000110111110
0110001011011110
1000100100010110
0001001110010100
0101010110101111
1001100100101010
0100111100001001
1010110010010100
1110111111111011
1010100000001000
1011000100000100
1000011101100101
1000000111011011
0110100100010111
1011010110101110
0111100110100001
1101100111001001
0010101001111011
0110010101100100
0110001001010010
0101000110111101
0001001000111100
1010010101110010
1101100010100110
1010010101010110
1010011010101000
0000101111010100
1000100011100000
1011101110000001
1110110010111011
0111111011000100
1110111000100110
0111100010000001
0101101011111011
0000000011111110
1110000011000011
0101101010011100
1010110101100110
1101110000100011
1100101100101110
0100111011100011
0101000010010001
0110000001011010
1001100001111011
1111010101000000
1110111101010011
0100011010000111
1111110010110110
0110101010000111
0111001111100011
1010001001001000
0000011111010101
0010111000010011
1100101110001010
1101001100111110
1000011111101001
1001010110011100
0110101111010101
0000000010100010
0110101110010110
1010010010100010
1101000111110110
1111010011011101
1101110100000000
1101110111100101
1110110011111010
1001100110010101
0101111110101001
0000111010010010
1101000111001100
0000100011101011
