0010101100101000
1101101011110001
0000001101110110
0001010011100100
0101111010001010
1100111001011110
0100101010110011
0001110001100001
1101010001100111
1011111111010011
1101011001011110
1001011001111000
0111001001001101
0010011110011100
0011110000011000
1110001101001000
1111001011011010
1010100110010110
1101110101010011
0011111101010000
0101101101110110
1111111110001011
0011010101010110
0000010010100100
0000010010101010
1110100111011110
1110110100110111
1100111010111011
1110100110000111
0101010001111010
1101010001110110
0111011000101111
1101101011101111
0000010011101110
0100111001010111
1001000001010011
1110011101100000
1111110000100010
1011000100001110
0010000100001010
0001010110010000
1011011010011010
1010011111101001
1010100011001111
1011010101011111
1100001110000111
1010110000100110
1011010001000011
1000010010000011
0010000000011111
0000111010000000
1100101101100000
1010000000001101
1101111100010001
0010111110111010
1110011010010111
1101010101110000
1101110010011111
1000110000010101
1011110011011010
1101000001010101
0111000000110111
1101001010010111
0111000001000111
0001111111100001
1110110001011110
0100100111001111
1101110000011001
1011011101000000
1011000100001100
1000010110010010
1010100101010010
0100011010001001
0110101101001110
0100010100100011
0100100001010111
1011100010100101
0101000001011110
0111010011000011
1101110001001001
0000000100110000
1000010010011000
1100100100010001
1100000101111011
1011100010100011
0001111001111101
0010100101101001
1110111110000111
1100011010011010
0001011100010000
0011100110010101
1011100000101011
1111100010000100
0000100101000001
1010010100101001
0010001011111010
1000110101010000
0000101000101100
1001010011010001
0000111011111001
1111000010100010
0010111010000101
0100011010010011
0101111000010110
1001011010010010
1110101100101100
0110110110011100
0000000111010101
1010010110100110
1000010110101001
1101111110011000
1110111101001001
1010000110111011
1010001001111110
1010110010010011
0101010010010010
0111001011101011
1100001001101111
1001000010001011
0101110111111011
1111110001101010
1010011111100100
0111110000111110
1011101001100100
1101101101110110
1001101111011000
0111010000110100
1111010010110011
0100001011101001
0010111100110000
1110101100001111
1110000101110110
1011001110111111
1001101010000100
0011100111110000
1111010010000011
1011011011110011
1000110110010011
1000101110011011
0011110010101110
0101111001100101
0011111010100000
1110100100100010
1111011001001011
0100110011011011
0011000111011111
0101101110110011
0010110110001111
1000101010100000
0100000000011011
1110111000011110
1111111011001100
0001101000111101
1001101100111010
1101001111011101
0011001101100010
0010010100111110
0000111010000100
1000100111001110
1000001111001011
1101111110100010
1110011000001101
0000111011000101
0101000001010101
0011110100100000
0010001011110100
1000011111111111
1001100001111011
0001000001011111
1010100100001101
1000100001001111
0111011100100011
1001011010110100
0000010110100110
1101100111110000
1001101100110010
0101100100011000
0001001001110010
1000000010010110
1100111110110011
0100111010011101
0000000001010000
1000000000111000
0100010110000001
1010100111110011
1101111001101111
0001111000110100
0100111000010110
0111110000110011
0010000011111110
1101000101110011
1001110101010111
1111001001100001
1011001100111111
1100101010010000
1000101101000010
1011011010111010
1111011111101000
1100000011111100
0111011100011111
1010100110010010
0110000111011100
0110001010010100
0000101111001011
1010110001110110
0111000001100101
1100010100010111
0001011111011001
1100010000000001
1011011000011010
1110001101010101
0010011011000000
1111100100000001
0110111110000100
1101000101100100
1000010001100001
0100111011111100
1001010010110011
0100100101101001
0110001010111000
0111011100001010
0111011101111100
0000001001111010
0110110000110001
1111000110001011
1011011100111100
0001100101010101
1101001010001110
1010000110001010
0111010101010001
0110111000010110
0111010110100001
1111101101001100
0111101111100011
0111100110001111
1000111001010111
1011011100000101
0100110100000010
0111110101101101
0111010111111111
1100010100001011
1111110111010000
1111100100000001
0101101100001110
1110001010111100
1001010110011001
1010110010101111
0001100100101100
1000111001100110
0100010001101010
1011000010101001
0010110001011000
1110110110010111
1110100101001101
0101100111101000
1101000000010111
1110001100111010
0001011010100011
0000001110000001
1001011011101011
0110110100101011
1110010010000110
1111111100001010
0011011000001101
1101001001110000
1101000110100101
1111100000111111
0000011010011111
1001011111010010
1001101111101111
0111001101111111
0010000000010000
0100000100001000
1010010101111111
0010011000101010
0110001101001000
1110001010100010
0000011010101101
0101011111110011
1110011011100110
1000100111011010
1010011000001110
1011111010000001
0011000000011111
0111100010001111
1010001001110011
0111110001101010
1100000111010010
0101010000000010
0011011111111010
1001010111101101
0000001011001100
1111111111011101
1111010010100000
0001001100000001
1110010011001101
0010011110001001
0111110101011010
0001001000111111
0000100001011110
1000001000001001
0110100000011110
0101101111010010
1001010101001001
0001101011100100
1100101100101000
0011000010101001
1100110011111010
1000000111001010
1101010101101110
0011100010010000
0011110011110000
0010001001000111
0110010001000011
0000101010101011
0011000111010100
0101110111100010
0110011100000101
0110001100100000
0101010100000001
0001110001101011
1001000001100000
1000101100010000
0011100111000101
0101100000101101
0100001011011100
0001000000110011
1011101001010011
1110101100101010
0100000100011100
1110101000101100
1110000111110000
1100011100110110
0100111011110000
0001111100100001
0001110111000100
1111001110000110
1110100100110100
0011111101000100
0110101001110100
0100010010110000
1010011110111101
1111000011000110
1101100101000101
1000010110101110
0001101111101100
1000011010010000
1010000011110000
1100010001011110
1000101001111111
0101111000011000
1010001110101110
1010001001000001
0011101100111111
0000001100010010
1000101000010000
0110011111001001
1100101010001100
0100011011100000
0100111101011111
1111101010000110
0010000111101011
0001000111110111
0100110011110110
0110101100110110
1110110011000001
1011100010101001
1111000001111101
0110000101000010
1000000001110001
0101100101101010
1011100010111111
0010101001001101
0000101111100000
1101101010111111
1001101110000011
1010110010110110
0011001101100000
1000100101101110
1100100101011100
1110000111101000
0101000011101010
1010101001101010
1101101011101100
1100101100111110
1001110011010101
1101110010101010
1111011001001101
0110110100111110
0011000110010000
1010001101111000
1110110001010111
1111011010101000
0010010000110010
0100001010001010
0101001101000000
0001101000111010
1010111101000101
1000010011111100
1011000001100011
0101011110100111
1101000101110100
0010101111000011
0110110001101011
1111000100111100
1011111011001101
1000111011001011
0001111011000110
0001110000001101
0111010001101111
1111110111010101
0110111000110010
1000101110000111
1001101001010100
0100010110011000
1100001001111010
0010100010100100
1010100001110101
1000001011000110
0010000000111010
0111110111011010
1000000000100011
1111010111100010
0011010110000110
0100101100100001
1100110101000010
0000111010110001
1110100111111011
1101011010101001
1000111000010101
0101010000101101
1101010001000010
1110011101010100
0001110111100101
0011100000110100
0111010010100011
1010000100101111
0111101110111001
1100010001010000
1110110110110100
1111111111100110
0010011111001110
1010101111110000
1001000111001101
0111110000101011
1001111110111000
1010010000000110
1111011111000001
0101110011001100
0001000100111010
1111101111100011
1011010111001010
0001010111101100
1011111001001001
0011001011011101
0011110100001111
1010010011010111
0010000000100100
1110110011110010
0110101100100010
0000101111010101
0011110110111111
1000100011000100
1101100111110101
1111111100001000
1000111011101000
0010001111100011
0101011010100011
1010010001101111
1010011000001010
0111110110110011
0001011110110011
0100001100000101
0100011011111110
1100000010100111
0001100111110010
0100000101111011
1101011001110101
1011100100000011
1001110111000100
1001011110001000
0101001011010000
1001001110101101
0000000000100101
1010110010001001
0000101010011010
1000111101110101
0001011111100101
0000000011001011
0010001100001100
0000000100001010
1011001011111101
0111110000101011
0111101110010011
0010011011101011
1110110011010001
1111001111000000
0101100111011101
1011101000110110
1110000010000101
0001101011110110
0110011010001111
1011010111110000
1000000100011101
1011101010000011
1001111100101011
0001000110100111
0011010011000001
1001001000111111
1001010000010011
1110000011001010
