0011111101111101
0101110001010100
1111000101100001
0100101111110111
1111011001101110
1101110110110001
1010100110011110
1110011111000000
1001000111111010
0111110000100000
0100000111100000
1111010101010110
0001110110000110
0101010000111000
1010000000001101
0001010100011100
0111111010101111
1111000011000101
0011011001101010
1000101111111101
1011001110100100
0110100010010110
1110111010001101
0001111001011110
1100110011001001
1011000011001010
0100100101011110
0010000001100110
1111111010110010
0011111010000111
0111100001111011
0000010110111001
0101010101110001
1101000100011000
1010000101010001
0101000110111111
0101101111110010
0001101111001001
1010001110100010
1010011100010001
1000110010101011
0001101010100100
0011010011001010
1100010110111011
1000001101100100
1111110001111010
1010001001011101
1010101101110001
1000101111100010
1010110011101000
0011011001001010
1000100100100101
1001001101100011
0010101100001001
1001000110001111
1111110001001101
0111110011100011
1010010100100101
0110010100111101
1000111000010110
1010100101000000
1111101110111001
0011110000010111
0000101001011010
1010100001110111
0000001100101011
0010100001100010
0110111001000001
1110010101001001
0110110111101011
1100111010110101
0100000001101010
1100011011101100
0010001100101001
0101000100100110
0011001101010101
1100010110000100
1110001100001000
0110100110011101
0111011100000101
1101100111100110
0111010100111100
1111111011011010
1110001100101110
1111110001110110
0010101000101110
0001111110000000
0011111110101010
0100001000001101
1100011000000101
0011000110001111
0000001000000110
0010001111101011
0110100011000010
1000110001100011
1110011010011001
0001010000101011
1110111000000101
0010001010100010
0011110101011001
1100001010000010
0100101010100011
0111111101110111
0010000000010010
1011001011101010
0000010100011100
0011100101111111
1101111010000001
0111110110111011
0011110100011011
1001010000101110
1010001011011110
1100101001110011
0001101100011100
1110000100010110
0101100010000001
0011101111001111
0010011101001010
0111111010011011
1111010100100000
1011001111110011
1111100011111100
1001011010000010
0001111011101011
0110011110001011
0110011010100100
0001011111101101
1001000110101000
1001011011101100
0010110010100100
1101001000110011
0011111001110000
1000111001000111
1110110111111000
0101001110111000
0011100001100000
0001110110011010
1111111011111011
0111010010000000
1010001101010000
0110000111010000
1101010101000011
1100111000111010
0110010010111100
1010101100111101
1100111010100000
0100111000110011
1101111010100111
1000010001101001
1001110001101010
1101110100110001
0011100101101100
1000001001011000
1000110011000011
1100100110000001
0100101010001110
0010011010001000
0100011011011010
1110110101111101
0001110111010110
0010010111010010
1101110111001110
1000101000110000
1101000011010110
0001111101010010
0011101100010100
0010111001110000
1100000111111110
0101010101000111
1010001110011110
0001011001101100
0001101100001011
1001010000101110
1000000101001011
1011001110110001
1001100011100010
1011010100110110
0111110100111001
0001101110010100
0101010001010011
1011010001011100
1111100100011101
1110010010100111
0011111110101110
1110000100100111
1010011001110101
1000101111100011
0110011101100000
0000000110011111
0101100100011010
0010001011101100
0111111110111011
1010101001101001
1001111100010001
1010001110100101
0111001111011011
1101001011011110
1000100101101010
0110111100000101
1001111001001001
0100100101001010
0100011010000011
1001100110110101
0110101110011100
1000111011101111
1000101110111000
1011001110011100
0100001010010111
0101000011011010
1001110011101001
1010011000000110
1010101100110011
0111100110110111
0111000010110001
1101010011011011
0000001111111011
1111001100110101
0111001111110100
1111101000111110
1111101010000111
1100000101001011
1010100101011000
0010001011001101
0100101101111111
1000011011110000
1011000101100100
1001110001010101
1100011100101000
0111111011100101
0000110011011111
0101011100101111
1010100001000001
1010100101011000
0100111111101101
1011100100100011
0111000100010100
0001000111011000
0001110001101111
1010101101010111
0001001000110100
0000110101100111
0011001011110101
0110000100110111
0100000101000100
0110101111011001
1100101110001111
1111010100000000
1110100111101100
0010001000011001
0011101000110111
1010000101111000
0011010000110110
1010111101010101
0010000010100100
1011000111010111
0001101011000011
0001010111111011
1100100011110010
1111001010110111
1010000000110110
0100010111100010
0000110100010000
1010101101010110
1101101111101010
0000011101101010
0011110000111111
1110011000100011
0011101101011100
1001100110011001
1010110101010011
1111011010110000
0011100000001011
0111010000010101
1010101001011001
1000100101010100
0000111001110000
1111110000010100
0000011101110011
0000111001010000
0111101100001000
0100111111110001
0100010100010001
0011110100010011
1110101000100100
1001110111001010
1111100100110010
0000110101100110
1011110000100010
0111101111000110
0111000001001111
0000100111111000
1111011010110010
0101011010101000
0110101000101110
1111100001011101
0100101001011101
0101100111111000
0010110001111000
0110011101000010
0011011111000101
1110110111000111
0000011110001001
1100101111110111
0001100111000101
1111100110110110
1111100110001000
1010100011101101
0011111000000100
1010010100111010
0001001100100001
0001010111000100
0111110000000110
1110001000010001
0111001101111111
1111100101010001
0010100111011011
1011110101100101
0111101111101100
0100000110000001
0101001011000011
0100110100011010
1101000111110001
0000101101011101
1101111111101010
1010000111100011
0111101111100010
1001110001111001
1000001011110010
0101100110101101
0001000100111010
0010100001101000
0010011101000000
0110100001101110
1111100100100110
1111001011111100
1000100010110010
0101111101001000
1010101101110111
0101001001001100
1111000011000010
1001011100101101
0000001100101100
1010011110110101
1010101000000001
0001111001110001
1011001100011101
0001001001110000
0101110111110001
1000101011010010
0010111000000000
0101111000100001
1011100010011111
1101001110010110
0111001100000110
0111000101111101
0010100101010000
0111111101010000
0010001011000001
1001001011101001
1110000110010001
0010000010100011
0100110111001110
0111000000000011
1100000111110011
1000100111001000
0011111101110111
0010110111101100
1011101101111010
1001101111111000
0010101110010101
1000111011011010
1010110111111110
1011001001011110
1010010010011110
1111001110101000
0011011101100010
1001011101111000
0111010110100001
1110010110101110
1011101011110010
0100000111001100
0010100111101011
1001011011101101
1011010101010011
0101001110111100
1101101010000101
0001100110110011
1011100011111010
0000111100000101
1110001101000000
0101001010000101
0111110001011000
0111001100011100
0011100011101110
0111101010011011
0001001000111101
1111011001101111
0100101011000011
1000010010110010
0001111100010001
1000000010000011
0001111000011010
0011110111100111
1110100110110111
0001011001010110
1101011100110001
0101000101110000
1011110010000100
0011001011101001
0111001110110001
0100110011001101
1110100111110011
1011001101110100
0101001100011100
0100101011001110
1110100100101001
1010110001010101
1001010100101001
0001101111010101
0100110000000010
0111011011101001
0001101111100111
1001100111111000
1011100010110000
1101100010100100
0010101110001101
1000100001010111
1001011101000000
1111110101111110
0010000101101001
0000011100011110
1001100000001001
1001100101000110
1110111101111011
0000110011001010
1010001110101001
0111111001111000
0001010001100100
0010100011011000
1001111011100110
1000000010101111
1101111000000100
0010000110000010
1001101110000001
1000001100000000
1010111010110011
1011101101111100
0000101000000000
0101110011011110
0000011011010100
0001001011000001
0001000000010011
1000010111110000
1101000101110101
0111100010000111
1010111000111010
0111001001110011
0111110000101010
1101001001110111
0111110001011101
0100001110011110
0001111110010011
1101001010100011
0101110001011011
1010101011100000
0110011010101101
1111110010000110
0111001000001000
1100000110011001
0110000111110010
1101100010100010
0010001100100001
0000011110001001
0010010000000101
1011010001100001
1100101001010101
1000010110010110
1010111101010001
0101000111110101
1100010110001000
1111010010010000
0100111101101011
0100010000011111
0101010010010100
1100110000001100
1001100011100110
1101011111101101
1110000000100101
0101101111010000
0000111101011010
0001010010111111
0111111011100101
0001101011000010
1001001100011110
1011110010000000
1101101100100010
1100010000101111
1111010101000001
1010101110011010
1100001000010010
0100101111100111
0101111111000110
0011111111110011
0010101000100101
0101110110110010
1000101110101011
1000000101101010
0101011110000010
1111010001001110
0110111000111010
0001111100010011
