0111011001111101
0011111010010110
1010110011111100
1010010001101011
1101101101100001
1000110101111100
0100011100110001
0101001010101101
1111001011011101
1100000111000001
0011010100000110
0111111111011111
1000110101111111
0110000001000100
0010101110110001
1110010110111001
1000011100111010
0001101010101100
0011100111010110
0000111010000010
0000111001101001
1100101000001000
1010001010001100
1001101111000110
0010110110011101
0101011100011011
1000111110100100
1001010001111000
1101011011101110
0011010010111100
0000110111111100
1010010110010110
0110010011001000
1111101110011001
0000101011101101
0000111011111101
1110010111010110
0001110101100110
0011110000111111
1010100001001000
0010101010111101
0011001000010111
0100011111101011
0011110111110001
1101010111100000
1101111100001000
0100100110010000
0101111011010101
1011101111000010
0101100010011100
0000101000110011
1001110111010111
0001010010101001
0110000101101100
1100111001000001
1111011111100100
1110101101000000
0001011001101101
1100000110010100
0100001101010001
1010101100000010
1101001000001001
1001101110111101
1010100111100000
0101000000001001
0010011001001110
1110010001010110
1010110000000101
1010001100110000
1011011101101101
1111110100010010
1010111001011100
0101010000110111
0111001111101110
0000001100011101
0111000100011101
0010101000100111
0110101100101011
0000001111110010
0001011000110100
0110011111110010
1010001111001111
1011011011000111
1011011000010010
0101111010101010
1011110010101001
0000001011001011
0110110100000111
1010001100111000
1101110100011111
1000101001110011
1100111111101100
1111110011010100
1010111001101011
1111101000000111
1001100000100100
0101000100110111
0100100110110110
0011101100010101
0100011000110110
1111001001011111
1100000000100110
0100111000110010
0011001010101011
1100101110110100
1110010010111110
0110000111001100
0110011011100000
1011100101000101
1010010110001010
0111010000000010
1011111010101110
1111001000101110
1101010111111100
1000010111000101
0101000010111010
1001101111110001
1011110000110001
0000111000001110
0011011111001001
1111011000011100
1001010111010100
0101000001101010
0010100001011100
1000110111100110
0100011001010011
0011000001000011
1101011101000000
0011011101000011
0010011111100000
0100110010010011
1101010101100111
0100110101011010
1110101111110011
0100011010010011
0110010100111100
0001001110101100
0010011011001110
0110000011011001
0101001111101011
0010000001010010
0010100000111101
1101101000110111
0111101101111010
1011010101011011
0101010110010111
1000000101110011
0110111101110010
1110001010111101
0101010100000010
1010100011001110
1010110011000000
1001110101100110
0110010111111001
0010000011100101
1110010101110110
1110101111100010
0111101101010000
1111011000110110
0000101000011001
0111011001111001
1011001111001010
1111100010100011
0000001111000001
0011111000000110
0111100100010011
1111011100001011
1011101111101100
0110110001111111
0011110001110001
0010101111010101
1111000101011111
1110100100001001
1111011011111010
0011110000000100
1000101110000101
1111111011110100
1011001110100010
1101011100110111
1001100010110111
1000110001001101
1011010010110101
1110010101011100
0110001001010001
1101001100001001
0111111011100000
1001010101010110
1101011010001001
1000000001101011
1000100100001101
1001100101001011
0101001110111011
1011111110111111
0011011101101110
1000001110111110
1110000101001100
1100101000010111
1010001011010010
1111101011001101
1110110010111100
0010001110100110
1000110010010101
0101111111000000
1010000010101011
0101011001110100
1010011010100000
0010000111111100
1010110101000001
0111011011000011
1110000110100011
1101011100001101
1000010100011100
1011000110000001
1011000011111011
1111000000111111
1110011101100101
0011010111001001
0011100110001100
0000110101111100
1111101010110000
1000011111111001
1010100010011011
0010011010011001
1110011010110100
0010110111100000
0011010111000011
0110111100000001
0010001000111001
1111010000010010
0001110010110101
1000011011110010
1000111100110010
0001011011001101
0001011000110001
1100100001101011
0110000101100011
1100000101011011
1110111010111001
1010000100100011
0001100010110110
0011110110110111
1100101101100100
0000110011001000
1001101111010011
1111111001010101
1010000000011111
1100010001000101
1000111001011011
1011100100101100
0011111010101010
0100001101111101
0100010000010100
1101011000001100
1011101000110101
0000000010011011
0111100011101100
0011001000011001
1101100000011001
1101011001011010
1011101011001101
0100110010011010
1001011000001111
0011010001111011
0101101000011000
1110100011100000
0100000100110101
1110000001000100
0010001010000000
1011111011111001
1001001010101111
1100010100000110
0011111010100100
1000001011111010
1101100111100000
1010100111111010
0011010001110110
0001000110111101
0000001011001101
1100000011110000
1101010001000001
1001100010100000
1001000010001101
0111001011010011
0100110010000000
0101001111100001
1001000100100100
1000011001010000
0010101100100110
1011001100111000
1110101110000001
1011010011110111
1111001001000111
1110001010001001
1000011111000101
1000110100010100
1111010001100000
0001000111010111
1100101100011011
1000000101110110
0001010001001111
0101010100100101
1100000100101000
1110111011010100
1010100100110000
1101100011110010
0000010000010110
0011010100110011
0000011100111100
0111000001111001
0000101011111110
1111101000110110
1100110000000100
0001010100001100
1111111101110110
0111110111001001
1100110011110100
0010100000010101
1110001001111001
1001111011001110
1011010000010001
0100100011010111
0001100111111111
0101001101111101
1001100011011011
0111010101011010
1001111111111100
1001110101101110
1010101110100100
0001111101101101
1111011010000111
1000110000101111
0010110001111100
0101101101000110
1010101001000010
1110010010011111
1001101011100110
1110000000110100
1010110000101001
1001110101010011
0110101101000010
0010010001110011
0101010000101010
1011010011001011
1111011110101101
1110100010101000
0100010111011101
1101010110101010
0111001000101011
0110101100101100
0111101101101100
0101110111011110
0110011000000101
0011111000101001
0101010100101010
1111100001111011
0100110010010011
1111001111010011
1111110101101111
1011101001100010
0010100001100010
1100001001000010
0110111111101001
1111101110101000
0001000010000110
1000100001010000
1100101111101111
0010110100001101
0010110101111111
0100000001000011
0011101011111100
1110000111000100
1010110001101110
0011111101011001
1001001001110111
1011101001110000
0011000110010100
0110000010011110
0101111101010000
1101010101010010
0101000010011010
1000011110101111
0000110001011101
0001110010011100
1011101111110110
0000100000010100
0001000001110101
1110101000101001
0111100010000110
1001111101101101
1111100110111000
0111111010110010
1011001010001011
1010100000100100
1010111101101111
1000000110111111
1110111000000111
0000011010001011
1101011110001101
1010001110011010
0011100010100100
1101010110000100
1010111111101010
1110011011110000
0111101100011010
1100111011101011
0110111101111111
1100101010000010
0101010011101110
0011110101001011
0111001001000111
0100100100001100
1101111001111000
1001001000110010
1000000100001000
1011010010111000
1110101001011111
0001010100001111
0110101101001000
0010111011010111
1000100111110101
1101101101000100
0000110101110000
0111001000101000
1000100011111000
1111111100110101
1011011101111000
1001111010101101
0111101000101101
1110011100001001
0100001010001101
0111001111001001
0001111001111101
1110010010010111
0111110100000001
0101100111000011
0110100100110101
1010111110010001
0101111001100100
1010111010111101
1001101010111001
0110001011001000
1000100111111111
0001010111110000
0001000101100000
0111001110101001
1100110001101001
0001101010011010
1011111100110000
1010101000010110
0010101111000100
1011011000010010
0101100010100000
0101010011010001
1000011011000110
0110111000011111
1100111110010110
1101001110001111
1011101101111001
1010010110100100
0001010111110001
0110011001001100
1111110010110011
1001111100011000
0000110101001001
0110000100001001
1111010111111000
1001010000111011
0111011000011110
1111001001101111
0001101011010010
0100111100110001
1111001000101110
0110101000000010
1001011010101101
1011000001001110
0010110001011110
1100010111000011
0101001001101001
1000010011001010
1111110101110000
0001010011011011
0000011110010111
0111001001110111
0001000101111011
1111110101111110
1001101101111101
0001110001111010
0100101100111101
1000000001000110
1100011010001101
1011100011110011
1001011011111111
1000111111000011
1001010011111100
1010000011111110
0101111011111101
0101000111110011
1010001010000100
0111000111101010
0101001111010101
1111101001110101
1001000111011101
0011111111111110
0000111011111100
1100110110011100
1001100010011101
1000111001111010
0010110000100101
0100001110010100
0110011101101001
1011001000100110
