1011101001010100
0011011010111011
1111111110010110
0010100111010001
0000111111101001
0101100011110110
0011110101011100
0110000101101010
1011110101100001
0010101101011001
0101000110010001
1111111100110101
1100011010010100
0101001001100001
1000110100001011
0000101001111000
0101011001011111
1011100010000110
1001100111111011
0001110010100110
1101101000011111
0101001001101100
0000101010101001
1001111110100101
1001011001001110
0010101000001110
1011000111110001
1010101111010111
0000111010110101
0011111101011011
1011000001010101
1010001011101101
0101101010001111
1110100010110111
1111111011000001
0110001100101100
0111111100000111
0010111111011011
0011101001110110
1010101010010110
0110101001101010
0101011010101011
0100101100111111
0011110001001001
1100110100011011
0000010101111011
0001001010110010
0000011000010101
1100000110001101
0011001000000000
0011100010110010
1001100011010000
0110010001110010
1011001101001011
1110100010010100
1111100101111100
1101100101010000
0001111000000101
1001111001001101
0101100100100010
1011111010101011
0001001101000001
1111001001001100
1010001100000011
1110110011000101
1100110110110010
0101110000011000
0011111110111101
0011001010001011
0010111110111111
1101101111011101
1110010110101100
0001110001001010
1100000011101100
0000000101100101
1100011011000100
1000100100001100
0110010100110101
1111000010110001
0101011001001001
1110011000001100
1011000100101101
1001110000000101
1010101100111100
0011001010111001
1001110111111010
0111111101100001
0110000000100010
1101110111100011
0000100011010010
0001000011000100
1101010010110111
0101010101100011
0010111111001000
0110010010011101
1011000001000111
1110101101111100
0000110000011000
0101010011110000
1101110000001000
0011100101001000
1001001100000111
1010011000100111
0000000010101001
1110010101100101
1001001101111111
0110100010100001
0010101101110101
1110001111100000
0110111101110011
1111000000100101
0101100100010100
0101100000011001
1011110101101001
1101101011010000
1011000001101101
1001101001000101
1100111111000110
1111111000101100
1111011101011010
1010111101101011
1111100110100001
0110110010111100
0001010111001111
1100100110000011
0000010010001000
0011101110100101
0100011101000011
1110111101101101
0011001101000000
1001111001000011
0000001001110001
1101010101111100
1100110110111110
1111000101111111
0010101101100001
0100000110011101
0001001100010110
1110010111100110
1101010101110111
1000101110001110
1111010100011111
1111110110010000
1110100111111101
1100011110001100
0100100110110001
1100001011111101
1000000001111111
0010000001011111
1010100000010011
0110011111000010
0000001101111000
0000011110100011
0001010001011000
0010000001111011
1110010110000000
0110101000110101
0001100100011011
0101001010000111
1101110110111000
0000011011001110
1110011010011011
1101001011000011
1000011010011110
0101110101010010
1100010010010110
1100101000011110
1000011010101011
0100101110111011
1011100000011100
1011000010011111
1010000000101110
0010100001010000
0110110011100001
1100011111000110
0001011000011111
1111111111010001
0111000001001001
1101001000100110
0001110111001001
1011000001001110
0001000100111100
1011111010010110
0000001011010010
1011011111010100
0100101101101010
0111011010000011
0011010010110100
1011010111011101
1110011001000000
1011100001111011
1111011011101111
0111001100111100
1110100001100111
1111001001011110
0000101110110111
1100101010001000
0111100100011010
0110011111100010
1011110000100100
1110100101110011
1111001000111000
0001011101001111
0000000111001100
1011010011011001
1101011100001110
1000001110110000
1110101110101010
0010010010110111
1111011100000100
0111111011101011
1000101001000001
1101101101110001
0001101101001000
0000100010000000
1101011001011000
0000110101011110
1100001011100010
0000011010010110
1010101100011001
1010100001011000
0101110000010101
0110011011000111
0001000000100100
1000010101100011
1100111001010000
0100100010011111
1100011101100110
0101001111001001
0011001000100101
1111001010011001
0110111111111000
0111100000100110
1101000111110011
0111101101110010
1111111100111101
0000011011100110
1111000011100100
0001000010001001
0100010111011001
0100001000100100
0101001000100001
1010011101110111
1010000010110111
0011110101011001
1101011010010101
1110111111010101
1100001110011101
0110100010010000
0010101111111100
0011001100101000
1011110000111000
0111000101100001
0111001011100110
0000011000110010
1010001001100100
0001101001111110
0011101011111111
0110001000111111
0110001010001000
0110000001010110
1011010111110100
0110101111110001
1001100100011110
1111110100010010
1110001001000011
1101001101101110
1101101110000000
0110101010100000
1111111111001101
1001000000100011
1100010001101110
1001010001100110
1010111100101010
0000000101101010
0101100101010101
1010011111101101
1110100110110000
0101110011101101
1011001101101011
0011110001011000
0111101011100011
1110001011110000
1110011000000011
0001001001100000
1011111011100001
1010101000011101
1111000011011111
1011100001001110
0000100110101111
1100001000101111
1010000100001110
0101011110011110
1011101001100011
0110010100100100
0000000111110011
1001101111010001
0010101011001110
1001110010010010
0111101111010010
0000000010100100
0101111111100000
1111010011011111
0011011100110000
1000010001010001
1110111111011100
1000011111000000
1010001111000110
0000011111101111
0010101010011101
1101011001010001
1110010011111110
1010010100000101
0000001111100110
1101100100111011
1010111000011000
1110100000100100
1010100100011001
1101001111010010
0100100010101101
0100100101100101
0000100101110101
0110011000011011
1101001001001110
0000110010000010
0011011010010110
0111011110111011
0011000100011011
0111011111100011
1111100100110000
0110100110010100
1001101010111010
0101101011111010
0000000011001110
0001000110001111
1000000000101011
0110011011001100
0100110100010001
0100000110010010
0100010011110110
1110001010111101
1010101100101010
0101001100111000
0010110100001000
0010011001011101
0001111110100000
0000010010001010
1001100011110111
1010111101010011
0110101001000001
0100010101000110
0110111100101011
0101001101001001
0011101110101100
0100000110011010
1010011011110010
0001011101010000
1110001111011011
0001001001000000
1010110010100010
0000110100111100
1110110000010100
0100111000000000
1011011001110110
0101011010000010
0010111001110100
1110011111111011
1101100010010101
1011110100001001
0011111010110000
1101000100000110
1000110100011011
0010011001001101
1100110110111010
1101111010110010
1010010000001111
0110001111010100
1101010101101011
1110000110101010
1000101001110111
0001100000101111
0100101000001010
0011001011011000
0011100111101001
1011111110000010
0011111010101110
0110110100001111
0110111010101101
0100000001111010
1001011011001011
1010001111000111
1011000011101111
0111001100110000
1110001110110111
1110111110000100
1100101011001100
0001001101010011
1111010000000001
1010001011010100
1111001010100111
0000110001001011
0111010101001111
1011001111010110
1010111000100000
1011111111100011
0110001010011010
1000001110010001
1001110001110010
1110001010100100
1100000001101001
0001001100101000
1001000110001010
0011001000100010
1100000111111101
1010000111001111
0101001011011011
1000001001100110
0010101011010111
1011111011001110
0001100100110001
1100011100110110
1000001011101011
0110001111011000
0000010110001111
0000100101100001
1001100101001011
1010100100010100
0010111100111100
1110000110011001
0110101101111100
0010110001000011
0110010010111101
1010001011011010
0010000100010010
0100110111000111
0110101100001111
0001000111101101
1110001000111011
1001001000000011
0100011001001010
0001010000000000
0011101000000001
1101110001101010
0000110100100101
0010101100111000
0011100101111010
1110011011010110
0010010100111111
1111100001011001
0011011010000111
1011110101101100
0100111111110010
0111111111001001
0011100110011001
0101101100100100
0001011101110111
1011000001010011
0111011010110011
1111111001001100
0101100000100110
0011000001010000
1111110010100110
1000100100000011
0011111101111000
1111111010110100
0110100111000010
1010001111101000
1010100110100001
1000101000100011
1010110110001100
1001001010001110
0110101110000011
1001001010000100
0010111111111001
1111010111101100
0010010000110101
0110100101100110
0011000101011100
0010100100001101
0111000000001111
1111000000011000
1111010011010100
0000001101101011
0101010000010111
1101001001001101
0000100111011010
0100000101010100
1110011010010100
0001111111011011
0011110001110011
1100011000010000
1100010101100100
1010100000101111
0110110101100011
0000010101111110
1101010110111011
1110100010110100
0101110011110010
1100100011000001
1110000001111001
1000001110111100
1100101111111000
0001000101101101
0001011100010011
1010111101000100
0000110000010100
0010001101110001
1000110110100110
1111001100110111
0110000100100110
1110011011001110
