0011001111111011
0000001110101001
1101001001001000
1000111011010100
0101111111011010
0001011111011110
0001111100010111
1011000110111101
0110101101110010
0101110011010111
1010010010000001
0000011110110001
1100011010011101
1101100110100101
0111011111010000
1011100010101001
0100101001100100
0001111000010111
0101110011000111
1100101110111111
0101111101010101
0101000111000011
1111000000101101
1011100100010010
0101111100111100
0010011111000111
0100010010111110
0101001010110000
0101010100000011
0000010111000101
1111111000010011
0000111111111101
0000110011100011
1110001111100101
1111100101110110
1101111010101010
1101110000100011
0000000011111000
1111010100111001
1011101001100111
1001001011010101
1111101001000000
0111000011010110
0011010001110011
1000000101100100
1111110111100000
0100010001101010
0000001110110111
0011000100000110
1101000100000110
0100101100110101
1110010110000001
0101110000001101
1011101011011011
0001101010101110
1100110011011001
1001110000010111
0101011011111110
0011111100110101
1010010010110101
1110000001100001
0101111010010000
1001101011000100
0001000111101000
1111011011010010
1111110110110111
0010111010110111
1010100100001111
0101010101101000
1110101001010000
1001110000001010
0110011101001101
1110100110101001
1001111101001000
0011101100000101
1000101100111100
1111111011000001
1010011001010111
1110110001010101
1011010010101010
1001110100011010
0000110100001101
1000011010010101
1001101100110111
0010101111101111
1001000001100000
1010101100100100
1111001011111110
0111001100011100
1101100100111000
0001101101100000
0000111011100101
1111101000110111
1010011010111101
1101110011111110
0000111110010010
1001100001110000
0010100110110110
0001111010101010
0001111010010111
1000100010110101
1010110010111100
1111010110111000
0100011011000010
1111001011001001
1001111010000111
1001010110100111
0000110100011101
1101111000011111
0001010101100100
0110111110100001
1101001101000000
0110010001101100
1101000101111000
0001110011011110
0100111110001001
0001101000100111
0100100001110011
0000110011001000
0000011110101011
0101001010100011
1011111101101001
1001000111011000
1001110101011110
1011111011011111
0011000000100001
1000010001000011
0100011000111101
0110101111000110
1000110110101011
1001110110001100
1010000001100101
0110011100010000
0011101100101101
0001001010100010
1100010011110100
1111110100011011
1111011110101000
1111101100110110
1100011010010101
1100110110111111
1001010001010111
0001100110010111
0000101100110010
0100100001100110
0001110101010001
0011011101110000
1000100111000000
1001110101001101
0001010101001101
0110111101101111
1001000100000100
1110101100110001
1101001011000101
1101101110001111
1000011001111111
1000001101110000
0101110011100001
0101100000101101
0110011011000110
1010011011110000
1011101110111101
0110001101000110
0100110110000001
1111101110101010
1111001110000011
0101110111000010
1000101101111101
1101110111000001
1110001110001001
1010110001011101
1110001110100110
1101000001111000
0001011001111101
1011101010001100
0101110011110011
0000000110110110
1111100101011101
1110011110000101
0000011101101000
0110011101101000
0011101110000100
0111101010011101
1001010001011111
1001101100001011
0011010010110001
1000001011100100
0110101110010000
0111111101111100
0101101000110100
1110001001110010
1001011100110001
1010001111010000
1100111111111011
1100101001100010
0110010010111010
1100000010101000
0011101001001100
1010100010110001
0111000011111011
1101001101110111
0100110111111010
0101001001111111
1010101100100100
0110001010101001
1111110011011110
0010110001000001
1011100000001010
0010001110001110
1000101011000101
0111110011110111
1101110110111110
0110100001000001
0110110100111101
1000000010100001
0100001001001111
0100001001011111
1001110100010110
1010111001001010
0010011110100001
1110110110011010
0100001111010100
1100001000011110
1010011110000101
1010100111111100
1101011111001100
0000001001000110
1100000101000011
0101100010011101
0010100001111000
0001101000110001
0101101011010110
1000100101001101
0010011111010000
0101010110101000
0010011000011100
1011011110110100
1101100110000011
1000000111000101
0101100011010110
1101010010001000
0100100001111000
1100100101101001
0101011001101101
0100100100010001
1010110000011001
1001010000011101
1001100010101101
0011010101111010
0010100001000011
1101010010001101
0100100001101100
1111010011110000
1010011110100000
0101100101101011
0101100001010001
1111000110001001
1100001010000010
1010101101100001
0110110100101101
0010000011001110
0011101010110001
0100010001001100
0011001000001101
1101101111110011
0011001110100010
1110010110010001
0110000111110101
0011100011010111
0011010010001100
0000011010000011
0111001101010000
1010101111110110
0010110010100000
0000011101101110
0010111000101000
0101000000101110
0110110000111001
1010000100001110
1000011010101100
0100000000011011
0001110101010000
0110100010000100
1110011001111101
1010000100001111
0011110100101000
0000011001000001
1001111101110011
1001000101111000
0111000101101010
1101000010111101
1110000100101000
1011000011111101
0000000000010010
1111001011010100
1011011111110000
0001000001010011
1000111000110111
0001100000111001
1100000100101110
1101010100101001
0110001110011111
1110001011101111
0110011110111100
1110110110000100
0100001000110100
1010100110111001
0000000101011010
0010111000110010
0100101001010001
0010100010001001
1000011100110011
0110111010110011
1100101111110011
1111101011010100
0010011011101011
1110001111110001
1111010010111011
0110100111101100
0100101011111001
1111100010001101
1000001100010101
1000011110111101
1101110010111101
1000000010010000
0101001011000110
1000101100010111
1101010001010010
0101101111011011
1110101100001001
1100111011001010
0101110000111011
1000011101101111
0111000000111100
1010000110110111
0110111001101010
1010010011010001
0111101100001000
0110000000110111
1100111011000111
0000110110011100
1101100000011111
0011000011010000
0001001111011001
1001100010010010
0100101011011110
0001111000110110
0000110101010111
0111111010100011
0011010000111010
1010110001111110
0000001000010110
1100111110101010
0000110111001011
1100001011001011
1110011011001101
0011010010110111
1010000011001010
0100010110000011
0010100101010101
0110011110011000
0111111010001010
0101010111001100
0110100111011110
0001011001110101
0111111000001010
0011011110010111
1010011001000001
0110110001000000
1110010011110100
1001011101101010
1001100000011111
0001111001111000
1000001000000011
0000101100000011
0101111011001110
1101101100001110
1000101101110000
0000000000001001
0000111010011011
1110011011110001
1111111110100001
0101001100010011
1010010010111010
1000010110011111
0111110101001111
1100101011011111
1100100100110100
0010100000011111
1010111001101111
0100100001100100
0010101011110001
0110101110011000
0111000110011101
1011000101101011
1111000000000010
0100000011110110
1010001011100101
1110000010010111
1010001000001001
1111110111110100
0001100111100100
1111111110010010
0101010110101110
0100000100111111
0101001000000100
0001101111001001
1001101010001110
1100100110010011
0100110110011111
0010111011010011
1011001100111010
1010111111111100
0011110011011111
0000101100100010
0010110001011100
1011111101100000
1010100110100101
1000010111111100
1110100000111111
0001000100100101
0100011100000110
1001101010110110
1011111100000100
0111101010101100
0100010100111111
0110111101100001
0110111111101000
1100000010101011
0101001100001001
0110110011001001
0000101100011110
1001010011000100
0111011111100011
0101010111101111
1011011010000101
0111000101001110
0110101000011000
0111010010011100
1000100010011001
0111000110011110
1101011100011100
1111101100010111
1000001011100101
1011000100010010
1010010011101011
0011010000011000
1010010110000111
1111100110110010
1001010111111001
1011000101111101
0111101110010101
0100110000011111
0000011001110011
0100000101011100
0100111101001010
0000010111010100
0100010110011010
0101101001110010
1000000110001110
1110100110011010
0001101001010110
0111101010111110
1101101010101111
0011000100000101
1110110010011101
1100101111010111
0011001110011011
0100000111010011
1001101000011111
0101011110010110
1110110100101011
1101000011000010
1100111001001001
1010111010001111
1101111000011111
1111110111000001
1001111010101001
1100100100101100
1010100100110100
1110011011111000
1010010111101011
1000100101011101
0011110110111011
0011001100111011
1010001101000101
1100100100010000
1010100001101001
0101101010111111
1100110001100101
1101010110000001
0110011001101101
0000100000011011
0111111111101010
0100101000100000
0110100100010111
0001101100100011
1010011110110011
1100001000100100
1010000001001011
0001001000001011
0100100100110000
1100011110101001
0111110011100010
1110000001000001
0000001110110101
0101110001011111
1101110101001111
1001010010011100
0010110110111010
0010110110001101
