1110000101010110
0011011111011000
0010001010101111
1100100010101100
0101111100011000
0010100001111100
0110001000111001
1111111101100010
0011000001000001
1010001000110000
1111001111001010
1001101001110100
0100000010100100
0101110000110101
0011011011110011
1100111100110001
1101110011001100
0100011110101101
0100100000000000
1110010000100011
0110000001001100
0001100011110011
0111010011001100
1000001000011010
0100100000001001
0011111100101101
1000000101000100
0100101101001100
1001000110111101
0100111100100101
0110010111011011
0110011100011111
1101001100111111
1110000000011010
0101101111101011
0010011000100000
1001011101111110
0100001010001111
0010011001100001
0010000001100110
1011000100101111
1000011011111101
0110100011101100
1110011101001000
0111100000110110
0000011011011110
0001001101010100
0010111101110010
1001110101001101
0111011010010111
0000010101101000
0000011110111001
0010010111110100
1010010101001110
1100011111110101
0000000010110000
0111111000011001
1111001110111001
1110011100110101
1001000110100111
0110001111000010
1001100000111010
1000010001111010
0100101100111100
0001000000000101
0100101111001001
1100100011100110
0000101011011101
1000011011100010
1101100111001100
0110110011100000
0100001011111110
1100001110100111
1110100101011100
1001101111001010
1010111111000111
1111010011010000
0110110100100110
0001001001111111
1101101010100100
1100001001111001
0100110001010110
1111001010011000
0011001110011101
0111000111110111
1101011001110001
0100111010011000
0010001101011001
1010100110010111
1010011001011000
1001001110010100
1110001100001000
1101100111001010
0011101011101100
1110001001111010
1100111000000011
0111101011010011
0011010000111000
1111010010100010
0010001101111111
0101100001000001
1101010111101011
0011111010101111
0011011010001111
0010100110011010
1101011110010000
1011110111000111
0000100001011101
0010011111110100
1001010001001010
0101011010111100
1110101111100110
1110101111111110
0101010110001110
1100010011111110
1001110110010101
1001000011101101
0110111111111011
1010111010101001
0001001100010101
1101101111101101
0000000011111001
0010101101111101
1000011011011010
1010010010001110
0000110111011011
1001001110101011
0110011110101001
1110010011010100
0100010101101011
1001100100001011
1101000100111000
1111001111000010
1111000100111111
1111111110100100
1111111010010100
1001000111000010
1001101011001010
1111100100101110
1110000010110001
0001100011010000
0100000100000010
0010101011011100
1011111010010010
0011010001100110
0100010111010110
1110110010000100
0010111001011000
1110011110001000
0110011001101110
0010101011101000
0100111010001010
0111001010001010
0101000110001101
1101111110110011
1110101100011110
1001101111011111
0001010001110001
1100001100010000
0010000010010000
0000011100000000
1110101010000011
1011110001111000
1011111001111110
0000011000110111
0100100100100010
1011000011011000
0100100001110011
0010000101000101
0001110000001111
0110011010100100
1101100101011100
0011110110101001
0101010000100010
1101111011110111
0011100101001100
0011001110110111
0000111111100000
1110001000001100
0011001101000111
1110011111111111
0010100111010110
0111111110001001
0100011101101000
1011110111110010
0000110101001101
1011111010100000
1000001111111010
0000100001101111
0110100010011101
1001100000101001
0101011100101010
1011000011101100
1011101010000100
0111001000110100
1101101011000100
1110000101001100
1100011101001000
0100101011110110
0011110101100101
1011111111011100
1010101000111111
1011011111101110
0001011011100100
1011110100100101
1101111011011100
0011111110010111
1001010111110000
0101111101001000
1011100101111011
0001111001111001
0001000011010101
1000011111111100
0001010111010001
0001010110000000
1011000010100000
1101011110111101
1100000100111001
0110111101101101
1101010001111000
0000100101000100
1100110100100111
0011110010001110
1100011100010101
1111110101110101
1000000111010111
0010011111000101
1011100010111111
0001011000011011
1101001011100101
1111110001100100
1111100111010011
0111101000111000
0101100010111011
1010000110010001
0011101110000001
1001100010101111
0000010101101000
1011000011101000
1000000101110110
1111000101010101
1101110001000110
0111110101111101
1110110010101001
1000111110000001
0101000111100011
0110010111100111
1011000101101100
1110001101001011
1111000100100110
0111001000111001
1111010011001111
0101011100111110
1111101100111010
1000110010010101
0011001001110101
1101001110010011
0011101000101011
1101010010000101
0111100111010011
1111100100111010
0011100010001011
0111101100011000
1110001000010000
0110110011010000
1101101001010010
1001010001001011
0101011101001111
0000100111000110
1001010101110111
1000101011110001
1111111001000110
1111101011111101
0001011110110001
0101110110001110
0111011100010011
0111011100000110
1100000111001111
1101111010010110
1100101000100010
0010010010000110
0010000101001001
0011000101001100
0110010111111001
0011001111001111
0111010101010110
0111011110011111
1100011110000010
0000111000100110
1011111001110100
0001011010101000
0110000101011101
0101001111011111
1010100010110011
0000100011000011
1010000000111100
1111100010111110
1110110111110010
0111010101010011
1000011101100110
1001010111100011
0100001001010011
0000001101111011
1000001111010101
1010100101111010
0101100111100010
0000010100111001
1100101111100000
0101001101011110
1010101110001010
0101010111110101
1111010010110010
1101000011111110
1101011010110100
1101001000010011
0101101110011111
0101000000000110
1010001000101110
0101110010100111
0100100011000100
0001000001110100
1001001100100001
0111000110100010
1100110001110011
0011000001000100
1000001010000100
0001000100110111
0100110001010010
1101010011111010
1010110111101011
0110111000111111
1101011010111011
0010010001011010
0000000110100000
0101111000011011
1111101111110110
1010011001111101
0001100010000100
1110010001010101
0111101011111000
1010001111000101
1100111011000010
0101100110110110
1110110110011011
0001110000011110
1011110100100101
0110000011101100
1110011010010010
0010011101100111
1001100011011010
1111011000111000
1101010110011100
1000001111001101
1000011111111011
1010010111101011
0011111000111010
0010000011000001
1000101011011100
1011100010001001
1110100100011010
1010101010101000
0001111101000111
1111101000011101
1110111100011100
1001010010011001
1000001010110110
0011101000110110
1100000011011011
0001110011000000
1111011101101110
1101000100010101
1110010101110100
1010001000010010
1011001011000100
1111001100001100
0011000110110010
1111101000010111
0111100001011100
1111110111011101
0101010001010111
1000000011111000
1100001000010110
0110000110001101
1011011010101010
1100100111000001
1011111001100101
1010011100001101
0010001110101100
0011111011001011
0010110100100111
1111011101100110
1110001110001100
1001001111110000
1110111100011010
0001110101101110
0001101111101010
0100110100011100
1111101110101100
0111000001011010
0000010110110101
0001110111111010
1100001001101111
1011101100111110
1100001111101000
0101010110110010
1111111010101111
0011010011000000
1101010101010010
0010001000010111
1000110100001111
1110100001111011
1010101101111101
0101100100111000
0000111010001011
1000111100101110
0110111011111001
1110001110101100
0101101001000101
1101001010001001
0010010101010001
1010101101110110
1110000100011100
0011010000101100
1100100100111110
1011100010011011
0101011110001010
0100101001101001
1001110001000011
0010101010100011
1100101001100100
0000110010011101
1100110110100111
1011000100011111
1011111000000101
1010110000011001
0100100000111100
0100001111010001
1010011101110111
1110100010010000
1100011110111101
0110011111100111
0100111101111010
1001100001110001
1101110101000001
1111000001110001
0111111110011111
0001110001001000
0111011111001111
1010001000010011
1111000010101001
0001111011101000
0110011010100010
1110011001101100
1011110011111101
1101000000010100
1110010100000101
0110011100101010
0000101110101001
1001000110011111
1100110100011110
1000101110101000
0100111110101000
0010001101011110
0101000101100111
1000101111010101
1011101001100101
1000000101001011
1111010010101111
1000101101010001
0000110000010011
1101011010111011
0011110000110000
0010010100111011
0001010010110010
1010001010010101
1101100100101110
0011010000111101
0001110110011110
0000100110101000
1101001100001011
0100100001110010
1110110110010110
0101010100011100
1000111010111101
1010110110001101
1000001100111000
0110011110110111
0010101001111111
1111000000100111
0011111110110100
1101111111110000
0000110101000111
0101010101100110
0010010010011110
0010111010001001
0011011000010111
1001000000111111
0100011100111000
0100011100110111
0101000000001001
1101110011111111
0111000111010010
1111101011001100
0000100000111001
1101011011101001
1010011111010010
0011000011111110
0001111110001101
1110110000011000
0100111101110110
1011000001001000
