0001011100001011
0110110100101100
1111100110111011
0011001110000111
1001001001100000
1111011100001111
0011001100001011
1100100100001100
0000100001011101
0100101111110111
0011110111101111
1011100001101000
0000100110111000
0011110011010100
1010001001000010
1011111010110000
0101100101110011
1011001111100101
0111110001100100
1110100000110110
0101000100000001
1100111000100110
1001110111100001
0010101000011001
0000110100110010
0011110001100111
0110101000101110
1011010000110110
1100000011110010
0101001100010000
0010111111111100
0111000110001100
1110101111111110
1010110011100101
1110110000000011
1011111011100110
1001010100010001
0011000100010010
0000101110101001
1100101010100100
1111010010101010
1110011001001011
1001000100011110
1011110101010000
0011011111001000
1001011100000111
0110000110000001
0111110000001101
0001001100110101
0001100111011111
1010001000100100
0110001010100111
1100001000000011
1010110000110000
0000000110000100
0001011011010001
0101101110101000
0000001011110011
1010111010001010
1011001110101111
1100111101100010
1110100001000010
1101110111011001
1101100100010100
0110011000110001
0101111110001010
0001011111011100
1101011101011101
1100011011101011
1111000010110111
1110001010100100
0010011110001100
0111110000011011
0101100001101101
1101111111110001
0100001111101001
1000110110010111
0000001000110101
0010011010000100
1100100000011111
0110010111001110
1111100001000101
0001000110000011
1011111101101111
1001111110001001
1001010111110111
1000100011011110
0100000110011111
1001011000011100
1111100100111001
1011011110000010
1011111111010011
1000011000010111
0011011100111011
0101100011011100
0000110001010000
1100001000111110
1001010010110000
1110000111110000
1101000001111010
1101001100010101
0100111110100101
0100010011011100
1001100111000011
1111000110110010
0011010011101100
0101100000010100
1111010110111010
1000101101001011
1111100111000111
1001111010011011
1011010010001001
1010010011100110
1101001000011001
0100100010011110
1101001010010101
0001110001011010
0111100101100100
0000001110111101
0011111111010001
1101011011001001
1010011000110001
1000110001010001
0111100011111011
1000011000010111
1011110001011110
1011001000111110
0100000101101101
1111100111100001
0101111010011100
0110001011101100
0110100000110011
1101010110000010
0111110001010001
1101111100101100
1100010011000001
0011111101111110
1110011010101101
1010010111100110
1010001000100001
0100000101011001
1100110010111011
1101011010011011
0111001011110011
1001011011101000
1011010111000110
1111101100000011
0101101101100000
0000100110100010
0000001000110010
1001100001110010
1010100100101110
0111000100101110
0011001100010110
1000100001111100
0110110111001101
1100000001101100
1110011101000111
1000100111111011
0111111000011001
1111000101111110
1100110010000000
1111100100111000
1000101000110011
0111111101010001
1100111111101110
1110111010011100
1101011111010011
1111101011110110
1110011100110000
1110000111100101
1001100111111010
0100001010001011
0111001011101101
1110000101001110
0101100101100100
0111110011101000
0010000100001000
0011111001111110
1111010111110011
1101001010111010
1001111000111110
0000101110111010
0110110111010111
0000111110001011
0101101110100101
0101100010100110
0001101000101101
0000011100001001
1111010011001101
1000001011110010
1010001000000011
0101100001110111
1001010001001011
0110000000011100
1001111100001110
1011100001000011
1101110111011000
1010001010001100
1000011100111101
1101010100011001
0110111000101111
1100100110000011
0100110100010100
0000001111000001
0010001001100100
1001010100011111
0110000010101111
0001110000001100
1011110110110011
1000110101110010
1000001110000010
0000100000100010
0101000000011101
0011100110010000
1000010110011010
0111000111001110
1100110001001101
1111100110100010
1011100011011011
0111110101111101
0101101101010001
1011100101101011
0101001011111111
0000010101011001
1101111100100001
0000000000001111
0001110111011000
1010110001110001
1001010101011101
0100111010001111
1011100110110010
1100001001110000
1110011000011000
0111001000010011
0111100010100100
0001100000101000
1001010110111111
0110011111011100
0000101001010001
0100010101011101
1001011101111101
0101000101000101
0010001101011011
0111001111010111
0000101110101000
0110000010001100
1011000010011011
0000011000100110
1100111110000111
0001110001001100
1011001110100011
1011101100101111
1110010110010111
0001101010000000
0001110111001000
1011010011000100
0111110110001111
0001100100101110
1001001101100001
1101110110101100
0011010100110100
0100111111110010
0100101000010001
1101110100100111
1101110111110001
0001000000111110
0010010001011111
0101100111011010
0010100111000011
1010010011100100
1001100101001101
0100010011011110
0100011111011011
0101100101101111
0000000111010001
1111000001111100
0101111101110000
0110001000100011
1010001010001000
1110110110011101
1111001010011111
1100110011100100
1101000111111011
1011101010010100
0101001010111011
1000111011010100
1011011110110001
0001111110010111
1101111111010111
0110111111000100
1010011001111100
1111011100110110
1010011110000001
0110000011110101
1000110110110110
1111100100100111
0111010110000000
1010110001110111
1001100000100100
1000100000100110
1010111111101001
1101011100111110
0100000111101000
0001101011111111
0000011000111011
0111000111110101
0111111000000000
0001101011101111
1111000111101101
0001000110100100
0101110100011101
0000111111110100
1101100011110100
0001010111010010
0110100100101001
0110101011100001
1110110000011010
0100010011101100
0110010101101110
1100001001011100
0110001001100111
1100111000110100
0010111100010000
0011110001011011
0000000101100010
0001101001101010
1010100100001110
0110001000110111
0101011010101100
1000001100010101
0110110101011000
1011000100000010
0011100110110010
1010111110001110
1111100100010110
0010110000101000
0011110010110100
0111110101000010
0010000001011101
0001010101011001
1100111010000010
1100111000111100
0100101111100000
1101111100111111
1001001011111100
0011111101111100
0101111101011010
0100010101011110
1010011010001010
1101111011000000
1001110011100110
0001011100110111
0010000011001010
1001111010110011
1111110110011000
0000011111001111
0100111111001010
0000011001011111
1011100110100000
1100000010100011
0110110000000001
1110010010010011
0011011011001000
0100001011001101
1100000110010001
1110000011110110
0000011000100010
0101100010100111
1110000101010001
1000111100101011
1000000000111001
1111110100110000
1101000011000111
0000101000000001
0000100110111100
0111001111000000
1010101001011111
1100001011111101
1110010001001000
0011010100110010
0011111111010000
1001100010010101
1011101111001010
1000100000101110
0101110110110011
0001101101011000
0001010111010100
0010111011101010
0100000010011101
0100110100110100
0000000111100100
1110001100010011
1011111111111001
1111000001010110
1100111011001101
0010110011010010
1110111111000000
0001111101011111
1110101000100001
1000000011010000
1101110111100000
0100100110011110
0100001111100100
1001000100101010
0111011110010010
1001001001100000
1010000111110100
1011010101010011
1000100010011001
0101111000110001
1111000001110001
0110100001011001
1001100100100101
0111101110100110
0001101101110110
0000010111101111
0011001001110000
0111111001101011
1000111100000110
0011001000110110
1110011000101011
1101100111000010
1101100101011110
1000011110101010
0110001100010011
1111100000010001
0101100101000100
0100101000101101
1001010110011100
0100001100101000
0001001111000110
0101100101101011
0101100100101110
0100011000101111
0001001100001011
0000101011101110
1111101001101000
0100010111010100
1010100001110000
1000011111110100
0111100100100010
1001000001111000
0010000101111110
1111001100001010
1100111010000101
1000011001110101
1001000100001001
1000100011011001
1111001111111000
1111001111110110
0110111000110011
0010010001000111
0111100010100100
0100000101000110
0001000010100000
0001010100010000
1111110011101001
1001100011100011
0101000111111100
1000010111001111
1100111011001111
0001000111101101
1010110101010000
1001010100101000
0001110100110010
0010100000000100
0000100000001001
1100011111100001
1001110011000010
1111010011011111
0100001100101111
0110110001101100
1011001010110000
0101101101010011
0001100000011100
1000011111101001
1000000110010101
0001011001000111
1100101111111110
0010010010000000
1101101101100110
1001110011111001
1010000000010110
1101100111100110
0001001011010101
0000001011010100
0000010011010110
1011010001111110
0000000001011010
0001101001111100
1100000010111001
1100111100110110
1101111110110010
1000100010010111
1111100100110001
1111011011000000
1011001000010011
1111110110011101
1101011110111011
1001011011101000
1000101101000111
0001011111011010
1000010110011111
0011110110000001
0101001100110000
1010011110010001
0001110010001110
1010101100011010
0101111100100001
0111001011000001
