0111011100100010
1110000011100000
0110101000011011
1011000001010001
0000010110111001
0101000100010100
1001110101100011
0101010010010010
1011010100111100
1011001100010111
0100111110101110
0111100100101101
0010101011111111
1101110010001110
1010101101100110
0111101100010101
0101101110011110
0111110111111011
0001011101010111
0010010000000111
1100010010101011
0000010000011100
1101011001011010
1011001110101001
0010011101001100
0111110100001010
1101000111100010
0011000110010110
1000101100100011
1011010001100100
1100110111000011
1011111111110000
1001101100110000
1111101110001110
1100010101110011
0110011111101010
0100010000110111
0000001100011111
1101001011110011
0000111011001100
1011101001100110
1100011101110011
0001010001011001
1000100100000101
1101010101010101
0110001011101100
1110110101010011
1100010011100100
1010110111000001
0011111001101101
1001001001010110
1111111011000001
1000110111000000
0000000001001101
1111011101010111
1011110000111101
0000000111010101
0110010011101110
1011100111001001
1001110111001010
1110011001011011
0011111000011110
1010101001001101
1111011011000011
0101001000100000
1110010001101000
0000000010100110
1011010011001011
1110100000100010
1001101001011000
1001111101010110
0101101101110110
0011101110100111
0011110011010011
0110000010111000
0010000001000000
1010011001110100
1110011110001010
0101001000011100
0100101011111001
0101111100111011
1010100010000001
0000110101110001
0101011110010101
1110010011110001
0100101010110111
0011110011101111
0101000001110101
0111100001001110
1111000110111011
1011101101000111
1001110101111110
1001100110100110
0001110101001011
1100110101010011
0000010100000001
0000100100110101
1011101001100100
0111110110011001
1111100100000111
1000100101010111
1101001110010101
0000111000001101
0100001010000001
0001111100010110
1111101000100100
1111011110100101
0111111101101101
1100101111001101
1001101101110000
1011010001110010
0010011001100011
0101001110101001
0001101111100101
0010110000010111
1111010100100110
0010110101010111
0110001110111101
1000011111010001
1010001011101110
1110001010011100
1110001011000011
0101101001000000
1000101110110101
1001010101111010
1000100010011101
0000110100001000
1111010011000010
1111000101101100
0101100110011110
0000001000101011
1111111000011110
0111111101111001
0100001001101000
0100111011110001
1000111100111011
0101011101000001
1001000011110110
1010010110000011
0010010111011010
1001011001101010
1111010111000010
0000010011010111
0011010011001001
1000011001000101
0010000001001010
1101010011101010
1101010111110101
1011001001000010
1011001000000100
1111000101000100
1111010010010000
1001111000100110
1011010010001001
0000111100101001
0001111001100000
0101011111111100
0000000000001001
0001101010011111
1011101101001000
1000101011001000
0111110011101101
0101110010110000
0111010110001010
0101011111101011
1111010100101000
0001111001010111
1110001001010011
1001011000111111
0101100010100101
0001111110100110
0111101011000100
0011010000111110
1011000111001101
0001110110010010
0001000011101011
1101001001000010
1011011010100111
1001110010100001
0101001100000110
0111010010100011
1010111101110010
1010001110011111
1110000100010000
1010010010010111
1100011111010001
0110100001000100
0001101100010101
0111001011101011
0010001001110011
0001001100110001
0110100010001100
1000100110110011
0101111110010110
1110000100001111
1001001100100010
1100101001011001
0000111110110110
1111111100011110
1111100000110100
0001111111111100
1011111100101000
0010001011110000
1000110111011010
1110001100101111
1010110011110010
0110111001111001
0001000101000000
1000111010000001
0100001100011101
1100100101111110
1110111100100100
0000101010101010
0001110111101111
1010100101001000
0100101000001111
1111000111000111
1110101101110111
0111101010010101
1111111101010000
0000001001111110
1011001100000011
0011100101001111
1110000001101011
1101111101010100
0111111011001010
0010011111000010
0110000000000000
0001010100001011
1101001100001010
1010010101101000
0001100011111101
1011001000000101
0111000101110000
1100000101011111
1110101110010111
0010011011100000
0100000010000110
1010110001001101
1110110100111100
0111111001101011
1101110010110011
0011110011000001
0111011100001110
1101101111011101
0101000100111010
1011101110000001
1101000000000111
0000111001000101
1101100000101100
1011010110001100
1001001011000110
0100110111011000
0000000001000100
1010011011000010
0011100111100000
0101101110101000
0100010110110101
0001011010000010
1001110100001001
0110000110111000
1111100000000000
1110001100101011
1110111110101110
0100100111101011
0100111001110001
1111011111011010
1100111000001000
1011010001011001
1011000111101011
0110010110010010
0011110101111100
1011011111011010
1111000110010100
0001000101001010
1110111111101000
0000001101110111
1001011001100011
1000100101000011
0010100110110000
1011110111101100
0100100111011011
0101000001111011
1001111111001110
1001100001101001
0010010110011011
0111000101111111
1111011000111101
1110010000001010
1110101000010100
0011111101001100
0101111100101101
0110101000110100
0011010100000100
1011101011010100
1000001110010110
1000110101110101
0101010000011110
1101101111100101
0100011000010011
0011011010011101
1011001111000000
1010001010101110
1000001111000110
1101111111000011
1010010011001110
1000100001001111
0111010110000000
0100010100111000
1110001110111111
0101111101110010
0101100110110111
1001111000100001
0110110001100010
0000101011101011
1000011001110100
0110000100000001
1011110001001110
1100101110101001
0010000111100000
1001100101001101
0110001010101110
0111110111111111
1111000001011100
1001001100011110
0001010110111110
0000111010001101
0010011010101001
0000001010101101
1000001001010101
0010001101010111
0000100101111011
0000100011100111
1101111000001111
1100000110100111
1000110001110101
0100101001000111
0110111011111001
1010010001111100
1110111011111000
1011001100101001
0010011111111001
0101000100001011
1000011000010111
1011001011100011
0111111101010101
1010110101010111
0101001000011011
1101011111111110
1010111011100000
0010110111001001
1011001101110011
0010010001110010
1011101010001110
0011111000001100
1101110101011001
1111000110000110
1111001111011001
0000010101101000
0111100101001011
1111101000100100
1111110001111111
0011000001111000
1101001110111001
1101110101111101
0011101100110100
0000000011001101
1110101100001010
0110010010110100
0101000011010011
0001110010011100
1101101101111110
1000010011000010
0001100111010110
0110001111010110
0011101101010010
0000010001011001
0011100001011000
1101011010011100
0001111111101010
0010010111000111
0011101010101010
0100100111000100
1101110110000001
0010001000110111
1110111000111010
1110011000000001
1100010011101011
0100111110001111
1101100001000000
0000011001100001
1110010000001100
0100100001000111
1011001110010000
0010001110001100
1001010010111010
0011111101010000
1011111100110100
0010011100110111
1111001011101110
0011101010011100
0111101000111111
0000110011110011
1110001110111010
1110001100010001
1111010110111011
1100101001111001
0111100101001000
0101111110010011
0110110001000111
0001000101001101
0001001110110110
0011110010001010
1100100101101100
1010011111011100
1111011110110111
0011100110101000
0001001101111100
0111010110010010
0001110111101110
0001011101111100
1100010100011011
0010011101100111
0001001111001011
1101000001111110
1101110101000010
0011111011100111
1111011101001011
1010001000000000
1010010110110100
0000111000011010
0011111000001111
1010000000100010
1101111000111101
1111101010010111
0001100000100110
0101110110110111
1010101101101110
0110111110101101
0000001100000000
0100001001010011
0101001000010101
1111110111011011
1111110000100111
1111100011111101
1000100100010011
0110010001111001
1010001111100101
1000000110110100
1010111100011001
0010011100010101
0010111101011110
1110000011000111
1110111000110001
0110000011100110
0000101000010000
1000100110101011
1010010001000010
0101001100000100
1001101001111111
0011111011111000
1110011010000111
0110000000001110
0100111000110000
1100101101000011
0101100001000111
1000100011110001
0010001000110010
0000111110101001
1000000101000110
1101100111011000
0011001110000010
1001110100101101
0001011001001110
1001010111111100
0000010111101001
1110001101101001
1001001110001001
1101100111110100
0001011100000011
1110010000011111
1010010101110001
0001001101011011
0101000000011011
1000101011110000
0111100011100111
0110110001000111
0111010011001100
0111111001101110
1010010001110111
1010010000111111
0001111111010001
1110111000111111
0111110110001010
0000001010011000
0000000110000111
1011011101100100
1001000011011001
1101100011100101
1000001010010110
1110100010111000
0000001011111001
1010011101011010
0101110111110110
1001101000111011
0010101101000000
1110101111101001
0010110001101110
1011000011000100
1110100110010010
0000001110100110
