1100100111110110
0110101011111010
0111100101101011
1000111001101001
0011000101111101
1001110001110010
1111101100000010
0110000100000000
0000101001100010
0010101110100100
1000010011010110
1101100101001100
0011100010011110
0001011001100000
1100000101010010
0110000011100101
1011110111001101
1001100010011111
0010001100100101
0100001110011010
1000000111011010
1111110010110011
0010111000001011
1000001101110011
0011111000001001
1100000101110111
0000001011110100
0010100010101001
1110010111000000
1010001010110011
1000000010000110
0101101111111000
1111010000111111
0001001000010011
1000111010001011
1010011001110111
1111100100011100
1010010001011101
0101101000001011
1100010001010100
0111011101000000
0101101110010110
0101101101101110
1111101110101100
1001010110111001
1011011000010001
1100010100100110
1000100011010101
0010011010101110
0110110011101001
0010010110001010
1000011101010110
0110000111101011
0111010110011110
1000101000111010
0110111010111000
1001010111000111
0100100100010100
1010101011111001
1111100111100101
1111100110000111
0100111011000101
1110110010111000
0010110110110100
0101101000111110
0101010010101000
0001111111010010
1010100000101010
0011011000111110
1101100101001011
0011110101011010
0010000111111111
1101100011111110
0111000001110011
0000110000110000
0110000010000010
1111101101110111
1000011001000010
0011010111110010
0001000101011011
0011001010110101
0100010101110000
0110101011001000
0111010100001100
0000011110001110
1001111001111011
1011101001101001
0100111010001100
1011101111110110
1100101011110001
1000100010110110
0000100001100110
0110000011001000
1101001001111100
1011001010001001
0011001111011110
1011110100000111
1101011101101111
0110110100100001
1001000011111001
1100001111101011
1001001000101010
0010111010111000
1101011000111111
1100101011010000
1011011100000100
1001001000000111
1110110101100010
1110100101111011
1011101010111001
1000010010101010
0011111101110110
1111000001000001
0010111000111110
0010011101011001
0011110111001011
1001101101111111
0001011011011101
0001011011110000
0111101100011011
0000101110010001
1100111101101111
1100011101011111
0011101100110001
1111010100001111
0100000001100011
1111001011110101
0011111001011001
1111101011010011
0001111010110000
1001011001100010
0100000001100100
1000100010001011
0010001110100110
0100001111101111
1011000101110110
1100010111110010
1100000110000101
1110000001010100
1111110101000111
0011000011110110
0000110010011101
0100001111101011
0110111101001000
0100010011101010
0011100111001001
1001110100110110
1000111000110011
1111100110010011
1001100010110010
1100001111110101
0101110101110111
0100111111000101
1011111011010000
0001111011100101
1111011001101110
1001110000100110
1110100111100111
0110011111100010
1110011001101101
1110111101010111
1010110111010100
1111011110001101
1101101100101111
0100001001111011
0010011001010111
0011001110111000
0100101011111111
1011100111110010
1100110110111101
1001001110101110
0000100010001110
1101001000111011
0001110011000010
1001100011001111
1100100010011111
1000000110101111
1000100100011001
0011111011000001
0110111101100110
1010110000001010
1101010001111100
1010111011100001
0110111111111011
0010011100001100
1111011100001110
0001011111011000
1010011101101000
0010000001111100
1101000101110000
1001110110111011
0111011001111010
0111101000010010
0101100110011000
0110000010010110
1000001100001101
1011000001001010
1110011110011000
0101111010000111
1101000101010001
1000011110100100
0111100010001101
1111011000111100
0111000100101000
0000000101100101
0000000011000000
1000001000011010
1111101001111111
0111111011100001
0000100111000001
1101010100010010
0011110101110110
0011010111101000
0101010001010001
0110011000000000
0100000111110000
1010100001000001
1100111110111111
0010101011000100
1011110111001000
0111010111010001
0111000110011110
0010111100000101
0110110011110100
0101111111001111
1111110101011100
1011011101111010
0100111011000110
0010110111101001
1101000101111111
0100100111100111
1101111110101000
0100010011000100
1110100111100001
1101101101001010
1100101100000111
0000001011011010
0010010011101011
1100001000000100
0000011111100001
0011010010010000
1111111011110101
1101110110011011
0000010110101101
0101001000011100
1111110110001001
1111101001010110
0000000110000010
0110001100100111
1101001000000011
1101011110001100
1101001100101000
1111110100010001
0000100000010000
0100000100111110
1100011100000011
1001000110100001
1101001000100001
1100001001100000
1010001010110010
1000110011101110
1101111010011000
1000001101110101
0001011001100100
0110011001001111
1110000000010101
1111101111011101
1101001110010001
1011001100011101
0010110111010000
1110011000110110
0011001100100110
0111111110000000
1001101010101101
1111001110011100
1001111101010100
0000111000011110
0101101101011011
1010101101110001
1110011100100010
1101111111001001
0100010000111101
1101011001001110
0000110010001000
0000110001000011
0011011111101001
1110011100000011
0101000011111111
1100011010010110
0010010110101110
1111000011111001
1001010111111110
0010111101101010
1001101000110111
1010000100101001
0011111110110110
0000000110100011
1101011001101011
1100100001010000
1111110101101000
0010001000100100
1110110110111110
0100111000001000
1100101010111011
0100110111001011
0101100010010111
1111010101110000
0010110010110101
1010110111101011
0111011100000011
1101111011001010
0010110110001011
0111111010010011
1101100100100111
0110101111000000
1101000111111000
1001000100100000
1100100011111010
1010011100010001
0010101111000010
0001111001111110
1110000101110000
1111111110010010
0101100101010110
1100000010101001
0011000010100100
1111010100100100
1111001111100011
1110101100001011
1100010010010111
1110001001000100
0000001111011110
0011010000000101
0110000111111010
1000010111111000
1011011001010110
1000110010101111
1101010001101011
0011000000110001
1010110111110111
1001100110010000
0101000110110000
0001111101110000
0111100111010001
0001011101100001
1011111001001011
0011000010111000
0110100001111011
1011010000100110
1001000010110110
1101110011110110
1001111011001111
1100101001000001
1001010001001100
0100100001010100
1100111100011010
1011111111101010
1000010010100111
1101011000001100
0000001011110010
1111011011011000
1001101001000010
0100101001110000
0011111001111001
0011011101001111
0100000010100001
1110101101001101
1101101010101111
1110001100110001
1110000101011010
0001001011010111
1000110100111001
1111100101000101
1010100011001110
0011010001011101
1101010000110001
0010000101001011
0011101000101100
1100101101100000
0110100111001000
1011001101011011
0100111100110001
0110100110100101
1111011010011100
1000010111010111
0110001101100101
1010101110010001
1110110000110010
0011000100111011
1010001101010001
1010100100110001
0001001100111100
1100101001011100
1110110100000001
0001110000001101
0111100100010111
1100011001010100
0011110001001111
0101100110010010
0000100111101100
1000101110110101
1101100000000101
0110000100100110
1111001010010101
1010111111010110
0101011001001100
0001110110001000
0110001101000111
1110100101111101
0111111111010110
1111001010001011
0010010101001111
0001101001010111
1100000010010000
1000111100011101
0100011010001001
0110001010111010
1111011000101110
1110101010000110
0110100001000110
0000000000101110
1100101001110000
0111001110111101
0101011000111111
0110011001010011
0111111000011101
0101000000001111
1000010111111001
1110011010000100
0101000110010111
0111001001001111
1110011010110111
0010010101000010
1110111011101100
1100100010111110
1111000111000011
1010011101100111
0011101000001101
1101011010111101
1111000010011010
1101100100001011
0101000010010001
1010001010111101
1100000010010101
0011110111011110
1111101000110011
0101111001111000
0011111101111011
0111011011010010
0111110110110111
0000100110100011
1001010100011010
1111011001010010
0000111100000001
1011010110001100
1001001100000011
0110101001000001
1011000001010010
0001001000011001
0101010010000100
0111111111011111
1101111000101010
0000001011011010
0101001101100111
1001111100001110
1100111101000111
1011011010000101
1110011101110111
1000111000001001
0001110000001011
0010101010010001
1011111101101111
0011010010100010
0010100111100100
0110001000000010
1010010111110000
0001010010011000
0000001100110000
1010001100100110
0010001001010101
0101010001000110
0001110000100010
1001011000011111
1111010001100000
1011101000110101
1110100000100000
0111101011111111
0110111001110111
1111001100001011
1000000110101011
0001011010111100
1011100000101111
1101101110010100
0111110100111010
1111101001110111
0010110011111101
1101110000100101
1111110100011101
0011010100111101
0111000110101010
0110010000110001
0110000110011010
1000011011010010
1111110100011101
1110110110001001
1111000110110011
1011110000101111
0111111011100111
1100100100011011
0111000111110001
1111111001100001
