0010010100100000
1010011101010000
0010110100011010
1100111101101110
1011110010000101
1111111011111111
0000010011011010
0011011101010110
0100010101000100
1010011100111001
0100010011000010
0101100010100111
1000000000010110
0001010111001001
0011110111101111
0001000110110010
0010100000000000
0000010000001011
0111001001101110
1110010000000100
0100110001101111
1010101010111011
0001011001011111
1010011100100010
1111011011111111
1000100110100111
0001011101011001
0100010100011011
1010001110010010
1101111101011000
0101010010100110
0111100010110001
0101011100001000
1001111000011010
1011000100011110
1111000100010111
0001111010010101
0000100100001001
1100011100000001
0101101100000010
1010101000000110
0000101101101111
0100010011111111
1011110001011110
1010100000111100
1110010011100111
0100111010010000
0100011110010110
0111010011100011
1100111010011101
1010011101100100
1010000111110101
1010011100011100
0100001111010001
1001100110100100
1110010100111100
0011011001110111
0010111000110011
1001101011000101
0100111001000110
1100000001001011
0111111100001100
1001100110100011
0111101001111010
1010100000111111
0100101110000011
1110100111000010
0011110001010000
1110101101111000
1110111000001011
1000000110101111
0000110000000010
0001000011101001
0101000110001111
0001010111000111
1111101111000101
0000011000110111
1000111010011001
0101101000011110
1111100010011010
0110010101111001
0011111110001011
0110011011011101
1101111001001101
1110100010001110
0111111111101000
1011010111010011
0100001001100101
1001000000110100
1111000110100101
0011100111100110
0011100111000101
0100010100010000
0011110000111001
1000000111011110
0100001111111111
0111000011111100
0110010100101000
1110100100010100
0111110010101011
1111011111111100
1100000110010001
1111000111001110
1001000010001001
0010010110111100
1001100110111011
0111110001001010
1100001101101110
1011010101010100
0010001101010011
0101011010010111
0000100010101111
1001101000000100
0011111000101001
1110000001111101
0101001110000001
0101100110100111
0101011011101001
0101110101000000
1101111110011100
1010110110000010
0001110101000111
1110110011010110
0101011010110000
0001111000110101
1100001000000110
1000101001001100
1010000110110011
0110000000101111
1101111100111111
0010110001101010
1100100000100101
0100111010110110
0100001011100101
1110001111110010
1011101111011010
1011011000001011
0010010010100110
0001000000000001
1110111010000101
0100111101010110
1111001100010100
1000110001010010
0010110001000010
0000001101001111
0010100101110000
0100111011100101
1000111011001011
1001111001000010
1001110000001001
1101110110101000
0101000100100000
1011101010100001
0000101011110011
0101010110111011
0111100100101100
0001110010110100
1110101100111000
0101100010100011
1101100000001100
1110110010100101
1000001100011101
0100000011111010
1110101011100001
1001110010100010
1101100110000010
0011101111010100
1011100100111100
0101010111100010
1011000111110101
1101011111100001
0000100110100100
1111101111000101
0010111100101010
0101101110101110
0111111101101000
1010000111000101
1111111010000010
1110010101010000
1110110001000100
1100100010110000
1010111000111001
0000101010000101
0010111011111000
0101111111101000
1100110111100101
0011110100101110
0011011110101001
1110001111011010
0001000111100000
0001100010111100
1000110111110111
0101001100100000
0111110110101000
0001111000111101
0101000100001111
0100011011100111
1001001000111111
0100100000111100
0001000001111110
1010001100011110
1111101110010100
0000101110110111
1010000010110001
0001111111111011
0111001011110111
0100111100101110
0110110010100100
0010111000100101
1111111101110100
1000011101101100
1001111100010101
1011101011111000
1110011010011001
1110100001011011
0111010100111111
1011100011101010
1010001001110000
1001100011100100
1111010011110001
0010110101010010
1010101000010100
1110101111101001
0100110001110000
1010110100010011
1101100101000011
0111001101110100
0010000101100001
1101101110001111
0100100100101111
0001000100001101
0001111000111010
0000011101100100
1011101111000110
0101000010011000
1010110011100000
1011110100100101
1001010111000101
0001010110011100
1001111010111010
1101000010100000
1011011011010111
1011110110101001
1100100100011100
1111100010110101
1100001000000101
0110000101100010
0111111110010100
1010110111001110
1111010001111011
1100011001101110
0000111101001100
0010111010011001
0110000111011100
0011100001010100
1011100111001000
0011101000111011
0111001000111110
0101100101110101
1010011110110110
0101110011100100
1000100001000101
1110010011100101
1100101011110010
0100110100010000
0100011111101001
0011001011010110
0010000000110000
0011101001011100
0000101011111110
0111001001111010
0110111100101100
0000000111111100
0110000110010001
1010101000101001
0111001000100011
0001110001100000
0010110110011000
0010101101000011
1001000000100110
1111111000010101
1011011011111100
0101001000000010
1010010110111000
0000011001100110
1100110010001101
0010001111101111
1000001010110011
1101110000101110
0010000001000110
1001001111110001
1000111011111011
0000010011011010
1001100100110111
0110000010100000
1101111111100010
1101000111010010
0011110101000010
0101011110110111
1111011100011000
0011011111011110
0011110111011110
1110111101011111
1110011111001010
0010010010100000
0100100111100011
1111111001101101
1000111010111001
0101100111010001
0000100101100011
0100000011001010
1101111100000011
0101100011001000
1000110001000010
1010010100000111
0110011100010010
1110000000101010
0000001010101000
1110000000100111
0001111101111111
1101011001101011
1100010000010000
1101001010011001
1101111100110101
0101110101111011
0010111011001101
0001101110011100
0010100010010101
0001010111000000
0000010000100101
0111101011100001
1101111000001000
1000011111010101
0110110111101011
1111001110011001
1110111000100111
1100101001000011
0100100101101110
1010100000101101
1001101101001001
1000011111111010
0010000110000011
1100010101011010
1000101001100101
0100100011100100
0100111010110000
0010000010110111
0001011111100100
0110101010000010
1001000110110001
0110010001000001
0110111000001101
1111001010111001
1101110110000011
1011010010011000
1100110110001010
1110100000011010
1010010010011100
1100011011101101
1000001011110001
1110000110011001
0110111001011001
1110010101100100
0011110101111000
1110100110111010
0000011110101111
0010011110000011
0000111101011001
0111000100101011
1010011101111011
0100000000001110
1100111010111010
0111110110101010
0100011000110000
1111000001110110
0111010101000000
1000101110100000
1001010101000101
1101101001111010
1010101001001100
0111001000110011
1000001010011001
0011001110001010
1110010101010001
0100011101100011
0110100101001011
1101101111110000
1001110100001010
1101011110001100
0001011110101011
1000000101000000
1110000010100001
1110010111001010
0111011001111101
0110110101110011
1111000010111100
1000010110000111
1001110000110100
1000110101011100
0100011001101001
1111111001001000
1011100100000001
1111011000111001
0000110001100000
1111100110010111
0100111000000001
1100111001001110
0110101101011010
1000001011110011
0101010011100101
0010010101110010
0111011110101000
0011110000000000
0010110110000111
1010001000000010
0000101001110000
1101101101100110
1001010101000111
1111100001000111
1110101011001101
0111001000011001
1000110110111100
1111111111111000
0101010111011001
0010110111100000
1011011001001011
0011001100110110
1011000111110111
1011100100010001
1000111010101000
0011110010101111
0100001010001011
1000101000111000
1100011011011111
0100101001000010
0111011000001010
0111110011010110
1111011001110000
0001010110011111
0100111010000011
1000010000011101
1111010000110110
1110101111111010
1111000001101010
0000001010101001
1001110101001011
0000111100011110
0101110111101110
1100001100100100
0111010110001101
1010100101111111
1111001110111011
0101101111001011
1001100100000011
0010101000100000
0110100001010111
0111111001111100
0100111001010011
0011010100101100
1000001111001011
1111110101011011
0010000000011100
1110000101011110
0001100101011000
0110101001000000
0110001110000110
1110000011110000
1110011010111000
0011101011111100
1111100100011010
0000100101101111
1011010000110010
0100100101010011
0001001111000111
1110001000010110
0000101000011001
0011000110101000
0011011111000000
0101111111011000
1010101011011011
0111101001010101
1111010111001101
0111111010101111
0101010111001001
0111110100010110
0110000010101100
1111111000001101
0011000100010001
1011110100101001
1101100011011010
0101101001000100
0001010010010110
1000110110110011
1110000111111100
1010001111100011
0111111110101000
0000111110111000
1101000011011111
0100001000011010
1101111010000011
0001001101110100
0110101001111010
1110110101011010
1000010010000000
0010001101011001
0011101100010000
0101110001110011
1111010001000111
0011001001111001
1111011001011010
0010011100001100
