0100001111000101
0001110000011010
1001110000111010
1000011100110110
0001011011101000
0001001110111011
0111000000100001
1100010001010010
0011111100110100
1100100110111100
0011000001001000
1001100000000010
1010101110100011
0000101110001011
1100101001100111
1111101111101010
0001011010111111
1010000101100100
1000100010101111
1000000101011101
1011011011111101
0110111011101010
1010111001011010
1111010100100000
1110111011100111
0111000111111111
0001100101000011
0111101111000110
1010010110101010
0010000001110010
0010010110001110
0001001010001101
1000001101011110
0000001001000110
0001000111000010
1010000000100010
0110000111100001
1011011000011001
0111110010110010
1000001000110111
0010010101000010
0010011100111000
1100000011011111
1000111111010001
0010001010001101
0011100100000000
1111011001111101
1000000010110001
1110101101111000
0010101111110000
1000011101010101
0000011111000000
0000110010110010
0000001100000111
1101111011000001
1110001100110101
1000011111111010
1111110111000101
0011110110110001
0110001110111101
1011001111100001
0001101000000000
0110000110010110
0010000011011010
1100001011101001
1101100101000001
0010000001110100
1000111001010001
0110100101100110
0000110101010101
0100110000110001
1011000001010110
1000100011100011
0010000101100101
1010100000101100
0001111011110110
1111101010100110
0101001101000000
1000011001110100
1101000000111110
1111001111110101
0111001101000001
1000000000011001
0110111100110001
1011000001111001
0111010000001010
0001001111000101
1111111010000110
1000010110011011
1110001100100000
0001001101111100
1110001101001111
0000011110010011
0001101010011101
0010100111001111
0001100010101001
0111000010011111
1110101011110001
0001000110011111
0110001111011010
0001101010010000
1010101110000010
0110110111010100
0101111011111011
0000110001110101
1101011011110010
1110000001011010
1001010010101011
1101110101101010
0010010000001110
1110000110111100
1110011100101101
1100111000111001
0100110100100000
1000101001010010
1011000010010011
0011010101001100
0110110100010100
0000100111010111
1000001001100110
1011010010100101
0011101101001001
1101101010011111
0010011101101001
0000000101100011
1010110001000101
0011010000011000
1011001001010010
1001101000011001
0100111001111100
1011101000011111
0100101001010100
1011101111001101
1010110010110001
0010011000001010
0100011000000101
1000110011011111
1010100010110011
1011001110010111
1100111001101111
0110010100110000
0011101101001111
0001000010010001
0000000100110101
0110001110101111
1001000000110000
1001000011100010
1110000110100001
1101101000010101
0000101000100110
1100000011100111
1001110000011011
0001010000110011
0111011111100011
0110110000101001
1011010001010000
0111001110011001
1110000000101010
0100001111000111
0101010100101010
1111110001001101
0011011101101100
1111000111101001
0110100110001110
1010001011000010
0000000110001100
1000010010110000
1110011110110011
1011000111101111
0111110101000111
0101100010101001
1101101111111111
0110100000010011
0111100010110111
0000100011001100
0110100111100010
0000001000110110
1011000000000111
1001011001100011
0001111001011110
1101010111111101
0100011011011010
0010110100111000
0010000111011011
1100000101110011
1000100111111011
1010111010110101
1001100111111111
0011000111111011
1110000000101111
1100111001110001
0011000110000111
1111100000001110
1011111100110101
0000100011000110
1111010010000010
1101101011110011
1100010100001001
0110010111010111
1111000010010010
0100111100010000
0011010011100000
1101101001101100
0010100110110111
1101010010100101
0100110100011000
0101110010110000
0111111010001110
0111111111100000
1010101001011001
0111110100011101
1110110010100001
0111011001100110
0001010011100011
1000011101101000
0011100110100100
1010101100101111
0011101001100100
0101001010011111
0110010110101110
1011011010000001
1100101110100101
0010101100000111
0111111101100001
1100100011001101
0100100001011000
1000110110001110
1110111011000001
1001011100110111
0001110110101101
0100111100011001
1111111000000001
0001011010000000
0000001111011100
1100011110011110
1011000011011010
1100110100000111
0011101001000001
0100001000101001
1000011001100100
1101100101101111
1000010010000111
0111111101010001
1101010010111100
0100111101001010
0011110110001110
0001011001101111
0011001011110000
0111100001101001
0111011101011000
1100100001000010
0001110100001011
0101101110101100
0010111000101011
1000111010011111
0011101100001011
0001010100010011
0101011110111100
0111010001000100
0011101101110001
0101101001000010
1101010100100010
0001011101000100
0110101100000001
0010010110010011
0001001110000011
0100010011010111
0011111011110111
0110000000010010
1001011110001010
0111011000000001
0101010100100000
1010110001110011
1001011110001111
0000110101011011
0001011001001100
1110011101010011
1011110000010110
1101111111101100
0101011100000111
1011110010110000
1101000010000000
0001001100001000
0011010100111100
1111111001101000
0101001000001001
0110000101110001
0101011000110111
0100000100000110
0111111111110101
1100011001000001
0111100001111010
1001010001111010
1100011001111001
1101111011100010
0111011001000100
1101101111000010
0110110010000111
0101000100111001
0000011001100001
0001110100010010
1100011011110010
1110010110110000
0001001010001011
1000010011111110
1111010111100010
1100001111111101
0111011010101000
1010101100011111
1101000100100001
1000110110101010
1000111001100010
1110000111110001
0101010000011111
0110111001001111
0010110111101110
1101010011001101
1000000111100101
1111101111011111
0011101111101101
0010101000000100
0001001011010010
1010101100000001
0010100011011111
1010010010001001
1101111110100101
0111100001000110
0101001110001001
0101111010101000
1001010101000010
1100001010101101
0101111111001110
1011100000101001
0000000011001000
1010101101111111
1101000010101001
1010100011100001
1111110110110010
1110110110111100
0011010011001001
1011001011111011
1101111100110010
0001111011001110
0101111010101110
1001001000111111
0111111001111011
1111111000110000
0110111100001101
0000011010011011
1111111101001100
0101011110100000
0001001001101001
1010100000110001
0101100100001000
0000110100001000
1010011011101000
1011001010011001
1101111100100001
0101101100110111
1010011010010000
1111000000010110
1100011001011010
0101101110100100
0110100100110100
1000110010100011
1111001010010110
1100111010111010
0111101111110101
1001100100001111
1111010110010010
0111111100101001
0000001111000110
0101000011001011
1001111110101110
1000000100100010
1111101011100111
1011110000010010
0001110010100110
0011011000000000
1101011010100100
1001111001000010
0001001111101100
1010111100011111
0110001111000110
1110011011000001
0110010001010110
0100011101001000
1111101000001011
0011100101001100
1100001001101010
0011110101010011
0101010001011111
1110001001101001
1000101110100110
1011101011100011
1101100000011010
1101100001101001
0110011011111010
1010100010101011
0000101001110110
1110010000101011
1110110101000010
0110111010000111
0100001011010011
0111001001100110
1110010010110110
0100000100110111
1000010101001100
0101001010001100
1010111101001101
1100101110101001
1010000001111010
0111101111010010
1110010011111101
1110101011100100
0101110010010011
0110111101111010
0001110000011001
0010011110000011
1111001000000011
0111100111101111
0000111111100110
1010010010001011
1010101001100010
0111001001001110
1111101110000100
1100011011100110
1110010111001011
0011101100110110
1110100100101011
0011000111111011
0001001000010001
1111011101111010
1001010111001000
1110111010011101
1000101101010010
0010111110001110
0001010001110101
0111001011110101
0100110000100111
1010000001001001
1001100010111010
1010011010000010
1101010001001000
0110000010100101
0010001111111000
1010110000100011
1010100100100001
1101000100110110
0000001001111001
0001000000110111
1101001101111101
0110100000111110
0001000110110011
1101110101100111
1100100001110111
0000010010111000
1100001110101001
1110100001110100
1011011010001111
0001100110100110
0010011110110010
1010111110111010
0100101000000100
1110111011001011
0110110011000111
1110110101111010
0000001111001001
1111001001100101
0000110001101000
0000010100100101
1101111010111110
1101110000000011
0100000001000001
1010110100000100
0101000110000100
0000011000011111
0100000011101110
0010111010100100
0001001010011001
1101110011110000
0001011000111000
1011111110000110
0100001001101000
1010011100111110
0010001000110011
0010011010110011
0001011011010101
0000010111000110
1111111010000010
1101111010101000
1100111010100011
0111000100010011
1011100000001101
1001100011011111
0000101101010000
1101100111101100
1100101000111011
0010000010101110
0010101101001100
0010101011001010
0111100111011100
1001010010011100
1111000010011100
0000001100111001
1101111010000101
0001110100101110
0010100001010111
1100001001000100
1110101011011110
1100111001010000
