1101000100110101
0000111011000100
1010011001110001
1100111001111000
0011011100110100
0000110111000010
0111100000110101
0010100110110010
0101010010010101
1010011100001111
1000101111011010
0010111111101000
1001011100001011
0101010001000000
0110101110100000
0010101001010100
0111100101101000
1100001001101001
1010001101001010
1110010010010100
1110011111010111
0001011110011001
1101110011100101
1111001110000010
1101100000011101
0110001110011101
0000100111011111
0110110011111001
1100001011000001
1010110111001010
1001010001110110
1010011101000011
1001101000010111
0011110001001011
1111000111001101
0010110010110011
1100011110101010
0101110111010111
0110001000111100
1011110011100001
1111000000110001
0111111011100011
1111001010101110
1101101001100010
0100111010010010
1111011001110010
0001111010000101
1000001101110010
0001111011000100
0100011101011010
0110100000010110
1101010110111010
1011011001100000
1111100000000110
0101100011000000
0100101010011000
1011110010011011
0101010111000011
0001101011100101
1100100101110010
1001001011000111
0000000110010110
1010010000001000
0101001100101010
1001010010001110
1011101111110111
0001001100010110
1000101001010010
0010000111010001
0100101001001001
0111010000101000
1010001100101011
1000110110101011
1011000111010111
1010010110100101
1100111110000000
1100010110110110
0101100101010001
0110000011111101
0111010100101100
0011111000010011
1011111011100001
0001111000010011
1001011001011010
1001101100101101
1011011101111110
0000101001101110
0010100010011001
1001001101100010
1000101000111010
1010001011100100
0001010100001111
1011100101011011
1000000100110111
1111110100100010
0110000110000001
0010111101011010
0101101011110111
0010101110011000
1011100011011010
0010011101000110
0001010010101110
0011011000001111
0011000110001000
0000010100010011
1101001100001000
0100000011110111
0101111110001011
1101111111010010
0010101010101001
1111100110001000
1011001100001101
0011011011001101
1110011000011100
0110111111111111
0001110011001010
1001010110110111
1011011100000111
1001111011101001
1000011101011000
0011011010011000
0010111101011111
1110010001010010
1011100000110101
0110000001101000
0101001001111010
0100001011011100
1100111000111011
0000111000101001
1000010110101111
0101111101111101
0001011011110101
1110101001000001
1100010110101000
0001000001001010
1110010001111100
0110010111110001
0110010111001000
0110010111001101
0100101001101100
0111100100111110
0001111011010000
1001000100001111
0110100100001101
0111111101010100
0000001111010010
0000110010101010
0110000100010011
0011111011000100
1001010010001010
0100110111101101
0101110010101010
0010111110001001
0001001001010101
1000100011100010
1010010001000000
0100100000001001
1101000000111010
1010010111010001
1001011011110000
1010111111110000
0010111110010101
1010111100000100
0010001100000001
0100111111110110
0010010100111001
0111001101010101
0100110010001110
1000101011010110
1111100111000010
1000001101010111
0011111000111111
0001111010110110
0000110110111001
0011001101101000
0111101101101101
0111101100000101
1000000010101011
1100000010001101
1111001011100100
0100110100011001
0101010011101111
0110110100001100
0001001010001110
1011000000111110
0001101101111111
1111111000101110
0011011001100101
1011110010110001
1010110111110001
0001100110101001
0000110011101111
0111011000001101
1011101000010100
1111011111001000
1110010111111111
0101100001100011
1101001010111110
1001101101010110
1100100001110010
0100111100100001
1111100000110010
1110011011000010
0101101000001000
0100001100001010
1110011111111100
0000110111101111
0110000111100101
1110011111010110
1011111110011011
1110101010110000
1111000110000000
0111010010110001
1101110000110110
1101110000111000
1010101111111100
0011011000010000
0010000011110111
1000011110001011
0101110110001010
0100100110111001
0001111011001101
0010101010000110
1101011010101000
0000001111011001
0011010100101111
0100101111000101
1110101000011010
0111001110001000
1101011100110111
0111010111110100
0101000001111011
0101011111111100
1000100011110010
0110101100001011
0100101001111001
0110010000011000
1110000101010011
1101111101010010
0111110001011101
1110000011101101
0000111101101101
0110011010010010
1111100101011111
1010101110101011
1010100001100001
1100000101011101
0110101010111100
1111001100011100
0000011011111111
0101010100010010
0001101011011010
0111101010001110
0010011001010111
1000111110000011
1010101101101010
0000001001111101
1010101001110011
1010111111101001
1100110010011000
0000001010100110
0100000001001011
1001010011111110
0100000001111010
0001011000010101
0101101011000001
1100110101111010
0001010100001010
1111011100101101
0000111111000011
0011011001101100
1110011010110100
0100100111000011
0001000000111000
1111000110100011
1011111010110101
0001100100111000
1100110111011000
0101110001001000
0111011111000111
0111010110001110
1000001101000000
1101111101110110
1011001000100110
1111110111100110
0011110001111111
0100110011011001
0000101111001011
0101010001100011
0000111100011111
1001110111100100
0000110110101110
0001111001000001
1110010111101000
1100001010011100
1111110011110111
1000001000011101
1001010100000111
1011101001101100
0100011100010010
1101111010100011
0011011101100101
1111001010110001
0111000101001110
0000100100110101
1010110010110011
1000111011011100
1100010101011010
0101001000001111
0001110011110111
0000011001111010
0000000011110111
0000010110000000
1001110111000010
1001111001010110
0110101111100011
0101010011101000
0110011101011010
0000101110110001
0001011010110101
1011001011110011
0011010000100110
0111011100101101
1000110010011111
0111001010001000
1101111000011110
0100110110011111
1010101111011100
1100100101011101
1000010100001001
1011101000111111
0000011011000001
0001101000001000
1110000100110011
1101110100111111
0110001101111101
1110010000101100
0011011011100111
0010001111011010
0100000101111010
0111110001101010
1101101111010100
1001111101001010
0010011001000011
1110000010001000
0011111011011100
1100101111101011
0001111111010010
1000010000100110
1001100010111010
1100010001010000
0111010110001101
0011001100111011
1111000010111111
1000010010001010
1011101001111110
0010000000110000
0110001110101100
0111111111011100
1000110101111001
0111110011100000
0110010010001000
0101010010000001
0101100111100000
0111100110100100
1010110100101100
1001101101011110
0111011111111100
0011101101111110
0010100101011010
0110101000101111
0111010000001001
1000010000000100
0100000001100001
1011101001000111
0101011111100001
1101010001110010
0000101110101111
1000011100101100
0101010111110110
1001000110111100
0111001110010101
1000110011011001
1101000101011000
0101111111111101
0111001101000110
1110000010011110
0100001010101011
1111011001011101
0101010010010011
1010111101110101
0111011101110010
1000000011111100
0011011001101101
1011111001110000
0001101101110110
1010001010000110
1110101010011110
0011011010001111
1100111100111010
0011001100000111
1011111101100111
0011011001111110
0101101001100111
1001000101100100
0001011101110100
0100111011011001
0111111011011100
1111111101011001
0000010010111101
1010010110111101
1011000010001101
0001000011001000
0101011011010011
1111000101100000
1110000110001111
0000111001100110
0110101011000100
0000010101001011
1111101110111001
1111101111100100
1011110000001111
0010011000000110
1110000000100111
1110000001111100
1110101010100110
1101100100011000
1101000110110000
1110011101110011
1111100110101110
1110000111010101
0101000111111001
0010111000100100
0100101101101001
1100010011011000
0110111000110111
1100110011110110
0011011101010000
0110110010010101
0111001011110100
0110110101000011
1110100001000010
0101000100011010
1111110111110100
1101000000110101
1101000001000000
0010001000000000
0110101101010100
1100000000111010
0001000111110001
0101001000010100
0010000011000000
1011010011110111
1001001010110000
0001111001100001
1100110110111001
0110000011101010
0100110110000001
1010100001100010
0100010111111000
1001100011110101
0001101111010101
0100101110001100
1011101011111100
1000000100010000
0010011001000000
0010000001110011
1000010101111001
0011101001000011
1011010010001101
0100010101000010
1011001011010001
1100001001101000
1111110100111101
0010001010010111
1010010001001110
0110010010000010
1110101101000110
0110111101011110
1110001111001001
0100111100111010
1010011110100110
1001001000011000
1001011101010010
0010010111100000
0001000100100101
1100100000110100
0101110010010101
1011111001101100
0011101011100111
0001111101110100
1111100011110000
0111010001101001
0010001100101010
1000001100001000
0111010011110001
1110100010001110
0011010111010100
0110111100110100
0010101010101111
1110000000011111
1010101101000001
1001010110100011
1000011100111100
0100001001111010
1000111001001011
0111100000101110
1000001100100100
1000101100011011
0100001100100011
1101111101100110
