0100010100100000
0110011000110100
0010000010110111
0110110110011001
0011011011011001
0010000110011110
1011110110101111
1110011111111110
0011111100111010
0111011010110111
1000100101100001
0100111010110010
1101000000110111
0010000001001011
0010011000000110
1011001111100101
0000010010001010
0000011111000010
0110001101001101
0000011011011001
0010011010001010
1010000111001000
1101110011111111
0101010110100101
0111000110001000
1001110110100001
0000001100100001
1101111110001111
1100111111001101
0010011000011101
1010011111011100
1101000101110000
1011100100110001
1001000011101001
1111101101111001
0001110101111110
1001100010101111
1010100011110111
1011111101111010
1010101010111111
0100100001000101
0011110010000111
0110000111100111
0011011101001111
0011100111011111
0111100110011010
1011001111010110
1010011110100010
0011000011000001
0011100111010100
0111111011000100
1010101001110100
0000110001011101
0000101010100111
0001001100011010
1101100110000001
1100011000000110
0110000100110100
0010101111101100
1111000101111001
0110000100001011
1010000100011011
0110110111101110
1000011101000101
1110111100011011
0100001010011001
1110000110001011
0100111000110011
0110111110000011
1111111011001010
0110001011001100
0110000000000111
1101001111100000
1011010111111111
1101001110111110
1011010100100110
1010111101010111
0011100110100010
0101000000011110
0010011110100001
0100110001101110
0000000010110111
1000001110001001
0011000100110001
0011001110010011
1101111011100000
1100111101001100
0010101111100110
1000001011111000
1011101000001111
0001001111111010
1000000100010100
1110001011011001
1111110111101000
1100100101100011
0101100001110110
1011001011011001
0010110000100000
1100001100010101
1110000010100100
0010010010010001
1000000110010000
1000000110111011
1011011111010101
1010011000101001
1000101111111000
1010011101001110
0010001110010001
1110111011111101
0100001000101100
1100110001111011
0010000100000000
1111010010100000
1011000110000000
1000000101010000
0101101111000011
1011011010110010
1111100001110000
0011010011111010
0111001110111010
0000000000000001
0110100100101010
1111010001011101
0111001010111000
1110010111000010
1101111011111001
0010001100110110
0011001001001101
1001110100011100
1001011101110000
1011000010000011
1100010110110110
1010111111110000
1011101101000010
1001110100011010
1001011101000001
0101010001111001
0000001010110111
1000101010100001
0010110001010001
1011111000111001
0111010000111101
1101011100001011
0000111100101001
0101010001010111
0011101000000100
1111110101010000
1110001101001101
1111101011001011
0001001011010101
1010011110111000
1000100111010001
0011010100000001
0001000110010000
0001111110010110
1100111000001010
0101001111101101
0111001101001111
0111011101111011
0100001100001011
1101101000001111
1010010101100011
0111101000101000
1110000100110101
1000001101111100
0101101010111110
0000111100010111
0110110101100000
0100100100111101
1101001001111010
0111100100001001
0111111101010110
0111001111110010
0110010011100011
0101111111010111
1101101110011110
1101011000111100
0011010011110110
0100001001001100
0100000000000110
0000010000000111
1010000111001111
0011000100010010
1101110011110011
0011111100010111
1011111001101110
0111110101101101
1100110110100100
0100011011010100
1000001001000011
1100000011000001
0001110111001100
0110000011011000
1111110010101110
1111100100110100
0010001110001000
1111010000100001
1111001110010111
0101000111001110
1111011000101010
0111010011111001
0001101111001111
1111001100001101
0101111110111101
0000000110010110
1110010001001101
1111110111001010
1011001000110001
1101001011011000
1110011001010100
1111011010100010
1011101111101110
1101110011011110
1000101011101101
1010010011101011
0000011001111011
0000101011101111
0101010000101100
1100011001001100
1110000100111011
1001101100001100
1001010101000101
1000001100101111
1001000001101101
0001101101111001
1001001110111111
1101010101000101
1101010100101010
1000110011001110
0111110111100110
0111000000011101
1011010100010100
0011001100001111
0001100010100010
1001111101000010
1101000101000000
0010001000110110
1001000000101100
0000110110100110
1100000011001001
0000100011000001
0010110011111110
0110101011100100
0000100011001001
0101000101100011
1100010010011010
1111000011101100
0010001011010111
1100100011101000
0100110010100101
1111100110101001
0101001001101111
1101100011010101
0001100010001001
1011111011011101
1101001011001100
1110000011011001
1111010000100010
0000110100111110
0100011100001111
1000111011110100
1011001110101100
1000001011110001
1101100000000010
0110001000110101
1011001110001111
1100001000010100
1110101101111011
1111111101011011
0010101111010010
0011011001100011
0101100111011101
1011010110101111
0011101011010111
0101110100001110
0110101000100010
0000110101000010
0001101001111101
1100111100110111
1100011100010000
0001000110110100
1000100111111101
1001011000000100
1100100111111110
1011010011101001
0001111110110100
0001011100111001
0111101111010001
1010110101100100
1000110100100001
1110011110001000
0011001010010001
0011111001010110
0100000110011010
0011001110011001
1011100100110010
1101101111100100
1010011010010010
0000111110011001
0110001010010000
0111011011011101
1101011010011100
1101011111110010
0010001111110000
1111111011010001
1110101111001100
1111101101010100
1011000010001110
0110010000111010
1010010000100101
1011111111110010
0100011101111101
1000110100100000
0101000011000011
1010010011111110
0100101101010101
0000101100001011
0110010100101011
0011011010011101
0010011000101000
1011001001100001
1101010101100100
1000010101010101
0000110010111010
0010001110001110
0101111010011011
1101000001010000
0001001011101000
1111010111110110
1110010101011111
1101100100000111
0001101100001110
0110001000010000
0000001000100001
0011010100010101
0110100110110001
1000010010011001
1000001010110010
1011000011001100
0110011110101001
1011001100111010
1001010111000110
1001111111011101
0100111000011011
0100110010111111
1110101111011000
0000110001001001
1011001010101010
1100101110000111
0110000011111001
1101110101010110
1011110001100110
1110101010010001
1110000000010111
1000101001111001
1101111110111001
0011001101000001
1010010010101110
0111111100001000
1111011111100101
0011011010010000
1000001110000100
0110110011011110
1101001110110001
0110001001110001
0111000010101110
0011010011100110
0101101110101000
0011100000100000
0101101000011101
0000111101000110
0111110001111100
0000001111010110
0111000101110000
0010011011000010
1101101100011000
0101101101001000
0010100000110100
0110110101001101
1010001111110100
1000000011100000
0101010100101101
1001111111010110
0011011100110101
1001001111001100
1011111111001011
1110100011100111
1010101011001001
0111000110010011
1010100100101111
0000111000111000
1111101011000110
0111111101001000
1000001100001101
1101101100000011
0100110000011111
1100100101111011
1011000000001101
0110001111010000
1001010101001111
1011011101011010
1011011010001100
1110010001110100
0101111111000010
0010000100001110
0010010110110000
1011110111111011
0001100010110100
0110110111010010
0111101010001101
1110101011110101
1110110001101010
1011011111001000
1011110101100101
0110110011010100
0010000000101000
0000011010010011
0110001010111000
0110110001000110
0001110111111011
0110011001100000
0010000011011000
0101010011010100
0001111010011010
1011100110100011
1110010101000100
1000110100011001
1101011010011101
1100111110110010
1011001010111111
1011100010101110
1010001010011110
0001000010000100
1101001111001111
0010011101011110
0110000110010100
1011101100110100
1001011000011000
1110010101011110
1000111001001000
0001101110010111
0010111101101011
1010001000111100
0000001011000010
0000001000110111
0111010111111010
1100010100101011
0111101001110100
0100000000101011
0010000011110100
1101101010101100
0111001001100100
1011111000011001
1101011101011011
1110110111000010
0111100001111010
0010111111000010
0100101000110000
1110000110011110
0011101110011110
1011110010001001
1100010101001010
0000001100100110
1010100001101010
1111011101110011
1111111101100000
1101100001101100
0011110110100000
1010010000101001
1011001001110010
1111100010001010
0101110101001000
0001101000001110
1110110010111101
0110110010110000
1001010011110001
0011111110001100
0101101000010100
1011100000111101
1000111111110010
1001100000011111
0110001001010001
1000010111101000
0000100100001101
0101010010111001
1110101110010101
0110110111101100
0100110001111011
1010011001110010
0111001011100010
0000011010011011
0000100101001010
1011100010110001
1010000101111000
1010001001100100
1010111010111100
1101001101001001
0101011010100111
1010000000000011
0001110110101000
1011000010101011
0100001111111110
1111100010101111
0011011111101010
0001000100001011
1010000100000010
0011101100010001
0101001110100101
0000111010000010
1010011001010011
0000010011111010
