1100101010100110
0101011111110000
0011010110011111
1010000100110011
0100001101110011
1011001101010001
0110101000100110
0000110110110000
0110101110110101
1000011101100011
0101110111100111
0011110011010010
1111000110100001
0000100110100101
0001111110100010
0100110101111111
0101010100110011
0111010100000010
0100011001011100
0011101110101101
0000000101001001
0110011100000011
1110100011000101
0111110111000110
1000101010101100
1010000111110001
0100011010101000
1100111101111000
0110100010110010
0001101011110000
1100001100110101
0111010010011101
0001000111010011
0011000011010110
1101011101011001
1001111011100111
1010101000100001
0111101100101000
0110100100110111
0000011001111010
0001101100100110
0101101111000101
1011101010011101
0000011111101111
0001111001010110
0111000001010110
0110010000111101
1110011001111010
0101111010100001
0001011000111000
1000001010001100
0011000101001011
0000100011110110
0110111001000010
0100110001001101
0011001100001000
0001111111000100
1101111111100110
0100001011111101
0001100101100111
0000000000000010
1100110011010010
1101110110000010
0001000110111111
1101011010001111
1101111001110111
0101100010101101
1010000011101010
0101101011000011
1001100100111101
1111000111111010
1101110001100101
0011011110111111
1101010110001100
1010100111110000
1100000001101000
0100000110000001
1000111001011110
0010001001000111
0110010100101000
0100010110110011
1001101110011100
1101001100011000
0101110111011100
0010001000011011
1000001000111110
0000011010010001
1001001101011100
0011101001101101
1100000010101101
1111110011000111
1000111101101111
1111100100111000
0000100101000100
0111000111111001
1000001001110111
0100010011110100
0001010000111111
1001000110000111
1001101101011100
1001110010011000
1110000010100111
0100111111010100
0111001100101111
0011000010111100
0010110110111000
1011000101010101
0000011001000011
1001111011000111
1001111011000101
1001100000001111
0111000101101110
0011010101000000
0001010100111111
0000100101111010
0111001010101110
1101110100100000
0010001110111000
1100100010111101
0001111101100100
1100000011101110
1010011001111100
0001100100001011
1001011111011101
0001010111011110
0111110101001100
1111100011110011
0111011110001011
1010001010111110
0110110100000100
0001011000110110
1001101000101100
0010001101010011
1100010110011111
1110100110010010
0101010111010010
1010001111001110
1100100000000111
1110010111010100
0001010000001000
0101011101101111
0100100101110010
0001100010110101
0001001010111001
0110001000000011
1111001001101111
0010111000111111
1100001001011010
1101110010010011
0100011100110000
1100111010000101
0101010111011000
0110100110000011
0010010101101010
1110101110001100
0101000010011101
0000000111000111
1101111001101011
0001100100111010
0111100101011000
0101010100000100
1001001111110111
1110111101111111
0010110000111110
1011100001010110
0001000001001101
1001100000111000
0101001101111111
1001101111111111
1000101000010011
0111000000100001
1000000001111100
1000111100100000
0110010010110111
1001000110001010
1001111111111100
1101111001101010
1001101001011000
1101001001111000
1101010101100000
1010010011101111
0111110101000000
1111010001010100
1000001011110011
1110110101110010
0011110011111111
1110110011000010
0111011110110111
1110100001111000
0011111111101100
0010100100101100
0100001111010110
1100000100110001
1001100001011111
0010001110011110
0111101110100010
0101111101110100
0111111111000101
0001100110001000
0110001001010111
1110010111100000
0010100111111110
1010111011010001
0001111100010010
0010110000111000
1100110110011100
1100100101100100
0010010101000010
0011101001101111
1101000000100100
0010100101010000
1101001110101101
1110111010110011
1001101101001000
1101100101101110
0101111100110000
0010001101000111
1010001110001110
1011111100010110
1001001111001011
1110001000011101
0000011001100110
0110110110000111
0000101101100001
0000110011100001
0011101000110001
0000110001101001
1010111101100111
1101110110010010
1010010000111011
1010110101011010
1101100100001101
0011001000111101
1110001011111000
1011000110000101
1000100010000110
1111001101110100
0011001000111000
0110000100101101
0001100111000111
0001010000110000
0111000001110100
1010111100111101
1011101000000101
1000010011110001
1010000101010000
0100110010110010
0110111011101001
1000010010011110
1000000001011110
0011101000011100
1100011010001100
0100000001111100
0100110110000110
1000100001001110
0101010111011110
1110101111100100
1110011001100011
0101100010010100
1001011110000100
1100101111011011
0011000110100001
1101101011100101
0111011001111111
1111000110001010
0101111001111111
0001011011010001
0101111101101011
1011101111000010
0000001110100101
1000111011101101
0000001111111101
1011010100111101
0100011110011101
0111010001111111
0110000100111110
1001000000011101
1010101101000111
1010001000111001
0100000001100110
1111111110111010
1001010111101100
0010000011010000
1101110000110110
1111000100100110
1000111000011000
0111001100100001
0111110100000010
1100101111001010
1100001000100110
0110111001001101
0010010101000101
1110100101000010
1001111101010000
1001100001111111
1011101001101001
0001101110110000
0001010111111010
0110100111001101
0011000100111010
0000111001101111
1110101100100100
0111100010000110
0100100001010011
0101011111010011
0100000110010010
0010101111000010
1101101111001001
1000010101110011
0001100010111011
1110011010000100
0111011101001100
1011001100101000
1011001001011011
1001010010110000
1010110111010100
0101000010011000
0000100110101110
0010110010111111
0001011100001000
1001110101111100
1010011100011111
0111000111100010
0001101001000100
1111101110110011
0100110110111010
0001001000010111
1100111100011001
1011111100011100
1110101100011010
0101001000011100
0111001100000110
0110000101011111
1001011101001001
0101001001011000
0011110011010100
1011000110000111
1000010000001100
1111111001011000
0000110110101010
0001101110100001
0000000101000010
1100101011010000
1111011011000101
1000101100110000
1111011001001010
0000010001010010
0111111101110101
0111111110110100
0100011011100001
0111101011010111
1001011110101000
1010011110111110
1010111111101001
0001010000100110
1110000001001110
1111011110001010
0101010011001100
1101111011111010
1001110000010011
0000101010101111
0101001110010110
0101001011100010
0000000001100000
1001001110000000
1011111000100100
1001111101000111
1101001010101000
0100110110100101
0100101110110111
0010111101111110
1010011011101001
0110101011011111
0000100100101011
0110001101000001
1100001010100011
0101010011101011
0110110000001010
0011111111110001
1110010011110101
1110111010011111
0000111110010011
0101011010010011
0010010000011111
0110001110111101
1010001010010011
1111001101100100
1011000110011011
0100111110001001
0000111000000000
1101011110111111
0110111000101110
1101010100001110
0100010010010101
0001001101101011
0000001101101100
0110111010000010
1110000010111111
1111011110001100
1100000001100111
1001100001000011
1111010000100110
1001010001110010
1101110110000000
1111111110001101
0010101110110011
0100000111110000
0000110000001100
1100110010101111
0101000001101101
0001010011011101
0101010010011001
1011100001001010
1111001010100001
1011111010010000
1110011111101010
0001111101101111
0111101011001011
0001111101001000
1110011010101111
1001110000100110
1111001110101110
1000110111001010
1011010001011100
0011011001100110
0001011101010011
0011001011011100
0111011110001110
0111011101000101
0010111010011001
1010000101100100
0100001111000010
1111010110101111
0000100110100000
0110010001001101
1000101110101001
1101101000001111
1000110111001111
1000010101011011
1001110101101111
0010110110011101
1101010100011011
0010001100111101
0110110101001011
1010000010101001
1001011001101110
1001101100111101
0110101100000101
0001110001100001
1010101110000011
1111000111001100
0011011001011101
0010010001001011
0000100011101000
1000001001010001
1111001100111110
1001000110100110
0001001110101111
0100000100101000
1110000001110100
0101110111000100
0101010011000111
0000101111010111
1010000110110110
1110010001101111
1001101110100110
1101110101111111
1010110100000100
0111001001110011
0011001010101101
1001001110001111
0000101001001001
1001011000001010
1101011001011101
0110010101010011
0001000011001011
0110010001010000
0101100111110100
1000101000010111
1001110011011101
1100100111110101
0111010010001111
0011111011110001
0111011001111010
1111100001000011
1111111010110011
0100110100000001
0001010001001100
0011101000111001
0101011000000000
0101111100100001
1111001011110101
1010101111000110
0110011010100111
1101100110100110
0100110000010101
0110011111101111
0000010001110101
1111011010001001
0011111110011001
1011010000100001
0110110110010111
1000010110001100
1000000110010111
0011000100010111
1011101100101010
1011010001111101
0001101101100100
1001000110100010
1010100100110101
1110100111100110
