1110101010010111
1110011110011000
0011101111011100
0110110110001101
0111110101111110
0011111111011101
0010110110110011
1111111101100001
1000110010101101
1111011011001010
0111001100010100
1011000001011011
1111000101111001
0111011001111010
0011111000001010
1010100101000100
1110000011000011
1011000111100111
1011011111101111
1000010001001111
0000001100100110
0111001100111010
1100000000000001
0110011010010010
1011000100101111
1100001111010100
0111001010001110
1110011101001010
1101111001010110
0101001000011010
0100111100010000
1011100001110011
1110101101010100
1011100010000101
1100010101001000
0111110110100000
0110001011011000
1010011100110000
1111001110011111
1000110101001101
1100011111000010
1011000111101111
1101000000110110
1000011100011110
0000100011011110
0110111111010100
1001111001100010
0000001101001011
0110010011101010
0011110000011001
0111100001000111
0001001110000110
1101011001101110
1001110110100000
0111011110010001
0000111001111000
1000011000100111
0010101100101111
1100111110111010
0001000001111010
0000010110100001
0001111100000111
1101011110001101
0100010001100111
1000011110111100
1111010101111011
1000000110110111
1101110101001010
0110000111011000
0111101111110100
0011110001110110
1110111000001111
0010101000100100
0010111100000110
0001101000011110
1101100110001011
1111101011100101
1001101110110110
0010110011100010
0100111001000011
0001101000110011
1001010110011100
1010000100010100
0111011111111101
0100110010001101
0111100011001000
1010000101011110
1111010001111001
1001011101111001
1100110001111101
1110001110001111
0111001000001101
0101000000111110
1100100001011101
1011100111001001
1010000101001110
0001011111001101
1110011000110000
0111001111000000
1011011100101100
1111100010000110
1111100011100010
0010001011000011
0011100110010010
0100110100110011
0110000011000001
0100101111101110
1001100111000001
0100000101100010
1100010001101011
0000011010110100
0100000101000111
1001100011011111
1000111010000100
1010010101001101
1101011010000110
0100001100110001
1111000111111000
0010101000101000
0001011110010011
1011001110111100
1000010011001100
1100000001100110
0110011000100101
0100110101011101
1001011010001000
1011101011010111
1010110000110100
0001111001101110
1011111100101100
0011000000100101
1100111100110010
0011101011100000
0101110000010111
0100110000110100
1001111111110010
0010000011001111
1110001001011110
1100000100111011
1111110111111011
1000000000000011
1000001011011100
0010001100101010
1000001110000011
1101010100010011
1010010100001100
1111110001110100
1000101011011011
1101001010010101
1101001101110101
0001111000111101
0011000110110000
0110011100000000
1000001000100110
0100011010111100
0000011011000000
1011001100001001
0010010101111110
0101011100101010
0100101111100011
1111001000101111
0000000001001001
0001000000010110
1100000000010000
0000100010101010
0010000101111111
1111000011100010
1010000110000100
0100011100101100
1110011111100110
0010000001000101
1001111010101100
0111010010101100
0010101011111100
1010111010011100
0100010010010010
1101100111110010
0011011100111111
1111111001110001
0111110011100100
0110110100100111
1010111001100001
1011101100111000
0000100000010000
0001011010110000
1101000101011101
1111001011111110
0011001001000101
1101011010011010
1111111100010011
1111110110000111
1111001111010000
0111000011110010
1110110110010011
1101011111010111
1010000100011011
0000010001000111
1100110100101110
0100111100000000
1010100110101010
1111011011101111
0100101111001001
1111100100011000
0100101110010001
0101000010101001
1000111100001010
0100110111101110
0000111100011110
0101111111100111
0010001001010000
0011110111111001
1011101000111010
1101001011100000
1010111101000100
0010100000111111
0100110011110010
0011101001000101
1100001001101110
1010111111011100
0011011111100110
0010110001010110
1100100000011000
0111110111010001
1001000001011001
0110110111001100
0011011000110000
1100001010011011
1101001001110010
1000111110100001
0001111000100100
1000000011100110
1100110011001100
1011111010000011
1111101111100111
1110010001110100
0100000001110100
0100100110110001
1111010001011000
0100100001100010
0011101101101001
1001011111011101
1001011111011001
1100101011010010
1010011111000110
1101011111000011
0001100100001011
0010101101101001
1100010101011100
0111001000010001
0010111011001000
0010011110011101
1110110100111111
1101110010111001
0101110010011110
1100101001110010
1101010111001001
1001010001001000
1011100110000110
1100001110011010
1010011000000001
0110001101001111
0001000001100111
1100100010000001
0001100111111011
1011000110111111
0101010100010111
0100100000101001
1100001010011101
1010101110001111
0110101000111100
0111101011101011
0100001111111110
0001000101101100
1110110010110111
1000110101111000
1100001011111010
0001010011110010
0101001001101010
0000010001110101
1000110010000011
1001010111010001
0101011000011010
0101111101111011
1011111010001100
1111010110111010
0000011001100111
1100001110100110
1101001100111111
0010110001010011
1101000001011011
1110000111011011
0010001001100110
0010100010010001
0011010110101000
0000110100111110
0110101001011000
1001111111010011
1000001111110100
0001010111101000
1101011001100000
1100000101010000
0010010111011110
0000100000011110
0000101110011000
0010111101000111
1011111101100010
1111100011011100
0111000010101000
1110000000111111
1111000101000100
1001000111100010
0000101011110110
1101111011011100
0100101101000001
0101111000010100
1011011100011001
0110110101000001
1010011011110111
0100010110110000
1111000001100010
0111101011110101
0111001100110110
1110101110010010
0010100100101110
1101100000111100
0101001110000011
1010101001111110
0110110011000100
1001001001001111
1010010101101101
0001101101101011
1101000001010010
1010110101000001
0010010111001010
0111011011010010
0001011111010101
1001011010101101
1001111100111110
0001000110111010
1010011010110100
0100011110111001
1110100100000110
0100111000110010
0111100111010000
0110100011101010
1110111101100111
1001100010010010
0011011001101001
0100100111111010
0100001111010001
0110001001000110
0100110011000000
0101011100101101
1011010010111101
1101001001010010
1010010011100110
1110111011001110
0110110010011100
0100111101010000
1010000111001000
1000001000111010
0111000100110110
0011101101100001
0011011001100101
0011101101011101
1000000110011110
0111010000000010
0000110001010001
0000010011110010
1000010101001001
0000101110101000
1000110001001101
0101010100100010
1110110000100110
0001001111000011
1001001110101001
0100001111001001
0111010010011100
1000001100001110
0101010001101011
1100100111011001
0011111011111000
0010001011110111
1000111001001000
1100100011111100
1001001100001110
0001110111001100
1101011000101100
1010100010101111
1010100011010100
0100010100100111
1000100010111101
1010110011101001
1011101000010100
1001011101011000
0111111000111000
0011110110101110
0001100011101100
1010000010000000
0100111101101000
0101100001001001
1001101110110001
0011010111110111
1000111001111011
0010100111001000
1110100100101011
0111111010001010
0101101111110101
1100101001111011
0111111101110111
0010001100110110
0011001001101111
0100000101010100
0100000101001110
1111100000111011
1100110001001111
0110101000101010
0111010110111001
0010111000111111
0010000001001001
1010101011010010
1100001001111100
0100011010010111
1001100000001110
1101001011010010
1011110101111010
1100000111000101
0001001000010010
0110110000110101
1111001010100101
1001101101110101
1111000110110111
0001100100010111
1001001100001110
0101010000110001
0101101110110001
0101001111000010
0110010001000000
1001100110100100
0110011110101010
0001000110011110
0100010001011100
1000001110100011
1001100111111010
1000000101000011
0100011010111001
1101010000010000
1010101101100000
0100010100110000
0010111010111000
1111011001011100
1010100001011010
0100110111100111
0100000011011111
1101000001110000
1010000101011110
1011101001011101
1100110011100111
0110100101110000
1001011101101100
0110110011101000
0011010001011000
1000100010010100
1111011101110010
1101011000100100
0000100101011011
0110101010100001
1110100011000110
1110011001011010
1010110101000111
0000001001000101
1101101101101100
0011001000110010
0111000110111111
0000011000101001
1000101011101100
0011101101101101
1010000001111101
0001010011111010
0000010101001110
1111010110110111
1010010101100011
1110110010010101
0110011110000010
0101100001001010
0001011010001001
0011111011010001
0100000110101011
1100100100110111
0001100110011100
0000111110111000
0010000011101011
1111100111010101
0000001110010100
0111000111010010
0000110001001111
0001010100000001
1110011001111001
1111000011001000
0000101101110011
0000111101100100
0011010011100110
1001000110100110
0000000000000000
1101000011100101
1000110100000111
0111100010101100
0101110011010111
0111100101010110
1011101001110111
1010110111100011
