-0.58333, -0.58333, 0.41667, -0.58333, -0.58333, -0.58333, -0.58333, -0.58333, -0.58333, 0.41667, -0.58333, -0.58333, -0.75, -0.58333, -0.58333, -0.58333, 0.41667, -0.58333, -0.5, -0.33333, -0.58333, -0.58333, -0.58333, 0.5, -0.58333, 0.66667, -0.58333
-0.58333, -0.58333, -0.58333, -0.58333, -0.58333, -0.75, 0.25, -0.58333, -0.58333, -0.58333, -0.58333, -0.58333, -0.58333, -0.58333, -0.58333, -0.58333, -0.58333, -0.58333, -0.75, 0.25, -0.58333, -0.58333, -0.5, -0.5, -0.33333, -0.33333, -0.5
-0.58333, 0.41667, -0.58333, 1.0, 0.41667, 0.41667, -0.58333, 0.41667, -0.58333, 0.41667, 1.0, -0.58333, 0.41667, -0.58333, 0.41667, -0.58333, 1.08333, 0.41667, 0.41667, -0.58333, 0.41667, -0.58333, 0.41667, 0.41667, 1.25, 1.41667, 0.41667
-0.58333, 0.41667, 0.5, -0.58333, -0.58333, -0.58333, -0.58333, -0.58333, -0.58333, -0.58333, -0.58333, -0.58333, -0.58333, -0.58333, -0.58333, 0.5, 0.66667, -0.58333, -0.58333, -0.58333, -0.58333, -0.58333, -0.58333, -0.58333, -0.58333, -0.58333, -0.5
0.08333, -1.0, -0.58333, -0.58333, 0.41667, -0.58333, -0.58333, -0.58333, -0.58333, 0.08333, -1.0, -0.58333, -0.58333, 0.25, -0.58333, 0.0, 0.0, 0.5, 0.41667, 0.0, -0.58333, -0.58333, 0.5, -0.58333, 0.41667, -0.58333, -0.58333
0.41667, -0.75, -0.58333, -0.58333, -0.58333, -0.58333, -0.58333, -0.58333, -0.58333, 0.5, -0.58333, 0.41667, -0.75, -0.58333, 0.41667, -0.75, -0.58333, -0.58333, -0.58333, -0.58333, -0.58333, -0.58333, -0.58333, 0.91667, -0.58333, 0.25, -0.750.41667, -0.58333, -0.58333, -0.58333, -0.58333, -0.58333, 0.41667, -0.58333, -0.58333, -0.58333, -0.5, 0.08333, 0.0, -0.58333, -0.58333, 0.5, -0.58333, -0.58333, -0.58333, -0.58333, 0.66667, -0.58333, -0.58333, -0.58333, -0.5, 0.75, 0.66667, -0.58333, -0.58333
0.41667, -0.58333, -0.58333, -0.58333, -0.58333, -0.58333, 0.41667, -1.58333, -0.75, -0.58333, -0.58333, -0.58333, -0.58333, -0.58333, 0.25, -0.58333, -0.58333, -0.58333, -0.58333, -0.58333, 0.5, -1.58333, -0.58333, -1.58333, -0.5, -0.5, -0.5, -0.58333, -0.58333
-0.58333, -0.58333, -0.58333, -0.58333, 0.41667, -0.58333, -0.58333, -0.58333, -0.58333, -0.58333, 0.41667, -0.58333, -0.58333, -0.58333, -0.58333, -0.58333, -0.58333, -0.58333, 0.41667, -0.58333, -0.58333, -0.58333, -0.58333, -0.58333, 0.41667, -0.58333, 0.5, 0.5, 0.75
-0.58333, -0.58333, -0.58333, -0.58333, -0.58333, -0.58333, -0.58333, -0.58333, -0.58333, -0.16667, -0.58333, -0.58333, -0.33333, -0.58333, -0.58333, -0.58333, -0.58333, -0.58333, -0.58333, -0.58333, -0.58333, -0.58333, -0.58333, -0.58333, 0.0, -0.58333, -0.58333, 0.25, -0.58333
-0.58333, -0.58333, -0.58333, -0.58333, -0.58333, 1.41667, 0.41667, -0.58333, -0.58333, -0.58333, -0.58333, -0.58333, 0.5, -0.58333, -0.58333, -0.58333, 0.41667, 0.41667, -0.58333, 1.41667, 0.41667, -0.58333, -0.58333, -0.58333, 0.41667, -0.58333, 0.25, -0.58333, 1.5
-0.58333, -0.58333, 0.41667, -0.58333, -0.58333, -0.58333, -0.58333, 0.5, -0.58333, 0.41667, -0.58333, -0.58333, -0.58333, 0.25, -0.58333, -0.58333, 0.41667, -0.58333, -0.58333, -0.58333, -0.58333, 0.66667, -0.58333, 0.5, -0.58333, -0.58333, 0.83333, -0.58333, -0.5-0.58333, -0.58333, 0.41667, -1.58333, -0.58333, -0.58333, 0.41667, -0.58333, -1.58333, -0.75, -0.58333, -0.58333, -0.58333, 0.66667, 0.25, -0.58333, -0.58333, 0.41667, -1.58333, -0.58333, -0.58333, -1.58333, 0.41667, -0.58333, -1.58333, 0.25, -0.91667, -0.75, -0.58333, -0.58333, 0.41667
-0.58333, -0.58333, 0.41667, -0.58333, -0.58333, -0.58333, 0.25, -0.58333, -0.58333, -0.58333, -0.58333, -0.58333, 0.41667, -0.58333, 0.5, 0.41667, -0.58333, -0.58333, 0.41667, -0.58333, -0.58333, -0.58333, -0.58333, 0.25, -0.58333, -0.58333, -0.58333, 0.41667, -0.58333, 0.5, 0.25
0.41667, -0.75, -0.75, -0.58333, -0.58333, -0.58333, -0.58333, -0.58333, 0.41667, -0.75, -0.75, -0.58333, -0.58333, -0.58333, -0.58333, -0.58333, 0.41667, -0.75, -0.75, -0.58333, -0.58333, -0.58333, -0.58333, -0.58333, -0.5, -0.5, -0.33333, -0.33333, -0.16667, 0.0, 0.25
-0.58333, -0.58333, 0.41667, 0.25, -0.58333, -0.16667, -0.58333, -0.33333, -0.58333, -0.58333, -0.58333, -0.58333, 0.41667, -0.58333, 0.25, -0.58333, -0.58333, 0.41667, -0.58333, 0.25, -0.58333, -0.16667, -0.58333, -0.33333, -0.58333, -0.58333, -0.58333, 0.41667, -0.58333, -0.58333, -0.583330.41667, -0.58333, -0.58333, -0.58333, -0.58333, -0.58333, -0.58333, -0.58333, -0.58333, -0.58333, -0.58333, -0.58333, -0.33333, -0.16667, 0.250.41667, -0.58333, -0.58333, -0.58333, 0.41667, -0.58333, 0.66667, -0.58333, 0.41667, -0.58333, 0.41667, 0.41667, 0.41667, -0.58333, -0.58333, -0.16667, 0.83333, -0.58333, 0.66667, -0.58333, 0.41667, -0.58333-0.58333, -0.58333, -0.58333, 0.25, 0.41667, -0.5, -0.58333, -0.33333, -0.16667, -0.58333, 0.25, 0.5, 0.41667, -0.58333, -0.58333, -0.58333, 0.25, 0.41667, -0.5, -0.58333, -0.58333, -0.33333, -0.16667, -0.58333, 0.25, 0.5, 0.41667, -0.58333
-0.58333, -0.58333, 0.41667, -0.58333, 0.25, -0.58333, -0.58333, 0.41667, 0.41667, 0.41667, 0.5, -0.58333, 0.66667, -0.58333, -0.58333, -0.58333, 0.41667, -0.58333, 0.0, -0.58333, -0.58333, 0.41667, 0.41667, 0.41667, 0.25, -0.58333, 0.5, -0.58333
-0.58333, -0.58333, -0.58333, -0.58333, -0.58333, -0.58333, 0.5, 0.41667, -0.58333, -0.58333, -0.58333, -0.58333, 0.5, 0.41667, -0.58333, -0.58333, -0.58333, -0.58333, -0.58333, -0.58333, -0.58333, 0.66667, -0.33333, -0.58333, -0.58333, -0.58333, 0.66667, 0.83333-0.58333, -0.58333, -0.5, -0.58333, -0.58333, -0.58333, 0.41667, -0.58333, -0.58333, -0.58333, 0.41667, 0.5, -0.58333, -0.58333, -0.58333, -0.5, -0.58333, -0.58333, -0.58333, 0.41667, -0.58333, -0.58333, -0.58333, 0.25, 0.41667, -0.58333
0.41667, 0.25, -0.58333, -0.33333, -0.58333, 0.41667, -0.75, -0.58333, -0.58333, -0.58333, -0.58333, -0.58333, -0.58333, 0.41667, 0.25, -0.58333, -0.33333, -0.58333, 0.5, -0.75, -0.58333, -0.58333, -0.58333, -0.58333, -0.58333, -0.58333
-0.58333, -0.58333, -0.58333, 0.91667, 0.41667, 1.5, -0.58333, -0.58333, -0.58333, -0.58333, -0.58333, -0.58333, -0.58333, -0.58333, -0.58333, 0.91667, 0.41667, 1.41667, -0.58333, -0.58333, -0.58333, -0.58333, -0.58333, -0.58333, -0.58333, -0.58333
-0.58333, -0.58333, -0.58333, -0.58333, -0.58333, -0.58333, 0.41667, 1.66667, -0.58333, -0.58333, -0.58333, -0.58333, 0.41667, 1.66667, -0.58333, -0.58333, -0.58333, -0.58333, 0.41667, 1.66667, -0.58333, -0.58333, -0.58333, -0.58333, -0.58333, 0.41667
0.41667, 0.25, -0.16667, -0.58333, -0.58333, -0.58333, -0.58333, -0.58333, -0.58333, -0.58333, -0.58333, -0.58333, -0.75, -0.33333, -0.58333, -0.58333, -0.33333, -0.58333, -0.33333, -0.58333, -0.16667, -0.58333, -0.16667, -0.58333, -0.58333, 0.25
-0.58333, -0.58333, 0.25, -0.58333, 0.41667, 0.66667, 0.41667, -0.58333, -0.58333, 0.25, 0.41667, 0.66667, -0.58333, -0.58333, -0.58333, 0.25, -0.58333, 0.41667, 0.66667, -0.58333, -0.58333, -0.58333, 0.66667, 0.41667, 0.83333, 1.0
-0.58333, -0.58333, -0.58333, -0.58333, -0.58333, -0.58333, 0.25, -0.58333, 0.41667, -0.58333, -0.58333, -0.58333, 0.25, -0.58333, 0.41667, -0.58333, -0.58333, -0.58333, -0.58333, 0.25, 0.41667, -0.58333, -0.58333, 0.5, 0.41667, -0.58333-0.58333, -0.58333, -0.58333, -0.58333, -0.58333, -0.58333, -0.75, -0.58333, -0.58333, -0.58333, -0.33333, -0.58333, -0.58333, -0.75, -0.58333, -0.58333, -0.58333, -0.58333, -0.58333, -0.58333, -0.58333, -0.75, -0.58333, -0.58333, -0.58333, -0.33333, -0.58333, -0.75, 0.25, 0.41667
1.66667, -0.58333, -1.58333, 1.41667, -0.58333, -0.58333, -1.58333, 1.66667, -0.58333, 1.41667, -0.58333, 1.25, 1.41667, -0.58333, -1.58333, 0.66667, -0.58333, -1.58333, 0.41667, -0.58333, -0.58333, -1.58333, 0.66667, -0.58333, 0.41667, -0.58333, 0.25, 0.41667, -0.58333, -0.58333
0.83333, -0.58333, -0.58333, -0.58333, -0.58333, -0.58333, -0.58333, 0.83333, -0.58333, -0.58333, -0.58333, -0.58333, -0.58333, -0.58333, -0.58333, 0.66667, -0.58333, -0.58333, -0.58333, -0.58333, -0.58333, -0.58333, 0.5, -0.58333, -0.58333, -0.58333, -0.58333, -0.58333, -0.58333, -0.58333
-0.58333, 0.41667, 0.41667, -0.58333, 0.41667, 0.41667, 0.41667, 0.41667, -0.58333, 0.41667, 0.66667, 0.41667, 1.41667, 1.66667, -0.58333, 0.41667, 0.41667, 0.41667, -0.58333, 0.41667, 0.41667, 0.41667, 0.41667, 0.41667, -0.58333, 0.41667, 0.66667, 0.41667, 1.41667, 1.25
-0.58333, -0.58333, -0.58333, -0.58333, -0.58333, -0.58333, -0.58333, -0.58333, -0.58333, -0.58333, -0.58333, -0.58333, -0.58333, -0.33333, -0.58333, -0.58333, -0.58333, -0.58333, -0.58333, -0.58333, -0.58333, -0.58333, -0.58333, -0.58333, -0.58333, -0.58333, -0.58333, -0.58333, -0.33333, -0.166671.41667, 0.41667, -0.58333, -0.58333, -0.58333, -0.58333, -0.58333, -0.58333, -0.58333, 0.41667, -0.58333, -0.58333, -0.58333, -0.58333, -0.58333, 0.5, -0.58333, -0.58333, -0.58333, -0.58333, -0.58333, 0.41667, -0.58333, 0.25-0.58333, 0.25, -0.58333, 0.41667, -0.58333, -0.58333, -0.58333, -0.58333, 0.25, 0.41667, -0.58333, -0.58333, -0.58333, 0.25, -0.58333, 0.41667, -0.58333, -0.58333, -0.58333, -0.58333, 0.25, -0.58333, 0.41667, -0.58333, 0.50.41667, -0.58333, -0.58333, 0.5, -0.58333, -0.58333, -0.58333, 0.5, -0.58333, -0.58333, -0.58333, -0.33333, 0.66667, -0.58333, -0.58333, 0.5, -0.58333, -0.58333, -0.33333, 0.83333, -0.58333, -0.58333, -0.33333
0.41667, -0.58333, -0.58333, -0.58333, -0.58333, -0.58333, 0.5, -0.58333, 0.41667, -0.58333, -0.58333, -0.58333, -0.58333, -0.58333, -0.58333, -0.58333, -0.58333, -0.58333, 0.5, -0.58333, 0.66667, -0.33333, 0.83333-0.5, -0.58333, -0.58333, -0.58333, -0.58333, -0.58333, -0.58333, -0.58333, -0.58333, -0.58333, 0.66667, 0.5, -0.58333, -0.58333, 0.25, 0.41667, -0.5, -0.58333, -0.58333, -0.58333, -0.58333, -0.58333, -0.58333, -0.58333, -0.58333, -0.58333, -0.58333, -0.58333, 0.66667, 0.5, -0.58333, -0.58333, 0.25, 0.5