1000100011110111
1110001110100110
1100001111010011
0111000110110110
1110010000110000
1001100100101110
0100010010001000
1011010110111011
1001011011001001
0111111111101110
1100010100100001
0001001000111011
0111011011000010
1011110111110001
1001010111101010
1100101101001010
0110000110010011
1110111011101011
0100011001100101
1101110001000001
1000111000000011
1011101011101111
1011010110101010
1101111110011110
1101001000101011
0110101010011111
1001111001011100
1000011010001110
1101000010011000
1110000010011101
1111100100011010
1010100001100000
1100110110101101
1011000000101111
1010100100001101
1011000110100010
0010000011000110
0000000101110000
0100011001010011
0010001111101001
1010100010101110
1011100101010100
0000100101110101
0010100001111111
1010000001100001
1000100100011010
1011100110010101
1001101000101001
1001100100110110
1111101111100011
0101000100100111
0010010100101100
1101101000011100
0001101110100000
0001001111001010
0101011011101011
1001000011110010
0110011111011010
1000111011000001
1001011111011110
1111011100010000
0000100010010011
1011100111101011
1110101111101011
0010000010100001
1011010110111010
1000001000001110
0110010000110100
0100001010111110
0010100110100100
0010011101100100
1100001000001011
1001000110001000
0100010110110001
1000001010110101
0110110110111110
0110100101001011
0000111001110110
1000011001111100
1101001001111111
1101110011010100
1100011100110110
1010100110100000
0111000100001100
0110111111101110
1101001010010000
0110001101100110
1001110000111010
1010000111000100
1011000100011110
1010101110000000
0011010001011111
1110101000000110
0101111110110100
0011000100001000
1011010101101100
0100010011000100
0001011001001110
1010101110100100
1111100011001000
0000101011111111
1011001010000100
0011010000010001
1000111101101110
0000001011110010
0001011100001101
0001011000000110
1001010010011000
0001001111011011
1111111101010110
0011011100110001
1111000101111000
0010110110110010
1111001100110000
0011010011110001
1101000000011011
0110110010100001
1110100000101001
1000110101111010
0000000011110111
1010000110011110
1110001100000001
1001001110010001
0011111100110101
0100101101111110
1111101001111000
0100111101000100
1111111100110100
1011110111110100
0111110101100111
0110111011100110
1101110110011001
0110000000101100
0110111000111011
0001111000001000
1000001000001111
0011101000000001
1110001101111111
1010110101111000
1000011001110010
0110100010001011
0101010110111001
0101010001100110
1100110001111100
0011110110110011
0001011101110001
0000101001001111
0001011000010010
1001100001011111
1011001110011101
1100010110111001
1101110001001010
1111010010000111
1111000100000001
1101110100111001
1001110011000100
1010011001111110
0111001100001101
0100011000001011
0001110000101001
0101000000111100
1010111010111000
1011000101010101
1011101100011000
0001001110001111
0101100111110001
1101011011101100
0111000110001001
0100010110100001
0100011111111100
1111100100011010
0010011100100010
0101011101000111
1001101010010101
1011001100100111
0100101001001000
0110000110011010
1010000000100001
0110010100101000
1101100000100000
0110000110101111
0001011101001111
0011101010111011
1001001011111101
1010100110110110
1010000011101011
1010000111001001
0100110101001001
0110111000111011
1101101000100110
0110100111000000
1001001011001111
0111100001011111
0010110111000000
0111100011110100
1100010110001000
1000110011110100
0110001101101111
1011111001110100
1100111000110010
1101100011000000
0001010000100001
1001110111001100
0000010001001110
0111001101000001
1011111010110110
0010010111001100
0001010000001000
1110011011111011
1100000000001011
1010101010100000
1100011001111110
1100101110011001
0000110110000001
0010100111000101
1010010110001111
0111111100010100
0011101011100100
0000001110000010
1011000101000110
1101011011111101
0001001111001110
1110011110010010
0100011000100111
0011100100100000
0010000011011110
0101100011101101
1011000101101010
1101101010000001
0100110001110001
0100110110000011
0101000111110000
1110110001111010
0001101100000000
0111010011011000
1001111111010011
0010001000000010
1100001100010001
1011000000000111
0001100010110111
1101000101111111
1111011011101101
0110011000110001
0001010100110101
0000111010000011
0011111110101000
0100000010000000
1111001000001000
0011000000111000
1000101101101000
1001101011000010
0101000101111000
0011101010011011
0101100100011000
1111111110001101
0000100110111111
1010111010001100
0010100110000110
0000001000100101
1001010010110001
0100100011111101
0110101111110001
0110001111101000
0010011011010010
0101001011000110
1101010010111011
1100111001001111
0001011111101001
1101101001111001
0001001001000111
1101111111001110
1100100000010010
1010011000011110
1011001001100101
0000000001100101
1010010010010001
1011110110001101
0100011110101010
0111001110000000
0101011001011110
1100010001000100
1110010100100111
1111000000110101
0111000001111110
0001111000000001
1011011010001100
0010111000001101
0110011000110010
0100011101110100
0000101001111100
0001011110100110
0101100010010000
1011110000011001
1000001110111001
0110001101011010
0001011010000111
0010100110010101
1101010101101111
1100111011010011
0111110000010111
1100011100001011
1100110100110000
0011001011010011
0110100101011111
0110001110111001
0111111101111000
1101001000101010
0110000110111110
1100111000011110
0101101101111000
1110001000011111
0001000110000101
1000001111011101
0110101110111001
0000011110110101
0001011100110100
1000010011101100
0001010110110000
1110001111111010
0101010111000001
1011001110111001
0110101000011100
0100010000100011
1110101101001101
1101001110101000
1011100011100011
1111100001100011
1100100100110011
1000000101011001
0110101000101101
1100000111010001
1111111011101111
1100111110111111
1110101111100100
0100110101000111
1111011101011001
0100010001110100
0100000101100101
0110001001000110
1101111110011000
1101000100101001
1111011001001000
0100010100110111
1001010011001010
1110001110010011
1010111010001101
0110011101001100
1110111001000100
0010101100000011
1001000010011110
1111100001010001
0100000010011110
0010011011010000
1110010110010100
1111111100000000
0011000101101001
1110001101100100
0101111100001101
1110010110101111
0110001010100101
0010111100100001
0011011111100101
0010111001000110
1101000000101001
0100100101101111
0110010110001101
0111110101000010
0110110111000101
1111110010101010
1100000111100000
0100000110000101
1101010111100101
0011010000001011
1101001111111101
1111011001111010
1101111010011100
1001001011110010
1011100100001111
0110101111100110
0000001000100100
0110110001001001
1011011011010100
1111011101111100
0000011100001000
1001010001111111
1010101001101111
0101011001110011
1111111101101000
0010011010001010
1111100101110110
1101010111111010
0001011110101001
1111100001100101
0001111000100001
1001001111000110
1000110011100101
1001101101011101
0101110110101111
1111010111011001
1011101101011001
1001100111001010
1010001011110101
1010011100010000
1010010111001001
0111010000001110
1110111101000010
0001101100001010
0101101011011010
0010011010001010
1110111001010000
0010010010101010
1101000000100111
0001001001011001
0110000111001001
0111011000110110
0110011011110010
0100100100001100
1100011010011111
0100000111111000
0101111110000000
1001011111110110
1101101011111010
1001010110010011
0101100000010010
1010111010101110
0011011000101110
0101001110010111
0110110000001000
0000011001000011
1010111000000001
0111000010010010
0010011101000010
1101011101101010
0010101111010101
1101010001011111
1010000001001100
0000011111111010
0010110110101100
1000000011101110
0000001110101111
1000011101000011
1010111011000001
1111111111011101
1100000011101111
1010000000110101
0111000001010101
0111001001110011
0111011011111110
0111010000110111
1000011010110110
1011111000011010
1001110011110010
0100100100011010
0101011000000010
1000101100110110
0010100011100011
0000001011111111
0110000110010010
1001111000000110
0001001000001000
0011111001100011
0111000111100101
1101100000110111
0010100101000101
1010011110100010
0101001101011001
0100010000110110
0101100010110001
1001100001101000
0110011111110010
1101100001110011
1111011011010101
0001110111110100
1011111100011000
1101011001110110
1100000011111100
0000011110011101
1010001100101001
1111110111011010
0111101010001011
1101100010010000
0010001011101100
1101110011110000
0101001000010011
1010111110000001
1110011110101110
0011011010101010
0110011111010110
0011010111011001
0101011011000010
1110011000001011
1000100001101001
0110110010110101
1111111101111111
0111000100111010
1001010001011001
1101100111101010
1000110110000011
0100010010110010
1000110100001110
1100101101101111
0100101011010100
1101100111110110
0000000011000010
0100111101010111
0101110001101010
1000001001000100
1010010000100010
1000010100101000
1010100010110101
0001000001010001
