1110001000001101
1100101111101011
1111111100001001
0010000101011011
0010001111100010
0010110001000011
1011101101000010
0001100100000110
1111000000100001
0010001101011100
1000101000110100
1101100101001100
1111001100011110
1101010111001100
0100001100101010
0101100010010000
1010111111111010
1000011101000101
1111000111101011
1000101001000011
1100110101011010
0011000001000011
1101111000110010
0001010000101100
0001011001001100
1001110001001100
1111011001011010
1101101001100101
1111110111010100
0100010010000010
0000110001111110
0100101011000101
0011001110100111
0001011011101011
1111100111100011
1010000011111110
1011111010000101
0010101011011010
1101110100000001
0000010110010011
1100000011111100
1001001110001110
1001010100001110
1110010100001111
0111010110100000
0101010010000100
1100001011111000
0101001010101000
0100111010001100
0101000101001110
1000010111011100
1101000110101001
1101110011000100
1110100100110111
1001100010101111
1100011000010001
1000111011010100
1011101100111010
1110000000010011
1001100110111101
0101110110010110
0101011010001111
0110010001001010
1111000111001110
0000011010111110
1111001111110000
1111111010100000
0011000000111000
1010000000101001
1011100111001000
0010100010001001
0010111110110110
0100100000001101
0011010010100111
0011001111001001
0011000010001100
0100010100011011
1001011000000101
0011110101001101
1011100101101010
1101001111000110
0111000101110010
1110110000110111
0010001011111111
0010101110001100
0100100101011011
0110101110001000
0100000000110010
1010100000110101
1000101100001011
0011000000011100
0000101111001001
1100011000100000
1001110100000101
0000001101101111
1001010000100011
1101100110001001
0110111100001010
1011010111101100
1100110110011011
1100001001110000
1101000110111011
0101001001001011
1101101001001101
0011001000000100
1010001010101001
1111011010001111
1010011011100010
1111001010100100
0101010100001110
1001100100100100
0000111110010001
1101010101111011
1100011111110101
1110111110001111
1101111101111111
1110101101111111
0111001000000101
0100010010000101
1011110111000010
1000001100101110
0001101101101111
1111110101101101
1011110111011010
0110110111111111
0011010101110101
1010101100110110
1100000110011000
1110110011101101
0111011011110101
1111100110111000
1110001100110111
0001110111001011
1111011001001000
0010000100111100
1100000111010001
0110110000011001
0011101001100100
0001010100001011
0101110101111101
0101111010110010
1000100110001001
0011100100101010
0101100111010101
0001001101100011
0101111010011010
1110111000000101
0101111001110011
1011110010010110
1010111101001101
1001111111101010
0010111111111011
1110110111110101
1000000000011010
1011110011001010
1110011101111011
0110010011100101
0100101100000110
0110000110100010
1011100111111010
0001000101000111
0000011000100011
0001101110010100
0010111001111001
0011000111001110
1000001000111011
1001010000110101
0101101001100101
1000101000011100
0111010110100011
0110011111001101
1111011000000110
0101001101110011
0001010110010111
0010001010101100
1111111111111000
1010000010010011
1101100001001100
0111100111100110
0011011110001100
0111000011101011
1110101011110011
1111100111010110
0010011011000101
0101110101110110
1101110001111010
0011010100011000
1101110101111111
1101101110111010
1110011011100010
1000110000000000
1000011000001111
0011110111101010
0100011010000001
1000101100100010
1001010101001011
1110010110100111
1101101101111110
1110000110000101
0010101011011010
0000000110000001
1010010000011010
1110110101010111
0000001110000011
1000110011100100
0101010010111111
1010100111000000
1001111111000101
1101001010111010
0010110110101101
0111100101111110
1111101000000011
1000111100011100
1001100011101000
1101101011000100
1010101111011101
0111101010001010
0010001101101010
0111101111001111
0101001101001110
1101111111011000
0000100101110110
1000100111000001
0010101110101001
1100100001000001
0011110111010011
0100011110011010
1101000100001000
0100111101011010
1100110101010100
1011000110001001
0011000110101010
0111101110010000
0110000111010000
0111110001011001
1100100011100110
0011000100000010
1101001000010111
1101100000101000
0101111001110001
0110010100111010
1010110000010001
0110000000000000
0111100010001100
1000011110110011
1110000100111001
0010001000110100
1011100011101011
1010100010110011
0011010110111111
0100001011001111
1010011001111010
0110101111100111
0100101001100001
1100100110001011
1001101100100001
1010001011000010
0110111001111001
1100000111010100
0111110100100100
1111010000001011
0111010110001100
1010101110110010
0000010110100101
0011110100111011
1111011011110110
1011110111100111
1110100111100001
0100101000011111
0101111100111001
1000101000110111
0110001011110100
1100000011110101
0001110011000111
0011110011100000
0010101110111100
0110100101110110
1000000111000010
1101001000110011
1110010010001010
1010000000001011
0100010110101001
1011010011101010
0110010001001100
1100010101010010
1100111001000101
1110000110110111
1110111110100110
0011111011010111
1111000111000100
1000101111110011
1110101010000010
0110000011101010
0111110000010000
1111101111011011
0111000000111100
1001111111110001
0110011101001101
0011011000101001
0010001101100101
1010110100100011
0111001101010010
1001011100000001
0110110101011011
0111010001001101
0000000001110010
0111101001111001
0110001111001010
0011010001101001
0100100110100100
1011111111101110
0000100101000110
1101001111001010
0100100111001000
1000110100011110
1110010101010010
0100101000011111
1101001111101000
0001111010000101
0001100000101000
1101010000010000
0101001001000001
1001000100011101
0010110000111010
1110100010111010
1111010100101111
0100000110011000
0011100110010011
0101111111101111
1000111010110100
1101101101001110
1000011110001001
1100001001110111
0000111101100101
0001111011011011
0101010111001100
1000011101001100
0110111011110001
0111000100101100
0101101110000001
0100000001000111
0111100000100101
1010111111101011
0001100101001100
1001111011001001
1011000101111000
0111111001011000
1001110010000101
0001100100110000
0001001110011101
1010110100000011
0000111101011010
1001111110011101
1011110010000111
0101111000011100
0001100101111101
1001100010010011
0110001001000110
0111110001110100
1000110000011011
1111011000100110
0000111111110010
0000001100111000
0100101011001110
0001011010110100
1111000100000111
1000001011110110
0001111101101111
1101101001011110
0101110011001111
0000110111100111
0010100000011000
0010000011010011
1000111111001101
1011101110110000
1101011010000101
1101000011001010
1101001010010111
1101111100111101
1011000111000111
1111110000110010
1101111000010101
1001011101011111
1000111111101111
0010111111100001
0011011001101100
0010101101101001
1000100011000010
1100011001100110
0111011100011110
1000110111100100
0100011000111011
0000111110111011
0010000101010100
0000110001101000
0110111000010111
1111010010110101
0100111110111101
0101011100110010
0010001010110111
0100101011010011
0001001011110010
0001010101100010
0100001010110100
0001011100011010
1001110011100100
0011111000100000
0101101011000100
0010000111101000
1011100000101101
0010001101100111
1010011010101011
0000110100000011
0101000010101010
0110111000100111
1100100010011000
0100000100111000
1111111111010001
1101111100100111
1011111100010101
0001010011110111
0011110111011010
0001001101011101
0101010100011111
1001001011011000
1100111101001111
0100101010110110
0000100111011010
0111010111111000
0011001100110110
0110101001011010
1110111110100001
0011111001100000
0111110011011111
0101101100111110
0110000100100111
1001110010101000
1101000111111011
0001100100010011
1001001100100111
0100001101111001
0001111111111110
0000011101111101
1010101010001001
0100110110110000
0011100111101101
1100100001000101
0010011111011001
0101101001111001
1101000100011010
0101110011111100
0111000100011101
1111000001100110
1101100010011100
1011100010001000
0011111110111011
1111010000000100
0100101010000001
0011011100111000
1011111001001000
0111001001010101
0111011001100111
1110011110011001
0101111110101101
0100010100011100
0011100011011001
1011111111111110
0011011111100001
1110111000001000
0001001001001010
0110101100000001
0111100001110100
1111101111110010
0101100011110001
0110000001111110
0100000110100000
0100000111010011
1110011111001011
0100100001110100
1010010001111100
1100011000011011
0101110010101011
1100010011111110
0011011001100000
1111000101101110
0000101010100001
0010000110001100
0100001011111101
1001111110110011
0110110110101000
0001000000100110
0001010111111010
0101101010000001
1100011010111011
1011001001100110
0000101000001000
1001111001011101
1110010000000100
1011101100101110
0000001011000110
1001100110100111
1001110111011011
0101110110001000
0100010000100100
0110010000111100
1101100000001010
0111011010001110
1111111001011001
1111001000100110
0001000100001001
1010101001110000
