1000011001010100
0110101101110110
0001001101100110
0010000001110100
1101100110110000
0100100111100101
1101110110101111
0100000001101110
1100101110110010
0101111001010111
0000011100101110
0110111110001010
0111110001111011
1010100110001000
1000000001110011
0011100011111111
1000110000110000
1110000001111001
0000010000010101
0101101011110110
1010101101001011
0010100110111010
0001111100100001
0101001110110001
0110111001000000
0011000011011101
0110010111101101
0011010000011010
1111010111010010
0001111100010101
0111101001111110
1000000101101000
0010001111101010
0111111100100001
0111001111010010
1101101111011110
1001110010010100
0100000001001111
1110110101110110
0101001001111111
0011110001101011
0110101001000100
0111111110011100
1001010111011001
1011111011110100
0000110000010011
0010110011100111
0000100001000010
0011111100101000
0011011111110000
0001100101000010
0111011100101001
0100001011000111
0011101100010001
0000000110011000
1110011100010111
0110011100101101
0110011111010101
0000011001010011
0001010101011101
0010011000111010
1001011101011110
0010101010001111
0111000000101110
0111111110001010
0000111110100000
1101100010010000
1011001100011111
0001010001000100
0010010000100100
0010101111100100
0111110010001110
1000101110011111
1100100100100111
1010111001111100
0001110010111101
0010001100111110
0101110000110011
0001111110000100
1110000100100001
1101011001000101
0000101000011111
1010001111111000
1111101000011010
0111110101100110
0000011100001011
1101001000011000
1101011101000101
1111101011010110
0010111110010010
0010100001010111
1101100101001011
1111100001101001
0000010111011100
0101000001001101
0110100111101010
0011111011011010
1010101000000010
0100011010101111
0101010010100100
1100001110111101
0001011010001001
1111101100011001
1100101100111101
1110010011110110
0110100110010000
0111101101001100
0000011100111110
1111010101110001
0011111110000010
1000001101001110
0000101011010110
1001100000101000
0101110110101110
0111001110110001
1101110111011001
1000011010001001
0001101100100101
0001000110111011
0100011110110010
0011100010001001
0010101011101000
1101101000111000
0110101011000010
0000010001101101
0100100001011111
0011011100001111
0100101100100010
1101100001010001
1000101110010000
1001101010010000
0011010101000001
0101010001011110
1110001111101010
1001101101101101
1101011010011100
1111101111100001
0011100000110000
0101001101001101
1000010010110010
0101101111100000
1110100010110111
0110100100100001
1001011101001000
1011010100110010
0110101011100101
0110011100011011
1101010110101100
0010010101100110
0010001000000111
0000000010100010
0101111100101011
1101011100101001
0011001111110101
0111111000110101
0100000110001010
0111100001100100
1110000100001011
0010101110110100
0111010100110100
1000010100010101
0010100000010111
1111011110111101
1010111110111011
1000110100000111
0101000101101110
0110111011000001
1101011001100010
0111000000000111
1110011010011010
0100110001010000
0001100100100010
0101001110101001
1001111101000001
0101010011110111
0001110110101100
0101101001111000
0010011000001000
0000001010110111
0011101000100011
0000000111010101
1111010111000100
0010001110111011
0111000101000111
0110110101010010
0110010101100110
0000001010110001
0100001001100010
1110011111010101
0110100010111001
1101011100110010
1110110011100101
1100101001011001
0010001011100100
0110101101110000
1101111011011011
1111000000001101
0011101000011010
1000000111011101
1100110011010000
1010001111101100
0010100011110100
1000111110010001
1011000010010101
1000011011011011
1000010010110111
1000101110101001
1000100001110100
0010011001001111
1101101100111001
1000110100000100
1000010100000010
0100010101101101
0100110001010011
0010110010010111
1000001111000101
0000111001010010
0110011100100111
1010100011110010
0000110001001111
1100010001100110
1000011001111110
1110111010010000
0111111011100011
1000110011100000
0011110011111001
1110100000000011
0101000101100011
0101101011001100
0000011011101110
1001100000010111
1111101010011001
0001000000111111
0111101110101001
0100100000110101
1011111000100100
0101111001101110
1011011110010100
1111001111111110
1010100001101100
0101101101000010
1111111110111001
0111011010000000
1011000011001100
1000001000110000
0001000110110000
0101100011110000
1001101101111010
1100110010001000
1000010001100101
0101101110010011
0100000010111101
1011010101101100
1100011000100000
0101110111111000
1110110110001101
0010111011111010
0111111100111101
0101100011110110
1011000001010101
0000101010101100
1110011110111111
1110010010110101
0000100010100110
1010111100000111
1001001011111011
0010100100000110
1000010010110011
0111101100010011
1100011111111011
0110110000010010
1001110000101001
1110011001010000
1010110111011010
0001010110101110
0111110110100100
1000110010000011
1101011100011011
1000011000111101
1000010001100010
1001000000011011
0110001111001110
1110001110111111
1010110011001101
1101111010111110
0111000100000101
1100001100011010
0010111000111110
0110011001110001
1001010001100010
0011101011001100
1100001011010101
0000001010010011
1010010010101111
1101101010011011
0000111100111011
0110000000100001
0111001101001011
0000101001011110
0111101110100001
1111001011111000
0100110000100000
0100110011110001
0000000001001101
0110000011100001
1101100011100100
1100111101011111
0111111001100111
1110111001011011
0001001000100110
0011001000000001
1101110110100110
1010001001001111
1001001011000000
1101011100111011
0100110001010000
1001000000101110
1110001001110001
0010010111111111
1110011110011001
1101010010110001
1100010011000011
0100110111101010
1001100001110111
1010011010010011
1101101000011011
1000000100011000
0001111110101001
0110010101110001
0000110011110000
0110000101100101
0011101101111010
0010101111011001
1011010010011110
1101111101111101
0111010011100100
0000100011101010
0101011101101000
0011000110001000
0111010001111000
0010000111111011
1101100111011111
1000100110010101
1000111101111101
0100110001100001
1101111100110000
0101110010011001
1000011111110000
0011100110111111
0100111010100011
1010110010000100
1000011011000110
0110011001011000
1111111001111100
1001000110100011
0011010010110000
1000110001101101
1100111001001101
1111010111110101
0100110101010111
0001011110010101
1110110110111010
1100001000111110
1011111101001000
1101011101101010
1000100001100110
1101000000010100
1000000010110000
0101100001101000
0001111111101110
1100000011101100
1110011110011011
1011110101011111
1010000010001010
1000011101001110
1010110010001100
1100110101010010
0110110001001001
1101001101101010
0001100001101111
0100001111100111
0011001011111100
0001110111000001
1111110000001010
0111111011010001
1010110101111101
0101110110111011
0010110010110100
0000101011111110
1110100001100110
0110011000001101
0001000110100001
0010010111010110
1111100110101010
1101110010011011
1110000110101101
0101000000001100
0110100101011001
1110000101101001
1010010010011110
1001100101100000
0101011111100001
0001110011001001
1010111010110101
1101100111010000
1111111101000110
0110010101110101
1000010100111100
1011100111111110
0101001100100010
0010010000011110
1011001000001001
0101010100101100
0010111100111101
0000111100000010
0111011101011101
0010100001101001
0001101000001010
0101111011110111
1101010101101010
1000110111110010
0101110101111001
0011110010000001
1110011110110100
1001110010110111
0100100111101011
0111010111001011
0001000110010011
0000100011101111
0001001100110011
1011100000100101
0111111110111010
1100001011000001
1110001111111000
0011100101011010
0010110001101011
1111001011100101
0010111101011010
0011101001100000
1111110110010001
1111110111110110
0111011011011100
1010110101011110
0001000101111111
0111110111001100
0010001100101001
1000110101011010
1110011101101011
1011000011011100
0001001111100010
0101011111010011
1000011010011000
1010000001001001
0110111001010001
1001111101000001
0001000000101100
0101111011101100
0101111111010100
1100110001100011
0010011001001001
1111101101100010
0001101011101000
0011001111100000
0011100110010001
0101101111110000
1111000010100101
0111101111010101
1010100000011010
0100010011001100
0000111110100001
0111010001111000
1110111110011001
0101110011010000
1110000100101000
0000110000100001
1000111011010110
0101011110111010
0111101110011100
0010010011100111
1111011100101000
1111001100100100
0101110010110001
1011011010100101
0000010000101001
0000110000110101
1100011110101000
1010101001111110
1010001110000010
1111010011010000
1000100001010101
1101011010010100
0000000110000001
0001111010001100
0100100010101000
0111110110001100
0110011100100011
0101001011100101
1101110011111110
0110010100101001
1100011101011101
0101010110001000
1101010010110001
1100011100110010
1010101111111011
1000011110100010
1100100001000011
0001100101000111
1010110011001001
0111100111000000
0100100100110111
0100011100000101
