1001001100110111
1011010001000100
1111000100011111
0000110110111100
0111111110111101
1110011111000011
1001001101011001
1110010111101001
0111111001100101
1000001100010111
1011101011110110
1110010100001010
0010010010100010
0111110100110010
1000111010011101
1000011100100110
0010101111011010
0101010010000101
1000100101001100
0110000000101110
0101110011111000
1100110110111111
0001110101100100
0011100101111010
1100111001101101
0001101001111111
1011111000001100
1000001101000000
0111110100111111
0011101101010011
1010010111001101
1001001000000110
1011000110110000
0000100000010000
1100001101111000
0011111110001101
1000100001101110
1011100101001110
0010100101110011
1011111100011101
0101001111110101
1110101010110111
1010100110001111
0110111110000110
0010010011110010
1100101001110011
0011100101000001
1100101101001101
0100111110001111
0110110101110011
0111000010000011
0110110110111011
0101100010111100
1111101100111111
1110010100100011
0111011011011000
0110010000011101
1000010110000110
1100011010011111
1000010011011100
0001010111110111
0110000101110101
1100100000011000
0011111100011110
0111001001011110
1011110010011011
1011001110100111
0011000111110001
0110011100110101
1010010101111000
0101101110010111
1001110101111011
1001000101010100
1010101001111010
1100000111111011
1010101100111100
1111101111011000
1110101101001001
1111000101010010
1011111101100100
1010101001011111
0110011001001110
0001110010000101
0001001110110101
0111100001010000
1101011101001111
1110001011110000
0010010100000010
1100001011000110
1110100111000100
0010100000110101
0111011001100100
1010110111001010
0011101000101111
1000111101001111
1100011110110000
1101111100000011
0011100011111000
1111000101000010
0100011011100000
0100011011101011
0000101101111001
1001011000011011
1011010000111000
1001000011010100
1111001011111110
0011100011000001
0100000101100000
0111100001000101
0010101010101000
0110001010110010
1110111110000101
1001100110111101
1100000000111000
0001011111011001
0010100001111000
1101010000001011
1110010011110001
0101110011101110
1100000001001001
0101011111110010
1011011111100010
1011110010110001
1100111110000111
0111110101100010
1100100110111010
1000010011111101
0111001010110101
0110100000011100
0100011100010100
0100010000111100
1010011011111100
0010001011000101
0101001110000011
0000000101010000
0000111110111101
0100001101100010
0101010100100011
0001100101010010
1100011111101101
1110001100100011
0111101110110111
1110100001001111
1010001011011001
1111100000101100
0101110011110101
0101011001000111
1010000101001011
0000100010101000
1011010101000111
1111100110011111
0001000100010011
1000101100001101
0101011000110000
1101110010111011
1010000100101010
1001000111100100
1011001101011111
1110001010000001
1111110010000011
1110110110101101
0000011111001100
1011101100111101
1100101110000000
0001100100001000
1110010111101011
1100011101111100
0011111011010000
0001111001111010
1010011110110100
1111000100001000
1001101100011100
0001100111000100
1000111011101100
1100001001001111
0000011101001111
0110010110101100
0101000110010111
0011000011011010
0101000110111111
0101010000101101
1000001001000111
0011110000110000
1101001000101000
0001000010011000
1110101000011100
0000011010000000
1111110110011011
1000110010101010
1001101100011110
0100100110101000
1000101010010001
1111111011100111
1000000000011110
0010011001001111
0010010000000010
1001000111000001
1001110010110111
1001101011001010
1000110000011011
0001010111111101
1100111110000110
0010010101000101
0000000001010010
1010110101010111
0011010110110011
0000110111111010
1110110001001111
0010011010001101
0110100000001111
1111000000101010
0111101110111000
1010010101011111
0011010011000010
0011011100101011
1110111100000111
0110000000101111
0000010101000011
1010100101000110
0101111001110010
0101011010011010
1011101001010011
0101000011110110
1111010100101100
0000111000000111
0100110000010001
0000001010111110
1001110111111101
0010101011011010
1111011111100001
0001101011011011
0010011111000110
0000000011000111
1111111010001111
1001100100110001
0011110000101100
1110010011000000
1101110010000001
1110101110010010
1010110011000101
0100011001100001
1000111001111010
0100101010011011
0101000101001100
0101000010111101
0000111101010000
0000011111010100
0110011010111101
0001011011010001
0111100100011001
1011110011101101
1101110111110011
0001011111111100
1101011100101100
0111101011000010
0001100010000001
1011000111000000
0111111101001101
0010011111101000
0111000000000111
1011101111011001
1111010011011101
1110111000001000
1110001111001110
1100001011110000
0101011011100011
0100110110011100
0000111111000000
1101000011111011
0110000100110110
0000010100010010
1011111101010011
1000100010000111
0101001100100000
0001100110101100
1000010010110100
0000111110011110
1001001110001100
0001011011111011
0111001110011100
0111100000110111
0001110001101100
1101011010010001
0101010011100011
0000001111111101
0100100000010011
0010100111001101
0011100111111110
1101001001001100
0010010001111011
1100101011101100
0011000011001101
1100101000100010
1101001100011011
0101001110011111
0011100110001110
0101010000111010
1010000110100100
1100000100000011
1110000101111101
0101010010010011
1000001011101110
1110001001111011
0111011101010111
1000111110000110
1000111010000011
1011111110110000
0011000001000010
0100110111100001
1111100001001010
0000010111110001
1100110011111111
1011000001001101
0000110001000010
0110100001111000
1010011011111011
0101000001101110
0100011100101100
0110010110110000
1011001101010001
0111100000111101
1010000000011000
0100111100101001
1101000010100100
0100101111111010
1001011111010110
0111001110010100
1001101011001111
0011111000011110
1100001010110101
0101101000001101
0111100100110001
0001111100001101
0010000101011101
0001000010110001
0001010110101011
0010101101000001
0011010000011010
1001010000101101
1101001010100011
1011101101011100
1001101010101111
0011011011111101
1101100101000111
1100100001100010
1010100100001010
0111100100000000
0110111110111000
1101011100101111
1110110110110011
0010101111111010
1111101000011001
0101000101010001
0001010100011101
1110110000011100
1000101000100110
0111001010000001
0101100101111010
1011110010010000
1001001010100110
0001111001001001
1101011001010101
0001110011100010
1111001100111110
0000001110111000
0100001101110011
0001101110100111
0000000110110111
1001011010000100
1011001010100001
0001010010011100
0001101111000110
1010000010111000
0101000011011000
0111001101101010
1111101001101110
1001100010000100
0001101110101000
0110111010001111
0000110101100100
0110111011101110
1011011101111010
1111011010000100
1100010011011100
1111100000100000
1101011100010111
1100100100011000
1011001100111110
0000011001001101
0001010000011111
0010111001110111
1010010110010101
0110101010011001
1111001100110111
0101000010010111
1101101011001001
1011000110101100
1100010110101101
1011000101001010
0101010010010110
0110011011000010
1111010100010110
1000001100110001
0101100110110111
1000000001010100
0110010000111000
0010111101110000
1010101110101110
0101001100110010
0011110101010011
1110100011001011
0001011110001001
0101000000110001
0011111000000111
0000011010011100
1010001011100010
1110011011101000
1010110000011010
1110001010111110
1100010000000110
0100011111110001
0001010111100101
0011000111101010
1111110110011100
1100101001011101
1101111110101111
0100101101010000
0001110101101000
0100010001100110
0111100010000001
0111011010001111
0000110100000111
0011010011100111
0010001100011110
0100101010011001
0010100001000001
1110011011110111
1000001111000111
0110111101001010
1100000110111111
1011110010101100
1101101010011001
1000111000001101
1010001000011010
0010101011100111
0011111110111111
0011000011111010
1101011101001101
0100001010010010
0001011011101100
0000100110101001
0110110101010110
0001100001010101
1101110101111001
0010001001000101
1101001110110110
1111010110101111
1101110111111111
0111100100011101
1010100000001111
1000011101001001
0111000010110100
1000111001001001
1011001101001001
0001010110111001
1110011100110001
0101010100011100
1011101010101010
1010001101100101
0101010011010101
1011100100101101
1110100000000111
0010100101011111
1111010100011100
1110111010101111
0100001100010110
1111001101010010
0001111011011010
1101101011000011
0000111111010101
0001111010010000
1000000011110110
0001011011010011
1000100111101011
1100000010010000
0100111011101001
0101100111100011
1011110100010010
0101100011001001
0110101101110110
1001011100011010
0111111000001101
1000111011110001
1001000111111010
0001011110110110
1100100111000111
0100010111000111
0000101110100110
1100111001000011
0110100000100000
1010000111110000
0000111000010000
0011000100000000
1110111011001011
0101000011111010
0011100010011000
0000100101100010
0110111100111111
0100111100001100
1000111111100100
0010010110100001
