1110010011101001
0100010100111001
0100001111111110
1000001011000001
1000010010101010
0101010101011111
1010101010111101
1111100000000011
1111011010100000
0011110000101110
1110000101101111
0100010111111100
1111011010010001
0101001011001111
1111111011001110
0000001001111011
1000001100101110
0010111110100110
0111011000001110
1010111111111110
0011011010000110
0010101011010011
1110101101000000
1110101100010111
1001001011000001
0100001011010000
0110011010101100
0010011101100101
0111101000111000
1100101100000011
1110110110011101
1111011100111000
0110000100110100
0011111100011011
0011111001101100
0111110010100011
1111011100100110
1001100111011100
0011110100100101
1001000110001011
0110101110101100
0000100010010001
1100110011101111
1010110001111110
1111010100001101
0001011010101111
0000011011110001
0110101001001111
1101010110100000
0100010011101011
0000101010000110
0000000001001100
0000010100100010
1000100010001110
0111101111110000
0000011101110101
0111110000000100
1100001110010011
1011100111111101
0100000110111101
0000100111100000
1110000010001111
1101110101101011
0111100000100000
0010110110010000
1101111010001101
0100000111000110
1000010011011110
0100010011011000
0100000000110011
1110100000010000
1111001011100101
1001010110010110
1010001000101111
1111011001110000
0111101000110110
0110101101001001
0001001010101101
0111100011101110
1010101011010001
0111001000000111
1000010101000000
1010100011010011
0001100101100011
0111010011111010
1110010000011000
1001011001101111
1011100010010111
1110000010110001
1101000000000001
1111101010011110
0001000111011011
0001000011100111
1100000010111100
0001100111000100
0011111100111010
0111010011010010
1000100110110000
1011011011000110
1110011011000011
1001110000101001
1110100111110011
0001001000111010
1111011000100001
0011001100001110
0011011011001100
0001110000000110
0111011101111110
1000011101011110
0000111111110100
0010111000111100
1100001110010001
0101100010001010
1111000101110110
0101010111110011
0001000101110001
1100010001001100
0001001111110111
1100101001101011
1011010110101101
0010011101001100
1000001010000010
0100011011010101
0100010100101001
0111010000010111
1010010100111011
0011111110011111
1010111001111000
0100111101001100
0011100011110110
1010111110010001
1111010010010000
0101000000100001
1010010010010101
1011000011011101
1100110110001000
1111000100011100
0001010111110110
0110101111000111
0101000101000000
1100011001000111
0101010100010010
1111001110011110
1111000001001000
1000010101110011
1010111101111111
0010001000011001
0001111011011110
0001010100010010
1001101001010101
1100111110000110
1101001111101111
1000011011110001
1001111010001111
1011101100010101
0100010011000011
0001000010010101
0000010010001001
0000010110001111
0101100011101001
0010100011100100
0011110111110001
0001011100101000
1010111011010100
1110110100010101
0000110001101101
0010110011100100
1110101110011110
1011110110000101
0011100000101100
1000000111110011
0010111101001110
1001010111001111
0000101111110011
0111101011000101
1110010010100010
0011011101010000
1000101110000011
1001010110100000
0111001100001101
0000101110010000
0111111001110000
0101010100101011
0110010101001101
1111111101010011
0010000111101010
1111111001101001
0010111101110101
1001100010110101
1111110101001111
0101001100110010
1000111001000001
0011100010100110
1101001110010000
0100101000001100
1011101111010101
0000110000110011
1110110011011010
1101011110101101
0001110100010000
1011001100100011
1011010000100101
0100011001010100
1100000000111100
0100101101110110
1000100010100010
0100110000000100
0110111110110010
1111100111101111
1010110100111000
0110001010110000
1001100001101110
0001100100111101
1001100001010101
1101110111110100
0011001100100100
1011110101110101
1001010101101011
0011001010110100
1001011000100110
0010010010100010
1100001110001110
0110010101111011
0011000111101010
0101111010110101
0010000011001000
0110110110010111
1111101010100011
1111110100101011
1111101111100011
1001110100001010
1110100101010000
0100101111001111
0100010010101001
1110000111010000
0111000011110111
1110000110100101
1101100011010000
0000111000011010
0110100111100100
0000100001110101
1001110100101011
0101010110001010
0011011100001010
1011011111011010
1111101000000011
0111010101001011
1101010100110001
1011011010010111
1001001010000101
1011110111101100
0101001001110111
0001000110110110
0011101100100111
0101001100000000
1001001110110010
1001100110100010
1011110010001010
1101010111101001
0111010001001010
0001011111100111
1101111101111111
1001110101000111
0101001101101011
0100011111000101
0001110010010111
1111110011011011
0010000101110110
0011000011111010
0010000111010101
1000011011011101
1111100001110010
1101110011110000
1101101101111000
1000110010100111
1101001110001000
1110110010101100
0101100100001100
0100010001101001
0000110101110100
0001001100000101
0101011111110111
1000110101111011
1111011110011010
0010000111011011
1001011111100001
1001101000110111
1111100111101001
1010110110000111
0100110110110101
1010000110100101
0111011001001100
0110001101100000
0000010001100000
0000000001100010
1001101110010111
0010000000110101
0000000011010000
0010000111011111
1110111111100100
1000001001010010
0001100000010001
0101110100101001
0111000001111000
0101101010001011
1101011100011011
1100111001000110
1111000101110101
1101010110010000
1011000111101111
1001111011001001
0001011110001100
1011001000110000
0100111100100101
0001000111110110
0100001111011110
1000000110111100
0011010001011011
1100000010000011
0111101010111010
0101000000111101
1111000011011011
0110010110000110
1010110000110001
0011101100101111
1100100010011001
1000101000100000
1000100000101110
0010010101001010
0001000010011110
1100110000111101
0101111101100010
1100011010001101
0100101110111001
1010010110100111
0101000010000001
0011010110011001
0001011001011110
0001010101110110
0000010011101100
0010101011011101
0010101110101100
1101000000100111
0110010000100101
0011101011001110
0111011010001000
0110101111011010
1010001010111001
1110010001010111
1000110110011011
0001010010010000
1110010011101000
1011111111010110
0011000101010011
0101011100110011
1111110100101111
0111001010111000
0100010001010010
0010000001011010
1010101111111110
1000000011110000
0000001011001001
0100110011000011
1111110101101011
0110001101100111
0100111100110000
1111001111010101
0000111000111101
1001001111010011
1101011010110000
1001010011001010
0100000110000000
1001101001000111
1100111110001011
0011100111010001
0110001011010100
0100001100011011
0100001011000111
1000000011001101
1101001110111001
1100111100101111
1011110110011111
0101000010001100
0011101010010111
0000110111010010
0111010100000011
1001010011111011
1000100000111000
1100100101111010
1010110001101111
0010110111101110
1011011011100000
1101101110101000
1000001110011100
1110010010110101
0010111101001101
0001111110001000
0110010000010010
1111011100010011
0101101000111011
0110001110100010
1000010001101000
1101001100000000
1010001010111010
0001100111100011
1100010111010001
1110111011011110
0100010010000011
1001011000010000
0111001110101011
0001110000010100
0001100001100011
1110111011000011
0111010101100101
1101010011010000
1100001011100101
1110000110100001
1011100100011111
1011000001101001
0101100101001010
0001101100011010
1111111000000001
0101100101110100
1100110101100111
0100000111010101
0001101000010101
1110100100111001
0100101111011100
1010111101111001
1110111100010001
1110110110110111
1011010011111100
0110111101011001
0100101111100001
1111000110111010
0110100011000011
0111001000011000
1001111110110000
1001010100001100
0100110100011111
1110000010111111
0100111101010100
1110001010101001
0110100010001001
1000111110110111
0010000111101010
0000110000000001
0101011110110011
1000110101110101
1000001100101010
1111111000011100
0010100001101011
0001110000111010
0011010100011000
1011010011001101
1101000010100000
1011100011100011
1110101000100000
0001110101011001
1001001011110111
0010010100011111
1100101100000001
0001011111111111
0000111101110001
1010111100000011
0101000001010001
1100101101010001
0111011110101100
0011010001001101
0000100010100101
1010100010100111
1000011001010101
0110110001111010
0110000001010101
1101000111001110
1010100000101000
1000100100000110
1000001101110111
0010111100111100
0100010010010001
1001110110001001
0100100011111110
1101101101011101
1101010101011011
0001111010101010
1101110010110010
0101111011101001
1011101100101111
1010011000101000
0011000110111110
1011101111010010
1000000010010000
0011110001101000
1110011001010110
0101011101010001
1111010011101001
1000110101011000
0000111111110111
1010000010010100
0001101011011100
0001010100110011
1001100111111100
0000110011110111
0101010110000001
0100100001100010
1100100110111000
1001001011111100
1110001101101011
1101110011000110
0100011110100001
0101010000001110
