1110100010100000
1011010101001100
1110000110111001
1100011001101010
1001001101101111
1010001011001111
1011001100111100
1001111011111010
1000110110000000
1101010011001111
1100100100110001
0001000001000000
1101101101010111
0011001110100101
1000100111000001
1000100001000101
0100110110101111
0111110110001000
0110010101111010
0000110000100001
0001000101011011
0010011000000011
0111011011010001
1111111011011110
0001110011101110
1111011111110110
0001100100110000
1001000110001010
0001001000100100
0000101111011010
1111001100111100
0000100001110101
1100001100001100
1010001111010010
1011010110100011
1010101110110011
0001011111001000
1010000011000001
0111100000111111
1110110110010101
1101000111101100
0000010101100010
1110100101011011
1000101100001001
1101111001001110
1101000110010000
1100101100111111
0110010101000110
0101111000101001
1111011000101010
1101110101011111
0010110110000010
1010000110011111
1111110000011111
1011011100111111
1101100010001100
1011001111010001
1010111110100100
0111100110011011
1100000111100011
0111010111100110
1110111101001001
1000101000111000
1110110111101001
0101001001111001
1000001101000111
0101000111111110
1100000100000011
0111111010000010
0110101010100110
0110100000011111
0001001100000010
0010100010011111
1101001100100000
0101011010101001
0000010010111111
1010000111110010
0101111101100100
0110010011001000
0001100000111111
1010011110110111
1000101110111001
0101001110110001
0110001100111101
1011101111111010
1101110010011100
1010100000101110
0101010110111110
0100110110111101
0011011110110101
1100011010000110
0100011010110011
0001001010011010
0111001110111110
0001010111110111
0101000011001101
1011011010110111
1011100111011010
1001101111011101
1000011111111111
1101001000011100
1101001000101101
1111101001110001
0011000111011000
1100001001101011
0101101010111110
0100010010010111
1101011000111011
0100011111110111
1101011100111110
0100110100000111
0100010010011110
0101011001001101
0011101100101001
0100100001110100
0110101110100100
1001111000010100
1001110011111010
0100000111001001
0001001011011010
1011000001101111
0111011110111110
1100000110010011
1011100100001101
0011001011001011
0101000100000110
0100110110000110
1101111011010111
1110111110111110
0100000001010011
1011101110001100
0011000110110101
1000001110010101
0011011001101011
0001011000010010
1101011011111001
1110010101100001
0111110010000010
0101100001100001
1010101100000111
0011011101000010
0001000100111111
0001101000001001
1100110000011010
1100111110101110
0000111110010111
1110111011001001
0000000000110011
0111001010001100
1001010100010111
1110001011100110
1100000111000000
1111001110000010
1111101110100100
0010100110101000
1110110011100100
1100010110101101
1110100100110001
0111010111011000
1100101010010101
1110110011011100
0001110110101000
1001000011101110
1100000100111111
0001101101111011
1100000110011101
1011000010100000
1011000010101110
0111000000100011
1010101010100101
0001101110011110
0100111100101101
1111111100111110
1001100000101001
1100111011100010
1111000100100010
0111001010111001
0011101000011100
1010001000000100
1101011000011111
0010010110111000
1011110111111101
1001011010001111
0101111101001011
1011100110110110
1011011101111001
0101011110100000
1111101010000010
0111011111110111
1001101110010011
1101110010010111
0101010110001000
0101101110001101
1101101101100100
0001100100001111
0101011000010111
0001101000101001
0100010000100000
0001011000010101
1100011100010100
0100000000101101
1010000101001001
1011111110110000
0101111011011011
0011101001000001
0111000100111100
1111111010101001
1101100100011110
0100001000000100
1000000110011101
1011100101101010
0111010001000110
0110010110010001
1101110110101101
0101100010011111
1110001010111111
1110100010000011
1000010101000010
0010011001100001
1100101011110010
1110111111010111
0111000010010001
0010100010100011
1010010011111010
0111110101010001
0100000100101011
1100101100101001
0001000011111100
0000011111010000
1000010111001011
0000011101110000
1111110101001001
1011100111000101
1000011101010100
0001011110000011
0110000000101001
0100000000101011
0010000001010011
1110010101111111
0110110011011010
1010000100100001
0101011011011011
1110000011001100
1011111010011101
1110111010101001
1110001011011001
0000111010000000
0000011111001111
0010110000111001
1110000011010100
1100111101010010
0101111000111111
1111010001010111
1111101011100000
1110100001111000
0101100100010110
1001110100011100
0000000000101011
0001011111000101
1100001111011010
1111010000110111
1101111000111111
1001010100110010
0011000001010111
1001011100000011
0101011101101000
1000110011001010
0001000101111110
0110111011001001
1100010000110001
0000110011000111
0111100110111111
0010010110000111
0000111110100110
1101111010101010
1100011011011010
1001010110010101
1110101010101010
1010001000010001
0100100110110100
0110000110010010
1010100101111111
0000010010110101
0101010110000011
0101000010111001
1011111101000110
0101101000101010
0110011000100101
0000000001101011
0100011111001011
0010111110110110
0011111011111100
0111011111101100
1000011011111010
1100011001111101
1110100010010000
0001110101100000
0100111011101101
1011110000101101
0011001100001010
0000101110000000
1000110000111010
1100110010001110
0011011011110110
1110110011001110
1111110000110111
1011000000111001
1000010111101111
1100100110100101
1101001100001100
1101100010000001
1111011000001011
1110110110101110
0001010100100110
0000101101111011
1100000000010011
0111011100000000
0010110001111000
0110010001101101
1011111010001100
1111111001100000
1000000111100110
1100010101100010
0111100111010111
1101111100101100
0101100010100011
1001011101110011
0111011101000101
0011010101010101
1111101010100001
1110110100010110
0101001011101011
1000010111110010
1111010110000101
1101011000110111
0001001110110100
1000001010010110
1100001110101101
1111011110010111
1111100111000111
0000110101010000
1000010101011010
1010110011000100
0111011100110010
1100011111001101
1111011100100010
1101101100010110
1010111100110010
0100110111110100
0110101111000010
0010111100001011
0000001100010110
1011011010100000
1111110000101001
1110001111011110
1011000000110011
1010000011111110
0000000000011010
1010111001000110
1111110011100100
0100110110111000
1100010010000010
0000000011001001
1111100101000111
0100001110000010
0101110101000101
1101001011011011
1101001110000111
1111001111111110
1011101101001110
0010000110010100
1010101011011110
1011101001100001
1110000101110010
0110101010101100
0011111101101001
0010110100100111
1001001011010000
1110001110011111
0110011110101001
1010110000100001
0010011101100100
0000111000101010
0001101010001101
0101110100000100
0100010011000000
1100101100010111
0101000100101000
1100011111110000
1100110001000010
1001110111110000
1100101000100011
0100011110000011
0011011001111001
0100000100110001
1110011110100111
1010111010110100
0010001001110111
1111000011000100
0111010101110001
0110001111111101
1110001000000000
1000001111001010
1011110101110110
1100000110101101
0110001000010010
1110110010011110
1011001000110100
0101111010101011
0110001100110000
1110000010100001
1010000011100001
0111110100000011
1111111111101011
0101011101111011
1111111100110100
0111110000010001
0000010101111101
0000001000000010
1100001100010101
1101110111001001
0011010111011111
0110100110110110
1101000111001110
0001111100000101
1010011000100111
0110010011000111
1111011010000000
1110110100110110
0001001010000111
0101101010011011
0000101011111101
1100010010010100
0011000011000010
0001110101001111
1010011101000111
0100010101101101
1001001001100001
0100110001001111
1110101100100000
1011000110101100
0110010110100001
1011110100101000
1111101111000001
1101011001001111
0110110010111110
1011111100110010
0001110110110000
1010011101100001
0111101001101100
1111000001101010
0111010110100101
1101101010000101
0011110001111100
1110011110101101
0000100011001011
0001000110110101
1001110100001001
1011111101000100
0000001010011110
1100100010111100
1100101001110100
1101111000110001
1001100110000111
1101100001000110
0110011110101110
0010111110101001
1111010110000000
1010011111001001
0001110001110000
1100000110011101
0101101011111111
0100110100000001
1101101111011100
0010001111001000
0001100001111011
1100101011100001
0100001100011110
0011111110110010
0101011011110010
0010110010010111
1110010100010100
1110000100000101
0101010101100010
0100000100101010
0000110000001001
1111110001111001
1001000000111101
0111110110101001
0000000000111010
1101100111100101
0101101001011110
1100100001000001
1111110100010110
1000011000000011
0000110001110010
1010111011101100
0111111010000100
1110111101010011
0010010011110001
0100111011111000
0111010000011110
0010001101010000
0011111011111110
1001000100011101
0110011001011100
1011011110110100
1100101000011100
0011000111111010
0111101010110110
0111110011000100
