0100001101111011
0010110010101010
0010111110000100
0101011110100000
0011111101010011
0011000100011110
0100001001000100
1010110001101101
1100111101111111
0101111011100100
0101000001010101
1001010001110000
1010110011010001
1011000110101011
1000011011111000
1111000101011011
1101001111110111
1111110001001111
0010101110011011
0110110101110111
0001110001010010
1000010110101010
1011010000101000
1001001000000001
1011001001100100
0000001101001111
1001100111001111
1000000000010010
0111011111100111
1000010000101100
1110110001000110
1110011011111101
1110110100111110
1100001010110111
0011100000100101
0010110110100010
1110011001111100
1110101101100111
1111101011000100
0100100101110001
0001111011001001
0011010110000100
1011011000011010
0101111101000000
0011000001101001
1000001101010001
1010110010000100
0010011000011011
1000011100001010
1010110011011110
0111010010001110
1101101000110011
1011000011100111
0010000011011111
0101100101011000
0010111111000001
1010111011011110
0010111111111010
1100000111000000
0011010001000110
0000100111111000
1001001010010100
1011100010001110
0111101100000011
1011001001011001
0010010100011101
1010000001110100
1100010011001000
0010111000010110
1111111011010100
0100110010000011
1001011101101100
1001001011011110
0110110001011100
1011010011010100
1101111010011101
1100111110101110
0111110111000010
0010110100011101
0001000100011011
0101000101010101
1100101111110110
1111011111111111
0001001011001011
0000011001101001
0011111000010100
0100101000011001
0011111011000110
1011101101111100
1111001111010101
1001000111111111
0100101010101100
0110101100000000
0001010110011011
0001000001000001
1010100000000110
1010101101000011
0100100101001011
0011101001110110
0010101011100110
0110001111001110
0011110100000101
0011100011000100
0010100010101010
0110110111001111
1101011011011101
1101000011001101
0101011110100101
1101100001111111
0101110011101110
0100010000000010
1110101100010010
1011011111001000
1000101100001111
0000011101110011
0100110011000110
1110010001001010
1111101100010001
1011111001001100
1010111010111000
0011010100000101
0111001001011001
0000001111101011
0111011100101010
0000111001110011
1001000001110100
1000110011001100
0011011010011101
1101111001110011
0011100111000110
0111100100011111
1111101000000001
0101110100000111
1010011101101111
0110011011111101
1000000110001011
0000011110010011
1010000000111100
0110100111010001
0101011001001101
1100000010001010
1000001100111010
1111110111000111
1110010011011000
1100100010001100
0001011011010010
1111101000011010
1011010010100110
0101010101111110
0011011011111111
1001101101011011
0100010110000101
1110010111000111
1001110000110000
1101111000101110
0100011011110111
1001100110101110
1110101011101000
1010001110111011
0010010111101000
0001001101001101
0011001011001011
0010111100011111
1001000001100111
0010001100100000
0100011100010110
0000000000110101
0100110110100101
1101100100001000
1100110101100011
1011101011100111
0101000100010010
0011110011110011
0011101011001101
1111011010110001
1111011100111111
1001010011010000
1100111000001001
1110010000100001
1001101110111010
1100110111101101
0001100100110110
0100010101111110
1100001101100110
1001111110000001
1001110101101101
1110000111011111
0011000110000111
0011110010011000
1010001010011101
0011110011101111
1000011010110011
0100111010011110
0011100101101101
0100010101000101
1011001001100111
1000000101111110
1100011001110001
0111011110000111
1101111010101100
0011011100101010
0010011110000110
1000011100100110
1011100010010001
0111011001011010
1101101010111000
0001110101010101
0110000010010011
0000100110010011
1011000001110011
1011101110000001
0010101100010001
1000001000100000
1100100001001100
1010100111011100
0100110010010001
1010110010010011
1010010111010000
0011011011000010
1101010011001001
0001111001011110
0100011101011101
1010110011001001
0110010011000110
0001111010001110
1010010110110101
0111111101011111
0010010010001001
0110100101101100
0010000000001000
0110100011111001
1100100001110111
0000110111011111
1000011001110110
0110100100001001
1100101000100100
1001001000010001
1000100011001001
1101110111100101
0010011101011000
1010000101100010
0101000110101100
0010110110010001
1101001100000100
0001100010000100
1100110111110101
1010001100100001
0100111010110101
1100010101100100
0101110000101110
0001111001110011
1010001110101010
1001111111010000
1101000111101111
0011101101100010
1001101000011001
1111010100010011
0011000110101011
0010011101110101
1100011101011111
0110100010000111
1000111101011010
0101100100111010
0100100111000011
1001110100000000
1110100000011100
1001000011111001
0010011100100010
0011011001101101
0110111111110011
1000001100111110
0110110010110011
0111011110001001
1101010001101001
0111010000010101
1000000000010111
1000101101011100
1001100011101111
0011111110100010
0101101101111001
0010110110001010
0010010110001010
0001000010001110
0011101000111000
1101010111001101
1010101110100011
1011110010101011
0001100101011100
0110001001100101
1100011110100101
1000001001100011
0110111011010001
1101111101101101
1101010010000100
1101000110110100
0110101111001100
0011000001111010
1011101100101100
0000111010101001
0011001011100011
1101001000010100
0011110010001000
1010111010110011
0110110111111010
1101001111111000
1001101100101110
1110001011110001
1110101011000111
1010000011001111
0011111111111010
1001001101101011
0100000001001100
0001001100010011
1110101001110001
0110010011101111
1011001011000111
1011110011101101
0111110001001100
1100010111110001
0111010010111110
1010011101101111
1110000010000010
1001110100010000
1000110101100001
1111110101010001
1110111100111100
0101010101100010
1011100100001101
1001011011111010
0001011011111001
1101100000111000
1110011110101100
0011000100111101
0001100111110100
0111100100101100
0010001100011101
0001001101100111
1000110011010001
0011111010110110
0101011111001110
0101111101111111
0011101110011111
0010110010010101
0001100100110000
1101000100011110
0100111000000100
1100100111101000
1110010110001011
1111101110110001
1001111001100010
0000100101000001
0110000001010001
1001100111111111
1001010010110001
0111010001100001
1000100110111111
1110000110101101
1011000001011111
1001000100110111
1101111100000111
0001101110000101
0001100100001111
1010101110111111
0011110101111110
0010011100000010
0100111001110110
0101001000011011
1111111010000101
1001111000010001
0010101010000101
0101011011000000
0000010111011011
0100111001110100
0001100101001101
0110001010100010
1111011101011110
1001001100100101
0101101011111001
0010010001011001
1010000110001110
0010001111110010
0101100010100100
1110110110000000
1010101110010011
1110111100100110
1001101101101111
1101100100001110
1001101101001111
0010111101100011
1101011110011110
1110111010011111
0000100010011110
1011000100010101
1101001011000001
1101100101111111
1010000010101100
0110000100101000
1001010010000010
1011010010000101
0011111001000011
0010111010111011
0001101010010111
1010111011001010
0111001010100100
0111100000111110
0001100110001000
1110011100010110
0100111110110100
0101010000001011
0101010010001110
0000011100011010
0100011001010000
1110110110111000
1100010000110101
0010000001110000
1000010001101110
0100110000100011
0001111000011001
1100010001000100
0000111011010011
1101001110101101
1101010111100011
0001100111100111
1010101010111110
0010010100000111
1001100011000100
0010010101111100
1011101011100001
1000000111001111
1111111110100010
1001110101111000
1111011010010101
0000010011000100
1000101001010110
1001001111011111
0110010001010011
0010000100011110
1011000110001100
0110111100011011
0101100001100110
0111000000000011
0101100001010000
0101110100001101
1000000110110101
1011000010111101
0101111001011000
0100110100101010
1111110001110100
0110001111011000
1001100101100001
1110101011101100
1100101100111101
0011001100011101
0101110001011101
1010111101110011
1000011001111001
1011110011100101
0110001101100011
0010101110100010
1001100010111011
0100110111000100
1010011110101011
1111100000111010
0111001000010100
1100001100101001
1111000100001011
0000100000100010
0001011001111000
0101101101010011
0110000100000111
0011110100011001
0100111010111111
1001010000000001
0001110011011010
0011110011110100
1000101000110101
1010110000011000
1110011000011001
1111000101110101
1110011011111101
0011101011011000
0011011101110011
1111101111111011
0100000010101010
0110100111001111
1011000011000110
0010000111011001
0100001111110111
0101011010110001
0001001001100101
0000001000000011
0101010101010000
1111000010000010
1001000100011101
1111001011111001
0000010101100011
0100011000010100
0000101010111111
0101000100101110
1001101100001111
0000011110000001
1001110001010010
1011000001100100
1111000001111010
0110000001010100
1101110111101001
0101000111111111
1110010010000010
0111010101000101
0011111010001111
0110110100110100
