0110111011000010
1101010011010101
0101100101001010
1101011001101011
0001110110000000
1010000100110010
1110011010001010
1001011010000101
0011001010100011
1111100010000010
0111011000010011
0000111110100000
0111110110101100
1010100011100111
0000101101001000
0111101111101000
1100001010010000
0110011101011110
0110001001110110
0100001011100010
0101001000110111
1100111110001101
1010111001110000
1001110101000110
1010110011011011
1111101001110010
0001111010000011
0110010110110100
0111100010101000
0101001111110000
1110100001100011
0001010110000110
1010110110000111
0110001100111101
0011011100111010
0101111100111100
1000000100110011
1111001110110101
1101110000100100
1010110001110100
1110011011010110
1110010110001110
0101110101110011
1011010100010100
0001100010100100
1111101111101000
1110000100001111
1101111110111110
1100001100110101
1101001010100111
0001001010110000
0001000010011010
1001000101010100
1010100011000001
1101100110010011
1011000110110011
1000110011001000
0011110010000000
0110100101101011
1100011011111100
0100100000101000
0010010011010010
0111111011111011
0001010010111110
0000110111000011
1011000110001000
0011101111110111
1110010100111101
1010100110000010
1001101101011100
1010111001011010
1111000101111001
0011001011111010
1001101001011100
0001010110001100
1001100001001000
0100101011000110
1000001000101111
1000000001011100
0000001011001011
0000010110011100
1010101110111101
0010011100000000
1101110100011011
1111000011010011
1001011011110011
0110100101000101
0100111001111100
1001011011110101
0001111110001111
0100000111010100
1101111011010110
1110100110111111
1010011000101011
1000011100001010
0001110101011100
1010011111000001
0001010110110101
1101010011001110
0101110110001001
0010010001011000
1001001110101000
1100010010010001
1100000100001101
1110100111010101
0001111100001111
1001010110101001
0100001010000011
1000000010010001
1111110001000000
0000010010111000
1001011101011111
1110111111101111
1111001110000110
1001010101011011
0001010101110011
0011001011000011
1000000001111100
1100000101010101
1010010011110100
1110000100010000
1101010111111010
1101001001101001
1110110101111100
0000100100100011
1011010011010101
0000111100011000
1011011101101000
1100011110011010
0100101001110101
1101111101011001
0101111010011010
0010110111101101
0000101000101000
1000110011101001
1011100100100100
0000010000110001
0110100000110011
0001110100011010
1010101010010100
1101011001001100
0001010010111110
0001010101101010
0010111011001110
1011111101111100
1110110110100001
0111010100010000
1001110100111101
1001010101100100
0010110001100111
0101000010000111
1001100111010010
0110111110001100
1111011110111111
0001010101011011
0000101111011100
1110000000101111
1101100001010010
1100111011011100
1100010011011000
0111101011011101
1011000100010010
1111100111111001
1100111110011101
0101110001000110
0110001100011000
1101100100110100
0111111110110111
0100010110110011
0011101111010001
0001110010100000
1010110111100100
1110010010110101
1011101011111111
1010100000010111
1000000010011100
0000010001001000
0010100111111100
1001011110110101
0100111000100011
0100111100000011
0010011110110010
1111110101010101
0000101111001100
1000110011000110
0010001010100110
1000110011000100
1010000111101001
0000100111100100
0101000111101000
1100000101101001
0111011010001110
0101110100101110
0000101000110001
0101010000111011
0101001001000010
0001010100100001
1111100000010101
1000101000010001
0101001010101010
0111010001101011
0110000100111111
0000110001010101
0011111111010000
0011010010010001
1011011000111011
0111110101001100
1100111011101100
0100110100000100
0100010000110010
0001100011110101
0001011101101001
1110110110001000
0001111011100010
0000110000100000
0001000000000011
1011011100011111
0110111101101101
0110111101000101
1000010001101010
1011100011000010
1011110110101110
1100100010010001
1000111101111111
1110100000101101
1000110111010001
0100000110001011
1100001101011111
0111000000110111
0110101100101001
1101001000010111
1111000100111111
1010101000000100
0101000011001101
0101111000001000
0010111001100111
1010110111111100
1111000001011111
1111110001110101
0001000000010101
0001101100001110
1100001100001000
1100101100001000
0110110111101101
1001000110011000
1010010001101110
1110001011111101
0101010000110101
0001111001000010
0001111000111000
1010101100101110
0111010111111100
1101101100111110
0000010011110010
1011110001001100
0010011010001101
0011100010010100
1000011000111110
0100101100001111
0111111110110011
0100111011101001
1111000110101001
1111001100010101
1111111001001110
0010111011100001
1010100101110101
1001011100101100
1101001011100001
1011110000010111
0101011011001001
1000000011001011
0010011011011011
1101011001111110
0001111001101111
1000101111100110
1110000001010000
1011010101111101
1001000000011111
1111000011010101
0000001110000001
0110110100100111
1001000101011101
1110000001100111
0100011111100001
0101111100100111
0000111111100000
0001100011001011
0101010101001100
0111000000010010
0100001000100001
1011011100001101
1111001010011100
0010000011111100
1111101111001010
0000010011011110
1110100010101011
0000010011100110
1011010000011001
1010001000110110
0011111010000000
0010000100101011
0011011001100000
1101110111010100
1001100000001101
1100010001010110
1010011011101111
0011110111101110
0000010110000000
0110110111100110
1111111100001100
0111101001001110
1000110001110100
0010101100010010
0001110100000000
0001101101100001
1010001000000000
0011111010000010
1111111110001100
0001010111111110
0001000001001101
1000101000110000
1101101011100010
0010101011100010
1001011000110010
0001000100111101
1011100111000000
1110110100000010
0101010111001001
0100100001101111
1000001101111101
0000100001001111
1011110001110111
0101101100111111
1100110001111000
0100001101111001
1001110011101110
1111101001110011
1100011011100100
1001010010100100
1110111100101010
1010101010110011
0001111001010010
1011000011110100
0101011110101011
1011010111111010
1101000000100110
0111111111000101
1010111011111110
1111011001110010
1111111100001000
1111011010000101
0100011100001001
1011010100100111
1000010001110101
1110000101110100
1000100111101111
0101110001001110
0010011011111111
0010110110101100
0100100110001000
1011101100111111
0100011100100000
0001010000101111
1001101101010011
0010101010010110
0111101110011011
0010000000001111
1101100111010111
1001101001011001
0111111100111000
0110100000110000
0010110011010111
0000111000001111
0111000000101100
1000101111111011
1100100100101000
1100010111001101
1101001110000010
1001011101100111
1001111110000001
1001001011001100
1010000111000010
0111001001100110
0101101010110101
1011010100010001
1100000101111000
1010111100111101
1101100010100100
0100100001101010
0000101010010001
1101011011110011
1110110001000100
0100001010100100
0000010101011101
0100000100000001
1111111010101001
0010111010111010
1110101101000000
0111001001111000
0010101101000111
0010000010011100
1000101001011011
0100001101000101
1000010101110100
0010011110110000
0011000011001100
0101101010110001
1000010010101111
0111011011000101
1011100111001111
1010000011110101
1011000011011110
0100110100111100
0110001101001011
0001011010001100
0010100011111101
1110101000100001
0110000010001111
1010110110010001
1000010100000000
0101011100111111
0001100100010010
1100011000000011
1011111001111000
1001000100010101
0111101110111000
0101000100000101
0010100011101000
1111001000111111
0010111010000001
0110000000000111
0010011101010011
0100001001011010
1001001111010010
1010011000111000
1111111100010010
0001011101010100
0101100011100110
1100001011111010
1101110111000110
1010010000010010
0101000001110010
1011110000010001
1011101100000111
0010010001010111
1101001110110000
0101101000000100
1001101001011110
0110101011110110
0100011100100111
0100001110001100
1110111101000111
1101110010101010
0001001010000011
0010010011110100
0110001110110111
0101100100110010
0010101100010110
0001001000111100
0010010111000010
1000110011001010
1010101111000011
1001111000001101
0100111100011110
1111001001110010
0110010101101110
0010000001001111
1100101001010111
1000001011011010
0101111001011111
0101001111000111
0110001011110010
0110111011111100
0111001001100001
0111101000110110
0101100011011100
0111011110101101
1100111101101001
0010000000011011
1001110000100000
1111100011110110
1000001101011111
1111011110100101
0110101011000001
1011010011110000
1100010010110000
1110100110100110
1000100001010000
1001010101010010
1010100001100011
0100101110000100
0110110011010111
0000001010001110
1100001100110101
0001010010010110
1111111110100001
0100010111010110
0111111110111010
0101011001011100
1011110111111111
0101010011011010
1100010100000001
0000011111010010
0000000000000101
0110011001110010
1011110101110011
1110001001101111
0110010011010010
0110111010110111
1101100110011100
0111111100101010
