1110011110011010
1010101100111000
1001000001101100
0011101101000101
0010100011101000
1000010000000001
0100101001000011
1100101000110101
0101001100101010
0110110001110110
1010010111100101
1001010001001100
0100111000111100
1010100011111111
1001011000101011
0111110000100000
0100000011010000
1011001101101010
1111111001111001
1100001101001110
1000010000100111
1010000011110100
1100101100101000
0010011001011000
0010000100111000
0101000011101001
1110000101101000
1110111110110010
1100001011110010
0101100101110100
0000010011010100
1101101001100110
1011000000000100
1101100010001111
1001110100010001
1101010011111000
1001111011111100
0111111111111000
1110000000010011
1000011010101111
0101101000001110
0101101000101101
1001111100111010
1000111010010001
1001100101011111
1000010111101000
1001011011000011
1001111101011101
1111010110111110
0000010101111001
0111100101101001
1000110010110000
1101110011001101
0000101001010111
1110111011111000
1001110110110110
0010011001000000
1100011110000111
1010111101010000
0000101001010011
0100110000110010
1100001000101110
0110011101100001
1100101100111010
1110010110100111
0001111100011010
0101000110100000
1011100010010000
1111000010111010
0101100000101101
0111110001110011
0111100110100101
0000001011111111
1011101111011001
0001011011101000
0110010110010101
1110101100110000
0110100110110100
0101110111000011
0000111000100110
1111011001111001
0000110000100111
0101100101110111
0001000111010011
0000100101101111
0000101010101011
1001110000011110
1001110000100011
0101011000010110
1011101000100101
1000001011010111
1000111001010000
0101001111111010
1111111100011001
0000001010110011
1111110001000110
0000111110111111
0001011011100010
0100101100000010
1101001100010101
0010001001111011
0010000010000110
1111101000011001
0101010100111000
1001010010101010
1100000101001011
1101000011010111
1111111110001001
0110001101010001
0011000100110111
1000100100101110
0110100001101111
1110011011010100
1101111000000010
1010110111100110
0101001011110101
1000110010101110
0000011101111011
1100001110000001
0010100101000010
1010001000000101
1101011000011110
0111001111011100
1010010001101000
1010100000111011
1101110000011001
0111010000100010
1001000111100111
0011100110111001
0011100100000100
1001111001110001
1101110001011010
0000110011101001
0100111011000011
1001010001001111
0101000101110111
1110110011010010
0010100110101101
1001100100000011
0101110110110110
1010000111000010
0001100101101010
0100111000111111
0111100101100110
0111110100110110
1100010111001101
1111011001111010
0011110001101000
0000100110011101
1111011010011110
1101110110111001
0111111000010100
0101000101010111
0111001000011100
1111011100111101
0100111001100110
1110000101001110
1100101111011100
0110010110100001
1101000000010001
1000111010111000
0101100001001111
1000000101011011
1000110010010000
1011111101101010
1011101100010000
0110011110100111
0010100011001101
1010000001110000
1111100101001011
1110100000011101
0000101001111000
1010100000001100
0101011110100100
0110111110101011
0110001011011010
0000010011001111
0001110010011010
0000111110111010
1111001111010110
1100111010111000
0111010101000111
0110011110001111
0011110010111000
1001100000000011
0000001001010110
1110100011111101
0000101011001011
1101011001100010
1110001010101001
1100000001010111
1011101110001100
1011010111000000
0011010010000111
0100100101010000
0011101101111000
0110110101010011
1001100101000001
0101010010000110
1010111010100010
1001110101110111
1010000001110110
0110000000110001
0111100100111001
1010010010001111
1100110001010000
0000011000001000
0111111111001011
0101011111010000
1111011111010100
1001011001011010
0100110111000010
1010001011100001
1111010001111101
0101001011111011
0110101101011010
0100111011010110
1001001111010010
1011010100111111
0001111101001101
1000010000001110
0001111101010111
1110001001111001
1100010110101111
1000101010110110
1011000001100010
1000001001001001
1110011110101000
1111001011111011
0001100110110000
0011010000101010
1100010000000010
0011100010111101
1110001001111111
0001001101000100
0110110111110111
1100110011111111
1001001000100111
0010111000101001
1010111101110011
1100001111011101
0100000100010110
1010110010101100
0111000100101110
1100101111100000
0101101111001010
1001110011101001
0100001000001110
0011101100001011
0110101101001111
1101010000100100
0000000111010010
0000101100110000
1111101000110010
0101011100110010
0111110010110011
0010111111111010
0000101000000110
1101100001011001
0101111110101100
1011110011000101
0010001001000111
0010101101011100
0111100001100010
0110100110100000
0001111110000011
0011100010010110
0001001011010000
0010000110100000
0000001010101010
1000111111100100
1110000011101011
1001110010011001
0100001110010000
1111011101110111
1011101101110101
1011010101010011
1001010100100110
0010110110100110
0011100011110000
1111111101000001
0011111111001000
0110010000100100
0000011111011010
1111100110101100
0010011100101010
1111110111110000
0110001100000101
0001101101001110
1111010001001111
1111110110010111
1010010111101011
0110101100000110
0011010110111110
1011010011011011
0000001100110000
0100101001001011
0011110101000000
0010000110011101
0000000100011111
0111000101001000
0000110110111100
0110010110100110
1000111011001100
1110111110100010
0011001000110011
1010110100110010
1101111110001100
1100000011100100
1101111010111100
0001001100000001
0101100101101110
1010000001010001
1000111001011010
1000101100101010
0011000011010101
0000010001111111
1000100010101101
0110010111000111
1111110101000111
0111001000001111
0100101110010110
1011001100011110
0000101010111001
1100110001001111
1111101010001111
1011100010000010
0110001101011101
1100100010000011
1011011111110000
0111001001111001
1100011101000101
0110111000010000
1110001111110111
0100011100100000
0010100101000111
0101101010011111
1110010011000110
1001001101010010
0000100111101100
0111001101111011
1000111100111001
0101100110010001
0111001001001000
0100010000101110
1001010111000011
0110110010010010
0011010000010001
0001100100010111
0011110110111011
0010000001001010
1101100001000100
0011010101100000
0111100100100101
0000100111100101
0111010000001110
0100010000000011
0111101011110000
1001000000111011
0110101011101100
1100011110101001
1010100100110010
1000111011100101
1111001000001111
0010000110110101
1110101011111001
0001000011101110
1000001110000100
1001001110011110
1111001111001101
0010000011001001
1000000100011111
1110101111111000
0100001101010111
0100101010011010
0101011000001010
1111010000010110
0101100100000011
0000110011011111
1011001011111100
0010110110001011
1111011111000101
1010010100011001
1110011000100000
1110010100100100
0111000100011111
0011010000100011
0011000101111001
1001010011011010
0100010011011110
0101110100111011
0101111001111000
0010011001110010
0101101111010110
0000101011010001
1100111011001001
0110001010000100
0100101001010010
1101010111011111
1001100100111100
0100111100110111
0010100010100000
0001010101110010
0001110010111011
0010001101111010
1010101000000101
1101011010111001
1010101111101000
0111010101001011
0000110110000001
1100110011101001
0001110010011011
1000001011001010
1011010011101010
1110000101110011
1110100101000010
1001001111111011
0111011111100000
0000100011010010
1000100010101100
1010001110101100
1111011011010111
1111001111110110
1001000110111010
0110100010011100
0111111100000000
1100000011110100
1110101010100101
0101111111111011
0100100100110011
1110101000010010
1100001010010100
1100011101011000
0000100111011011
1100100010111110
1100100001110011
1011101000100110
0000010010000110
0010010110101110
1001010110000010
0010001100001011
1111100100010111
0000010100100101
1111000101010100
1010100000011011
0110101100100100
1100110000110111
1111000010101100
0000101111001001
1010000110000101
0110011110001111
1111110011111110
0001100111000011
0100011111111100
0010011111010010
1010111011101100
1011011011110100
0111110000001110
0001010110101100
0000000000110000
0000110010110000
1010100011100001
1010010010000111
1011111100110000
1111011001011010
0010000000010010
0000010001101101
0101110000010001
0011111110101100
0100010000000100
1100101010110000
0010100111000001
1110011100010111
0110011101100010
1010101001101111
1100110101110111
0000001100001110
0100000101000100
1000100111011100
0101110111001110
1001010000110011
0101011011111110
0111010101010101
0011001000001101
0000100010100110
1110111101100110
0010001000001100
0111011100000110
1011100100101110
0010001001111001
0100011000010100
0010100101011101
0011110010010011
0100011101001010
1101010111011010
0100001001011111
0010110100110110
1110100011101110
1001011110011011
0000101100101010
0101100100110011
1110001000101100
0110011101010001
1111100000110011
1010100010110010
0000101110111101
0100111011101001
0011010110110111
0000000111011100
1010110000010011
1111001001000010
