0011011000111110
1100101000011010
0110001111001010
1010001101100110
1101111011100011
0101110100111011
0001011001011000
1001010011111100
1101010011110110
0100111110110101
1011001010101010
1001100100010000
1010010101011010
0100100001111010
0110100100000111
1011010110101110
0101111001111000
1001010000010100
0010111011001100
0001010101001110
0101011101110110
1010101001010000
0111011101101111
0111111101100000
1101100100110010
1001010110111001
0011101100111011
1010010011010000
1001110010100011
0001000111011101
0101101000110100
1101100010010011
1110110010001110
0110110101101010
0000000100000010
1110011000001100
1101110010000010
0100001110001100
1101001110101111
0011011101100111
0100110110101000
0111000000111100
1111010001100001
1010100010010001
0111100100100001
1011000010100000
0000011101100100
1111000010011101
0001110111110011
1111001101010110
0000001111001010
0000001000101100
1010001010100101
0011100001100001
1111001110110010
0010000100111101
0010011101101110
1010111101011011
0000000110100011
1111001100010111
0100001000011000
0010000101000001
1011001000101001
1000111101111001
0001101010010101
0101111010010011
1101000010111110
1110010000100001
1000101010001110
0101001110100100
1111010110010101
1110000001001001
1011111100101010
0110011010010101
0111000000011110
1111110000110110
0111100100101111
1000001010011001
0110011010101010
0001010011111010
0111100111111110
0000001000010001
1011010101101010
1011011111011001
0110111001100000
1110010100101010
1001010101111010
0101000110111001
1101010110000111
0101010001001100
0111011011010111
0010010011010100
1000100011101011
1001111011101110
0100001010010000
1000010010111100
0001010000011000
1010000010111101
1010010111001100
1010010111111001
1001110010110010
1101010101101011
0010100101100011
1110110110000111
1001001011001110
0111000100000110
0110111001101000
0011110110101000
1111001011001010
1010101010000010
1101111101011001
0100010010110111
0110101101010101
1011010010111100
1110000001100111
0100101011101001
1101010010011011
1011110001010010
0001110000111001
1111101001101000
1001100100001011
0011011100010101
1010010000010010
1010111010111011
1111100011101011
0010000001100011
1110110110011011
0010000001010110
0111010110000100
1100001101000011
0010001010111100
1011010000000011
0000000011100100
1000001110010011
1111110010000011
1000110101000010
0111110111000010
1000101100100010
1000110000001001
1110111100000011
1111001011010001
0011101001111010
1100110111101100
1000010100100101
1110111111100011
1011110110000011
0110010100000001
1101000010110111
1011100101111010
1101110110110110
1000000000100110
0100000000010111
1011011001100010
0000001011110010
0111001110110111
1011100100001100
0111111110000100
1100111011100001
0100110011111101
1101101111110111
1001110101101110
0110000011110111
0011110100000111
0100011000111001
1010011000011101
1010111000010010
0000100010000111
0100010011011001
0000000111000000
0110111100011011
0011010010001010
0101110001110010
1011000011011010
1000000000010010
0000001000011110
0001010000011111
1100111000100011
0011101001000010
1000100100101010
0110101101100000
1000011100000010
1110000001101110
0100010111010111
0011111111011110
0100101110000101
1011011000000010
1111011101111100
0111101110000010
0000111110110101
0100000010100011
0011101110110110
1011110110111111
0110100111010110
1111110100111010
1100010011011010
1100010011100100
0101001001100101
0000110100011110
1100100000110000
1010110101100100
1111010100001010
0010110010001001
1011111010100010
0001110010011010
1001110110000000
0101110001111011
0100000011000000
0110000111000001
0100010001001111
1111111101110101
1101110100101100
0001110101000001
1110110111010100
0111011000000000
0010100110101011
0010000001011111
1100010010100101
1000111010110100
1000010101001001
1100100100110011
1101110010001100
1110000000100011
0101001110110000
1100110111000000
0101010110010111
1110001100101101
0001110010110010
1011011001001110
1101001010000000
1110101001000111
0010010110111111
0101110000110110
0110101011000110
0100001101001000
0110110101011010
1110001110101000
0000100101010100
1100101000110100
1010111110001001
1111110000010001
1010110101100011
1101101111110010
1010000111011100
0101100110110110
1111100111010100
0100000110011110
1110000001101000
0001000001011110
0101000111010010
0010001011010110
0011100110000100
0010010000111000
0100111000110000
1110111100100011
0110101101101011
0001010011100111
1010011111111010
0011001001001010
1101011011111110
1110010011011110
1000001111011110
1011011111000101
0000100110001110
1110110000000100
1101111111010011
0100110110011100
0011001100010110
0011000110000111
0000011011110111
1011111111100110
1011001110011001
0100101100000001
0001010010001100
1001001010110111
1101100111101011
1110101111001111
1110100000011000
1111111011000000
0000001111100001
0001111101011011
0110001110010111
0001101111011110
0111111011010011
0000000100111000
1110000001010100
0001010111111100
1100110100010011
0010100110110000
1111110010011000
0100011101011011
1111100010101011
0001010011110111
1000001010100010
0110100010100011
0110001110111011
1000101011000110
1000100010001000
1000101110111110
1010011101110110
1110111111111100
1101011101000000
0110001000000001
1000100110001101
0011001000111111
1110000011010111
0000100010010010
1111011110100000
1110000001000000
0100011111010001
1001010101110000
0110011110011101
1000110010000101
0111011101010101
0010001000111010
0010110010011111
1011111000001110
1111001100110110
0010001110111100
0100111110010000
0110110010010000
1011110011001100
0100101101111001
0100101101011001
0010111001111001
0000000001001100
1001000100111011
1000001001010110
0000110011010011
1000010110101100
1100110010111000
0111110011001010
0101000011100001
1111010100000010
1010011000000010
0100000110111011
0010111000011000
0110111010111000
1110101111011100
0101100011100111
1000000100111000
1101100010111111
1011100110110101
0101010101111001
0101000010001110
1101110011001010
1000000101100011
1001011100000111
0110000010011110
1111011110001110
1100001000101101
1100111001000011
1000111110011110
1111101001100100
0111001011000011
1110010001101110
0001101000101111
1001010101101010
0000011000101000
1001101000101000
1110011010000000
1101010000010001
0100001111001101
0011001001110010
1011100100001100
1000001111010111
1010100101011000
1000001000001110
0110110110100111
0000111011000110
0111000011011000
0010011001001001
0110101111110010
1000010100110101
1100101100100111
1101111001111000
1111111101111110
0111111000110100
0111100001000011
1001100111101110
0100100101010100
0001011101101110
1000100100000101
0100111011011001
0001001000110111
0011111110011101
1000000100100111
1011110100100010
0010010001011001
1110011001100000
1111011111001010
0110100100011001
1100001100010100
0110001001110001
1101100110101110
1001010100010000
0011010110110101
0000010100111110
1110000010000000
0111100011000100
0010110100011010
0100000101011110
0101000111001010
0111110110110100
0011011111110100
1100100011100101
0001011001111101
0110101010001000
0010011110001011
0110110111001001
0101000101111001
1111000001010001
0001001100111011
1011000011000010
1110011110111001
1011010101100000
1100101100010011
1101110001000011
1101000010100011
1001100101011001
0011111101001010
1000011110100110
1011101010010010
0000100111111000
0111000110001110
0010000100000110
0011001000110011
1110111110110011
1110011001010101
1101010101001001
1100001100110110
0110010001010111
1000010001011111
0100110100000110
0000001001011111
0111110110010110
0001100111001100
0000010110111011
0011101111101100
1000000010111111
1100100101010111
1110100101010000
1010100111101100
0110010101111100
0000101001101101
0110000110100000
1001111111101100
0010011101100011
0100010100001100
0101011101111010
0111100111000111
1110110110001100
1101110010101110
0001100110001000
1001001101100011
0100110001000001
1101000110110011
1111110111110001
1100100100011010
1101001001110001
1001001111100001
1100111111010100
0011110000111001
0100010011100011
0000001101110010
1011011010111001
1011101111111100
0011101000101010
1100100101001011
0011010100010011
0000101010111011
0100110110100100
1010011101001100
1000100010111101
0110011111110010
0110110000011111
1101110110110000
0000111110010100
0101110110000100
0101101111100101
0010111111110110
1101001110101001
1011010110111111
0000011010111011
1100101011110011
0110100001000010
1010111111110000
0001110010001011
0011110100110110
1101110001010011
0101000001000000
0110110110001000
0001100110000011
1001001010001111
0101101010000001
1000011110100101
1000100101010110
1000110011000111
1101001100101111
0111100010100010
1100101011000001
1101000101111100
0001110100100101
0110100010100111
1100010101001110
0111011001010101
0111110011111011
0110101110011001
0000101110011000
1011100111000000
1001001110100111
1010001001001110
