0010110100100011
0000110111000000
0011100011100110
1001100011001111
0111000100101110
1011100111101011
0010010100101100
1011000011100110
1010001010101011
1010100110100101
1100110001110101
1000011111011110
0100010100011100
1011110000100101
1100100010011110
1100100001100000
0001100000011100
1101001011010111
1011111110101000
0001101111000000
1011111001001000
1010101000000110
1010111000001011
0011110111110101
1011010111100111
1110010101111010
1000100001101101
0010010010101111
1101000001011101
1010000101011000
1101001111101100
0000101000111001
1000010010011011
0101001000001011
0011100000000100
1001001110001011
0000000001000000
0001000001010101
0000011100011000
0000100010111111
0000101111000100
1001010110100011
1010000000001000
0000101101011111
1010110010001001
0011001011011100
0000110101000110
0111100011100100
0011110110001000
0011001011100111
0100111000010011
1011000100001110
1011110011010111
0010110011000100
0011110110000101
0010110100111111
0100101010111100
1001000101110111
0111111011101010
0011001011101100
0100001100000110
0111001001100011
1111110000000000
0110000110000101
0110110111100001
0101011110100010
1110111101100101
1111111111001010
1011011011111000
1110000101110000
0110111100100010
0010010111111111
0110010001101001
0110100111101010
0100110111011000
1001110010010111
1001101101001000
0100001001110001
1101011010010101
1001110101100101
0001111000011111
0110100101101010
1000100100010100
0100111110011111
1100001000000010
1110100110111010
1110010100010111
1011000010101100
1100100011111011
1100111001000110
1011010001010000
1101000010100000
1011111011110011
1101100010001011
0011011111011110
1101111111011100
1001100110100110
0000111100011010
1101011111000001
1010000010001001
0110101111011000
0000010110101011
0000101100001000
0000010101111111
1101110110110001
1010101110101101
1011111100111110
1111110101011010
0010000100011000
1010100101001011
0001000111000111
1101111110101010
1110011001111100
1110111001011111
0001110011010001
0100011111010100
1111110111110010
1000010010100101
0000100110100011
0110111110110001
0001001100110101
1010101011001011
0011011000100001
1101110111110011
0110010111000010
0100011100100100
0111011001010001
1010010011011101
1101001100101101
1001110011110110
0001011101101110
1100101001111001
0011000101011010
1101111000001111
0110101000000010
0010111011001010
0010011101100010
0110000011101010
1010100110010011
0101111110011010
0000101101101011
1110101101001010
0110011110101111
1111011001110000
0110001110100000
0110110000010001
1110010000100001
1100000000101101
0000111101110101
0001110110100111
0110001011101001
1111011000100111
1010010111001011
0110000001001000
0111000001011010
1001100111101110
0100011110111110
1000001101100010
1100000010101101
1111001010110010
1111110111010010
0100100010110000
1011011101101111
0011110100011001
1111000000000100
1010110001010011
0110110000000001
1001001101000001
0001001000111011
1000010111011111
0110011000110100
0010001111011001
0101011101111001
1110101110000010
1110110111000100
0101000010111010
1101110011100101
0000101101100001
0101100111010101
1110111010001100
0010001110101010
1000000011000010
1010100010101101
0100100111111011
0011110000100000
1111101110000000
1111110011001010
1101011110101110
0110100000111011
1110101110001100
1111101100100100
1101111011000000
1110101110110101
0110001011011001
1101100010000011
1100111111111101
1001010001111100
1010100101100101
0110100010111110
0001110101001011
0110010001010110
0100110010000001
0001100000101101
0001110110111011
0100110100011101
1101110101111111
0000111011110011
0001100001101000
0000100000101011
1011111000001001
0100000110111010
0110110010100100
1000011111101100
0111111101111001
0001110011011001
0110101110100001
1010111010010000
1000010001110001
0110010010100111
0000001101110111
1111001010001110
1000111010001010
0000100010010000
1110111111110111
1011101001111000
1110111111010010
0001010100010010
0000000011001010
0000001010010111
0011000011100011
1010000101010110
0000111010111100
1000001011000110
0101110110011001
0000100100000000
0100000100000101
1101010001001110
0100000011101100
1010010111010010
0111001000001010
1000100011101011
1001010101011011
0000110111001001
0101010001100110
0001111100011111
0111000001011000
1011010100111100
0001110001000100
0110101100001010
0101001101100000
0011010000010110
0010011101100011
1111111010101001
1010010010100001
0000000101010001
0101101101100111
1000110111111111
1011111101100011
0100010011100111
1100100101010100
0111111011111110
0001011001001010
1000110100110000
1010010010010100
1000110011101011
0010111111100110
1000011011100000
1011010111110011
1010011000100011
0100101000010000
0100110010010010
1000101110101001
1001111000110010
0111100101110001
0111010111010000
1110011010010110
1100001100100011
0101110011101011
0110111010111001
1000101110110011
1110001111001110
1111001001111001
0100011010111101
1000010001010011
1101110010011111
0011000100000110
1010100110100111
0110101110111010
0101010011000111
1111011101110100
1001100011100100
0101001011001000
0100010101001001
0100100011000110
1011110011000110
0101001011101111
1111110111000001
0011110100101010
0010010110000001
1000000100110100
1111011100001110
0100110011100111
0010110001100100
1001011101010001
0101000101100001
1010100011010101
1010100111111110
0111101010110100
0101100100010011
1001111000111110
1011001010101011
0011101101010000
0001011110110000
1101101100010001
0111101011010111
0110001011110100
0001111001000101
1111010100110010
0011000011000101
0001011101001100
1110011001001001
0100000100010111
0100111001101100
1111001011100111
0001000010000001
0100100010000011
0001011111011111
1101111011000111
1110010001111010
1001100111110111
0111001000001111
0001011111110101
0110001001011101
0101111111001110
1101110100100010
1000010000110000
0001110110011100
0101110110111000
1110111011101010
0111011110110111
0000111110101111
1011111110101001
0000001001010111
1011111011000010
0110000000000010
0011001110101010
0111100000100011
0101100011110110
0000000000101000
0110011101001001
0010110000001001
1110000101110000
1011010101111000
0110101000100101
0111111110101001
1111110100110011
0011101101000010
0001001000110101
0001011000001100
1010010101111001
0111000011011101
1100000110001000
0000011010110001
0010111000111111
0110111101101001
1000011000001001
0010110010000010
1110111111000100
0110000100110011
1101001110011111
0010110001110101
0001000110110111
1101110110011100
0101011010101000
1011100001110001
1001001101101101
0100101001010000
1010011111101111
0110000010011010
1010000101110010
1001111101110101
1111111101000110
1011110110000011
1111010010010011
0101111110001111
1001000001011010
0011000000001111
1011111001110101
0101001010010100
0110110101101001
1101100110000101
0101111100110110
1101111011011111
1101001101100110
1111111110011101
0110010001011111
0001010101100001
1101010111011111
1000101110100101
1100100110000111
0101000000001110
1010011010000110
0010111011101111
0111001110001110
0101111110110100
1101100001011101
0101000100011111
0001101101000110
1100100001011001
1011110011001011
1111101010100011
0010110111010010
0110100000100101
0111100100001110
1000000001011000
0010000110011100
0011000100100110
1100111000010100
0101011110000011
0000100111100011
0000001110000111
1101111011000010
1000110010000110
1101001110110100
1110111010001011
0100111011001000
1110110011010110
0001000011101010
1010111011101100
0001111101111011
0111000100010110
1101010010010100
0111000110110111
1101110101010101
0010000001010111
1011010110011001
0000111010111001
0011100110011010
0001011110010110
0011011110011001
0001110000011110
1011000110101001
1101011110011000
1011101011110011
0100001011100001
0110111111101110
0100110100010000
1111000001110000
1000010011001100
1100111010010101
1001101010100110
0010111011101111
0101000010101110
1011000111100110
1100110011001111
1001011001011001
1110111011000001
1101111101110100
0001001110100000
1111010100011011
0100000110001010
0101001001100010
0111111010111110
0001010111011110
1001000111000000
0000111101100011
1110011001011010
1010111011010001
1110100110011010
1010110001110000
1101111111100101
0010100100111111
1101011001001100
0110101010110110
0011100101010110
1011101110011110
1011011000111101
1010110001100010
1011100010111011
1001010101100001
1110010000010100
0011100110110101
1111010011000111
1000111110011000
0110101101101000
0010101100101111
0101011010000101
0111010011001111
0010101110011110
0111001010011101
0011000010010101
0111100011100001
0001100010011001
1011011010011000
0110000011001101
0011101111101011
0000110100100101
0000110100011001
0110010100011000
1110011101011100
0100001101101000
0100111110011001
0101001000100111
0000001100100000
0000100010010110
0110010110010100
0101011011010100
0011101000100000
0110110100001111
1010111111000100
0000111101010001
