0000010001110100
0110010010101011
0001111001001010
0000000011110111
1010111110010001
0000001100001110
0001000101110010
0001110000011111
0100100011100010
0011101111000111
0111110001000001
1010001110100110
0011010111010000
1010110010010110
0111110011110100
1010010111100110
1111011101001111
0001111110011010
0010100111110011
1111110000011010
1000111101110011
1111100101111010
0101000011101010
1010010100011100
1011100011100010
0101010100100110
1110000100100000
1000100101010000
1010101001110111
0101100011001101
0001010011000001
1000000101010100
0110111000110110
1111000011111111
0100111011000010
1011010010000000
0000001001011010
0001101110000011
0010011101111110
1100110010010110
0110100000000000
0010000000010111
1001000111001000
1110111100001101
0110111100100010
0101000110011101
1000100010000000
1011101011101000
1001111110101000
0111101010001101
1111110111000001
0100111010001001
1001000100111100
0111110100100011
1111010010000100
1001011110011010
1011100100001001
1010100000000001
1110101110000101
1100110100011000
0010001111110010
0101101110110000
1100111001101010
1011100101100100
0010010110011100
0111111101111100
1101110111101010
0111011011110011
0100111010001001
0001100111001011
0110011001010101
0011101111100111
0010100111100001
1001101110111011
1110101001000000
1101111010010001
0100110011111000
0111101101110111
0111110110000001
0011010101010110
0010101100010011
0101100000111100
0111000011011011
1101000000000011
0111100001011111
0001001100101000
0001100011100110
1110100101110110
0001001101110000
0100111011101100
1111101101101001
1100100010001011
0010110110111110
1000111000000011
0001111101000000
0111010011110000
0100011011000111
1101011111101001
0100111010110101
1001001000000000
1010100110101111
0100011101110010
1101101100110100
0100110100111001
1000100010101010
1000001101111011
0000011001001100
1011110110010010
0101011111011010
0100000100011111
0010101100110010
0010001001101100
1101000111100000
0011001011010011
1001110101000110
0111100011110101
1100010001100110
1010001010111011
1001101001101011
1011001111001000
0010100010011110
1110101110111000
0101111011110010
0000000100011100
0000100001011100
0000011011110010
1100000111010111
1001001011000101
0010110000111111
1101100100111011
0101111110111100
0110011101110010
1110001110011010
0011010010101110
1101101010010101
1000111110101101
1100101100101101
1000001111111001
0110001101011111
1100100000100000
0111101001110001
1000001110000110
1101100111010010
0111110000110111
1110000100101110
1011010011011011
1100001110110011
1111000010111010
1010100110100111
0001101011010011
1100101101010111
0101000000001001
1100000111110110
0000100101011000
1000010100011110
1010001001000011
1101110110011110
0101000100111110
1111111101011001
1100101110111001
0100111111111011
0101000000110110
0100100110011001
1001100010010000
1010101001100010
1000010101011010
1000011010001100
0010111000111010
0011011001101101
0110000001010011
0100001111010110
0010101011111101
1011011110001110
0000010111100001
0010101100001100
1001011100100110
1110101000111000
0111100110000010
0000111111011100
0100010101100000
1100100110101001
0000001100001110
0110111111110111
0000000001000001
0110010101000011
0001001100100100
0001000001001111
0111011101101111
1100111010100111
1011101000110111
1000101111111010
0010110100010100
0100011001000001
0010100100111110
0001111001010101
1001000010001101
1101100001001010
1110010100010101
0101111110111110
0111111000100000
0111010011000010
1011100101011101
1001011100001100
0001011001100000
1010100100010101
0011000100001001
1101001010110000
0100010011100001
0001100101110100
1010100111011001
1010111011000101
1001110100010100
0101010110011110
1111011100111010
0110101001110100
1111101101110100
1110110011011010
1101110111010001
1100010101110001
1110000000010010
1101111001101010
0110001101111010
0101111100101000
1101100100010010
1001010101001010
1010001000110001
1101010100001011
1011011100110011
1111101110111111
0110101110001001
1100100111110001
1011001000000011
1110110011101101
0010100000111111
0010011000000010
0110110000001011
1110100101000010
1111000101111111
0001101000000101
0110101101000110
1000110101011010
0011000010101011
0101011010101100
0110010010110010
0110100111111110
1110101000110011
0011111100011000
1000111011011101
0010011110010111
1011011110101000
1011101100100000
0010011001110001
1110101011010111
1101000000001100
0101010110001111
0010000001001001
0100110101100000
0101000001101100
1101101111100001
0000101000010100
0001010001111000
0000100000101110
0011111110100011
1011110101001111
0111110010100000
0100110010111101
0100111100010111
0111111110101010
1011000010101101
0111000010000111
0100110000101101
1110101010000011
1011011110110101
0110001011110111
0101001011100000
1001010011100011
1110111001001000
1100111111010010
1100001011001100
1111001100100111
1001110000000000
0110111111110010
0101000110011000
0001011100101111
0000110000001011
0001001001111010
0010110110111101
1111100111101011
0001010011110111
0011101101011011
1010011111001010
1100100111001100
1001000111110101
0101110101110100
0010110011111010
1101111001000010
0010011001100001
0110100011000101
0001000101110110
0000101110011110
0010110011000100
1000001101101000
1011000110001011
0011100100101000
0111010001011011
0001011111001010
0101111110110010
1111010111110110
1110111101100101
1110111001110110
1101110111000111
1001111111001000
1010100000011010
1001011000110100
0001001110000011
0010101111000000
0010000011101010
1010010110001100
0000111111000100
1000011100100110
0101111001100000
0100111001011001
1000100001111100
1101101001111010
0110110001100100
1001000101111000
0000011110111001
0011110101000001
1001110111101110
1101110100101011
1101010010110011
0110001000001100
0101000011111100
1101100000111000
1100010110001111
1001011110010001
0110100010010010
1000000011111111
1010000010101100
1011110011100000
0100010111010010
0111010101111001
0010110010101001
0001001000101101
0101111000100100
0010001111110100
1010100010101010
0000110000001101
0101110010000010
1000011001011110
0101110010111111
1000100110001011
1000101111100111
0000101001100111
1101101101011110
1001011101110000
1000100011001111
1101111011011010
1101011011001100
1001011011101011
1000011101100110
1011110010101001
0001010011100010
0101111010000001
1000111101100001
1000110011001000
1000010010111010
0110110001000011
1101000011000100
1101101011110100
0100101000110000
0110111000001011
0001111010110011
1000001011111010
0010101111110011
1111101111010000
1101011110000101
0101111011101101
1111000110111111
0111110110010100
1011100000000101
0010100001010000
1010011001101011
1110000101010010
1101111010010010
0000001111100010
0000110110111001
0010001101101000
1001011010101011
0011001111111001
1111101010001011
0101011000011101
0101000100001110
1010111110111111
0100011111100000
0011111001011011
1111011110101001
0101110011101111
0101010010001010
1001111111101110
1010000000011101
0011100010101111
0110100010000001
0111001001001001
0010011011111010
1110001011100010
1111000000100000
0011100001001011
1100000001101100
1111110100010110
1001111000010000
0100011101101111
1111000101111000
0011010000110001
1100110011000100
0110001100111111
1000011000100100
0101000001011001
1010001110001111
1001111001110110
1001110001000001
1000101100100101
1101010110001110
1100100111100000
1011111011000101
0100111001111011
0010111101011011
0111000010101001
1011000010010000
0011000010011101
0100110111000111
0110010011000111
1000101111110010
0110110000111000
0100010111010111
0001001011100101
0010100111100110
1011100010000101
0100011000010001
1110100010010100
0100001000000110
0100010110101111
0010001111010110
0010111100010000
1101100010001111
0111111110000000
0010111001011001
0010011010111000
1111011011100100
0011101010101101
0100010111011100
1010101010110000
1001011011010000
1111011110100111
1010101000101100
1111010010111101
1001000111101101
1110001011100101
0011000100010110
0010010110001001
1000111011101111
0000001101100111
1101011011100101
0100011101110101
1100010111000010
1101000011100001
1111011101000011
0100000110000101
0001010011001000
1111010100101111
0111000011001110
1100001100110000
0010100110100111
0001000000010011
0011000111101010
1000111101001111
1010010000000011
1011110100111110
1011101100101100
0011100101010110
0011011000010010
1001110101101101
0100000000011110
0111001110100101
0010110110010010
1001110000010000
1101110101101111
1001001011111110
1110100110000000
1010110011100101
0101000001100101
0101000101000011
1010011110100000
1010100101100111
1010110100101101
0111011011110000
1110111001100001
0101010111001111
1110111001101010
0010001001011011
0010000110110111
0000000100010001
0000001111001111
1100111001000011
1101001101001001
0001001000011010
0101010011110100
1011011001000000
1001110111100000
0101101110101101
1010101100000011
