0101111011010010
0011011111101001
0101110111100111
1110000000111001
0111000101011010
1001000110110111
1001100111100010
1011111111101001
0000100110100110
1110110000111110
0001101111111111
0000101100101100
1111001100011101
0100100101111100
1111111000000101
0100011100011110
1100011101001000
0000011011000010
1110010001111111
0001000010111100
1110001111111101
0110010110100011
0111011100001110
0011010000101110
0110100100100010
0110110000111110
1011010001000001
1010000001001111
1110010101100011
1000010000010110
1011001111011110
0101100010001110
0011110101011111
1110000111001100
1111111000100000
1101010101111010
0010111101111011
0001111000111111
0001101110100010
0010011001111001
0000000101111010
0010000101001001
0001101010111101
0110010011000000
1010101101100110
1111110011001101
0111101110101000
0101011101010010
1110011011110010
0011011101100111
1110011000100101
1100000111010100
1101111110001100
1010110111101101
1101000110111110
1110001011111100
0100111110001110
0001111011110001
1111001101100010
1011000001101000
0000110010011000
1001111111111001
1010000010110101
0111000011001111
1010100101001011
0110110111011110
1011001100110000
0101111100111010
0010001100000110
0000100100110001
0010110001111001
1111110100101110
0010011001000011
0001101010010001
0101001011100011
1010101110101100
1100011011000011
1010010111101011
0010100100111010
0111001100011000
1000010001110111
0011110111110100
0000001000100011
1101000110000000
0110111010000110
0101011011101100
0000110111111011
0011111101100010
0010010110001000
0101111101011001
1011111001011011
1100001001000000
1001001011100000
1100100000110101
0011010010101011
0110110111111000
0100100001000001
1101110011000101
0000000000101101
0101000010110100
1110101001111100
0101010011001111
0000001010010110
0101110010101001
1001000110011100
0101010011010111
1110011101100000
1000000111010011
0010100010010111
1010101110110101
0100111010110001
0001111000111010
1101110101110000
0010000001010100
1101011000111101
0011000010100001
1000101101011111
0001000111100111
1011011011010000
1100000111001110
0000110011111111
0010010110101001
1000000000100101
0100111111111111
1100010011000001
1101110100011110
0001010100011111
1111010100101111
1101000110000101
0110010110110011
0000111000001001
1011011000111000
0111100010010110
1001011100100000
1011000000000111
0011111001011101
0001110101111001
1101010100010100
0010010000010000
1100111111011010
1111000111010011
0011101001000001
1000110001001111
0111010110001100
0001100101101100
0111111100000100
1011000010011011
0101001110001110
1011111111100100
0000110100000001
0101010000101101
0010111001101101
0110010001011000
0100010111100110
1101011011000011
0001111000011011
1111000101111110
0010101101110010
1111110100001111
1010010000101111
1010010100011011
0101101111100100
0001101001101010
1111110001101001
0000011011010000
0000100001111111
1110111111100101
1110111100001110
0111101101011110
1100101100011100
1110101110101110
0101101001010100
0011010111111111
1100100100100010
1100101001101010
1000111011111010
1001111000111011
1101100101000110
1110110001110000
1010110100111011
0111000000001010
1000001011000100
1110001100011010
0001001000110000
1110011111110011
0111001000111000
0111001010100101
1111111011000000
0011111010100010
1100001001011110
0010000100001110
0011111101010000
1101011011111101
1001111001010000
0110100011010111
1001000110010101
0011111111010000
1001011001110001
0110100010110001
1011010100010100
1100001010100101
1000101011000011
1111101000110011
0101110100001100
1010110101000100
1111100111100100
1100100101011000
0011010000010110
0001001101000111
0110101011101011
0011001011100011
0100000100110111
1111111010011110
1111011010011111
0001001001101100
0111111011011111
1000111101111001
0001101010111111
1100000101101000
0111100001110110
1111100011001101
1101001000110011
1001001000000111
1001101101111011
0101111101111010
1010000010000100
1001101010100001
0100011101011011
0001101100100111
0100110001110001
1010110000010111
0110000001111011
0010111001001101
1010111011000110
0110000010000011
1010100110100110
1100110110101000
1111110111101010
1111100011100010
1111000100000000
1101111100100101
1011011111100110
1001001001000101
0101010100101100
1111001100101001
1011000001001000
1000011111100110
0100010101100001
1100111010110001
1000100001011011
1001101010110001
0111111101100101
1100100001011001
0111001100010001
1001001111010110
1111000111000100
1110000111110110
1000000010000101
1001000011000001
1101001011000101
0011000000101011
1100011000100101
0100100011110101
0001001011111001
1001010001110111
1000001111101111
0110111010111010
0001000111111000
0100011001101000
0111100010010000
1111011100011000
1010001011101011
1011101110001100
1101000111011001
0111010011010110
0101011110110110
0010101111001001
0010111101111010
1000011101110100
0110011001000011
0010001011100000
1100100010101001
1101010011111100
1111111011011000
1100110110001001
0011011010010000
1110111100001100
0110000010000000
1110100101001110
0110000011100001
0011110110011111
1100101110101110
1010100100111101
1000111101101111
0000100000111010
0101101100011111
1011111100001000
1101010001011111
0011011100111111
1011111100100100
0001111011000110
0100100101100101
1111000001100000
1100100111001000
1100010001001010
1110001010010000
1110011100110011
0110101100011101
0010101001011011
1011110011101010
0111010000110010
1110111100001101
0101001101010000
0111101101001001
1101001110111001
1110100111000010
0100100000110111
1010101000001001
1110000010100010
0101010110110011
0011101110010001
0100111001111101
1101000101110111
0101111011111100
0110001101011101
0101101011001110
1011010110000010
1011110101101001
0000000011000110
1000011011011001
0000010001011001
0100101101110110
1110111111101000
1101101101100001
1011101001111110
1000001111101101
0111011001001101
1001010110001100
0010001111001011
1100110000111011
1011000111011011
1001110111111110
1011000110001011
0000011000000111
1001101100011001
0100010010101010
0000011010011011
1010001100000000
0100010000111100
0110000001111100
0000110000101000
1011110101001001
1111100010100101
1010111011010001
0011001010110001
0010001010001110
1000001001110101
1110001110110000
1011011001010010
0010100101001000
0100010010000101
1010111110000000
0000110100000111
1111101000010010
1011000111100011
1100111010111000
0100011111110011
0011011011011001
0111001111011001
0000101011001011
0101111001011010
1001001011000001
1111001100111100
1001011100001101
1001101100101001
0110010001100111
1101101001111110
0010101111100000
0010101010111111
1101010010100000
0110000101101111
1111101011100100
0001101111110010
0000101101010010
1001000001101010
0100111001011010
1110001100001000
1010111000011000
0011110000001011
1110001010100110
0001110001000111
0110010001101111
0000110001010010
1000001101110100
0001101100100101
0011001011011100
0001110010011011
1111111001100101
0101110010100101
1110011100101001
1011001010110111
1111100010100011
0010010101001000
0001110101011011
1110101000110110
0001110110100101
1101010110010010
1001001100001010
1110101010001001
1010000010001000
0001000010010010
0111101110010100
1101001100010100
1010100001011010
1111010111011101
0101011010111110
0100111011100111
1101111010000011
0001111000111101
0101001001011110
0000000000010110
0011100100101111
1100111011100100
1001100101111011
0010111110111111
1100011001001111
1001110010111111
0111011001111111
1101110001111101
0001110001100101
0000101011010010
0010000000010000
0111011001110011
0101001011110010
0110000101001100
1000010001111111
0110010100110100
0111001010100111
1111100001110011
1110000110011111
0000110010000011
0010110111101100
0011100000101101
1111100110110111
1110000011110110
0101010100111001
0001101110101000
0001110001011100
0000101100101000
1000010000111110
0111100001001110
1010100100000111
0001111011110000
1110010011011100
0101110100111011
0100000010110100
0111100101000100
0010011000111100
0110010100000011
1110101000000010
1111010001101001
0111100100100011
1010101101110100
0011100001111011
1011100000101010
1011110110111010
1110111100101110
0000100100010111
1110000000001001
0000001010101011
0011101100010111
1101011100010110
1011011011001000
1100000010000111
0101101100000000
1011011100111010
0111110001001011
0101111101011010
1110100001100000
1001001111001000
1010011110000101
1010010011001000
1110100010000111
1000011111001010
0111101010001000
1101010000101010
0100111001101100
1001010001001010
1001000010100100
1011110001110010
1000111011011110
1110101001001000
0010010001110001
0111101010010101
1011001100111010
0111111000011010
0111100100100010
1101111000101001
1000110011111001
1001010011111111
1000000010000111
1100110011000011
0111101010100101
1000111010111010
0101001010100001
1011001011010100
0001101111111000
1001110011110001
1110101110010101
0100001011001100
1000010000010101
