1110011110000001
1111101100001101
1011011011011001
0000011100010010
1001111110001010
0011101100111010
0010011101100110
1111110111101101
0110111111111101
1110111001110000
1000010111010010
0111111100110000
0001001101100110
0001100000100010
0001100000000000
0000100011000111
1101010010010011
0101011000010111
0011111010010110
0001111001011001
0101110110011101
1100001100000001
0000100110011011
1100010100110000
1011100000001010
1100001110110010
1000001001000000
1010110111110110
1010000011111010
0100010001011111
0100001010110101
0111011000110101
0001010101011101
1010010100101001
1110001100110110
0110001010111101
1000000101010111
1101001111000110
0100110110000010
0000100011010011
0001111011000100
1000010000011110
0100011111101111
1011100000101100
0111110110000100
0011011011101100
1010111000110101
1110000110100000
0000111000100001
0111000000000010
1111010111011011
0001110111110010
0111001111100101
0111010100011000
1010100111011100
1001110011010010
0100100011110111
0001111011100010
0101010011110100
0111010000101101
0001001101010111
1110011000000111
1111101101010110
0111100011000101
0110100111001000
1110100000010011
0011010111100001
0100110101101100
1010010101011000
0110110011010000
0100001111111110
1000100001101111
1101001011011100
0000001110110100
1000001101100001
1101001110000010
0101001101001101
0000111110001011
0111111001110000
1001001110010110
0101100100110011
1110101101000011
1011110010111100
1011010110111100
0011111011100000
1100001111011101
0101101100001100
0101010000000110
1100111010100001
1111100100101010
1100000110011011
0111000111011110
0100000010111000
0111000010001110
0101001111111100
1100100101000001
0100000011110111
1001000001100100
0100100001110101
1000000100010010
0111011010000111
0001110001100010
1000011100100111
0000111110110101
1101001101100111
0011100000101101
1111101111101110
1110100001001001
0111100010011011
1101000010101111
1110101111010110
1011111100011001
1010010101101100
0100111001111110
0101000111111000
0011100001010000
1101011000101101
0101000100101100
1001010111101011
0100100100111110
1111010101111001
0010110011000101
0010001100101111
1100100000111011
1100011111100010
0101100100110000
1000011010000010
1011100000111111
0001111011100011
1011100101000011
1010000111100101
0100001011001001
1001110000000110
0001001101101011
0111100110111111
0000000100001000
1100011010101111
0111011010100011
1101000101111011
1111111111100011
0100101000111010
1010111111010111
0111010001011001
1011000101011111
0101110011110100
0000011100100110
1011000110011000
1011011100110000
1011001001000000
1111011100011001
1010010001011111
1110111110000000
0110001010000001
0001111111011011
0000001101010001
0101111000001100
1100111110111010
1101010110111001
0100110001011001
0001110110010010
1011000010000001
1010011110111100
0100110000110010
1111111111111001
1011110011001011
0100000100001111
1001101100100101
0000011100111101
1110101111001111
0001111000000111
1010101010011011
1101101101010001
0010011100010101
0100000000111100
0001000000101111
1111010101110101
1011001110010101
0011011001110001
1011110101100010
0011100101101000
1100101011010111
1101100000011011
1100101101001101
0110000001110000
0010001111101100
1011011000100010
0001100011001000
0111001110100110
1011000110011111
0100110111110010
1010011110101010
0010011110111110
0010111010110001
1110110010010000
1000110100000110
0101000101100011
1000100111100100
1001111100010111
0000000000000011
1011100001100011
0110111011001001
0100100001111110
0110000011111101
1100101100100110
1001011101101010
1101111101011110
0111100111100111
1001101001000011
0111101000101001
0000011011000111
0110010011011000
1000111011010110
1010101011110101
1110000111100010
0001110110100011
0111111110000010
0011011100010010
0101010101000111
0111000010010101
0011011111111110
1100100101011111
0111011110111001
1110100100110110
1000111010100100
1001110101011001
0110011010010110
1111100000001110
0110110000100110
0101110100011100
1000100010010000
0010011100110011
0111110101110100
0100000111010000
1010101101000101
1001110100000001
1001011010100011
1101001110010101
0110110000100001
1100111011101001
0000111011100110
0001011110101010
1011011011010001
0100011101110100
1110001101111100
0010011000011011
0110101011011110
1000110101000101
1011111010000000
1011110110000110
0101111111001110
1100111100000101
1010001001111010
1001000111111111
1011000100000000
0100000100000010
0000101011011110
0000011111101100
0011011000100111
0110111000010110
1001000001101111
0111000010011100
1110111011000101
1110010101110110
0101110010000010
1110011101010011
1101000110011111
1000001010111100
0110111100000010
1111101101011011
1110111100000000
0111000110101000
1000000000110001
1000100111111111
1010100111110101
0101100100010011
0000000100110000
0001111101010100
1001010110001010
0100101110011101
0001110010001000
1001010101000011
1110111011110010
1010001110000111
0010010000100011
0001001000010100
0010101001001111
1010011001101001
1100000101100101
1010010100110111
0000001101001111
0000110110010001
1100110101010111
0001011011110011
0110011100100111
1111111101001000
0100000101111001
1000111000001001
1000100001010100
0101110100000011
0111010111111000
1100010111011111
1001000111001101
0110010100110001
1100100111000010
0011000011110010
1100000110110100
0110001011010001
0111001111010110
0011011010111100
1011100001000001
0110110011010100
1111100001010010
1000010011101011
1100101101001110
0000010001110110
0101011001110110
0100101100100000
1011010010111110
1111011011100011
1110001100101010
1101101000001110
1100000000001001
1101111000001100
1110001110010111
1001010111101100
0011100001001101
0001010110110101
0110011110110111
1011000000100000
0111011001011100
1100101100001001
0110101110111111
1010011110001011
1111101001110001
1011111000111000
1011000011101101
1101000110110100
0101110000000111
1010111111010000
0101010010111000
1100000000110000
1001100001001011
1110010111100100
0010111100000001
0010001011001101
1001100001100011
1110111000000000
1111000010011100
1110010101100110
0001101000111011
0100111010011100
0110100010110010
0101010100011111
1110010111010011
0111011101010100
0000111000010000
0011011111011010
1001001110110100
0000010000110100
1110100111101101
1100110011100111
0101000010110101
1011111111110010
0100100000001001
0001101101000101
1111011001101010
0101001100000111
0111100101100000
0100100101110011
0110111001011100
1001111001110011
1110100100111010
1101000101010100
1001101001010110
0011100100011111
1000010011011001
0110011011010011
1100100110011010
1011101110010011
1011100011111111
1111000010101111
0000010110011100
0010110011110100
1110101011100001
1011001111001100
1011100110011100
0111001001110011
0111100100000110
1000100010010110
0100100000010010
0010011000010011
1100000111011101
0011111001011001
1001100010010100
0110000000100000
0000000011110011
0111011101101100
0010000011010001
1110111001010001
0100000101101110
0011101101110101
1110000101110000
0100110010001011
0000011001001010
1100010011011000
1101110110111010
1100011101001110
1101011110001011
1101010011111001
1011100011111010
0001010010110010
0100000100000010
1110011000111011
1111011011110110
0101101111010111
0001001001110111
0101011101110010
0001111100110101
1101111000010011
1010110000001001
1111111111001010
1001100010101100
1011010110111110
1100110100101100
0110001000101011
0111000011101001
0101011101000010
0110011111000010
1000001111011010
0010101011101110
1101111101000000
0111101101110101
1100110101100010
0000010100010010
0011111011001100
1111000001010001
0111101101100011
1011100011011011
1001001000111000
1111001011110111
0000000101011001
0011010010111001
1100110111001110
0001010111100010
0001010101000111
1000000010110101
0110100100110001
0111001101110010
0010101101010000
0010111011010010
0000011101011011
0100010101010111
0100101110101001
1101100011111011
1001010010000000
0000001001101000
1110101101110101
0001111111100010
0011100011110110
1011010000101010
0011010011010110
1110101110011011
1000001010000101
1001111010101000
0110101101011001
0110100011010001
0001011011000111
0111101001111001
1100011000001111
1111101010110100
0000001111001011
1110011011001011
0000110100110110
0010101000111000
1001110111101100
1110010111111000
0101011101011001
0010101100010101
1001100000011110
0010111011110010
1101101010010000
0001001100001000
0100111110110011
0110111111101011
1111001001001011
1111010101010111
0101111101000000
1010111101000011
0000001110101100
1100010100011001
0101101000010010
0111011001010100
0111001100000110
1100000010101011
1111110111110100
0011010001110000
1000010101000111
0001011001010101
1000011010011110
1000010101000100
1011010110100000
1010101010101100
1000010001011111
0010101110110011
0100111001001001
0000010111100100
1110000101011110
0000110110000101
0001010000101011
0110011110011111
0010101100101011
