1011001010011111
1101100101001111
0110011101101001
1000100101100100
1111001110110001
1010000100101100
0001010100011000
0111110101011110
1011000010101100
1001100111011100
0011101000001110
0010100111001101
1101101010001001
0001010101111100
1001111011001101
0010000000010110
1100101000110111
0011001101111011
1101101101010000
1111100001110010
1110101111011000
0011111001111011
1111011111010101
0100010111000101
0001011001011100
1001101110010111
1101010111100010
1111011101010101
1010011111010000
1001011011100001
1110101000011110
0011001011100011
1111100101001001
1111001001100100
1010010110001011
0100001111011100
1101010110100010
0001010101100000
1011111010111110
1010101101011111
1001010000011001
1101011100011101
1011011110011110
1011000000100010
0000010011111011
0100110100000001
0000100001000100
0011010000111010
0110101011010110
1100100100111001
0110111101100111
0101101011100000
1110010000111001
0000001010010000
0001001010101010
1001000000110000
1011111100101100
1000000111000001
0000110000010000
1001010100100011
0010011110011111
0100011111101010
1101111010011110
1010000010010110
0110110100001100
1010000111101001
0010010111111110
0101100111101010
0011100100111101
0001010011010000
0001111100111111
0111010111100000
1000101011001111
0001011011110101
0011111101101010
0011100111011000
0001110010000000
0000101001001101
1010100100011011
0001101010010111
0001000100001001
1011001110110000
1111011010100101
1101010010100111
1100001000101010
1100111010001100
0001000011110000
1110100111000010
0010110011010010
0011001000110101
1011110100111001
1100101110110111
1101100011111011
1100101100100101
1100001010111101
1111111100100100
1011111100110011
1011111110000101
0111101100000110
1101010100010110
0110011100101011
0000111001010101
1000110010011100
0111001011111110
0100011111100111
0000011000001001
0100011001101001
0011101110001100
1010101010001110
1100100110100101
1110011000111011
1010001101101011
1001011111111101
0010100100100101
0001101011111000
0101101011010001
1100111010010001
0110100110111011
0111101011101010
0000000001111010
0110101101101101
1001011101111011
0000001101010001
1110100100010010
0010001100100111
0011011011011100
0101001110010000
0001101111011110
0010011010100111
0011100010101011
0100111101101010
1111100000001001
1001011100101101
0010111011010001
0100011110001011
1101000001000000
1011010111101001
1111110100110010
0110010011001101
0101000010001110
1010001010001011
1111001000111001
1101001111000010
1101010111001001
0011101000011111
0101110010000111
1010100001101100
0111110011000001
0100100000011010
1101011110000100
1100110001100000
0001100111000011
1101011011000011
1011011000100101
0011101100100110
0101110011010101
1011111010010010
0001001111001011
1100100000011100
0101000101010010
0101010101100110
0010101111100001
1011111100100010
0111100111011000
0100011101011111
0000010010000000
1011001010001110
0000111000001110
1111000010010111
0110110011001000
1000101100111001
1011001001000001
1101100111110100
1000101001010010
0000110011000100
1010110000010101
0110000001010011
1110000111111011
0011111001100000
0111011100111001
0000001110011111
1011111000011100
0011101000000111
1111101010101010
0100100001101011
0010001011000000
1011011100101100
1101111100000111
1101110110101100
0110101111010001
0011001110001010
0101000100110101
1110010101000111
1100100011100000
1100101001101000
0000111000111111
1111111111010010
0000101111011100
1111011011110011
0010111110011011
0011111001110100
0111101100100001
1011010101001010
0101111000111010
0011001001100100
1000001011101011
1110011101100100
0111000010111011
1101100101100111
0011110111011011
1011011000000110
1000110010111101
1001100011110001
1001111011110010
0100111001111101
1100011111010111
1100111111001010
1110011111101111
0110110000111001
1011111011110011
0001110001000100
0101000110101111
0100001000101010
1100100110111110
0001000100100101
1110101000101101
0010110000100011
0110010100101001
1111000001010100
1001100101011111
1101010011110100
1001010101001111
1110101101001101
0011010000011111
0100100001000010
1111100011110100
1100000111111001
1100100110001111
1100101110011110
1001010000111100
0111011010001110
0101011010101000
0111110010010001
0011011101011001
0001011001011111
0111100000110101
1010001110010101
1010111011101111
1001101101011000
0110110011111100
1101010010000000
1101110010010010
0011010010100110
0000000010110111
1010110010111011
0001110110100010
1100011001110111
1111101101001011
1100011000000100
1011101001011110
0010100001111101
0100010111010011
1011110010101111
0001100001101000
0000101011011001
0011010111001010
1001100000111000
1000000000101010
1111111011101011
0010110001001100
1001100000011011
0101010001000001
1001001101010001
0111100010010000
1000111100011001
0001110110001100
1100001001000010
0101010010110010
0011100100011001
1101101101001100
1111101011001001
0000011001011011
0101111111101000
0100000011111011
0010000111011110
0010011111110101
0000101111000110
0100000111110110
1010011001110100
0100100111001010
0000111100110001
1101011010110111
1010001011001001
0111111011111100
0010100000010101
1010111000010110
1010101011101001
1100000010101101
1110100000110100
0000111100110011
0010011010010101
1001110100100011
0111000111100011
0100010100111100
0011110011110001
0011111010101010
0000111010011110
1111001111111001
0110100101111011
1100001011111111
1001011110011110
1110011011010011
0011011000111111
1100110001010001
0111001111001111
1010110111100010
1101100001111111
1101110110111100
0001110111000010
1111001100111001
0101010001111011
1100011100000101
0000011010100110
1000001001011100
0010010011011101
1000001100010010
0110110000001101
0010110001011111
0101101111000101
0010011001101001
1011110100101000
1010110011010101
1111010000000101
1010000000011000
1001000011000111
0111101110011101
0000100100010011
1011100101101011
0110000110111000
1010001001000000
1001000110010111
1110001100100011
1001101100000011
1101111010101110
0010000000010111
1110100010101001
0100000000010011
0000101111111010
0111010101010000
1001110010011110
0000100011100111
1000100101111101
0010010001000000
0011111001000001
0110000110000110
0101011111100000
0010010010110011
1101100001001010
0111010100010110
1011110101000100
1100000001110110
1001001110100110
0100000110001101
0000101101101110
0010100100001000
0100000110011101
1110000111110111
0000000011101111
0011010010011111
1001000100101100
1100101001110010
1001011101110101
1000110101101000
1000110101001110
1101110010110111
0010111011010100
0001001100001011
1010000111011100
0010011110000010
0111000001100110
0010010001111011
0111000010111011
1111101000100110
0011001011100111
1010100110101010
1101001101111111
1100010101011110
1000010011111001
1111111010001110
0110101001111111
1000111101010000
1010110000100010
0001100010011110
1100011000111001
1000001001000111
0110010101111101
0010000001101110
0110010101000110
0000001101000111
1110110001101001
1101110110011100
1010011101001110
0111000010001101
1110101000100100
0001100010000101
1100000111011000
1100100100110010
0100100001011111
0000101010111000
1110000100001001
1011001001110101
0100000011000111
1110001110011011
0110000011000101
1011110000010010
0011010110001000
1000111000011010
0100101000010010
1110011101011111
0101010000010000
1111001011100001
0100100000011110
1000110011100101
1111110100100100
1010111110000010
0010100101101001
0110011000001100
1010110111101000
0111001011001101
0001110001000111
0000111000001010
0000110110110101
1010000011011110
0010101011001010
0110110010111000
0001000111100111
0011101100011010
1110001010001011
0100111010000100
0110111101011101
1100101101000010
0011001101100100
0101101101000111
1111000000001100
0001101001110111
0001110010100101
1101000101001001
0101111001101011
1110001110110000
0000100100100101
1000111110111100
0010001010111010
1000001110101000
1011100010100100
0101110110001001
1100101000001111
0001011100001001
0010011110000101
1000100001100101
0001101101110101
1001010111110100
0010010011110010
1010101010110000
0011110000101101
0001100011111100
0110001100010100
0010010100001010
1100110111010001
0100111000100010
0011101011010100
1111101101100010
1000111011101100
0010010101000110
1110011000101110
0011011011010010
0000100000110010
1001111010001111
1010001110000001
1111010110010011
0000111010101011
1110110100100110
1001111111100001
1011011111101011
1010011111100111
1001010101100001
1111101100110011
1111011000101011
0001111011011101
0010000110011000
1010000111101001
1010010001101110
1001011100011001
0100010101000110
1010111110010010
0000110100110110
0101110110110100
0110010000110010
0010000011100010
1100111001010010
0101001001000110
0101110010101011
1110010001010011
0011000100010100
1011001011110001
0001011000111100
0111011111000111
1010101000111000
1001001110011000
1101010110010000
1000010001111011
0111100100001001
