1010100111011101
1100111010010110
0011111111001101
0100011011011010
0111101100110011
1111011010010100
0111100101010110
0010010010001011
0001100110010000
0100011101001011
1001100100001000
1000010000111110
0001011110100001
1001101111010000
0010011001011111
0111100011010110
1001100101100110
1111111010011011
1011110001011110
1111001000110000
0101100011010111
1000101010011000
1111001111001110
0010100111010101
1011010011001000
1011011010101010
0100010000100001
0001110110111000
0010010011110011
0111000001100110
1000101010111111
0011010111111011
0101011100100101
1010100110011100
0111111001100001
0011111010110100
0000100000010001
0010111111110010
0000010100001101
1101100111010010
1011011111011110
0100000111001001
1100001100001001
0001011110111101
0101110100011011
1101111100011010
0110101001111001
0111100110111100
0000100100111010
0111100000110011
0011011111001101
1111010110111001
0100100010011110
1001110010010111
1100000110001000
1100110101101010
0000000000110000
1011101111110100
0101011110101110
1111100010010110
1101101000100110
1011000111111010
1100100011011000
1000110111101100
0000010101111101
1101011101001111
0111101000010011
1110011000101001
1101010000010111
0010001101101101
1000001110111001
1111111111110010
0101101000101000
1100011111001000
0101110011000100
0110010101111110
1100001011000100
0011100000010111
0001101000101111
0001010111110111
1001111000111101
0010110000111000
1011111101100001
1001111111110011
1001011110010110
0010000111011000
1110000111001100
0110100111100101
0110101111000000
0100001000010001
1110001011011101
1100010100111001
1001111111111010
1000011111010110
1000010111100010
1110101010000101
1111101110000101
0011011001010100
0110011001011111
1111000101110000
0010000001100011
1111001010000001
0111111010011101
0100101101101101
0000101100111101
1110100110101000
1110001011101110
1011001001101000
0110111010100010
1111110011001011
1111001101100010
1001100001000111
0011100110111001
0110010110000101
1001111100111100
0010011000001000
1110110111100011
0100111010111011
1011111010011010
1011111011111101
1111100101101110
1110101011001000
0111011101010100
1100100101000100
1110010101001110
1110110011000100
1111110000110010
1100010010100101
0111001011111010
0001001100010011
0110001010100110
1000110011001100
0100101000011010
1110100011111110
0100011110100101
0100110101000100
0000011110110010
0000110000001111
0001001000110101
0010011110110010
1110100001010101
0000001111101010
1010101111111101
1101100011111000
1100000101100111
1010011101011110
1001101001110010
0101011010101100
1000100110101111
0100110111001110
1011001000110000
1010100011110001
1111001100110011
1001101011100111
0010111101111001
0100100111100001
1010100110001101
1101001010110011
0110100110000010
0100100010100100
1110110111011100
0101110100010010
1000011011100100
1010001111110101
0001101100101011
0010111111101011
0011100101000000
1110100000001100
1001110101000100
1110011100010000
1111001110110111
1010000110001110
1100111001110001
0100000110011110
0111100101000101
1001111000001101
1001000100001010
0010101100111110
0001010011101110
0110100000001010
0011100111011111
0111010011100011
0101111000101100
1011001101011100
1100100001110101
0000000010101111
1010101111010010
0110100000101110
1010101000000100
1010111000101111
1111111111111111
1101101000010111
0100001000011111
0000110001011000
1101101000101111
0100001111111110
1000011010101001
1011011111011010
1110010110010101
1111011101111110
1111111101001110
1000111100011100
0011110011100111
1100000101000100
1010110011110010
1000011011000111
1110001010000001
1010100010100100
1101101110000001
1101011010110100
1011100000010001
0110111010010100
1000011001100100
0100101001101000
0000100010101001
0101100110111111
1000000000001010
0001101111001000
1101111110000101
0001010010110111
1101000000000100
1101101001011111
1011110100100110
0100001100110010
0111101000110111
1000110100100000
0101110110100010
0111100011111000
1000111111100011
0011101001000111
1111000111010001
1100100011011100
1101110011101010
1011101110001110
1000100010100101
0100010110110111
1001001101011011
0010100010100010
1011101100011011
0111110110110010
0110000100010000
1001111011100101
0111011011000110
1111100111000001
1010011000110111
1010001011011100
1000111011101110
0110111101111100
1111000110100001
1110001010000101
1100111100001111
0101011011001010
0101100100011001
0101000001100011
0011101111000111
0011100000010101
1011101011110111
1101111101111101
1100010110101000
0110100110010111
1101010111010000
0010100011000110
1010011100010101
0101101111001001
1010110101011000
1101001100000100
1010011011111110
0011011111101110
1011000100011000
0100101011100110
1000001100110001
0011100111001100
1001010000010101
1011111001101110
0000000111001110
1000100000101000
0100000011100011
1011111000010000
0001100000110101
1101111100001011
1010011011101111
1001011010011110
0100100100101001
0100010011000110
0100100000111110
0101110110110001
0111011111111010
1011001101001111
1000011100111000
0110010100000111
0100110001001010
0110111000001110
0111101100010001
1010011000111111
1101000110111011
0010000010001001
0100111111011000
0110101001001000
1000100111001011
0110011101001100
1000001000110110
0010010000011000
0000110000001011
1110101001111000
1010111000111011
1101110111100000
0010011110010001
0111011101001001
0100110001010100
0111100011010011
0101100101011111
0111001001100011
1101111010001010
0011011000111000
1011101010100100
1101100100011001
0000101010110011
1011011101110100
0011010111100101
1111001110111011
1000111110001001
0001101111111000
0101101110011100
1111011000011010
1011111011101011
0110100001010001
0011101001001010
1100010010010110
0000111100101001
0110111101011001
0011010111110101
0100011101011001
1101101100011101
0101000000001001
1110011001000011
0010101000100111
0011110000100000
0010111111000110
0101111111000100
0000100001100010
1111011100111010
1101100111111010
0010011001101111
0111100010011110
1011100011101001
0001001010101011
0001011110110110
1110101110001011
1001000100100011
0101110000010011
0010011100101110
1101110010001101
1111000011010110
1000111000001100
1010100010000001
1111111010001000
0101000111101101
0011000001101101
1011110101100011
1011111001000010
1010110110011001
1110110011000001
0100101110110110
1001010011001111
1001010001010110
1001100001000011
0000010000111100
1001100011110110
1010011101000000
1100010000111111
0111101000110110
1101010011101011
1101010110011000
1101011000111101
0111010101001000
0101010100001111
1001010100010100
0000100000001110
0001011111101110
1111100100001111
1011100010110001
1100101100010000
0011100110111010
1000110111011011
1010110010010110
0100010100010100
0111010010100000
1001111100001010
1000000110111111
1100110111100000
1101111000100111
0010100111100001
0101000101011101
1100111000010010
1011100011001101
0001110011001011
0001110011101110
0111101101111000
1110001100000011
1001111000001001
1101100100101011
1100100010100011
0101111000100100
1100001110110010
0001111010100100
0100111011010101
0001001111010110
1010011001100100
0100101111111001
1100111110001000
0101001001100110
1010001111101101
1101100000010010
0100010011001010
1100001000010011
1000110110101110
0000011100011011
1110000001110011
0000111111101111
1100100001010011
1111001011111101
1100111110001100
0000100001111100
1000001110010101
1000000100100110
0111100110110000
0000100011011010
0110010001000010
1110000011111101
1011101011111011
0000100001110011
1010000010011100
0100110101001001
1101111001100110
0110000010011101
0001000010110100
0001100001011111
1011111000100110
0010111000101000
1000100110000011
0000010100110101
0010011000010011
1001011000011001
0000010001001011
1111000010000111
0101110111110111
0111101001001100
0111010110000111
0101000001100000
0000111111001011
0001110010000100
0101111110101001
0011101100111111
0110110000100011
1000000101000100
0000110011001100
0101000011110011
1001010100000100
1011010101101010
0001101101100100
1001110000100101
1100001110101000
1110100111000110
0011011100010101
1010111000110010
1110011110000001
1111100101111010
0101011100101010
1001000000110111
0111100010010011
1100111101101000
1011100001100000
0010101101111000
1100110000110011
0011101101011000
0110000000111100
0111011101011100
0101100100100111
1001001000010101
1101111011000101
0010011111101101
0000100011110101
1001100011001101
1101100001110111
1101100101011110
0111011101101000
0100000011100111
0111111000110111
1011011001011011
1110001100010101
1101011111101000
1111101110011100
1100110000000001
1010000010011000
0011001001001110
1111010101001110
0001001011001010
1110111010011001
0001110010000100
0110100001010101
0011001111010001
0101101000001101
0011010111111100
0000010110100101
0010100100111100
1101001110110111
0110111101011111
1110001110110110
0000000001110100
1110101001001011
1100100010000001
