0110101000000101
1000000111101001
1000110010011100
0110011100111001
1111110101011000
1011011001110100
0001111100100011
0100100010110011
1111011100011101
1100111101101011
1100001001010100
1110010111000100
1010010011100100
1111111111001111
1110000011101111
1111000011110110
1110001110100001
1111111001101111
0011110011001001
1111011100010110
1011111111000111
0010111001000001
0011010001010100
1100001100000011
0001001000000001
0111101100100010
1110011001011110
0100111000100110
1110000101101010
1110011010010101
0110011111111100
1100100101011000
1010110011000111
0110010101000100
0111001101010101
0111100100011110
0111110110111011
1101100000100110
1111011100100000
1101000000101011
0011011011001110
1101110101000100
1111001011100110
0010010011111110
0111011111100010
0100100011011000
1100000100101011
0011011010001110
1101001110101011
0010101010111011
0001010111001101
1011000111111001
0001111100010101
0011001110100000
0111110111011010
0100010000001010
1111111000110001
0010101000011110
1001011001101011
1001111011001110
0111010010001010
0010010000110011
1111100111001100
1111110100100110
0001110101101110
0011000100010101
0111100011011001
0111110100010011
1111001101111000
0111110001100010
1011001101100010
0100101100001110
1110100011111100
0110100100011101
0100010010010011
0111101001110010
0010011101111110
0111001011101011
1000110110111010
1000011111001000
1000001101110000
1101100110100101
1000010010010101
0001000000000110
1000001000000111
0111111100100010
1110001101100101
1110011011011000
1001111110111001
1011000000111001
1010000110011011
0001001010011111
1000011101001000
0010011011011100
1101111100101110
1011000111010101
1111011011100101
1010101001100000
0011100111010010
1010001110000101
0110011011000100
0110011111111011
1000011100101011
0011000010101000
1001011110110001
0101010000011100
0001011010000011
0101011010001001
0101011000000010
0000101101000010
1001011110100011
0000110011011101
1110011001100101
1001001000111100
1111101110011100
1101011001110001
0111111111101010
1110111010001110
0000001110011100
0101110110110110
0110110110110001
1100101111101010
1101100000001000
1010100110101001
0010100111110011
0110010001110001
0010000001010100
0100011101101101
1100010011100110
0010101110111101
1000101100010001
1011101000100111
1100101011111000
1100111100010001
1111011111101010
1001010010011011
1001010011100011
0100001010010100
0110111111110000
1111011101001011
0101000101100010
1110010101110101
0100101000011110
1110001011100001
0001001111000011
0110000001111111
0010110000010111
0011001100110000
1001010110111011
0001010100100100
0101000010001011
1001110011101110
1100011111110000
1000100010110001
1101011001100110
1001010011101011
0101001010100110
1101001001101100
1110000001000101
1111010000011001
0001110101110010
0100111110000110
0101011000011110
0011100100111110
0001111110000000
0000000100001100
1000001111001100
0011010111010110
0110111000101100
1100011110000100
1100100100111111
1100001101011010
1100100110000100
0101001001101011
0111011010011101
0001000011010111
1100100100111010
1011101010001111
0011001000100011
0100010100110101
1011100110110010
0001011000110011
0000010000000011
1010010100001001
0101100110101100
0110011110111010
0100110001111010
1011000101100111
0000011110010100
1101111100001010
0001010100011110
0111000100100101
1111100111111101
1000111110010110
1010000000010111
0100101000010010
0110110000010001
0001111010100011
1000101101000101
1001011010000100
1100110010010101
1111011000000010
1010110001101101
1110100100011110
0011011100001101
1000101111010101
0101010010000101
1010011100000111
1010101011100010
1010011010111011
0011010110100110
1001100100001101
0111110110101100
0010000111000111
0000101101000000
0101001101000100
0001111011000011
1000110110101001
0101011010110011
0000001110110000
0010011010101100
0111011110101111
1000001101001111
1100101000111000
1110101000100110
0001110010010101
0011001000100011
1011110001010110
0000011111110100
1001001010110111
0100010110110011
0010100011011000
0011100001100101
1010001001010000
1000000000111001
0011001000011100
0011111100101110
1010101011101101
0101000101101001
0110110000010111
1010010111011101
0010110101110011
0100011001111101
0001100000001110
1001011111100011
1101110110101011
0000001110111000
0011100010100010
0010110110000101
0011101001001100
1001010010110110
0111110100000011
0001101111000000
0010100110011100
1010010001000110
0100100000000010
1011011011001100
0111100000101100
1000100010111100
0111001010001011
1011010100001111
1101111101001110
1111101100010100
1000010101110001
1111111111001011
1000011101110000
0101111011000011
0110101110100000
1101110100101101
0100110010100110
0011001101101100
1100001010011000
1110010011001111
0111011110100000
1100010001100110
1000100111111111
0001000001100101
0010100001010010
0100100000100011
0001100001111011
0001110101000000
1110010000000111
0001011011011011
0101110011000011
0010000001000101
0011001111111100
1001111100011011
0100111010111000
0011101011001101
0000001000101011
1010100011001000
0110110111111100
1101010011100000
0110001101010111
0101111001101101
0001100010110110
0111000000001001
0100000011111010
1101001010110001
1110011111001010
0010000000011010
1101101111011101
0111010010011111
0010000111101010
1010000100001011
0110000110100000
0001101100000111
1001110000001100
0001001111111111
1111001100001000
0001000110001110
1010110011011100
1111000010101011
0111101010010110
1101110100010101
1000111011011101
1011011111001001
1000010011101000
0101110010101000
0110011111110100
1111100011110000
1010101011011011
1101110011011001
1111100000111110
0000110010011100
1100110001011011
1001010101011011
1101110001100011
0000101100010101
1010000100000110
0001101001001110
0100010110010101
0010010101011111
1100111101101101
1101110010110001
1101001101010111
1101000010010011
0011000000000011
1001001010100111
0001100011111110
0001010100000101
0010000011101000
1101100001111000
0000011101110000
0001111111110000
0111101110111011
0010101000011011
1101111010010010
0010111110111110
0001011100100000
0010011110111100
0110011111011001
1011100110001100
1101100010110100
1110001010110110
1110010011100000
0010110100111000
1111110110001101
0110100100100101
1010011001011101
1000000001011001
1000100001010100
0101001101010110
1010010010100101
1011011000101101
1001011111110110
1110110100001010
1111001110110000
1011010000110010
0100101010100001
0011110110101101
0001010100010000
1000110011101000
1110010111110101
0100000001101111
1110110001111010
0011110010110011
1010111110000111
1101111110111001
0100101000111001
0010000101101110
1010000000110001
1001100010000001
1101011110111111
1001001010101101
1101100011011010
1011011101010011
1101011101000010
0010001011000101
0001011100001010
0100010101101111
1001000010100000
1100110100100100
0010010000001000
1101010100101101
0010000111011110
0000001100111010
0011101011001001
1110010100110100
1001110000111110
1011011000000010
0011101101001111
1111011010111010
1111011010100010
1100001101000101
0100010110101101
0001000110000110
0010101001001101
1010011110101001
0000000011001011
1111010100101000
1001000010110011
0010011111001101
0110110110100110
0111111100011010
1100101000101001
1000000101000111
0111010111101000
0100111010101011
0110101011011010
0101110001100101
1000101111101010
0101011001001010
1001110111100100
0110001000101111
1010110100100101
0000110110101111
0110000100011110
1110001111011110
0100011101001101
0111101110011000
1110001100001100
1001111100100011
0011001010000110
0100010001100001
0101000101110101
1011100110100101
1111011111001000
1101011000101100
0110010111101000
0101111110100100
1010000001011100
1000001000100110
0111111010010001
1001000000110000
1111100011001101
0100101011101010
0110001001110011
0111001001010110
0111000010010101
0001010111011101
1001100010010101
0110110010000011
0000100100100100
1110101101101101
0111100110100011
1011010000011111
0010111011010101
0111110110101100
0100011001000101
0011101111110110
0000011000011011
1101100011010110
1001011110111000
0100100111101010
1110111110101010
1010001101000001
0111100001110111
1101111101110011
1111010110100001
0001001010101001
0111001111011111
0010001110000000
1110101011010000
1001011001100110
0000001110011111
1110111111011111
1110110010001000
1010010011101000
0000011100011100
1111111111011011
1111111110011110
0111110000001100
1000111111100000
1001101101010110
0001111101111110
1101100011001111
1000100110101110
1100001010111011
0010100001000001
0110101100101001
1001101100100001
1000001100101101
1011011110000100
1110111011111001
0010000110010000
0111111000110110
0001110010001010
0000010001100111
1101000010011000
0011010000000101
1110011111011000
1110000010111001
0010000101001001
1110111101001100
1100000101001000
0011111010011000
0110010010101001
0111111101010111
0100101101010110
0000001100000000
