1100001011000011
0001111111101000
0001100000010010
1101000011011110
1011100100000100
1111001010001100
1001111100011110
0010001011110101
1111000000111101
1111001000001110
1110110011011011
0010010111010111
0010101110101001
1101001011001111
0100100000110000
0011110110111010
1101010101001000
1000000110110111
0001100100110010
0100000100111110
1101110010110010
0110100111110111
1001010011010010
0001100101101111
1001001011110010
0010010000100111
0110110001110110
1100000111011111
0001110111101010
1110110010101101
0100001101101001
1000011111100101
0000100011100100
1111110110101010
0100101111110110
0110111010110010
0100110011010001
1011010100101101
0101010101001010
1111011011011110
1110101100101001
0000001010011110
1101110000001101
0010101000010101
1110001000101111
1000011000001101
0110100111110111
1011011010100000
0101110001111101
1000011110000110
1111100110100111
0101000101000101
0111111001100101
1001000111000011
1000000101111011
0011100011010110
1110001101100000
1011100001101101
1000010000011001
0110000111011011
0011000110101000
1110010111011111
0001110101111011
1011011100000100
1110101100100001
1110101101100001
1000010101111011
0001111100001000
1100010001001010
0110000010011100
0110000100100100
1000011111011100
1100111111100011
0111110101000110
1001101011100110
1110000100101001
0001010100001011
0100001101111001
0110010011110110
0111011011000001
0010011101101100
0100101000001010
0111011100100101
0110001110001111
0000010101010110
1111011011110010
0010101011111000
0001001010111000
0010001011111001
0010100110111110
0010010010001011
1110100110100101
0011111101000101
1001000001100100
0001101110000001
0011011011101001
1100111010100111
0001010110110010
0111000101100101
1011111100001110
0110111100010001
1111000100001001
1101100100001101
1101101010001001
0000011011010100
1110000011101001
0000011011101011
1110010001111111
0010000010001001
1000101011100010
0111001100110110
1011000110011010
0011010001110101
1011110001011010
0111001110100000
1011010100100000
0001011100001011
1110110101101101
1001010010111000
0100111110100110
0000101100100101
0111011011101101
1110000010100011
1111011111000000
1101101110110010
0011000001100111
0000001011011011
1011001110100001
1011000110110110
1000011111101101
1010001111010111
1011111010011101
1111110111001111
1110100010100100
0100101101100001
0111010100111111
0111111011110010
1001111111100101
1001111110101010
1101101001010101
1000001110100101
0000010000010100
1101110010000110
1000100110110010
1110011001101100
0110111101110011
0011111001110001
1100000001110110
1010111100001000
1111101000011000
1010110000101000
0001010001001100
0111111100101101
0001010011000110
0110101000110001
1101110011110100
1111110000100000
1110110000101000
1000000110111101
0011110100111001
0101101100110010
1110000000010111
1000100100001110
1001110000100001
0010000011110001
0000001110101101
1011000001000000
0111111111010111
0110010000101110
0011011011100010
0100111110000010
0001001100101000
1111001011010000
0010100110000110
1100100000110010
1001100110101111
0100000001000101
0001110011111101
1001001100101011
0100000001110010
0101101001101010
1111011110000010
0010100000000100
0100010111100010
0000001100111110
1111111100000001
0111100100111010
0110000100111100
1000110110111000
0111001110011101
0001000010110101
0111000101011101
1001011010010110
0010000110001110
1011110101101101
1001011000011101
0111001100111010
0110110000111010
1000100001110101
1010111100011111
0101001011010100
0111010100110111
1101111101001000
0011110001001011
1011010101001111
0010101101101100
0000011010111001
1000100010001100
1010101000111100
1001001111001100
1101100110010011
1001110011110100
1101010101011010
0101110011001010
0100000011011111
0100011000101111
0100011100010111
1111101010011000
0100011000100011
0110101000000111
0010001101101000
0100000000111001
0010101010000110
0001101010010110
1001011000010101
1110001011111011
0110111001100100
1011100011101011
1000100100110100
1011010000100100
1110010011101000
0001101110100110
1001011110111101
1101010000000000
0011010110110100
1010001101011110
1101110001110010
1010101111111011
0110101010110010
0011111110011000
1010110000110111
1001011100011000
0011000001000110
1010101110100100
0111101010000101
1000111011101010
1111010100101001
1011001011100001
1010010100100000
1101000111101110
1000000001101011
0101101000000011
1011101000011011
0110101010111101
0011011011111100
1001111001000100
0111101001101010
1110101101000101
0010110110010101
1100011110111000
0111010100101000
1110101101111111
1111010100011010
0011111011011110
0110010000110100
1000011110100010
1110110010000111
1111111111111000
1000011011110011
1010100000100010
0000011011010010
1010101010001110
1111110101001110
0100011100010011
1111001010111110
0110011000010010
1000110110010100
1010100000110000
0110111100011011
1011110010100111
0111000110011000
1001110111000111
0011100000101111
1100011001001100
0111101100001001
1110010000000111
1101010001000110
0011000001011011
0010001001110100
0100111010101010
0011011001000011
1110001010001010
0011001110000010
1011100010000101
0000110011110100
1000111001001110
1011110010001001
0101111100000011
1111110101011001
0111100010111100
0010101111011000
0010000011010111
0111100011101010
1111010010101000
1000111000010001
1000001010100001
1100101001011110
1101101011110010
0001010101101100
1011100110000110
0000000010100001
0000101101101110
1011000010011111
1101110001100101
0001011101100100
1101001011000010
0100001101110111
1101110100000010
1100111110110001
1001110000000100
1110000001000001
0110100101010011
1011010001100101
0001011110110011
0010110000010111
0110000100001111
0111111101010010
1101101111010010
1111110000111000
1010001110010101
0101011110101011
1011001100011011
1010011011010010
1000111000000111
1111001100111001
0111110000110111
1100011000010100
1101001101101111
1110100010111011
0110000101001010
0001100110111111
0011111011100100
0100101000100100
0100011000010001
0011001100101101
1000011010111000
1100110100101011
0001010110111000
1100011111001010
1001111001110111
1011011101101100
1101000101100111
1100110101000010
0101000101110100
1111110111101100
1011111000000011
0011110000110110
1011100001010001
0011011111101101
1100001101011010
0000001010000000
1000111001000001
1010100001111101
0111011111000100
1011001010010011
0001101101010101
0001000101100111
0110011010110101
0001000010000001
1101001101101001
1111011110010100
1110110100100011
1010100111011001
1111110001101000
1000010111111101
1111001000111010
0101001001000010
1101101101001111
1001001011110001
1101011110000001
1010010000101010
0011111101000110
0101010001000010
1011011111110111
0101111001001111
0111000010100001
1000101010110100
0001011011010101
0001101101100001
0000111110101111
0110101010100101
1001110010010001
1100110001001011
1101011011000101
0001010000001100
0111001110001000
1011000100000010
1011011000110110
1101010010011111
0110101110000100
1001110000101000
1100000110010011
0101100001111100
1110101010100010
0010100100101000
1011000000010011
1110001001011100
1010011110100000
1000001001101001
0000110100000010
1000001111100110
0010100001001110
1101011001101001
0000011110111000
1010000111100111
1001000010010100
0011011000011011
0111100001011111
0100100000101001
0100100111101001
1010010010001001
0001100011000111
1010000110100011
1000000010111111
0000110000100000
1100110111100000
0010110110001011
1001010001101010
1011100011110101
1000001001010000
0100010001010100
0100110101111101
1011101011100111
0001100000100101
1110101010000111
0111000101011101
0110111000000011
0111000000110000
1001000000001001
0111111000010000
1101010011111111
0011000011100111
1111111011011110
1100010100001011
0100101010111101
1001000111010010
0110000111001011
1001100001001100
1100011101000011
1000100000100100
1001100111100110
1001011100000110
1110100010111000
1011001011100100
0000100001101011
1111101010011011
0001010010100110
1000111011101010
1011001110110100
0110000111100001
0001100001101111
0010010010100000
0100001111111011
1100100111100011
0101101011010000
1001100101000010
0100101100010000
0011000101100111
0101110001101110
1001100010110110
0011001100001111
0101101110111000
1001111011111000
0111001100010011
0001101100111101
1000100110100100
1001010101110000
1100011100011001
0000100000001001
0111011010010101
1101111100001110
0110100101000010
1001100000000000
0001001010000001
1101110011011011
1011000100000110
0111111100010011
0011001000011010
0101001101111011
0100111001001100
1000000011011011
0001000011000111
1101110001111011
0110011001100010
1010101110010110
0011110111001010
0101000100010010
1100001010010111
1110011000100101
0001000010110011
1100011001110100
0111001100100010
0110010010101101
0011110111010011
0010011110110110
1110011000011000
1110100101000111
1111011010101010
1101111100101010
1011110001011101
0111101111011011
