1010010000110111
0110011011101001
1001001010101001
0101010101000100
1011001001111001
0010000000000101
1101010110011010
0011010000111101
0000111101000100
0101010011100111
0111001110100111
1111000000111010
1000000010111001
0001110111011101
1010011111011001
1010101100101010
0010011110111001
0110110010111010
1111001110100100
0110110111011100
0011011001000001
0000001000001100
0101001011010100
1100000011010101
0110001111111011
0110111110101110
1001001110000110
0111101000010010
1111110101011101
1110010101010110
0010101010111011
0000100010011100
0100011010111100
0011111100001001
0000001010001001
0000111011111101
0011101000000011
0001001111101000
1010001100100100
0010001011000010
0000001011110110
0100111110110011
1011101001100010
1001111000001111
0100110010011100
0101011000011111
1101100011111000
1011111110011000
1001101100001000
0111100011111100
1011101110000110
0111110011000111
1111010000100001
0001000011101011
1000001111101101
1101100001010100
0111011110101000
1001110110100111
0011101111001110
0000011001101001
0001001110101111
0100111111000101
0011010010000010
0001001111110100
0100101010001000
1000101110111101
1110010001011001
1000010111110111
1110001011001101
0010110111011000
1101000000111111
1111000100000100
1010110111011010
0001011101100101
0001010110100010
0010011110101001
0101010100010001
0101100110011110
1011100011011100
0100011100101010
0100011011111001
1101100011100001
0001101101011000
0101001010000000
0110110100001101
0010011100110001
1000011000111100
1101101001001011
0101011011001100
1101100101001101
1100011000100001
1100001111100001
1011101100101000
1001000100100101
1011101011110110
1011001011110001
1110101010100010
0111111010101001
0010001110010111
1000001010011101
0101000000000100
1100010111011001
1110010110100110
1011010011111100
0110110010000110
0000010011001000
1101010100101010
0111110111111111
0100001110011101
0010101101101010
1010111011101001
0100000111101011
1001010000010001
0101001011110000
0010010001111111
0101110111111010
1010001000101000
1100001111100001
1000001000100101
1010011011011101
0000110010000010
1010111101111001
1001110000100001
1100000111111100
0011001111000111
1101001110010101
0011100011011111
1111110001001001
0001010111111110
1000100110101110
0001110110110101
0110110101100000
1011001001000010
0100010001010110
1010001000100011
1111010111111101
0111001001001111
0011111110101100
1010110100111101
1110110101100101
1111000011111011
1111001000100010
0000001111001111
0010111110110010
0001110101011111
1010101011010101
0101010111111111
0010110111100100
1011000010100001
1101000101010011
0110110100101010
0001001010011000
0010111010110011
0010110011001101
1000001110111100
0000001110010100
1011010101000001
0111010011011011
1110010011001001
1110010111110100
1010011000110100
1100110100000001
0000000101001001
0011101101000000
1111100101101011
1001000011110001
0111000110111110
0111101011000111
1011010101011101
1011000110011101
0001100001010010
1110001010100000
0111110111110111
0100110100001011
0000010110001011
0010110011000010
0010101011101011
0001011100101010
0001011101010011
1101101010011011
0010111101010000
0100100111010010
0110000001100101
0101011110010011
1101111111100111
1110001111000010
1001110001010010
1000101111110011
0110011000110111
1111110111100000
0011110010010000
1011110010000100
0111100101101100
0101111010010111
1001100100110101
0000100110001100
1101001010001101
1111011011001000
1001111110010001
0100110101000011
1000010001001111
0001101111010001
0000010000001111
1010100010010101
0000100100110110
1111011010001111
0110100101010001
0111111100110011
1100111011011001
1000101100010100
1101110100001110
1110000011111101
0100011011011010
0110011000011001
1000101111101100
0011100101010001
0010110001101010
1110011110000111
1011011110101100
1111001111000111
0111010010100110
0011101111100011
0100111111001110
0101111001001011
0000011010110110
0000110010111110
0111001001010011
1011100101011001
1010000111001010
0001010010100111
1000111110000001
1101011001001111
1100000110100101
1110101101000111
1111010110010010
1110110101000001
0001101010001010
0101100001001010
1000100100101000
0110001011101011
0101010100100101
0111111110111111
0101011000011110
0011010101001001
1110110111001101
1111100100011111
0010001111101110
0000101001100100
0010001000000101
1100100011100111
0110110000001110
1010100111011101
1101101111010111
0111001100000111
1100100011001000
1110110110101101
0011001000100111
0110110000111111
1011111100001110
0000011010111111
0100001100001100
1011011101010010
0101111101001001
1000100000111010
0010010010101110
0000011101011010
1010001110001001
1000011010000011
1010100110000111
1101110000111110
0011110001101110
0100010001011100
1010011100000011
0001100101100001
1001011011101110
1000111001000100
0101011101011101
0100011100000010
0001010110000001
1011011000000011
0000011110100000
0101010011010111
1001010110100010
1110010000000000
0011011110110010
0010100100011101
1011011011100111
1010001111111011
0100101010100010
0001010011101001
0000001001100111
0011111101101100
1100001100111010
1110010001011011
1111100101010101
0111111101001000
0110001000110111
0100101000001000
1010011101111100
0011011011110101
0100000001010110
0011001110011101
1100010000100111
0001001100111110
1110000001110000
0000000110100010
1010011011010010
0110101010111111
1100101011000111
1001110011011111
1000010100101100
0101101011100100
1101001010100000
0100000101010010
0010001000111100
0010001011101011
1000110111000000
1101111000001010
0010110101111010
0100000100000001
0111001000100100
1000000010000000
1101010101110001
1010011111000011
0011010011010001
0010110010111000
1101010101001110
0001110101101011
1010000010010011
1011101111111100
0001001110111110
1110010110010000
0010001010000011
1011001001100011
1111000100110011
0011000000100111
0010010101100110
1110001001011011
0111111110110110
1101001101000011
0010000101001111
1100101000111011
0010111100011101
0001110000011010
0101010011110100
0100000001100100
1010001110110101
0100001010100111
0010010111000011
0000101000010101
1011011011101001
1110011011011000
1111101001011000
1110101101100011
0101000111000101
1100100100011000
0010000011001110
1111111100011010
1010110001001010
0100000000001011
1100110111001111
1111010100010100
0111010110010001
0000011100101100
1000011110000001
0001011011011010
0110100100100011
1010110001110000
0000110110110000
1010100001001000
0111001000100101
0111101010110100
1110111000010100
0100101010001100
0111101001100000
0010100101011100
0010110001100111
1101010101110111
0110101011001110
1100100000000000
0001011110110110
0101010010001101
1100001111001000
0111101000001001
0000001011110110
0101111000010111
0100011000101010
0000010111011101
1100110011011111
0000001000001000
1011111100111101
0100010000000001
1110111010010111
1110000101110010
1111010011000011
1101101100001001
1110001110101101
1010100101000011
0011110000000001
0100111010011111
1110001011111011
1100110111100000
0110111110100000
0001001001010011
0101011001100101
0111011011000100
0000100011010011
0110111010001001
1111001000011101
1110110101000110
1001000110010000
0101101100110000
1101110110101000
1010000011011101
0011101101010001
1000111111010101
0000110110111000
1001110011011001
1110011110110101
1100000110000010
0001100000000110
1001111000101111
0110111010000110
0010110111110010
0110000010110100
1011010100100101
1111111100100111
1001011001001110
1000000001100101
0001000000000111
0111111010110011
1010000101110111
0111001100100100
0101101000100100
1101000000010101
0110100110010100
1110110110010011
0111111000011111
1011000110100010
1000001001100100
0011100110101101
0111010011000100
1000111000000011
1111011010101101
0001001001111100
1100111011011001
1100011010010010
1100001001000101
1110111000011010
0000001010000010
1101111111100111
1111010100011111
0110000000111000
0110010000011001
1011011000111100
1001111000011100
1011000010010100
1110101111110110
1000100001110100
1001000111011111
1011000100000000
0011001001101011
0100100011001100
1101001000001100
1001000011010110
0011000010001111
1111101100001010
1111011110011000
0111100101000001
1101101010111000
0110001000000001
0110100101011111
0000100111010001
1111011000101100
0101101100111011
0110111101001111
0110110110110110
0000010001101101
0110100011011010
0001110010111110
0111001010101000
0000100111101000
1100011111110011
1000000000100010
1000100101100000
0010010110001101
0010010100110000
0011101110111101
0101000011000010
0111011000011011
1011000001111100
1010000010000101
0100000010010011
0100010110001001
0010011111100010
1010101011001000
1001000000111101
1011010001011100
0011000101011000
0101101101010010
0111110101001010
1010111100011011
1100111111100111
0101010000111001
0000000010101100
0000110110011111
0010000000110000
0000100001101101
0010011111010000
0100101110011100
1001101110010010
