0000000101100011
1000111001011000
1111101000101100
1111000010100111
0001011100010111
1111000111110111
0000010010000010
1100011110011100
1100011011001010
0010000011110010
0110111110000010
1011111001101001
0001001011001111
1001010101001001
0111000101100000
1100111111010001
1000010011001111
1110110101000101
1110000010011010
0110110010001011
0111001011111001
1110001101111111
0110111010111001
1101001111010000
1000111111001001
0011100110110011
1011101111111000
0010000000010001
0010000101001101
0010110001011000
1111000010000100
1101110111011110
1001110010111111
1001110000001111
1011011110100000
1110101111011110
1000010111000000
1011101001101101
1111111100010101
0001001001100110
0110001100110010
1111110010100001
0000001101010110
1111001000001111
0000111111101011
1101001100001101
0001001011110000
1100011010010100
0011100000111111
1000110100011110
1000111101111000
1101011100110011
1011100010001001
0101110011001010
1001100101111001
1010111001011100
0101100101010000
1000011011011011
1100011011111100
1100001110010100
1101110110111100
0011000101111101
0010100000111001
0001001001101100
1111010110001110
1100010001011011
0111011100000111
0101100000110010
1001111111010101
1110101100100000
0010011101101000
0001001001001001
0010110000100101
1010000101111101
1101001001010111
0010000001000101
0000000000001000
1011010110000001
0001111111001111
0001100101111111
0101000101100110
1001010111111001
0000110101010010
0001110011010010
1101101011000010
1001110101100001
0010110011011111
1010110011110010
1011010111010110
0001110010010101
1011001101110001
1101001001001110
1110110011010000
0011111101111111
0001010100111101
0101100110011100
1011001110111100
0101010101001001
1101111011111111
0001001011011110
0101011111011110
1101011011011011
0110010000010001
0111110001101010
1001100110110000
0011011011101011
1100000110100110
0011011000100011
0111100100111101
1010101101011001
0100010001110101
0100011001010000
0110110101001010
1011010101110111
1001111011111110
1100100101000011
0011010110111101
0010100001000110
0111011101000011
0111011101110010
1000110111010110
0111100011000111
0001110101111111
1000110010001101
1101011111001100
1111101110011101
1000010011001110
0101001010001000
0010100111100101
0000001011000111
0110001101110010
0100101010111111
0001111001100101
0001101101010101
0011111010100000
0110010110000101
1100111111110111
1101100000011110
0111101101111100
1011110111000110
0000010010010110
0110001000100001
0010101011101000
1011001010011010
1101001111110111
1101001011101000
1110000011001110
1100101010110100
0101110110101111
1001101001101100
1010011001111011
1101100011010011
1111010100001101
1101110101100001
1000111000100101
1001000110010100
1010110101010100
0001100010100100
1100110110001101
1001110001001001
1111101000011100
1110001010101110
1011101000010001
0000010111011111
0010110110101110
0100110100011001
1111001111011000
1000000000111111
0101000010111101
0101011110101000
1101001100011001
0000110100110000
0000011010010000
0101001001011000
0011011011100110
0100111010101001
0001101001011110
0110111000011100
1011000000100110
1001001000110000
0101001110010001
1111111110010001
1101000000101111
1001101111100110
1010001101001111
0100111000101111
1110111101111101
0111000111001110
0110011110000100
0010001001111110
1100000000010001
1011011100111010
0010101001011011
1111011101100111
1110010111011100
1011001011001100
0011010111011111
1110110110110100
1100010010001111
1000011000010001
0100011010110110
0100100101111100
0010110010100101
0100100000010011
1110111101000010
0110010101110101
0000010110011100
1010101011000111
0010101101001001
1001001011001110
0001110001011001
0101111100100101
1101000100101110
1101000110110000
0000101101000011
1110000001011111
1011101100100011
1001101110111111
0011011011101001
1101000111101011
1001111100001111
1101101100100000
0000000001101111
0101000100101111
1101100001110010
1010101000111000
1011011010110001
0001101110000110
0010101100100010
1111100110000010
1000001011001000
0011001100011101
1001011111111000
0100010100001010
1001100010001110
0100101101010010
0001010110111111
1001001011011010
0011101010011010
0010100101100001
1010101000001100
0111001010010100
1011110011000000
0100001000110101
1011000010100101
0101011001011100
0000101111000011
1110011111011010
0000001111001111
1010011000010010
1011101100010010
1011011110101100
0000011100100010
1111100101111010
0001100011101111
0100000110110110
0111110101110011
1111011000111100
1010001100111000
1110011011011110
0010001011000010
0001111110111011
1100000000010100
1111010001010001
1000010011010011
1111100111000010
1110110011011001
1110111001010101
1001111000011100
1010010100001011
1110010010011011
1011101001111100
0010101011101000
1111011100111100
0001000000001000
0010001110011011
0000010001101100
1001011111000100
0000100010110111
1010011100101010
0000111100101101
1101010100110110
1000101100101110
1010100001101001
0011000111100110
1100001101101111
1010110100101111
0100000000101110
1111001011111111
1011110100000111
0001111011100100
0001100101010100
0011011110000100
0001000110111110
0111010110100111
1010110001001001
0001011100101100
1111001111010110
1010111000111111
1101000010101110
0011111000010111
1110100111100100
0011001110100011
0010010110011110
0000010101010011
1101110000100111
0010101100111010
1010101011001100
1001000010011111
1111100110101111
1011000111000010
1011011001100101
0000010011011010
1111111101000100
0001011000111111
1100010111000001
0110100000101111
1101011110110111
0000110101010001
1010010111010000
0110110000111101
0111011111000100
0110010111001100
1010111111011001
0110100110010100
0011010110100101
0011001000010000
1000011001100011
1111010010111000
0100010100010011
1110010001110000
0011101100111000
1011011010000000
1000101110010110
1111111010111011
1011001010000111
0101011011110100
1000101110011011
1000100101001001
1111001101010111
0011011010111110
1110110000100111
0011110010101101
0111010000000101
1110001101011110
1000111001101011
1000100111010110
1111000101001111
0100001001101011
1000011000100001
1010010010110100
1011000011001011
0101110011110100
1011111010110010
0001011010100011
1110001010011010
1111110111001110
0010100010010010
0101000010011001
1010100111011100
1100011110101111
0000001011000011
0001111010100010
0101101000100010
0111111110110000
0001111110101110
1101110010000101
1000001011010011
1001010100000011
1101000000000100
0101000011000000
1010100010101010
1010001101111111
0110001101001110
0100111010011011
1000100001011100
1000110111111001
1100110110010110
1010110011001000
0011011001100100
1011101001011100
1111100001010000
0001000011110110
1000101001011100
0011111001011101
1001000100110011
0010110101111011
0000100010000100
0010101001100001
0111110001111000
1110001011100011
0100011000001010
0100011011001010
1101001111001111
0010011010101110
0010110110010010
1010111001110001
1001011110000111
1000010011000101
0011010000101010
1010001111110010
0101010111010001
0010000001101010
0110010000111001
0110000000000100
1110000000111010
0111111110111010
0111000110111100
1011011101001010
0101011111011000
0111111000110100
0001110001110100
0100001111111110
1110110100111000
0111111111101000
1001101111111111
1001101001110111
1011110010111100
1000111110010100
0011101100001010
0010001001111101
0001000100110110
0010001111111100
0110110101110001
0111100010111010
1101100001101111
1101011010110010
1000101001100011
0110001000010110
1011110000000111
0001010101001010
0010111111000110
0011001010101111
1000001101111100
1001000011001010
1010111010110100
1101100011100110
1001011011100010
0111011111001110
1100011111010001
1001110111010111
0111011101001001
0111011011111001
0101100001111100
0111100010100011
0000000110001001
1001001111000111
0010011001110000
0111110001100100
1000010011010000
0101011111111011
1101000111101001
0110101011100010
0101101100110101
1100101011001111
0101101110000011
1111101111110000
0101001110000101
0100000110111110
0001010010001000
0000001101100001
0001100010101011
0010111110111100
1001101101000110
1011101111101111
1100110010011110
0000001100001110
0110011100001010
0001110111001000
1011011100100000
1010101001111100
0010100111010100
1101110110110000
1100101101110001
1010111111011010
0001001001101001
1000000011110100
0010011010000110
1111001101001000
1001111100110000
1100111001001011
0111011000100010
0000101001111011
0100011001111101
1011111000010111
1011111110011000
0101010100011011
1000111100010010
0000011001101000
1000100011110101
0001110100101010
0100011001000001
0010000100010011
1011100000001011
1000001000000011
1011000010010011
0111001101000000
1111110110001011
1100110001001010
1010110110111011
1101101111100001
1001100011110101
0011000100100111
1001011000011101
0011011100110010
0011011100101110
0000110111110001
1010100110000100
1100010101111111
0111011001011011
1111110010110111
