1011100101001010
1100001011011010
0001010100100100
0010011010010101
1001000001000011
1000101101101001
0101011111000101
0000101000101000
1001101111100010
1010111111101001
1000011111111011
1101001011011010
0111011010001100
0111110011100000
1011101111011100
0101100111001110
1110011010010100
1100001010001100
1010011000100000
0011011111011100
1001111101000001
1101011001011000
1110001010000100
1011000111001111
1001110101101100
0010000001101101
1010001000110010
1100110111111000
0100011001100001
0001111011111110
0010010000000011
1010110001110111
1001111110111000
1100010110011001
1001111001111110
1001000011010000
0011100101100111
0110000101101100
1100100001010111
1000111101010000
1001001101110111
0110101001010000
0010000111110101
1010011000010111
1101010011110001
1001101000000010
1000000010111101
0000010000111000
0011001111110010
0001110100001001
1111111101010110
1110001000010001
0001001011110001
1101100011110101
1101001000000110
1101010000011110
1001110101101011
0000000101010101
1010010011100110
0110000110101000
1011000011101011
1100110011101111
1100011010100110
1101001110110001
1101101010111000
1111000001100111
0001111011001100
1110001101100001
0100001010011010
0111111110011010
1010101010010101
1100000110000000
1110001011000000
1100001011110001
0010010000110100
0010111001110000
0011110100000111
1010110100110010
0010100111011101
0001000101010100
1110011110110011
1001010110111100
1011100111011011
1010100010111010
1110111101111011
1111110111011010
1100100010100001
0101010110000011
1111111101101010
1110110111100100
1100011111110010
0011000010000010
0100011100011101
1001000001100001
1101011111111011
1000110001011100
0100011000100011
0000100110010011
1111110010101100
0100110111011110
0010100101001000
0000110000000111
0101001111011000
0001100000010010
1011001010111100
0011011110111010
1011001100001100
1101011110101000
1100010000110010
1110111001011010
1100010011000011
0110111011000101
1110010110011101
1101010110100011
1110110111001000
0001101101100100
0011011001111010
0110101000100100
1110010011101111
1001100101010001
1101101111111011
0111111101001100
0110100111101100
1110100011010011
0010101110100000
1101100110010001
1000010001110111
0101101111110010
1110010101000001
1000001010010011
0011100100001110
1011100000010111
1110000111000101
1111011111001010
0001000101100100
1000100111110111
0100000100111100
1000101001001101
0111110000011111
0110000001101011
1010011010010001
0101101110101011
0110010010101101
0010000000001011
1001100110110011
1111001101000111
1011011101110000
0010001001101011
0010111001000111
1111110001010011
0101010011000110
0011111111101001
1011000100110011
0011110111101011
1111110101001011
0001100110100001
1010101101111100
1011011010101101
1011010001111001
1000100101010110
0100010111010000
1011010101100110
1000001101000001
1111110010010111
0110101001000000
0110011011000110
0001110010010001
0101100010011100
1110010111011000
1101111011000000
1010000101110100
1101001010100101
1100101100001110
0111101111111010
0000100100010001
0100111100100000
1100110101110001
1101010000001010
0000010000001001
0010000101000010
0000101110101101
1010001100111010
1000110000010000
1111011000011001
1101000011010000
1111110000011111
1000010110001010
0000100110000010
0011001001101100
1100100011110100
1000001000001110
1100001000010011
0101110100000000
1010000111101010
1010010010011100
1101000110011101
0000010010000010
0110111011100111
0010010101110011
0001001100010011
1110111011000101
0011110110101010
0100011100101101
0000010011110011
0110111111101101
0111110101110011
1100011101111101
1110100101000111
0011000010101001
1001001110011010
0100110011011110
0011100110100000
0011110010101000
0001000111101011
1000001101111000
0000000110001001
0000010010100111
0000100110010110
0101111101100000
1000001111110111
0001011110000010
0110100110100110
1110110011011111
0110001100110000
0110011010100100
0100010011110110
1011100101101001
0000111000101001
1110100110101010
0000010110101001
1101010100100001
0000101101111101
1110000100011010
0110000111010001
1001101000110000
0110010001101010
0011111101001101
0101101000111111
0110110101110001
0111000111100101
0101110011101101
0010000100000101
0110001011001001
1000010000010110
0110001001011011
0111111110100001
0100000110111110
0111000010001000
0101001000010000
0101000111000000
0100001100000001
0001000010110000
1001001001001001
0101100110110001
1110001010010001
1001111000101000
0011100001110001
0110100101111001
0010110010100000
0001110011101101
1001010011011011
0000101101001001
1010111100111101
1101000000000100
0110100000101111
0001011001001101
1100101111010001
1100111000011001
1000110011000101
1110111000010011
0011000010100100
0110010011110000
0010010001000101
1011101000000100
1111001000100010
1011101100011010
0111110011100001
1010101001011101
1011100010110010
1111111010111000
0000001001010010
0100101110010101
0000111011010111
1100101101101011
1010100000110100
1111001001010001
0011010110001100
0011111110101101
0010110001010000
1100011000011000
1111101110110011
0110010100101000
0000000110001110
1000101000101101
1011101010010011
1111100001111001
0100110011111101
0011111101001110
0011101010111111
0101001000100111
1100000100011001
0011011111001010
0110101111010111
0000111100110110
0010100110000011
0110100100010111
1001000010001010
1110101100001111
0100000000000110
1100001111110001
1100110111001111
1101110110110011
1001011001110100
0000000001010001
1001000011100010
1110011010000101
0010100010011011
1111100100100110
1011011110110000
1010010101011110
1101010010010001
1001011111011000
1101001011000111
0001011100101000
1000010101011010
1111101101011011
1011111111110110
1101000110000010
1001100010011001
0000110100000111
1011110111011101
0101110000100010
0111001111101000
1010101001101001
0101011010011010
1101111011010110
0101100001110011
0000100010111001
0000111111001100
1011101010011101
0100010111101110
0111000100100001
0101110101001011
0001011000101101
1101000100011111
1101101000011110
0011101000000010
0100001101010100
0000001010111001
1011001010111010
1111100010111100
0101000010011001
0100111101100000
0111110011011001
0100010111000011
0000010011011101
1011110100000110
0010001100110101
0110110111001001
1100011100111010
1010010000000001
0000101101011101
1001110001110010
0010011111011101
1100011110011000
0101101101101000
0101100110100010
1000100111001010
1110111100111101
0000111101001001
1100110111011101
1010111000001100
1100110000010110
1110011010101110
1001110010001011
1001110111010011
1011101001011111
1110111100110110
1001111010111011
1011100010001001
1110001011111000
0100100110001111
0101011001110010
0110011000111010
0011111001001011
0111010110001010
0100010100011100
0101100101100000
1001111010101101
0100110001110001
0010001001111000
1101101011010011
0100010111111100
1101101110000001
0101100100110100
0010111000100100
0000011011110011
0010010101101000
0001000000101110
1001110000010100
1001010011110010
1010000010110000
1111110001001110
1001000100000101
1001100101001001
1001010000111010
0010110000000000
1111001011101111
0000011111011110
0001001100101000
1001011011110010
0110110011111011
1001000110001001
1011101001111011
0100101001001000
1100011001010111
0111100100000110
1001110101101100
0100110010010010
1100110000011110
0110011000100111
1111100100111001
1000010011001001
0111100010110000
1011000010011010
0100101110001111
1111011000001111
1010001010000010
1111011101110101
0000111001011000
0111110000110000
1111101110100111
0100001000010010
0110000011010001
0100101011100000
1001101000111100
1110010010111001
1111000101101110
1101110010100011
1011111010110110
1011111010100011
0010001100110111
0100000111110111
1010101011001111
1100101111110101
1100011000110101
0100101100001111
1000100001001111
0000100001010111
1110110100100010
1001111101110000
1000000110010110
0100001111100101
0110011101010111
0110010110011111
1011111001011101
1100111110101101
1001111110011011
0100010000110101
0010000100100100
1001000010101011
0011000110110001
1101110111100011
0101110000011101
1111111001101110
0010010111110101
0100001011000000
0100101011000110
1110011011011001
1101010111111100
1011011011100011
1011101111000111
1011110010110001
1101111101000100
0001010000101011
1110101011000000
0010000000010110
0110011111000001
0110011110000100
1100001100111101
0110001101100010
0001101010101000
1100100001000110
1111111100110001
1000001100110011
1001111110011110
1101000010011011
0000001111101010
1010100101101000
1011001010011110
1001011111111001
1001011011001011
1100001100001001
1000010110010000
0010111000100010
1011001011100011
1001101001100100
1110101010110011
0001111010110111
1001111101110010
0010111010000011
0001000000001110
0100111110111000
1000011100000011
1100100000001011
1110000000000101
0011100001000110
0001001011010100
0010011100001111
0001101100000101
1010111110010110
