0101000010111110
0010100111101110
0000111011010011
0101101010010100
0110100001001100
0000101111100101
1000010011101101
1010110011010100
0011101001101111
1100011011111000
1011010010100010
0001111010000001
0011000101101010
1111100100010010
1010010110000100
0101111111100001
1001101011100100
0101011011001011
1111111100110110
0011110101000001
1100101000100001
0010101110001110
1111010101110000
1000110100100010
0111000000100100
1111000010001011
0011000011100000
1101110110110011
1111100111100110
0101101101010010
0100001000010011
1000110010101011
0100100110110110
1111011110110000
0100010110001001
1011110011011000
1100010010000111
0010101010111101
1010001001101011
0010001100011100
0110010111000011
1110111000111100
0011001001110000
0000101000101111
1100010100001011
0111101101111000
1110000101001011
0001100101101101
0101011110111110
0001001001111100
1001000001110011
0001110010000111
1101000010011101
0100011100101011
0011001011101111
1110010010110001
1100010101000100
1101111110010101
0111000011000110
1000110011011010
0011011010011011
1111000100011011
0101110000000001
1111010111100101
0100000110101100
0010101001010000
1111000111111100
0111110000110011
0111110010000010
0010001100101110
1011001111001111
0110111101011000
0001100000101110
1000001100111010
1111011011000101
0111001000111000
0111010010111110
0111110110000001
0001100011010001
1111100101001110
1000011101101001
0100011000000100
0010100001000001
0000010110100110
1001111110110000
0010001100000011
0100011001010011
1100101011111000
1011001011111000
1111000111101111
0001001000101011
1110110111011000
0111000100001101
1011110111101111
0001001111111110
1111110001010000
1110000110011101
0011010111100010
1110000000001001
1000010110111110
1000001110000010
0001110111010111
1010010010100011
1100111010011100
1100011000001111
0000110011100100
1101110000011110
1110000010010001
0000010110001111
0111110010001111
1111011001000000
0001111000001101
0000001100100000
1110101000011010
0101100100111011
1000011100001101
1100010010101101
1000000010000001
1011000110001011
0101010111100011
0010000010000100
0001101010011001
1111101000101000
0001000100110101
0111110100100110
0010110011100111
0100100010001011
1001001110110000
1010110111110000
0000001000111010
1100110110001101
0001100111010100
1010101011100101
1000110011010101
1010001000001010
0000001110101100
1011100011000010
1100001011111110
0110010111000001
0001100010110011
1000000101101011
1011010100110110
0101111001111010
0100111101100000
1011110111110100
1110100001101110
0000100111101110
0000110010101100
1010010111001110
1000100001010101
0100100011101010
1011011010011101
0001100111000110
1010011001110111
0000010000011110
1011010001011000
1100000110011101
0101110001010110
0111111000000001
1000110011000111
0001110001000011
0010100011001001
0000111101100111
1101001101010011
0101010010010101
1101001011111011
1101011011110100
0101001010110110
0000001110010101
1101101011000110
1110001010100101
1101100000101011
1000000110010110
1001010101101010
0110101101010010
0100001010100100
0101111111000001
0000110000110011
0001001111011000
1001010011011111
1000100001010001
1001011111111101
0000010110111110
0000000001010100
1001110100011101
1010001110100001
1100011111011101
0110111000001111
0010010100000010
1000011011110110
0010010101110100
0111101011011101
1111000000000101
0111001100100000
0111010000010010
0000000010111111
1100001110100101
1100000111101010
1001111111110100
1001101001100011
1100111000110010
1110010110101101
1110100011010101
1110110011111101
0111011110001010
1101111001010110
0001001111001010
0011101010010110
1011000101110001
0111010011110111
0110000010101111
0000110100101111
0000010100100110
1011111100110011
0001110001110001
0111110011000001
0101001100100101
0100001101101111
0110111011100110
1000111100110101
0010110000101111
1110101010110001
0111111001111010
0010110011101100
1110001001001011
1001101000000100
1100010110001010
1001101001000001
0111011100111010
0011011100110110
1111001101011000
1110100100001101
0100000010000000
1111001110110101
0000000001100101
1010110110000111
1001000100010101
0011000111111001
1010101001011001
0010001110111000
1011100010110010
1011100010001101
0110100001100000
1100000110001001
1110111111111101
1001000101010000
0011000101111000
0010111011100001
1000010110001101
0010000101000111
1100001000110100
0110100110111000
0000000001110100
1011111111111101
0010010011011011
0000110010110011
0100011010010010
1011101111000101
1001011110000100
1000001001011100
0000000101011110
1110101011101011
1111011000000111
0001101111110011
0010100110000100
1001011010010100
0011011010001111
1001111011010000
1110011101000001
1101110010010000
1010011101010010
0000010011100110
0110101011000010
1100001111010001
0011000011111100
0010011101001011
1111010100010011
0111110000100110
1000101110010110
1000000111110010
0101111010101111
1110100110001101
0011000100110111
1111101011011110
0001011110101110
0011010000100011
1001111001001010
0000101011111011
1011110010100101
1000000011110111
0011110110101101
1100000111110010
0111100011100100
1101001111010001
1011101000001111
1100110010101010
1011101010110111
0100010011001101
1010000100101010
0011101001000110
0000001101111101
0011011111111001
1011001110101010
1111100011011101
1001110001101000
1001000101011110
0001010110001010
1001001101111011
0000011000100111
1011111111111100
1001000101010110
1010111000001010
0100011100011110
0011110000110101
1011111100101100
1001111010000100
0111000100001110
1100011000100110
0000111011101010
1010010111000001
1101001110010001
0001110110010111
0100111111100011
1010111001110000
1110100101000111
1100110010101100
1000001101000011
1100000010010100
0001110111110011
1001010000011000
0000010111100101
0011111010011110
0000000100000101
1101111011111100
0110100101110010
0010110100001010
1001100011000111
0100100101001111
0100001110011010
1100000100101110
0101100111010011
0010000011110100
0001101010010101
1001000011000011
0101000111100101
0010110110000010
0010111101110111
1110000010000101
1010010110100110
1001010000100110
1010011110111001
0010011010010001
0000101000001110
0001000001111000
0101000000101101
0101110101110011
0111011010111011
0000110001011110
1111110111100010
0110001011000100
1011011110001110
0011110111101001
1010011011011111
1101110010110000
0101110100011101
0010110011111111
1110101110000011
1101101010110101
1100011000110001
1001000001010110
1000100101011001
1110101100110101
1000111000010111
0101111100010010
0111101101011111
1110100011010010
1011100101010100
1010110011110000
1001011000001010
1100100011111100
1001001010110010
0101001001010001
0111101111101101
0010110011111001
1101101100101011
0011110101001101
1011110010110011
0100110000111111
0111010001000110
1110100010100101
0111000100100001
0001010110001010
1100011111010010
0101011111001110
1011110011010111
1000111001010011
1101100000001110
1110010000101000
1010000111100010
1001000111001000
0111101111111100
1000011111011010
1110011001110010
1011110111010100
1000011001111110
1110010000000010
0011011010011110
1111010000001010
0101011011100011
0111000011011111
0010111100111011
0000010011011100
1011010111100010
1111100100010010
0000110101010001
1000100110000010
1010100110111111
1010100011101000
1000011111100100
1010111110100011
1000100101100110
1101011100000110
1111000101010001
1001101100111101
1110111001010111
1011110100111010
1111101100110010
1100011000101011
1100110011010101
1010110101001101
1001101100001110
0010011100110010
1110111101001000
0010111110110010
0100110000100010
0111101111001001
1100001000100100
0110010010101010
1011110000100101
1001111101000010
0001010110011100
1101101100010111
1000000101001010
1001001100010011
1010001111111001
0010101111100011
1001001110100111
1111100010111100
0010101101011111
0100011111001001
0001001000010100
0011110010110101
0110010010101000
1010010001001100
1100101101000000
0001001010111011
1010001010001011
1111100101001111
0010101000101111
1101110010111010
0110011010100101
1101110010001100
1011111101110100
1000000110111001
1001000101001111
1010110100101000
0100110011000111
0010101001111101
0111111110110011
0011111000010111
0110010000010000
1100011110111011
1000001100101111
0000010101111001
1110001001101101
1011001110110010
1000110101011110
0101101000010001
1101101001001001
0011001010010011
1010110101101111
0101010100100110
1101001001110001
1101000001101111
0011011111010111
0111010010010001
1110111000100101
0110111011010110
1100110000100010
0101111110101111
1111010101101110
0011101100001110
0010000100010111
0100001100111110
0110001111001011
1010111010110001
0100011001011000
0101001110011110
1000111111101011
0000001011101111
0100000111101011
0010101111101111
1000101101101101
1010001101000000
0100011001001000
0011101010011111
0001010010000011
1000000101100010
1001110000111111
1001100010000101
0001110101011001
