0110110001111000
1100110101101110
0110101111111110
0100101101010101
0001110001110000
0101110101100000
0110001100101010
1010101110001011
1111100101010100
1111010101001011
1101001101100011
0111000110010110
1001110101100011
1100011101000111
0100000011001110
1010100101000010
1101111011110010
1010010101100010
0010001011100101
1100011111001110
1010000011010011
1001011000101100
0001001001111000
0111010001001111
1011111101101001
1000011001110101
1001011011101100
1111100011011001
1001111011000101
1110101010110111
0011011110101010
0101100110100100
1011111001010100
1101111101110000
0001110000110101
0011111111111011
0100001101011110
0011100010011110
0011000110011100
1101001010010000
0110010110110101
1010100100001000
0110000011100001
1101111100101101
1010110101011011
0001110111110011
0110111011111110
0100100101000000
1000111110001100
1101101010110110
1110101101100101
1011101100000101
0101001011000100
0101100100111000
0101110110000000
1000011010011110
0001101101111000
1110111011010111
1001100110110100
1111100011100111
0001110011111111
0011110001011011
0101111110001010
0001110101001101
0010111001100100
0111111110000000
1110100011000100
0110001111100110
1110101011001010
0100100110010101
0111010010011010
1111001000111111
0011100000010010
1101101101000011
0011001001110101
0001110111000001
0111011100100111
1010111110111111
1111011100100001
0100111100101000
1100000011100111
0110000010011111
1001011011001011
0010000001000010
1100001100110000
1100100101011000
0100110110011001
1001110000111011
0011100001101000
1111010000101010
0111011110111100
1010100100001001
1001010011101101
1110001010010110
0110010010011001
1100000001101001
1100101000000000
1011011100010111
1110110110011110
1001101110010111
1100110001010101
1010010001110101
1111011001001111
0111010110011100
0011100000000100
1101110111010100
1101000010011010
0011111000111111
0000000001001011
1001011011011111
0000001000110001
1101101000000000
0101111100110001
0111000100000111
1100110000011000
0001010100011101
1100111101111111
0111000010101111
1000010011011000
0111101011111111
1101011000101011
1001101101111001
0011101110010110
1000111001010011
1011001000110111
0000001000001100
0011110001010001
1111110001110011
0000010101100000
1001101001100101
1111100110001100
0111111110001001
0010101000011101
1010001000101111
1011100001001000
1011010010110000
1101111110111001
1111011101001111
0110001111010111
1100001100001100
1101111101001000
0100111001110101
1011110010001110
0101011100100000
1111111000111011
1011010000000100
0110010011011000
0101100101001011
1000110001010000
1010100001100111
0010011100011101
1000110101011010
0110011000101100
0011100100011001
1111000101100011
1110011000010011
1011001101000010
0111011101011001
1000110010101110
1110000010000101
1101110010010101
1100101000011000
0100110001111011
1101110101010001
1100001110000110
0110001101101010
0111111000100000
1100101110110011
1111000000110111
1110011101000100
1001000000101101
0100111011101000
0110010000111001
0011010011111110
1111010111001110
1011011101101111
1011001010011111
0011110111110001
0010001101101110
1010010111111111
1101111011010110
1111000011110101
0100010000000110
1000011000110000
0100110001011111
0110101010011010
0010001000101001
1111001001111110
1011011001011101
1000010110100110
1001001000010110
0100010110011100
0100011100010011
1101101010101111
0011100100111011
0001111010010000
1110011010100010
0111011101010110
1100100000000101
0100100100111110
0101100111100101
0100000101011101
0011010010010000
0000001011110110
0111011000110100
1001110010000111
1110001011100011
1001000010010011
1101110000011100
0000110000000010
0001101001101101
1000111001010011
0110001011110111
0110101000100111
0110101000011011
1000001010101100
0000001000000110
1000101100000100
1000011101110001
1001010010001000
0111001100011011
1011001001100101
1100101100011110
1010101111101011
1101001000010111
1110101010101001
0010111111010111
1011011101001011
0011110101100001
1010001100101000
0101100000000100
0100101011011111
0100100111001110
0010011011000011
1010000011101111
1000110000011011
0000111111011110
0000111011001010
0001100011111101
1111011011101000
0100101101111101
0011010010001110
1110111011100110
0110000000001110
1100010110100100
1011011000100010
1010001011101001
0000100110010011
0011010110011000
0011010101001010
0100001010100110
1110110110111110
0000010011010110
0110000010111110
0001011100100011
1100101011111000
0101100100111100
0111100110111100
1100100011100100
0100000100011111
1010011000000111
0011110110001001
1000001101001100
0101111100011011
1010011110100001
0101001101001000
1011011000000010
0010001001101011
0100000011000110
1101011001000001
1010010110100110
0010111110001010
1100100100000011
0000011111010101
0100010010011000
0011110100101011
0101010100010001
1010101110111100
0000101011000011
0111001010100000
0011100010001001
1101110100100011
1001011010111100
1101110000100100
0100011100000110
1000011111001100
1110111011000100
1101110111100110
1110110111100111
0101100110001010
1011001110000100
1000101000110111
0001110000110010
1010000110100101
0001000100111111
0001010001010100
0001111111011101
0011010100000110
1001000111001010
1111010100100011
0000100110011001
0101110100111011
0101101011110110
1111110010100010
1111100111001001
1000111101100110
0110110001000010
1011000100000011
1111100010001110
1001010100110101
1110100010111011
0010001011110010
1101011000100100
1001011101110001
0000111101011110
0101101111100100
0010100010001000
0111111110110101
1001001010111111
0110000111101101
1010011001010101
0000011110011001
1100100111111111
1101001011001011
0000001000111011
0101101000111110
1101000010010110
0101110111010110
1101110101000100
0111010111010110
1011010011110110
0100011101111010
0010001101100011
1010000101100101
1011100000110111
0111011110010101
1001010111100010
1001001110000010
0110011101010010
1000100010101000
0101010011100111
1101110101110100
1100101110010001
0101011001100110
0011101000001011
1011100110000111
1001010101010011
1110001000000001
0001111010010101
0010111000100101
1010100010101000
0001100010011000
1001110011101000
1000100000110111
0010100100011110
0001110101000000
0110010010101001
0100100100110100
0011101111101100
1111100110000010
0011111000111101
1111111110110101
0100100111101011
1110011010010001
0110110111101011
0111101000100110
1010110000111000
0101010101011110
1110110011010100
1010000110010001
0110011000100011
1011100111101000
0010101001001101
1010101001011101
0101001001100111
0101010001111001
0010111101010100
1111101010010011
1000001011011010
0110001101110101
1100011100100111
0010101110111100
1100101000000000
1100100011010010
1010100001100000
1101000010010101
0111011000100000
0001101001001100
0010110100001110
1010001110011001
1001001100100000
0101110101000100
0100100001101101
0001110000011010
1100010110110100
0101110000011100
0010110111101010
1010100000100111
0011001101110110
0110110111000101
1110111100001011
0001100011011011
0101001111011010
0101000010101001
1010100001010001
1001110101000101
0011110011100101
1110101100010010
0001001100101000
1111111000001100
0001101001110010
1111101011010110
1000111101000101
0011111010111011
0011001101001010
1111010101100001
0010011111011111
1111101101011100
0010010100010110
1100111100110100
0100100011100110
0110000001000011
0011101111111011
1100100100001110
0011000000100110
1011101100010000
1011000000000001
1010011110101110
1001000000000111
1100011000000010
0110000011111011
1111111001011110
0101111011011110
0000100001011010
0110000000000101
1111111101111001
1100011001000110
1100000011001011
1111000110100101
1111111000111110
0001000001011111
1100001111110111
0011110011011001
1111111100010001
1000010011010011
0100110011000111
0011110010000111
1000110011001110
1100011001111001
0001001110101000
0100111101000100
1100111110110111
0100100010100111
1111111001111100
1011100000101000
1111101111010101
0101110111001001
1101010110111011
0101110110000111
1111100011101101
1000011110010110
1011001110111011
1111000100100110
0101101010010000
0001110101101111
1100100111011100
0010100110001000
1011110110001111
1110101000000101
1110000011110000
0000011010110010
0101001010100001
1010010101100110
1010000101010101
1101100011110001
1011101000100010
0010100111010001
1001001010000110
1101110000010000
1011010000111101
0100011110010000
1011000010001001
1110010100010111
1100011111011010
0100001001101010
1100100011010011
0101010011011111
0111001100100011
1000011101100110
1100001100101101
0011111000100010
0101100010001101
0010000111111000
0100000100101011
1001001010000110
1001011110001110
0001111011101101
1110011110110010
1101100100000011
0111011101001110
0110100001000011
1010011001110111
1100011010010100
1010011110011001
1000001100110010
0101111100100101
0011100000001000
1100001001001101
0010100010110100
1100010110100111
1010000010101100
