0001011011010011
1111011001111010
1011100010111111
1110100110101101
0001000101111011
1000000101100111
0101111000100011
0000000101000011
1001111100100000
0001100001100011
1000100010111100
0010000001110111
0010001100101101
1011111010000100
0001010111000101
1111101100000010
1111011001000101
0010100101110000
0010000010011010
0110101101010110
0001101111000011
1000000010100000
1101101111011010
0001010001110011
1100010101001110
1100011100100011
1111111101110100
0100010110010001
0010101011110111
1010010000101000
1100100010000110
1101001000101000
1110111000001111
0100001010011110
0000101001111011
0100100010011010
0010110101101011
0010100001011000
0101011111110101
1110011111110011
1011001001001111
1100101111001001
1011111000100100
0010100111111101
1111101000101000
1111011000010101
0101001110101110
0100000101101100
0100001000100111
0100000001011111
1010110001100011
0000001101000110
1111111110000110
1111111000101111
0001010100000000
0111000001111111
0111011111111101
1011010010110010
0000110001100011
1000100101001001
1100001000110000
0101101010000110
1100011111000110
0000111001101110
1110010100101110
1110100100101110
1100001001011000
1000011100111001
1111000111110011
0111000100101111
1000010101011001
1011011010111010
0111000011001110
0011000100001100
1001010001010001
0100011111110000
0101001011001110
1110111110011000
0101011011110101
0110111010100100
1010110111011001
0010111111010100
0101111011100101
0111111000011100
1101100101101000
0011111101101010
0100010101001000
1010111000000010
1101001011110101
1111101111111101
1111100111001100
1001110111100100
0100111010100010
0001010100011011
1101101000100011
0010100011000101
0011010111100110
1010111000110001
1110001001100101
0001100101100110
1000011100001001
0000011101001011
0101010110011011
0010111011101111
0100010110111111
1001101100001111
0111000000101111
0000100110010111
1110000110101000
0000010000111011
1110000101100100
1001011011010001
1010100011000001
0100011110101101
0011100000011000
1100101001111111
0101011000001110
0011010000101010
1100101000010010
0001110100011101
1100000111001011
1001000011000001
0111000111100111
0001001110011101
1000011011101011
0110110110001100
0000010110100000
0111011111101110
1001000001110100
0011011000101001
1100111011010100
0100110011011001
0100001011001001
0100011111111100
1100101101011100
1100100100011110
1000011100010110
1001011100000100
1110100000011100
1010101001101011
0000110101100111
1000001101101111
0101101100010101
1110111110001011
1010101111011111
0011100100001100
1100001110101101
0010000000011100
0111110111101011
1111101011010010
0011010000001000
1100011000011100
1010111010010010
1100111001111110
1110110111100100
0010011101111010
1001001101011111
1111000110110100
1010100001100111
0000110101001101
1111001100011000
0001000101011110
1000001100101100
0011000100100011
1001101100010101
1000100010110011
0000101101000110
0001110111111111
0111001000000010
1100010111110100
0111111110011001
1110100000100011
1001101111011101
0000101100111001
0011101101100110
0111011001101001
1011101100111001
0101111111000001
0111000001010011
1100110010000110
0111101110101111
0110100110100101
1110011011001111
0001101110111001
1011101001110010
0001011101110010
1111000010001010
1001000101001100
1111000100111001
1111101011010101
1000111010110100
1010011000100111
0101110000000100
0001001010011111
0011000010100101
1111001100110010
0000101010010011
1100101110000011
0101001111110110
1000110111110101
1100000000001000
1001110111011011
0011110100111100
0010001010100001
0010101110000110
1101100010000011
1100111011101111
0010100010101110
0011011011000101
0100000111111011
0110101111110000
0101011000000101
1011110101101010
0101111010110001
0011001000000000
0000011111000100
1010011110010101
0101010010110011
0101010111011101
0101101100101111
0000110011000101
1111000111011100
0101111100110011
0000010000010110
1100010100101100
0111000011111000
0111001001000100
1000110110110101
0001100000010100
1001010101101010
1011001001011000
0100100110100001
0000011100100101
1110001011101100
1001010110000011
1100011101000011
1110110000100011
1001000001010011
0000111001010010
0110111001111010
1010010011101110
1110001010111000
1110001110100010
1011101010010011
0010010010111001
0101001000001110
0001110100110111
0010000011011000
0100000110100101
0100010110110001
1000111111110100
1101010010000110
1000001111011010
1110110100101111
1110001010000111
0100111000100010
1011111000001001
0100111111100001
1111100111000111
1111100100011101
0010011111101110
0011100000111110
0010010100100101
1010010011000100
1110101000011111
0100101100000101
0001001101001110
0000011100110111
1101001101000100
0000010011011010
0110010000011011
0001000101011111
0011101000100001
0101001110001000
1111000011010010
1011100101001000
0110001000111010
0001110111101010
1010000101010110
0001101011110100
0001011010000110
1000001001101000
0110111000001101
1000010100010100
0100000001101100
1011011110010110
1101110101011111
0001011001000010
1011010001111010
1000100110110011
0111011111010111
0100111001010101
1101100111101100
1001100001100001
1000000111000101
1000010010101110
0000111111000000
0100011011110011
0110111010110110
0000001011111001
0011110000010000
1111100100111111
1110000010100010
1101011111001011
1110011000001011
1110010100000110
1011001110001001
0110001000101110
0101010101100111
0100001101010000
0010001111101011
0011001001010101
1101111100110110
0110010010110110
0011101011110011
1011110011110111
0111100000100011
0100001000010000
1011111101000101
0001101110100001
0100101010010111
1110000100000000
0000111100111010
1000101010001101
0010000101100110
0110101011101100
0000000000010000
0001100111011010
1001100111010100
0100001010000100
0101101001110111
0111000000100101
0110010111101101
0010110000001111
0001011011110110
0000111001100110
0010111000111101
1010000011010110
0011010011000011
0101110110110111
1001010010010101
1011100011000000
0000001100101010
0100010110100011
1110101000000101
1111010110101110
1000101001000010
0011000100100111
1101110000000010
0111110101101101
0011001111001001
0000101100011100
0000100000111011
0100100100100011
1011100111001100
0101111100110110
0100011000111100
0101011111000111
0110000000011100
1011001011001001
0111001111111000
0101101011100000
0000111110101100
1000111101111101
0111000110010001
1101000000101100
0010111010011010
0100110101101100
1101000111101101
0110100000101001
1011100110100001
1101111110110100
0100110100110111
0000110110001000
1110111011010110
0100100011110000
1000011100101101
0101010110011011
0011100011100010
1111011001101001
0011110111000111
0000111111010010
1001111000000000
1110001101101001
0011111110000000
0000110110110110
1000101100001111
0010000110010111
1000101101010111
1100110101100111
0011110010001110
1010011000001110
1111010000110010
1001010001001000
1100111000000001
0101000111111001
1100011001101100
1110000001111001
1010111011110011
1110101000010110
0010100010000100
0111011000100110
1000010010001000
1010111001001000
0101010001001110
0101010000110101
1110001001110101
0100000011001001
0001100001011111
0011110010101111
1011011100001010
1011010110110000
0010001101011000
0111100111111100
0011010101000100
0000001110110000
0110010110010011
1100000000110101
1101101100111010
0010010001101101
1001101111100111
1101011110000010
0010010100011011
1001110001100101
0111100110100010
0010000111101110
1010100011101010
1010111100011010
0111011111101111
0100110001010011
0001011110001010
1010011011111110
0000100110111000
1000010111100010
0011000010110000
1001101111100011
1000101111101101
0110101111011100
0010001001100001
1010010001111001
1010110111010011
0100101000101110
0000111010111111
0110010110010000
0001110010111100
0100010010001000
1101111001101000
1101100111010111
1110000101001110
0001101011010010
0011111011110100
0010111000010101
0110010011010100
1100100111011101
1111001100110100
1100111111000101
1111111000110011
1101100111011100
0000100010101110
0000111110000100
1000000101111101
0100100101011111
0110111000110111
1010001101110100
0100000000001000
0100001000101001
1001011100100101
1010101111100110
0001111011110011
1000001110110110
0001000000111010
0000000000001111
1011001000001000
1010100111011011
1010000111000001
0010100110010100
1111001000111110
1011001001100000
1111101010000111
1111001101111011
1011010000100000
0101001111000101
1101100111011001
0001011101111010
1110011110100101
0101011110011101
1110111010001100
0100101100100111
0110110000110001
0010111011111011
1010100100111111
0011011111001110
0011101110001010
1101110001001100
1100100100111101
0101100110001110
1110101010101011
1010110101110011
1101001001100111
0001101101110111
0101001101111100
1110110010011100
1000010110011101
0101111110000100
1110100010010101
0110101010000010
1111100101011111
1001101100000100
0000011101011011
0001001100011001
1001111110101001
