0110111000111010
0100100011111001
0110000010000111
1100010011111101
1000111011011111
0100001000110010
0100100000110110
1111101110010110
1110101010111111
1110011101001001
1110010010001001
0101000111110000
1010101101111100
1010100000010011
1111010111001001
0110010000100001
1010110111011010
0000010000100100
0001010001111011
0111100100010011
1000111001100001
1101100101101100
0011000100011100
0010111000111011
0001111000011000
0100011000010001
1110111011101110
1000101001010010
0110000000001011
0101000100011111
1111000001101101
1100000010101111
0000000110011010
1000001101011000
1000110000001011
0110011100000100
0101101011110101
1111011110000110
0110000010101010
1001010110111010
0111101001110011
0010110000111110
1100111011101001
1010111101010010
0100100011100110
1100110001100010
1110010000100110
1011001111101100
0001110010110100
1111101101110111
1001010101001101
0000101011111001
1101011111001100
1011010010100010
0101011110110100
1011111100100100
1110000111110101
0000010001101001
1101110101100001
1111000010110111
0011010101011010
0001101110100101
0000011110000101
0110111111111001
0000001111111001
1001000000101011
1110101101111101
1101111011101010
0101100110100110
0001010001001111
1010101010101010
0111011111110010
0000110001010010
0100001011011011
0111111100010111
1100101010001111
1011110001101110
0100001111100100
0100000000111001
1010001000111011
1011101111111001
1110010011000011
1011110101101110
0100111000110000
1010000110101101
1001011100000111
1111000010010100
1111001000100111
1110011001010010
0011000001110110
0001111000110111
1100010110111001
1111001001000001
0100011000001010
0011010100000111
0011111111111111
0110110011000001
1010100110100111
0110110111100001
1011010101000001
0001001000111011
1111101100000100
1110011110010011
0111111011101111
1101011100101111
1100000101010000
0000000010000010
1110011101000001
0111010100100011
0110111010110111
1111001100101110
1111111101001111
0111111100110110
0110110100001010
0110000011010001
1100101010110000
0101000000111101
0110100011101111
0010010100011110
1110110110001010
1101000000100011
1010011110011001
1101100011001001
0001011111111010
1010101100011100
0110000100001110
1010011000010110
0111010101111000
1000111000001001
1111110100100010
1001001110110100
0001011110101110
0010110000001010
0000100100001010
0101101101001001
0001101111010000
0001101110001101
1011001101100110
1010101011110000
1111011010111010
0110000010111111
1010101111100001
1110110101000011
0101011111111011
0001011110010100
0011010100010010
0001000011101101
0110111110010101
0001000010111100
1101011111110000
1101011101000010
1100001011111111
0000000111100011
1001101101011111
0101010010111011
0001001000111111
0001010011001000
0010001010101001
1110000101111111
1000110011011101
0101010000110101
1111110111111011
1111110000101001
1110011001000010
1001000100111010
0000001000011011
1000110100100000
0101010011000100
1111010000110100
1111100110001100
0000111010000001
1001001001000001
1101010100100111
1000101001110010
1010011100001011
0001111100101010
1011100111101000
1111101011110001
1000011001011011
0000000000010110
0000011100111101
1101011101111001
0011000010011001
1011101001111101
1011100110011010
0101100110001111
0110001000110010
0101101000110101
1101010010010111
1101111001110101
0100101000010110
1010011100101001
0111111111101111
0100101101011011
0001011100100010
0100011000000111
1111111110110101
1110001000111111
0011101000100001
1110111100101001
0011100101101100
0000111001111100
0000010000010000
1001111011001111
0111000001100100
0111111100010110
1110010110100111
0111000100111001
1010110011010001
0100101001000001
0101010010111110
1111100011111011
1101111111111110
1010110101000011
0100010010000110
1101110000111010
1000001000000110
0000111110110001
0110010100100001
1000110111001110
0011110000110010
0011110000000101
0110001000011101
0011111100100001
0100000101000110
0011010011110100
0111110110110100
1010011101110001
0100010101001111
1111111101010000
0011111000010101
0010000101011001
0000101101011000
0110110001001010
0011100111010001
0101100000101011
1101001100110001
0010000101111111
0001101010010111
0101111011010101
1001001100111111
1111000001011010
1001111001010111
1110000011101000
1100010110110000
0111110010000010
0100010011111110
0101111011001010
1110000001000111
0000110100110100
1100011000100000
0110101100010100
1111011000001110
1011110101111100
1000001000000100
1001001110000100
1111100111010110
0101101011111101
1110011111100010
0010111001000001
0000110011100100
0100111001011010
1000000010000001
1010011000001011
0111000111010000
1101111001100100
0110011101100101
0010000100110111
0110110001000100
0001101000011011
0001101111111101
1111101001010001
1101001011010000
0110111010110110
1011111001111101
0001000111101010
1111000010010101
1110110011110110
0110110100011110
0000010011110000
1100010010001011
0010101011111110
0000000000110011
0101111101101010
1101001110011110
1110101000001110
1000100010111010
1100111111010011
1111110111001111
1100010101111000
0100010101011110
1111101001101011
0110001001111110
1001111011001100
0001100000011011
1010011010001111
1100001010110010
1111000010001011
0101110001100011
0101101010100111
1011000101000010
1000001010011011
1000101011101000
0000111011110000
1100100100101010
0001111001000011
0010101010111100
0000000100001000
0001101101100000
1011100011000110
0111001000001110
1001100110010011
1101111000000000
1011001001110000
1010110111100000
0001001111000101
0101100001011011
0010111101010000
0010110011001101
0111110000011000
0100111110000011
1011110110011001
0101010110000011
1001000011110000
0100100000000000
1111110100010100
0100111110000000
1110000100011111
1001011101100010
0101011100100101
0111011010000000
1010010011011100
0101111110000000
0000101001001101
1110000110011001
0011101100010000
0111110110101101
1010011011111010
0001101000110010
0111000011111011
0110100010011111
1111111010000100
1101111110101001
1111010111100011
1001101011001001
1001001100101101
0011110011100001
1011110101000100
0111101000000000
0100101011000011
1100000110111011
1100101101001011
0101000100101110
0000110110011100
1001101011100001
0101111001000110
1001011000001100
0101000011101100
0100010011010100
0110011011111101
1110111001100010
1110010000011000
1110100010001100
0110001110001001
0100001001000111
1000101000001100
1110111110000000
1001001010101101
0101100001011101
1001000011101011
0110100100010010
1001011110111011
1010001000010100
0001100110111110
0000000100110101
1001110111110101
1001111100110111
1011100110001011
1110010000001001
0011011001000100
1101001111110100
1000100001011000
0111110000100011
1110100001011101
1111011011000101
1011010101111000
0000100101010011
0101011000000001
1010110001100110
1111110110011010
1000000000100010
0111011010110011
1100000101100111
1001000111010100
0110000110010011
1001011001000000
1010010100010000
1101101010001101
0100101000011111
1011100001001100
0001100110111100
0011101110100000
1100111110110010
0010001111101001
0110000000100011
0000100000000001
1100000001000001
1011110111101101
1100101000111000
1011110011010111
1101100010111001
1011001000011001
0010001001011101
1011000001110110
0101001101100011
1011111010111000
1011011000010011
1111010101011001
0100010111100010
0010001011010100
1100111001000000
1110101000010010
1111001110110011
1001011110111000
1010001011001110
1010000111011101
1001001101110111
1111100011001001
0111010111110111
1010001010100001
0010000011100101
0101110100100100
0011011010000101
1011000101000010
1101011010010101
0000000010001011
0000100010001110
1100000100000011
0011111110000010
0111111011101001
0100011010111100
1010011111000110
1011011111001111
0010111010111101
0101101100100101
1101000100101001
0010111111010111
1001101001110111
0101100111010101
0110110001010010
0111111001001111
0110010110111000
0111110000010000
1110111110110001
0101100000111000
0110011010000100
1111110110110001
0110111101001101
0100110101101110
0000010110110110
0111011001001010
1001101010000101
1000110001011001
0101000100011010
1110000100100111
0011010010101111
1100011111110011
0101111110110101
0011011111100011
1010011011010000
0001000010010001
0000111111010101
1101110100010000
1000001000101110
0000011101011110
0111100000110110
1011000011010000
0101110000111011
0110011110101010
1111001010111001
0101110111011001
0111011101011000
1000010111111110
0111101010001011
1101000100111001
0110100000111111
1111100001101011
1011101011011111
0110101100100000
1001011010001101
0111001110110110
0001110010001101
0100001011011000
0100001000100001
1100000000001100
1001110111101110
1011110001001101
0100110110010001
1001110001110011
1010110110101101
1010111000010010
1111100110100111
0101001101110011
0011011111100100
0000011011000101
1001110010010000
1100111000111110
1111101010011100
0010100001101010
0111110100000101
0100100011101110
