1001100101101110
1010101111010111
0111100100011101
1100100000001100
1000101000101100
0000011101101000
0111110011001110
1111101110100000
0101101001101101
0011010101110111
1001101101001111
0001101100010001
0110001001100011
0110011100000100
0001111111111101
0010100010101100
1110100010111100
0011000100111100
1000110010101000
1011100101000101
1101001110100111
0011101101111111
1111001100001000
0100010111000001
1100110110100011
1111111110100010
1111110111000010
0010001100010010
0001110111101111
1111010101000000
1110001011010110
1111101000001001
1110011010001000
1111000111001101
0111010011000100
1110111111001010
0110011001000100
1110001110110010
0111110000001111
0110011101100100
0100111000010100
1101101001101001
0110010011100011
1000001101000110
0001011110000100
1001001100010101
0111010010010011
1011100110100001
1101100110111110
1110100110110001
1011010001100100
0010011001101010
0011001111010000
1100101101010010
0100011011010011
1110000000110110
0011000001111111
1100101110100010
1010011101101110
0001110111010010
1110010111110001
1100000110000100
0111101011001100
1011010010100101
1011110100001000
0001101011001110
0011101111101000
0000000100010011
0011000000001100
1100011011001000
1011110101100111
0101010100101010
0100111010100011
0110111011101100
0101110011010110
1100010111111001
1011101011100001
1110111101000010
0001111011000101
0011111010110100
1010101010000101
0001000101101110
1100100100000100
0100100111000001
1111000000111000
0111001111000111
1100011010100111
0100000000100010
1110001010000101
0110000001001000
1000110010001101
0011111011000111
1000011000111110
0100101010001110
0011110011000001
0110101100000001
1001000100101110
0001001000111011
1100000010111010
0010110011001100
1000111111010100
0000001101111100
0011001000100011
0010000101000111
1011010101010000
0101101101101010
0110111111001101
0110010100111100
1111010110011010
1010100100011001
1011110101000000
1001001001000001
0100111111110111
1110010010111001
1111001111011100
0110100011001111
1101100110111100
0001001001101010
1011000111000100
0111111011100110
1100000001001001
0011110100111010
0000100001110110
1010111001100000
0100100001100010
1000101010011111
1001011101001001
0011101110101111
0000111011110111
0010110110110111
0010011100011001
0011000011010010
1001010111001011
1000001110101011
1110010010101001
1101011110101111
1000101101000101
0101100110010100
1111010010000000
0101001111110011
1101101110110010
0110101101001011
1100001001101100
1101111110100011
1110110111100000
0010011010001110
1111110011101101
1101110010001110
0000001001011110
1101111111001100
1111011100111111
0100010001001000
0010100100101101
0000110000110001
1010011001111011
1011010101001100
1110010011010011
1000111100011001
0101001000110010
0111110100101010
0110100111111100
0011010011101101
1100001001101000
0110001101111110
1000010100110001
0001001101110011
0000111001110110
1001000111011100
1111101000110000
1110101010011000
1101000011101101
1111111010001011
1010100000000101
0110001100001110
0100000000101111
1111110010010011
1100100011110001
0001111101010101
0010100100101101
0101001000010111
1101010000100011
0010100110010011
1010101111110111
0101100100001101
1001001011100101
0010000000111010
0110111010010111
1101110000011111
1101000001100011
0100001000100100
1100011111101110
1001110101010100
1001010110000110
0101110010110110
1111011011111110
1110000111000011
1000100111111011
0111101111110010
0010000011000111
0110101001110111
1011001110001010
0000100011010000
0110111011001010
1010000000011110
1000001110111001
0110011001000010
1000010001110001
1111010001110011
1011000001110111
1011001110011100
0100011010101111
1000101110001110
0110111011110001
1000101000011000
0011000010110000
1011001101100010
1111010010111001
1001111100100111
0010100010011000
1011100001011110
1001010001100111
1000110000110001
0110011001001100
0011001101101001
1010010011101101
0010010001111011
0101000011100101
0001011101000100
1110001001110100
0100101010000001
1001010101111101
1011001110001011
1110000100010101
1111111111010010
0100011000011000
0000010101111000
0101001111010011
0001101111000001
0000110111100011
0110011001101010
0100001000110000
0101111101101010
0011011101111010
1000011110010101
0111001101100111
1001001000111111
0110001000001011
1001110000111101
1000000011110100
1011010001110110
0111101100111101
0111111010111010
1111000010111110
0011001010001100
1010001000011110
0001100100000101
1000101000111010
0001110110001101
0101111001001110
1010111010100001
1010001011100010
1111110111000000
0000011110010010
1100101100111001
1001110000010101
0101110110110100
1010000001010000
0110110010111000
0010000000101000
0010110011001110
0010110100101010
1100110110111011
1010001001011100
0110000010101100
1111111001100010
1100010101011100
0111010010100110
0000011100100010
1010010000110101
1101000000111010
1010000110001000
0100101101111001
1111111000000010
0111001001000010
0000111001100111
1010010111010010
0111001101111000
0111110101100111
0010111011111011
1101110010110110
1110110110001001
1010100000100011
0100011110111010
0100001000000110
1011010100110101
1111110111110100
0101100011001101
1101111100100100
1000101100010001
1101001011101010
1010100000000111
0110010000111011
1111100011000111
1100011101001111
0100111101100100
1011011010010100
0011000110011011
1110001011111000
0101010110000110
0100110011111100
1110110110000101
1010100011011010
0010111011100101
1010101010000100
1100000000101101
0000000111101100
1100100011101110
1101010011010111
1111100101001001
1010011011101000
0110111110101100
1111010100111101
0011101011000000
0001001000001011
1100110011000001
0011100000011011
0111011100100011
1000101101110110
1011101010111100
1000001100001000
0001100010111001
1001010001101010
0001111111110110
0110110101111001
1101011110101110
1001001000100101
1101111100000011
1101100101001100
1101011001010111
1101011110110001
0111111010100100
0111111001110100
1110010100011000
1111010010111001
0101110100000000
1010100111101100
0111110110100010
0000010111100011
1101001000000001
0110011110100100
0111100100001010
0100111100010010
1101100111001011
1100100101000001
1110111001111010
1000110111011011
1000001110011000
0110111110001110
1010011110010011
1010101011010101
0001111111010110
1001111110110111
1110010010110111
1011101111110000
0110101110000001
0001111100100011
1110101101010110
0101100101011110
1011110011101100
0000000110110001
0100111100101000
1001001010100100
1100011010111011
1110100000100000
1100000000001101
0110100010110010
1001101101101111
1001101011010010
1010110101010101
1011101011110011
0000010001110110
1000100011110000
0111111000110110
0100110110101000
1000010001001110
0100001100010101
1001011011101110
0011010010001000
0010010001000110
0000010010111101
1100111001011100
0000110011001101
0001101101000111
1111010001000110
0110011001110101
0100111100010100
1011001100110001
1100001100001101
0101110101001100
1010010001000110
0111001111000101
1001000010101110
0110100100101111
0100011011101100
0000101000101010
1000010100011010
1000010000110011
1000110110010001
0100000100110110
1011101001100001
1010011000101000
1100001101111010
1001010110110010
1110011010011101
1101001101010010
0111010011011001
0011110001101010
1110010001111110
1100000001101010
0011000001011010
0100010001101110
0100010100001100
0110111000110101
0100100100110101
0011010101111110
0011010000011010
0101111100110001
1011001100111000
0100001101010010
0001000110001011
1010001101100111
1000110101100010
1000100011111111
0101111010010111
1000110110000011
0011000110111010
0010010110100011
1011011011011110
1000111111111011
1011100101000110
0101111111111001
0000001000011010
0110111101101011
1110101111111110
1011001010101000
0100011001110000
0110001101001001
1011101111001101
1010001001011111
0110101010101110
0001101011001100
0001100011100000
1001100011000000
1100110000010010
1010000100100100
0010000110010010
1010110100110011
0101010101110110
0001101100001100
0001011111100100
0010011010110110
1001011001100011
0000111111101000
1001010000111000
1000000000111011
0011010000011110
1011101101000001
1000110100010100
0010000000011101
1101110000100000
1110110000111100
0011001010101110
0000100110110010
1111001000111001
0011011001100001
1011100010111010
1101101100100001
1101011110011001
0101101100001011
1100111001101111
1000001100101101
1100001101111100
1001111100010001
1000001011010000
0110010011100110
1011000100111110
1000111111010000
0111111111101101
0101101011101100
1111101010111001
0100010100100111
1110001111010101
1100001110111011
0000100000101110
0010000111000000
0100000001001110
0000111111000011
1101101011101010
1111000011101001
0101010111001101
0111100110101101
0001110101000010
0100110101000101
0011110011100000
1001010110011100
0111111010111101
1001010110100101
1010111011100110
1010100111110101
1100110011100001
1000010000100101
