1011111101000110
1011011000011001
1000100101010111
1001111100011000
1101110000001011
0001000000101011
1000111000111011
0001111010111110
0010001001011110
1110111110100110
0101001111000110
1100011100000101
1110110010011000
1010101100011100
1110000100001110
1100001000101100
0110000000101100
1101001100101010
0100010101001101
0011001001110111
1101010101111110
0011001010001110
0010001110010111
1111110011111111
1011011110010101
0110111101111100
0001010100110110
1110001110110000
0100000101010010
0000011000110000
1011101100011011
0011100101111111
1011110111100100
0110110010001100
0001110110111100
1000001001010000
0000001100011011
0110011111101011
1111100000100100
1000001111001100
1100000010100100
0010010110010010
0011011100100010
1010101111010101
1100100110111110
0101100110010010
1010111111111001
1110111110000001
0011011001110011
0111110001011001
1111100011110110
1000010111010011
0000010000011011
0100101110101010
0000111000101010
0111101001111000
0101100111000000
1000100111100111
1110000100110000
0110101101110000
0000100001110111
0100100010100100
0111001010000001
0011011101011101
0110001101001000
0011101001111110
0011101000101100
0000011011110001
0101001010100000
1010110000011101
0111111001010000
0011100010011011
0111011100001100
1101011111010001
1111001001101100
0011001111001111
0011000110101010
0110100011000100
1010100110010110
0110000001011000
1001101000000000
1101101010110001
0100000010000110
0100001100010100
0010001011101100
1111101101100101
0000100000101111
1111111111000111
1100000110010001
1000001011111100
0000010101110011
1110011010111011
0001001100110101
1011011100111001
0001010111110110
0011110101010011
1001010001001011
0010111101011010
1011110111111011
0110110000111010
0101000010111111
0101000110101011
0100101010001001
1111010010001111
1100100001000001
0001010100100011
0011101111100010
0010010000001000
0000100101010101
1101010100101001
0011100100000001
0001111100110010
1011110100111000
1010010011101010
0110000011100000
1111011100100010
1100100111011111
0100110010100111
1010001000100000
0100100011011010
0001001011010010
1111010011000000
1000100010101000
1000011111010010
1011101001100000
1111101101001011
1110101111010011
1001001101100010
0010001100110010
1100000011110010
1010010001000001
1001110011110010
0111110100010111
0101011000101010
1011011000110101
0101111100110011
1100000111101100
0100111011010010
1101010001100111
0100111111101101
1000100011111001
0010110110011010
0010111110011010
0110100110100010
1100011011100011
0010111101111001
0101001101011100
1000110110010110
0110111111111001
1001110001111000
1110011111001110
0111010011001001
1110101010100101
0001000100110000
1110110101111000
0010011011000001
0101010111111000
1011001001111000
0111000111010000
1011011001001111
1011101001100101
1001001001000001
0001101000110000
1100001111000010
0001001110000000
0001111111110011
1101001000100001
1011100111100100
1101101100011010
1011100011010101
1000011101001000
1001100001001001
0011110001110001
1001001010011010
0111000111101001
1110111011000111
1000100001001110
1110010111000111
0010110000001111
1110001001011001
0010010100000111
1111011000111101
0110100000010111
0110010011100101
0010101010001000
0110101000101100
0001001001110100
1111101000010100
0010101000111110
0001100110000001
1101011101101001
1001111000000110
0010001111010100
0010000011100100
0101010000111110
1011010011000010
0001011110001110
0101111111100010
0101000111110101
1111101001010101
0001010001001010
0110101001000100
1000011111101111
1101011001111111
1000010101101110
1001101011101111
0111111111011111
0111000100011101
1001001110100101
0110010111110001
1001011111011111
0011010101101110
0111101000101010
1110101101011000
1011011100111001
0000100001101011
1101101101001100
0100011001101010
0101010110101111
0110110010010010
0101011001100001
1001000011011100
0101010010110100
0011101101011111
1010100101000001
1011101001011111
1110100000011011
0100010010100111
0010101000110000
1111001111000100
0000011111110100
1001100110101010
0111101000000101
0110000011110001
1101011110110000
0011011111000101
0111101110011100
0010110000100110
0110100011101111
0100111110001110
0111100000100101
0010110001101010
1011111100110101
1010111111011011
1011011011010010
0111010111001101
0011010000110000
1100111011001010
1101010101111101
0001111100011101
1111000111100011
1101000000010101
0000001111101001
1010010101111001
0111100101111101
1000000110111000
1111010110001100
0111100000110100
0110001110001001
0111000111100000
1100011111001111
0011101100011110
1010000100111101
0000110110111010
0110001100011100
1100000111011101
0110101111101110
0100101001000101
0000110111000101
0010111010011001
1101111001100011
0000101110110100
0010000110110111
1110110111100100
0010001000100101
1000000111000011
0100001100010010
1001100011110111
0111100100001111
1001101101100110
1101000000011010
0000110011011011
1110000111010010
1011110001111000
1111010101000001
1011010001100100
0001010100110010
1010011101001000
1111011111010011
0110011101110001
0011010000111010
1110110111011110
1000000001110101
1001111111110010
0100111110111010
0111111000111111
1000100110001100
1010001001101111
0101100101010110
1010001101110100
0011100001011010
0100101011010100
1001010101100001
0111011100101011
0101010110000000
0110100100110010
0010011111100001
0100011100111010
0110011100111011
0001101110000010
0101110001101101
1010100011011011
1011000101111010
0000100100011100
1100010010010011
0010110111110001
1001101011000100
1100010000011111
1010100010010110
1000111011100010
0100000000100001
1110010111101000
0001110001101100
0011010001111100
0111110100001111
1011101110001111
1111010110011101
1110101011001111
1011100011000011
0110001110100100
0010010101111000
1010000010101110
0110110110001101
0010110101100011
1011000000100010
1011101011110111
0001000101000101
1000100110101000
1100111010010110
0111110111000000
0101101101111101
0110111111010100
0110100000100010
0000001111101010
1001100011000101
1011000110011111
1010111011010100
1000101010010011
0001111010001001
0111010000111011
1100011101100100
0011111100110111
1000111110100110
1110001000000100
0001101111110100
1011001101111111
0010100011011010
0010100011110100
1011001001100111
1111101000100010
1000010110111011
1011001100000001
0011001010010010
1010000111010101
1110010000010110
1010100000100011
1011111100001000
1011111101010001
1000110011100100
1101010110100111
1100111010111011
1001110100101010
0110100011010101
1111110001010111
0111100101001001
1011101110001001
0011000110000111
1001101010011010
0110110101001010
1010101001111001
0010000110101000
1101001001010010
0101010010100111
1001111100100001
0000011011110111
1101001001100000
1101101100000100
0001011110100011
0101001001000011
1111100101101101
0000010011010010
1010001011110110
1000011001111100
1110100010100110
1101010100011110
0000100110101010
0100011111010110
0101111000001111
1110011010110100
1101011010011011
1101100111011100
0011100110111011
1000001011010011
0100011011101001
1101111111001000
0100010110011001
0010110010110011
1111100001001111
0100111101011000
0001101001000000
0010000001101101
1000101001001010
0011100011111010
1000110110000110
0100110011011100
1110011100101010
1111011100111110
1011010110010010
1000000111110011
0011100010011110
1100001110000000
1011111101001001
0101111101100001
0110101100111111
0000101101011100
1011100000011100
1100111010000010
1100100101000110
1011100100111011
1010110100001010
0000001110011001
1110011110001100
1011101111000000
0110100100000011
0110011011001101
0111110110101101
0000100010101010
1011010101100011
0001011110001101
0100100010100010
0010000010000111
1000000110110010
1000101110010000
0000000110111001
0100001010001000
0000101011101001
1001001000110101
1000000100100101
1011111001101011
1011100010011100
1111010101100111
0110110101100110
1000100010100010
1111100100110001
1010010100011001
0101110011110001
1111101110101010
0001001000110100
0111111101011100
0011011110101101
0101010001101010
0100001111010000
1010101110011000
1001000110110110
0100110100001000
0001000111010100
0111111110100101
0000110101001111
0110001010011011
0001010000110011
0101000011011000
1001100000011000
0111010100111100
0010110010000101
1010101010110000
1001011001000110
1011110011010000
1111111001110110
1110111101000010
0010000101010100
1111000100100101
0010000100111000
0001100110010011
0001010001100100
0101100010010101
1100001010111010
1000000000100010
1100101001100001
0110001110101011
0100010010110011
1000001001011110
1001110101110010
0101000011101101
0000111101000101
0111110001110110
0111111111011100
0001100000000110
1111000111110001
1010001010110000
0100111111101101
1101110111010000
0100110000101000
0011101100011101
1100010001010010
1010000100101011
0110110000100100
1110010110101010
0000110110011000
0000000000011001
0110000000011011
1000000010110110
