0100011100000100
0000111101001001
1010000110000001
0101100010011101
0011001010100101
1010000001011011
1110001111010100
1000010111011110
1101111101010100
1001011110010000
0100111110101000
0110110010000011
0110000010000111
1010101000110010
1101011110000100
1010111011110010
1001100000111110
1111000110111011
0011100110101111
1000000001011011
1010011001001110
1001011100100100
1001100111110001
0011001100110001
0111101001100010
0011100111001101
0010100110111001
0110101110111011
0111001010110101
1011101010011010
1100010111001111
0000001110110110
0001010100111011
0011100001010100
1100110001110011
0001011010001011
0001100000011110
1101001101110100
1110110010110100
0111111000110010
1000010001100010
0000000001111101
1101010101100001
0110011101111011
1111010110101011
1110010100011110
1001000111100001
1001001111101101
1101111111101000
0110010111100100
1101011011110001
0100010110110110
0101011110000100
0001101111001100
1101110111110000
0000100001000101
1111111100001010
0001100010111100
1011100111000000
1110111111110000
1011110011000100
0111001111100110
0011101000111000
1100110011000101
0100110101000001
0101110010011111
1100101010010000
0000000001001001
1100011001111111
0010000100001111
0000001100101010
0010010011001001
1000111110010110
1010001011010010
0001000101101101
0011010111001010
1011100001011010
0010100100110000
0000100111111001
0010011000000110
0000000111111111
1010000011111110
0001110010001001
0011100111010000
1011100100000011
0000100111000000
0110011111100011
1101110010101100
0110110100000101
1111101010111110
1001010011000010
1101110100001011
0001010110010001
1110110000110111
1000001000011000
0100101100101101
1000111101100001
0110000000010100
0101110001110101
1101011001110110
0001111001000100
1100111011100010
0101101100011010
1010011101101110
1101110110010011
1110100111011110
1101100000011100
0101001000011100
1001101111000010
1101010100011110
1010111011011010
1010101101110001
0011000110001100
1101000001100101
0101010010010000
0011111111101101
0000000011110011
0100000011010011
0001010010010101
0000011101000111
0100110101011011
0001101110101010
0111101100110110
0101011011101100
0101011100101011
1101101001011110
1001011100100001
0000001010011011
1001110110011110
1000011100000000
0111101111100110
0110000000010111
1110100110110001
1110010100001110
0111111000110111
0100011111000000
0000101000011011
0100100100111011
1111111010000001
0010011001011011
0111111001000001
0101010101100011
1100010111100001
1100010110000101
0000011011110011
1001111110001001
0000010100100010
1010010100110100
1001111101110011
1010000010001110
1100001111011001
0011101011101101
1010111110001000
1000000001111110
0000110011101000
0001001001010001
0100010000100010
1101110000010101
0101011100100010
0000101100100110
1011110000011100
1010100000111110
1101100110001001
1001001100000110
0111010100111100
1111101100111000
1001000101000100
0101011000001111
1101011101101100
1000010100101011
1101011101111000
1010101100011011
1001010010110101
0100111110101000
0101111011110010
0001101011111101
0110100001100001
1111100110110100
0001110011001010
1110110110011010
0010010100000110
0010000110101111
1110100001010111
1000111100000100
0110000100011110
1100010000110000
1010000001100111
0011000000101111
1011100010001110
0100100100110100
0111001101111000
0100100101101001
0111010000110000
0000110010100001
0110101100100100
0010010101010000
1010100011001100
0000001110111100
1101100001000000
1110110110110111
1001110000110110
1111011010011001
1011011101101100
1000010001101010
1101011111111001
1111100011001001
1110011011010000
1111111000000000
1010110100111100
0101110000101101
0011100000111110
1010100101111011
1100110001101111
1101110010110000
0110010011001100
1001000100110000
1111111111100010
0011000000111000
0100110100100001
0011011111000100
1000001000011101
1100011000010101
1111001011011100
0101110111000110
0101001000100110
0011100111101111
1111011010010001
0010011000110100
0111001001001110
1000110111111011
0101011010111100
1110000111101101
1101010000101110
0001001010110111
1101011000110000
1010011111000101
1110010110111101
0101100101100110
1101011001001100
0111011110100011
1101110101010001
1001101111100100
0101000001111101
0110101110011100
1000100000000110
0111101000111001
0111110110111000
1011100101110000
1011100011001011
0111101111000100
1001001110100100
0011000010011111
1000110011001111
0110010000001110
1101100110111010
1100010001011000
0110110010110001
0011000011001101
0111000101011000
0000100000101000
0010101100101001
1101100001011010
0011110110011010
0100100001111011
0110000110111001
0101110010011111
1011101111110000
1000100000011110
1011000000100101
1101000001110100
0111100111110100
0001110011111101
1110001110110110
0000100100100000
0011110000000010
1000000000100011
0100010101000010
1001010101110000
0101100001001100
1100110011010111
0111011110001001
1110101001000000
0010100111101001
1100011011001011
0110010000101010
1011110110011000
1101100011001100
0110100011011010
0011011010011000
1011100100001100
0111111111110111
0000011011101100
0010111001001100
0010010101110100
0011000110110101
0001011110111011
0101110110000111
0011100101111001
1111110100111000
1010111111001111
1100110011110100
1001011101101110
0011000010110111
0101111010110000
1101111111111001
1101001001010111
1111001001010110
1111110101010110
1101100101100011
1100100100111111
0110110100111100
1000010011101111
1111111101101000
1111001101110110
0100000100000101
0110000111010000
1000101001001101
1001000001110010
1100100011011001
0100101001101001
0110000010001000
1011100101101110
1101011101010001
0111111010001000
1010000100000000
0101100000100100
1000001100110001
1001110101100101
0001000010100000
1111011010100010
0101011101111011
0001001000011100
1011111100011101
0010000110110100
1001101111010010
1001110001111111
1001010101000100
0010010110010001
1001010101111010
1100111101010101
1011001000000110
1010110100101111
0010000000010101
1010011101100000
1001110001010100
1100010110000001
0111000100000111
1101101011000011
0011001010001000
1001100111011001
0001111000111110
0101100001101111
1101001001110110
0101010010000001
1010001101101100
1110001101111001
0111101011111010
0010101010101011
0101001110101101
0001010000101111
0001100100010000
1101000101010111
1101110110111011
1100110101011100
0111000111110011
1110100110010010
1111010101111111
0011101000000001
1100110110000101
1001101101001000
0111100111100110
0111000011101010
0110000110110110
0101111110010101
0000100001010001
0000101010101110
0100011011100110
0000011100100101
1100010011101110
1000000010111100
1111100010001100
0100101000010010
0111001010101100
0110110100110000
0001010010001110
0011011011011101
1111110011010000
1000011100010110
0111001011111110
1111011101000101
1011110011011101
1011101110011001
1100101011100100
1101010101110000
1011011000101010
1101001001001111
1000100110000011
0000000001011111
1000011000101000
0110100011101001
0100011111000110
1001011010101110
1111011111000011
0111100000011000
0000001000000100
1010100010010010
1110111101100110
1110111001100100
0000010000010000
1101101001111111
1000100011011001
0011100010101010
0001100011100010
1100110010000010
1100100111000101
1101010001100100
1001001011000000
0111100001111101
1110111011011000
1011101111000000
1001111100001000
0111001110010010
1000111101010111
1010010001100101
1001110011111110
1010100111100010
1001110100010110
1110011011110101
0010100011001100
0100001000001100
1111010100101110
1101101010011001
1001110100000000
1100010001111100
1101001001111000
0011110111000001
0010011001001010
0111111010011011
1100011000001010
0100101101011001
0011000100011001
1101011001100000
0011001101101111
0010100100111111
1000101001111001
0101011010100010
1011110000110101
0000101100111001
1001101110011000
0110111011110010
0111100011110100
0001001010110101
0110011110111111
0001001000100011
1110110100111110
0100011100010011
1100011000011000
0110011011100010
0100000011110111
0000101100100101
1111011011111110
0001000111011011
0111001010100101
0001010001001110
1110000111101110
0101000000000000
0000000000000010
0100011111110110
0010110011111000
0111100000111110
1111011000000000
1111111100101010
0000010001000001
0000010100001101
0101010000101101
0001010101111001
1010001010101101
1101111101101101
0000010001011101
0111100001010000
0101101101010101
1011110011011100
1001111011111100
0000100001110010
1001001100001100
1010100001111011
0111010001101000
1001001111011110
1010000001000010
0110010111010011
1001110000001011
0001001110101100
0111010100100110
0010011010000001
1000001010111101
1011111001001011
0000011111000111
1110011011110101
0001110001111111
1101000111111011
0111111010110101
0110001011111100
1100000010010010
0111111110011100
0111111011100011
0111101101101010
0101110111110101
0101011100111010
0110010111101011
0000110111001110
1011010011110000
