1100000110001100
0001111111001111
1011011100001010
0001001111011011
1110100111111011
1011110110101000
0011101000110000
1011011110011101
1011010011011011
0110001001010000
1010010100111110
1110011000001010
1100101011001010
0111001111000101
1001000000111101
0110010111000101
1111000011010001
1000110111000100
1101110001001100
1011011101000000
0000101111001001
0101010001000010
1011110001011010
0010000111000001
1001011101001101
0010100010110000
0111111101100110
0100101001101001
1100110111101101
1111100001010000
0000101110010101
0101001001111010
0011110110010011
0011101100100011
1101101011001101
1000101101010110
1000111100100110
1111100010111011
1001111100001110
1011110011100000
1101011110101000
0100111010110110
1110110111101101
1000100101110011
0000111010101001
1100110001100011
1010110110110010
1000010110100011
1111101011010011
0000110110101110
0110101010111011
0001101010010100
0011011100011011
1101110000101100
1000100100100110
1010010100000011
0100001000110101
1010101011110010
0111111000011100
0000011001101110
0001101000001000
1000111001111000
1111101011100000
0100011010010100
0001000111111101
0000111010001010
1101111000011010
0110000101111101
0101111011101101
1001000001011000
1111100001100111
1000100111011101
0010101000100011
0011110001100010
1101001101011011
0111000010111001
0011110101000111
1111110011000110
0100010100100000
1011011010101100
1001100110101000
1101100000111101
1101011101000000
0011101011110011
0111100000100001
0101101100001010
1101000101010001
0101110100001101
0010101000100111
0110000001001101
1110111111000000
0001100001110101
0000111111101110
1111011011000011
1101010011011001
1001010111101110
1100100100010000
0101100010100111
1110111111100100
0001000101111100
1111111000111101
0111111110101100
0010101001011000
0001111011011011
0110000010000100
0111101111110010
0101010101110010
1110100101101000
1100101100100110
0010100101101001
1111100100000010
0010111110111111
1100110100000111
1111011011011011
0011000011110001
1010101101011011
0100000001111111
1001111000001000
0000001011010000
1110010101101101
1011111100001111
1100100101111101
1111111111110000
1000101011110100
0011101101010001
1010011111001110
0101111001011010
0010000010100010
1001101010001111
0011001110010011
1011010001011100
1011111111010001
0101111011101111
1000011101010000
0110010100010111
1111110010000101
0111100001111111
0011100010111100
0111010101100000
0110111000111011
0011011101101101
0100011100111101
0101001011100000
1101010010111010
1000110000000101
0101111110101010
1101110011010110
1011110001011000
0101111010011000
1110100011101000
0000110111111011
0110100110000000
1010101010010011
0010110100000101
0111011101011111
1110110110010100
1000011001010110
0101001001010000
1101100000001100
0110000001101100
1001111101001001
0011001111010000
1001111111101110
1100001100100111
1011000000010011
1110110101000001
1111011110111011
0101100011110110
0001110111101010
0000100010010110
0110011011000000
0101100010001000
1011100101011001
0100000110000111
1011101100110101
0011011001110111
1001011100100111
1000100100001100
1111001100110111
0110110001011101
1010011011110101
1010101000001011
0100110001011000
1011110001011010
0010011110111110
0110101111100001
0110111111100110
1010110110010101
1100110011100010
1100111000100001
1100001010001100
1101110111101101
0100001011000001
0010111110100110
1000101001111001
1000111110101011
0101001100001111
1010110111101001
0011101101101100
0001101011111100
0110001000110000
0011011110000001
1011001110010111
0001101100000001
1011000111110100
0101010100111000
1011111111100101
1011011001001011
0000000011110000
0010110110001101
0000010101010001
1100110010011010
0101011001110000
0101011011000101
1111011111010110
1111111011100110
0101101101011110
0001001110110100
0110101010100011
1100111001100001
0111100011011010
0011001101010000
1110100001101001
1010110011011111
1011101000101110
1000011111000101
1110101110011010
1110110000001000
1001011011110111
1011111111111111
1100011110111110
0010101110101110
0100101000011011
0001001110110110
0100000001100011
1010010100011111
0110010111011111
0110100100001101
0111011010100111
0001001011111011
0000111011111100
0011000101100100
1111001010101111
1100010000110101
0100110010101101
0001100100101111
0111110100110110
0110011001101110
0000001011010011
0011101111100011
0101101100001011
0011101000010111
1001010011010100
0000100001000111
1110111010001111
0000010010110111
0001101100110111
0001111100010000
1111001101110100
0100000000011101
0001011001111001
1111010000000110
0110011111111011
0011011101101001
0000110110100001
1010100110101010
0110111010000000
1000001000101101
1111010001111001
0000110011000001
0001110101010100
1100001101000110
1000110110111111
0110100001110001
0000110101010010
1000001100011100
0010000001100100
1000011001010101
1101110111110001
1101000011101101
1100001011010011
1101110111111100
0110100100011001
1000010011100000
1011011000000110
0100011101001000
0011000111010000
1101000110010111
0110111000010001
1101110011111001
0100001011110000
1101000001111001
1010111011101001
1001000110000000
0001111101010010
1101010001000110
0001000001001110
1000110110100111
1110001110010000
1010100111101100
0010000100000010
0011110010011100
0001011011101110
1011100101010011
0000001110111000
1101000011011011
1001111000101111
1101100011011001
0111000010000101
0000000001001011
1000110001000110
0100111001000110
1101100111111000
0011100101100110
1000001010100011
1100010110101011
0001001000101010
1101010001100010
1011111101001101
1011110001101110
0100011110010001
1100110001110111
0011000010100011
1000110110010011
0110000000110011
1101001000010111
0100011100001101
0101101101011110
0011001010111001
0000001110110110
0000011111100000
1011111000100011
0110001010000010
1110101000110000
0011111011011111
0110101001101010
0001111100000011
0001000011001011
1011000000101101
0110000111100100
1010010100010100
0011101010000000
1011110001110101
0101101101010100
1010110010111010
1000000000111101
0100111001000111
1010111100001100
1010101111010011
1111010101010110
0001110010101100
1000001011101010
1011101110110000
0110100010011010
0101011011111010
1011000101111111
0110010011101010
0001110111110100
1111111001101000
0111001001111100
0010010100011000
0101111111110001
0101000010011101
1111000101011010
1100010000110001
1100011100000010
0101001100001101
1010001100110011
1110000100110011
0000001100010011
1010110100011001
1001110100111101
0000110000100011
0010101110100101
0101000101011010
1111000100100111
0010101001011100
1010101101111000
0001101111011110
1001010010101101
0100001111011010
0000010001001110
1100101100011111
1101010001110111
1010010010010001
0111111110111011
1101111001000110
0100010110011101
0000100110011110
1100100010001110
0001110110100100
0101000111010100
0000110100100001
1101101101010101
0101110100111100
1110100100000010
1110101111110010
0100110010101000
0000101001001110
1110110111101001
0011010011011110
0100111010001100
1000111000100111
1001111011011101
1110110110100011
1111011000110011
1000011100001111
1010101000101101
0100111111000111
0000001010011001
1010110111001111
1000011100011111
1101000101111011
0111101001100110
1011111110101110
1000011010001100
0111010010110111
0000000110000000
0011110001100101
0111100011010111
1001100100101101
1000001011100010
0010101000000101
0011111000010100
1111010011100111
1110011101001111
1101111001111011
1001011111111011
0010010101010010
1011011001101001
1101010010101100
0111111100010011
0001100100100111
1111000011100000
1011110101011011
1000101110111111
1100111010100111
1000001010100010
0110001001101100
1000000110101011
1101100110010110
1100011101101001
1110010000110011
1011001100111101
1000101011000100
1100011001100101
1000010001000011
0011110000101100
1000100110101001
0011110000100101
1110101000100001
0100101000011110
1011001011011111
1001101011010101
0100110101001010
1011100011011101
0011100101111100
1101001110101000
1101110111111011
0010110100000000
1110010010101010
0110100010111001
1011110001010000
0000100010010011
1000000100011111
1111001010111010
0101111110101110
1000011000111001
1000001111010010
1110010100011000
0001001111001000
1010101110111111
1000110101110011
0110101011111111
0101101110100111
1010111100011100
0010101001101111
0011111110101100
0000101110100011
1010000011101101
0110101100110000
1100010000000111
0010111111011100
1000001000101000
0000010100001011
1000010111101111
1001100111110000
0011001100011110
1010000001001001
1110010000000101
1111011111001111
0010111001100100
0000111011010111
0101110010111010
0111101100110111
1010001011111010
1010001100101000
0001010101110010
0101011011001010
1110111000100110
0100110101110100
1101011111010010
1101111111000100
1010111111110000
0100111101110100
0111000111001101
1101011101100001
1000010010010011
0110000111001010
1100011011001110
1101110100000111
