0000001100010010
1110110111100000
1000110110011011
0010101001110001
0010000011010000
0111001110011011
0111111011111010
0011111110001100
1100100110010010
1101010010000111
0010100110010100
0101011111111010
0010101101010101
0000010001011011
0111101010010000
0110010111001100
1111001000000110
0001100000001111
1100000000100001
0001100010010111
1100110011001100
1100101001101110
0001101110011110
1010110011000101
1110011101000100
0111110001111110
0000010001011001
0100100010000111
0000000100010111
0000111110011110
0101100110100101
1100011100011010
1111111000001101
0100100011001111
0110011100000010
0110111000110111
0011111000101100
0010011100010111
0110000101101110
1011110000011100
0110000011110110
1000000011010100
0011001001010011
0010100011111100
1111010000101111
1111111011101110
0101000010001100
0110000000111110
1010010010010100
1101101110101001
1100000100010101
0100001100101001
1111011100110100
0111101001011011
0100101101000010
0010101011110011
1001100111010001
1101001010010001
1101111100101101
0110001010001100
1101101111010000
0001111100001011
1101110111101100
0000110000101100
0101100011101000
0100110101100010
1100000111011101
0010100001010101
1001100010101010
1001101000011000
0101111101001000
0010100101110010
1111011101001000
0010011001111010
1100110011000001
0001000101111010
0011111111101110
0101011010110110
0001010000101010
1111110101110011
1011001011010011
1110111111111010
0011000111000010
1111100100001101
0010000011110101
1111001101000110
0001000010100111
0000101011101100
0111000000011010
1110101100001110
0110001110001001
0000111110111010
1001011000011111
0100000111001010
0110110101001110
0010111011010010
0101111000010101
1011100100001111
0001001001101000
0100011001010010
1000110110001010
1000011111010100
1011111010001100
0001110100101100
0100101001111111
0101111010001111
1111111001101100
0010110101111011
1010101101000110
0100010111001011
1000101110111111
0001101011110001
1110010011001101
1000100010101111
1000100011101110
0100000111110001
1111010101110001
1001110011000000
0101100000000001
1001011010101011
0101110100001100
1001101011100100
1000011001011100
1011110100000110
0000000101100001
0100101001011001
1010001101010010
1101001011101011
0111100001111010
0010010011010011
1111011100011101
1111010000100100
0100100111100010
0101110011101000
1011110101011011
0011100001101111
1010011110100110
0000110101001010
0110010001111000
1011001010111001
1010101000000101
0010111010110000
0001110001110111
1101100111101100
0001010010100110
1010111001010111
0011100001010011
1011111011101110
0101011000000111
1010101111101011
0011010000000001
1001010111010011
0101011010011110
1110000000010101
1001111111101011
0011110101010011
1001110011011101
0111000011000000
0110110100100001
1010100000000001
0000110000100010
0011001001110111
1000101110010010
1011001000010010
0110001111010001
1100010110000110
1101000010111110
1101011000011010
1101111000001111
0100010000001001
0011100010010001
1010110001000101
1101101101110011
1101100001000111
0111100011011111
1110011000001010
0010111100111001
1000110101100000
0010000111000010
0000011010001000
1001100011101100
0100101011000101
1000011001011010
0011001001101110
0111110000000101
1011100011010010
1101110100110100
1111011110101011
0111101011101000
1011100011011011
1011011011011101
1100010010111110
1111100110001000
1101010111000000
0010111111000001
0101011100000100
1101010101101010
0000010011110100
0110101100010100
1111001011110101
1110101000100101
0001111011001001
0000000001010110
1110101101110101
0000011110000001
0100101000111111
1110000110001000
1110001001101111
1011101010101011
0010011110011111
1100001011101010
0101010001010100
1001100000010010
1010010101010111
0010010100110001
1010101101000001
1111001001001010
0100110111000110
0000111100100001
1011011111101001
1110011001111100
1111000110111110
0011000101010110
0001110111111010
1001000101011111
1001110100100110
1110010010111010
0111011010111001
0111000111000100
0100101100011001
1111001001000010
0101111110101001
1010100100010000
1001010100110000
0110000110111111
1110111000001100
1110111001101000
0000011000000000
0000110010011010
0000111100110000
1110111110111001
1011000000101100
0100110011001011
1001101111101011
0011100110100010
0100001010000111
1110110110011110
1001011110010111
1001001110000000
1110000001010100
1011110111110001
1001111001100110
1111110100110100
0000001111011110
1000111101100101
0001011100101011
1011001110011111
1110010101100011
1000001100001111
1001101011101001
0100010100110000
0101100001001110
1010100100010110
0011101100101001
0100011001011000
0010100010110000
0101110111100101
1110111011011010
0110001100111011
0000101000010000
0111001011110000
1110110010111100
0111000010010110
1010000001001001
0111101010000111
0110011111011110
1110001101111000
0001101001010001
0011100111100010
1111000101111010
1100001100111100
0111010011011010
1011011100001111
0001110100010101
0001111010101101
0000101001001011
0110000100101100
0000000010111111
1111000011010011
1101011111010100
0111000000110100
0111101100000101
0110100110110101
1110110101000010
1011100011001011
1000101101101101
0101111010011000
1000001010100000
1101110000000101
0110010000100001
0000011100011000
1100011000111011
0101110111101101
1000111100001001
0010010100010011
1000110000101001
0110010111011000
0111110011110101
1110111101111111
1111101111001101
1011011110101111
1100111001110100
0011100010101101
1010110100111101
1101110101011011
0001001001111001
0000000001011011
0110101110000110
0001101110111011
1101100111101101
0000001110000001
1101100110011110
0100100001100100
1100010001100000
0100101011001001
1100110001100100
1101000101110001
1110010101100100
0010111110010010
0000011101110100
1001111011010001
0110010110110010
0011100101000001
1011001101111101
1001100110011011
1001000111110100
0100100001101111
1110101100101101
1110100011011110
1011110010010111
0001111111010001
1001000011000001
1100010101011110
0101000010100101
1111001100010011
0110110011111001
0011111010000111
1110101110110000
1010001111000001
1101100010010110
1010011011100100
0011010010011000
1100101000111100
1101000010001101
1000000101111001
1001110101101101
1011001000110111
1100011010000100
1010001111110000
0110010100110011
1110110011010111
0011010010111010
0111000001010000
1000110001110101
0010101000010100
0101001001100101
1011001001000001
0110010101110111
0111111000111100
1011000001111011
0100110010101101
1001011101110101
0001110001100010
0001010110000101
0101011010111111
0111011011010100
0001111000001110
0011001010101110
1000011011100010
0001101010011111
0010011111010111
0101101110011100
1011011011010101
0010100001011101
1001010110010011
1100101000101010
0011101000111011
0100101110000001
0100011011101000
0011101000011011
0010011101101001
0000000000111101
1111100110100111
1110000110000011
1110111100110100
0011100111001110
0000110011010100
1111100010101111
0110001001011011
1001000011001110
1110000100110010
0001011101001111
0110100111110010
0110110000011001
0101110100000001
0111100110110110
0000001100000101
0010110011000100
1101100011001010
0101000000100000
1010001110011111
0001000100111100
0000111100110011
1101010010100111
1000001010110001
1011100010011110
1100011111010011
0010101111101110
0100101100110111
0011101010100101
0111000111001001
0011001001100101
0000110001100101
1110010100110010
1111101001110001
1001100110101110
0010110000111101
0100111001110010
0110100001000000
1101010010100000
0000101001100101
1010001001000101
1011100001010100
1111111011000101
0001010001111010
0011000111110101
1101111010110101
1110101101100000
0011111000110000
0000001000010010
1101001010001000
1010001101011011
1110010111000100
1001010101110100
1111101111001111
1111100100100010
0001110100101010
0011111111010000
1010110000100101
1011110110111010
0001011100000100
0100011110000100
0110000010110110
1001101111011010
0011100011010010
0111010101001111
0011110110111011
1000110100110000
0001001100100001
1011110101000000
1000010001001001
0000010111001100
1011011001101110
0001110110111110
0001010000110001
0001001001010101
1101100110011100
1101111011110010
1010101000111111
0110011110000011
1101010001111100
1100010100000111
0101111010111000
0001100101101111
0110101101111011
1110101101110001
0100011101101101
0010111101001001
1101000001010011
1010010110101101
1110010101001111
0111110101011111
0000010000110101
1011010001111110
0111111010001100
1111001101010110
1001000111000111
0100100101011100
1110100111101001
1001100001001000
0110101011110110
1110000001010111
0110000111101100
0001101111001001
0111011001001000
0011010101111000
1111110010100010
1111100111100100
1011111011111110
0101111101101011
0011110110110111
1011100001001000
1011011011001100
1110111000011000
1011110110011100
1010000010100101
0100111000011111
1001000110011110
1011010001111000
1111111111110111
0111110000011000
