0100110000111001
0101010001001111
1111011101000110
0010111000101110
1110000000011100
1000101001110010
0100110011010000
0101011011000110
0101101101100100
0100100100100100
1011101001010110
1010010011101101
0100010000111000
1011101111001011
0001101101100001
1110000111101100
1111110010110111
0101101100001001
1101110010000000
0111111101110000
1111101010010010
1000010110110100
0101111011101101
1111010010011101
0001111001001100
0111000111101111
0011110110000110
1001111101111110
1010111101011011
1100010010000000
0110111100101101
1000010111010101
1011001000111000
1011111000011010
0010111110111111
0110001101001000
0000011000101111
0111000011100110
1000011111000110
1001010100000110
0010111010000100
0100001111001000
1101001011000010
1010011010000001
1001100100101000
1011010110001110
1101010110000001
1101010000000100
1011010000110000
0100010011110111
1011011101011000
0101001011110011
0110111001111000
0010011000101101
1110101001010011
0101011100100101
1001000011011000
0011101011100000
0100101100100100
0001010111000001
0111111111100101
1101000011011100
0010100100100110
1011110000011001
0011011101001000
1000100100010100
0000011111011011
1001110000011011
1001111000000000
1101111000110110
0100000100100100
1110000110010100
1011101110101111
0110011111101000
0000000101001111
1001100101001111
1110100101011011
1100001100010100
0011110101001001
1000001101100100
1110111100111001
1101011010100100
0111000001010000
0000000110000011
1011101000110111
0000101100000101
1011101001110100
0101101100100110
1100011001110110
1001010101110101
1100010101000000
1111000110101000
0001001001110101
1000101101000011
0101000101000101
0011001011001100
0101010101010101
0011110001011111
0000010010110010
0000110011111011
1010001001000110
1010111000100001
1000101110111000
0111111010011011
1100001011011010
0101001001101011
1101111110001110
0010100010010011
0110111100010000
1101111101001001
0110110001110111
1110010010000111
1001000010011101
0110110001000000
0101001100011110
0100100000001110
1110111000011000
0101110100011101
0011001011110000
1010010100001100
0111110110101110
1100010010010000
1000100101000101
1001110111100101
1000100010111101
1010101101111101
1110111001110101
0110001111110001
1100011010000010
1011001100111110
0100001100001100
0010101101000111
1100100001001010
1011011011111001
1011000010100111
1110110110100100
0110101111100101
1100111101100111
0110011001111101
0101111010001010
1000111001001111
0001011010000010
0111011010011101
0011111111010010
1011110110000011
0111110110100001
0101001001101101
1111100111101011
0111111100111001
0010110110011000
1000101100101011
0101101001101100
0000010100000000
1000110000011110
1110000111101010
1001000101110000
1000101010111100
1111110110111100
1100001000101011
1101001110110000
1111000000110001
1001101000000101
1100010001110101
0100011001011101
0010101001110111
0100010011110110
1010001011000101
0010100001101011
1110101110011001
0100000111010010
0010011111100111
1011010101000100
1001110100011011
0010000011010000
1001100000100101
1101100011101010
0101011110111100
0001110101100100
1100110110010111
1111111111001010
0000111001101000
0001011010101111
0001101011000010
0001100100010011
1101000011110110
1010111011011010
0110100010100101
1110000000111110
0101010111111101
1110010011001110
0110110011100100
1111001000101010
0101110100001000
0011100010011111
0100001100101000
1101010010010001
0011110111011100
1011001000111111
0101000001010001
1101001011100010
1111011100110011
1111110000111000
0110000110111011
0101000110110110
1111111011111010
0011011001100100
1100110010001011
0101101111111100
1110010111110110
1101100110110111
0111010101011101
1101010100100111
1101000001101100
1011010010011101
0110100110010011
1000010011010101
0011100101011110
1010010110001001
0101011101000001
0110000001011111
1001111001101110
1010001010001001
0011111100011100
1100100000101111
0000110100001101
0111010100000110
0110111101110011
0011000000101111
1111011100101000
0111110100110101
0111101011101000
0000111111000100
0010111111011100
1111010110001101
0011101001001110
0001000001000100
1110001010111001
1011000001111000
1110011011100000
1010111110110100
0001111001001111
0010110000010001
1000000001000111
1100100110001000
1001000001001100
1110001101000011
1011100010111111
1110110110111001
0110111000111010
0001001101100100
1110100101110101
1000100111101001
1110000001000000
0110110111110100
0100000001110110
0101011110000010
1010000001101111
0100101100010110
1000010100111110
0011111000111011
0101101010100000
1000111111010010
0111110000111011
1100011011110001
0000100111000010
0010111000110111
1010111111110111
1110110010001110
0011100111000001
0110000011110001
1100011011100100
0110001111111011
1001111001100100
1111001101011100
1111101101011110
1110110001100100
1010011100101101
1100011100101110
1110011100100101
1111001010000110
1111100010100010
1001000011000001
0101010010110001
1010001110110101
1111111100010000
1001001000101010
1010010011010111
0110101110100111
1101001010000010
1011000011010111
0100100100111010
0101011001010111
0011111111010011
1001101111110101
0010110011001010
0000011011111110
1110010101100100
0101100100011111
0000100000111011
0101111101100000
0110101010001110
1011000010011001
0000100000001110
0101110010011010
1000001100111011
0111101001100011
1100110111011001
1000110010101110
0011100101011010
0010001001101011
0111110110110101
1011101010011100
0000001010000000
1111111000100000
0010100001110111
1110111000100001
0010001011000001
0111000100011101
0010011001000111
0010101011111001
0001011001001011
0100010111010100
1101111100010101
1010110010011101
1101000101100111
1100110010010100
1000010110101100
1110010100010101
0000111100100010
0011101010111011
0111101100001001
1011111100010000
0001101011010010
0111010110100110
1100100101001110
0001001010100110
0110011100001010
0111000011100110
0100010000111110
0101010000111011
1010100110101111
1000101000001110
0100101111101011
0101000010001001
0111111010100011
0110100011001010
0001011010011010
0101001100101010
0111111010100000
1001001010010111
1111110011001111
0101011100110000
0111100000001110
0111000000010101
1011001100101010
0011101100110101
0111101101010111
0110111001010110
0011001011010101
0110001000001001
1001011011011110
1101011011011011
1100001101101101
0010001000101101
0100001010010100
1100101010011100
0000000001101100
1010100000111100
0110100001110100
1110111000000010
1001100001011111
1000111101011011
1011001100010110
1101111100110000
0000100010000010
0010000111100110
0001100101111100
1010010111110000
0101010110010100
0001000100010110
1110000010101111
0100101110000101
0001110100010101
0001111011010101
0101000000011000
1010001011101000
0000011111000001
0100101001110100
0011010001110001
0011110101111011
0001110111000100
1101110010011111
0011111110100001
0100101010010001
1100001011000011
0101010100011001
1101110101010111
0001111010100010
0000010111000010
0101110100101111
1000110010010100
1110001010000000
1111010101000110
0100001111000010
0000010011011001
1111110111000110
0110111101001110
0000001101111010
0010110100101101
0011001110111010
0010111110110000
1001110011101010
1000000111001110
0010101001011000
1000101100111101
1000001001000010
1111101011111010
0101000101111111
0101001111010011
0000101011101101
0100111011100010
1100001100110101
1000111011101001
1110100010111110
1100010101001101
1010010010101110
1010100011110100
0000111000111001
1011100111100101
0110111001011110
1001001010001101
0000001111001010
0111111000110110
0110010000101111
0010110110001110
1100110101101011
0101111001100101
1000011111000111
0110001000100011
0110110000110000
1011101101101110
0000001011100101
0111010001001100
0111011101110110
0000101001010001
0011001111111001
0110010010100110
0001111110010000
0001000000111100
0000010001000000
1100111101101001
0111001011101111
0011010000100000
1001001010111111
1010111010110010
1001101110110000
1000110101011111
1001010110101011
0100010101001000
0110010000101101
1011011110000101
1000001110110000
1101101001111111
0101011100101111
1111010101100100
0101100010101101
0100110001010000
0001111101100111
0110110001110101
1000111101110010
1101010001100010
0110110100101100
1010101100011010
1001011110001011
1001010101001001
0010110000001000
0111100101010111
0101000101110111
0101110110100001
0000001000001111
0010111001011100
1010010111011110
1001111000010000
0001000000111010
0001100001110010
0001110000110001
0000010010000111
0101100100101111
0101011010001111
0010101110001110
0111100000101110
1011100001010010
0001000101100111
0000111110111111
0001000000010001
1001100001101010
1101110010101001
0110100111000001
1010111100010001
0101001010000101
1110111001100011
0010010101110010
0101111110101110
0010000010000001
1001001010110110
0111000110100111
0111000110100100
0100000010001011
0111001110111111
0100011001011110
1111101011101110
