1000001001011001
0111101100001111
0001110111010110
0101101111100110
0000011010101011
1000100100101001
1100100110110010
0100001110110001
1011111010011101
0110010011000111
1001000000001110
1111100001111001
0111001011100001
0110111111010101
0000111000101100
1000010111101101
0011001110000111
1101010001010111
1010000101000110
0011010010111000
1000001010010110
0001110010011001
0011111110101111
0110110110011011
0011110001011101
0010100110110010
0001001011111100
0010010001110010
0001110011001001
1011011100010000
0110101101011001
0101000111001001
0001011010001110
1001011100011110
0011000010010110
0000010011011001
0000001000111001
1001101110110000
1111111001101110
0110000010000101
1011100001110000
0001111010111101
1111100011110011
1110000100110010
0010011101101000
1001101111110101
1010111110111001
0010110100010110
1011011011011100
1001100010000111
1001100110010111
0100000001101000
0100111101000111
0110101000011000
1000101100101101
1000100001000101
0110000111010100
1010011110000111
0010110111001010
0110001000111001
1011110000101101
1001001111011110
1000111010010100
1011010010111100
0100110001001000
1001100000100111
1010000011001110
1001101011100011
0110101011101000
0011101110000101
0011100100000100
1100011110000100
0110111001010111
0110000110010001
0111111001110110
0000101001000111
0011001011000000
0110100100110010
1001000111101000
1101010000111011
0010011100111011
1110000001011111
1100000001110010
0010001010011101
0101110100010110
0101110000110000
1111001110100101
1010110001111101
1011100111010100
1011001010000111
1110011101001011
0011101001010011
0011000000011010
0011010100101100
1011010101110010
1101110010010110
1101110000111101
0000110010010101
1110010111110010
0111001011100111
0111101111100100
1100000011111000
0100010101000001
0101010100110111
0101001101101101
1001010101010101
1001010001010110
1001110101010101
0011001010111111
1100110101111001
0010110000001101
1010010010011110
1010001100001110
0011000010000100
0001101111101110
1101011100111011
1110011101100110
1010011010101101
0111110110001100
0001000111010001
0010000011001001
0011110101000011
1001110111011101
0101101001011001
1001111100110111
0011001111010110
0100000100111011
1011000001010010
1100110101000001
0111111001001111
1100110011000011
0001011000110101
0100111011110011
1000000111010111
0000010011101110
1000001001000100
1110100100011011
0011010011110010
0100101010110010
0010110011100111
0111100000111100
1011110100110100
0001011111110101
1100101010100110
1110010111100010
0001101001100000
0111010101011010
0000010111000010
0111101010011010
1110111001110000
1000000110101001
0001111011110101
1011101000110011
0001010100011100
0010100101001001
0111110111010010
1000001111100000
0110000000110001
0101110000001110
1001000101100010
1101010110100000
0110001111100111
0000000111111111
1010001100001101
0101100101110011
1001011011011000
1000100111100000
0101010100001001
0010001000101000
0001000110010101
1010110001101100
0001001110111010
1101110010101000
1110111101010110
1011000000010100
1100010000011100
1001010101110001
1100111100100001
0010010010011001
1000011101101011
0100010000111000
1110010011100010
1111000000100101
1000100110100100
0111011011100111
1001001100110101
0101100000011010
0111011001011010
0111101101110111
0111001100000110
1111101100100110
1010000101010111
1001101111001011
1110010001001000
0000100110001010
1100101001101100
1111000110111010
0101100011011101
1100000111110101
0110001001001001
1000011100000000
1100110001110101
0001011100110010
1111111100111010
0101011001001011
1111111011100001
1111011000111001
0011111011100010
1101011110010001
1011010111101001
0011000001001011
1110110101011110
1100100100111101
0101101010011100
0010110100111000
0111111011110111
1001011000100110
0101001000010001
1100111010001000
1010111100101000
1000000101001000
1001011001110100
0110111110101111
1100101110011101
0101001110011001
0010010000101101
0111001100101001
0110010101111100
1100001100101111
1001100101011101
1111101010010011
1111101001000010
1000111100001110
1010111100110100
1111101111101110
0101000101011100
1011101111111010
1100100000101000
0000010110011101
1110010111100100
1000110011011100
1100101010001101
0100000101110110
1111010110000111
1110001010000111
1111110001110101
1110100001011111
1010001011000110
0010010010010000
0010110001000101
1100110001101001
1011111111010111
0111001010010100
0001111101001110
1010010010001111
0000011010001100
1010111000011010
1101111010110010
1101111110111000
0011110001011111
0011000101010011
1010001010011010
0000010001000101
0100101100101010
1010101010011100
1101101010110101
1011101111001001
1110000001100000
1100111101100000
0000000100011101
1110001110111100
0101101000011001
0110011011101110
0011000010100100
0101010011110010
1101001101011101
0010011100011000
0000111010001110
0010000100111100
0010110001000010
0111110110010000
1010100001011110
0100001011110101
1111101101100101
0010101000100001
0010000110011000
1010010010010110
0011111110101110
0111111000101101
0101100000100010
0111000101110011
0101011101011110
1000011010101011
0001101110111100
0001001111110111
0010101001110001
0001000110101010
0000010010000100
1010001010111001
1110110100100001
1111110011001011
1010001000000000
0011101001101010
1011011110001001
1011000110111101
0011010011001110
0010101000001101
1100011000110010
0000100111111101
0011100000001110
0000110000000110
1010110101010100
0000001100001010
1111110011011000
0000110000100001
1001100111110101
1000011011100001
0001011110001001
1111101001101110
0110001000010010
1100000010100001
0110111101110001
0011100110010111
0010011010011111
0101100110000101
1010010001110111
1100101001101001
0100001011011011
0001011010001110
1110110111001110
0100111101100111
0100110010101111
1010101001011010
1001001110011001
0111100010011110
1001111110110010
0011101011110110
0011101101001100
1100001100101011
0011100000111100
0100011000001010
0100011010110001
0101010101110000
1110000101101101
0110100101001000
1111110001001111
0101001011010001
0101101011100001
1011101101001011
0001110101010101
0011100101110111
1110001101101001
0000001110001101
0111100010110111
1100110101011011
1010111100011111
1101110000100100
0110010000100011
1110001011111011
0100111010000001
0011001011111111
0001010000010100
1011011111111110
0011000010101000
1010010100101101
0001101110011101
1001010001111000
0011001010010011
1101010010001000
1010111101101101
0110000001101000
0011011111110110
0001010000100100
1001100010101010
1110000011101110
1010010101001010
1010000110110001
0110111101010011
1010101101111100
0000101101110010
0111010010111010
1110101110001110
1001011000001011
0010010101110010
1010010111110110
0111011001110110
1001100110100101
0000100111100100
0110101011110011
0000110100100111
1100110100101111
1110100000000000
1101010010101101
1101101001001110
0100111010111110
0101001000011001
1111110010011111
0000011001100111
1111000011000101
1111101101011011
0000111111101001
0101001011111001
0010011110110010
1001110010001111
1101110011111000
0110110100010010
0101110001010011
0011100110011100
0000011111011010
1111011100100010
0100100110111000
0110001011011001
0011101010000000
0101101011100111
1110000111001110
0011110010010001
0101011001110100
1001100110001110
0111100011110100
0001011100001000
1011000001001010
0101110001100011
0101000101100010
0011011110101000
1111111001111000
0100000010001010
1011001100111001
1000111100111100
1000010111111000
0001011000001011
1011010101101010
0000010111001000
1011010110110101
0000111001010011
1010010011100110
1100001001100111
0011001100011011
0100011000110101
1000011111110111
1011000110111111
1101111110010111
1101001111001111
0010010010110101
1001010010001011
1100101000101100
0011100101110111
0010000010011101
0101110111111011
0100001011100100
0011000101010110
1010100110011101
1000111011101101
0011100000011110
0011101011110111
1111000001100011
1011101101011111
1010101110011111
1100101100000100
0111110010001110
0111001011110100
0001100100000001
0100111110111110
1001011001001001
0001011001110111
1000110010011000
1111010010101110
0011110001010111
0110001101110110
0100101110100111
0011110011001101
1111000111000010
1110000110000000
1010100111001111
1000000010001010
1111011011111100
0011010110010001
0111001001111001
0100101011100111
1101101110100011
0011101001011011
1100110100000001
1101110000010010
1010101001011111
0001011011111111
1110101001000001
0000010011101010
1100100101111000
1000100000101110
0011011011011010
0100101001100010
1100000100111111
0011100000000011
1010000010111111
1110111000010100
0011100001100111
1111111010001011
1010010100101110
1101001101111001
0111010010011111
1011001101110001
0101000111100110
1101101011101001
0011010100111110
1011100000000101
1110110100111011
0010111101111000
1111000100001101
1111011100001111
0110011000010110
1111011001100110
1001111011110001
