1011111010011101
1111110010011000
1000000010011100
1111011000110001
1011001000100011
1111110110110100
1110101111111111
0111001110011100
0100101000000100
1011110010110001
1001100000000110
0000100100001001
1110001111100110
1110001101011001
0001001101010010
0101001111011101
1011111101110110
0001101010011111
0101110111100001
1100111001011010
1101011001011101
1101000101000111
0010111000000101
0000010101111000
1000000001111100
0100000001000010
0101110010111111
0000111010001101
0111001011010011
1100001010011010
0001110110101111
0010100001001011
0110100110100010
1101101100100100
0011011000111010
1000011010011000
1000010001100001
0111111111000111
0010000111111010
0010010110110011
1100110010110011
0101111000111000
0100011100001000
1110011100000101
1110001100101000
1001000000000101
0101010110000101
0011011100110111
1101100101110111
0000010110100110
0000101000001110
1110011000101000
1011010101000110
1001100101110000
0101100011011010
0011001010010100
0100111001001000
0011010000110011
1100101000111001
0001100100110010
1000010010111101
1011001011001101
1010100101100000
0111000011000001
1011101010101010
0101000001100011
1000011010110001
1111100110110110
0001001100010100
1111100011001010
1111101101010001
1000101100110010
0100000011101111
1110111011100101
0000011011101111
0011010010001000
0010110100000000
1110001011011001
0001010011010100
0011000111111111
1010011110101111
1100001101001111
1111000110010100
0000111100010110
1101010100000101
0110001010001000
0101011111101010
0110101111010111
1011010110111011
1111110010110001
0010101011100010
0000001000111100
1101110111011000
0100001011101111
1111100010001000
1011000001111110
1010010100001101
1101000100010001
1110100011101100
1001011000111111
0110001001100110
1011100010100110
0010000101001011
1110101011000000
0000000100010111
1011010100101110
1000000101010000
0001111001111011
0001000001110100
1010100111011101
0010100010101010
0000001011010111
0111010101110010
0100111111100011
1011001110010010
1101100100101101
0000101111001001
1011110101001011
0000100000110000
1110110000000110
1010011000110010
1011011010011011
0001000010101010
1010110101110110
0000011111111100
1111110001011100
1000010100010101
0010111110101111
1000101011010010
0010001001010011
0110000010111010
0000001111011100
1011010000000010
1010000111001111
0101011101011000
1011010010100001
1011111100110110
1011111011110111
1000000101001111
1100100010001100
1111000001111110
1000011001111100
0110000101000011
0110011110010111
0101100011010011
0011011011010011
1110011101001100
0101110100000010
1101011010110110
0111001101101110
0110011000010111
1000110000000111
1110100110010101
1000011011110100
0100101101001001
0010111000000110
0010111011110111
0100100111011011
1000101010110111
1011001011111011
1001101001100111
1000011011101011
0100000110001101
1001101010010001
0110011101001111
0101000011001011
0101101110010111
1000100010110101
0000001001100001
0110011010111000
1001011000000111
1100111110101011
0101101110000010
1000010000110011
1011110111011011
0110100000111110
0001001000010000
0110000011111001
0110100000101100
0011001000011110
0000000110111111
0110111011000100
1101110011101000
0111001011110110
1110010001100011
1010000101100001
0100011110011000
1001101000010001
1111000011000001
1110000000000000
0110111100101101
0001110001001010
0100100010000001
0111001000010101
1000000010101001
1001000011000110
1111001111110010
1010001111000011
1001001111101000
0101101101110101
1011010111001111
1011111111101111
1010011000000000
1110101001011100
0101111100100100
0011111010110110
1110100000100100
1110000101001010
1010101101100101
0000010010100110
1111100111100111
0100101011101111
0110110100000010
1011000101100111
1010001010100011
1110000100111110
1010000010000001
0101100101100010
1001100001101111
0110101101010000
1101011001011011
0101111100011101
0101000110111001
1111011000001001
0110010011100111
1010000110100111
1000010010111000
1000110000101011
0110101011001011
0000011011100101
0011111111111000
0101000000011011
1101110010111111
1011011010011100
1000000001010111
0111011010001011
1001000101101110
0011000011100011
1101111011101100
0011011111010001
0001111011110011
0011001111000100
1011000100100101
0111001010111100
0001101111101110
1000111110001110
1110000100011111
0111010100010111
1011101110010111
0001101100001001
0110000100100100
1010110000010111
1010011101010000
1110011011100110
1101110101110001
1000010011000100
0111100101000111
0101000100010111
0010100110110011
1010110101111100
1000100010101100
0001011011111001
0100000100001011
1001111101010001
0110011010110101
0111010101011100
0010111001011111
0101101101000110
1010100111001110
1011011110111010
1011010001101011
0000010100001111
1100010100010111
1101011100100000
1110010011000010
1000010001110011
0110001100110011
1110000100000011
1000111011010011
1000111000111000
0101000100111100
1000011010101110
1100101001000111
1001001011110000
1100001011010101
1111001110001100
0001001111011010
0001100101000110
1111100110110010
0101000111011100
0111101101100100
1001110101110011
1101001011110110
0100000011110111
1110010111000000
1011011000001010
0010100101110100
1011000000101111
1111011100011100
0010010110101101
1000000111100000
0001110001011011
1010001101110100
0101111011001000
1110000010000000
1110101110110101
0010101100010010
0000101000011011
0010000000010100
0111011110101100
1100111100101111
1111100001001001
0010110001001111
0001100110001100
0110101101111111
0000010110111010
1011001100101001
1011101001001010
0100101000010101
0110101001010100
0001110111110100
1011100101011110
0010000110110000
1100010100001001
1101010110110010
0010100010010101
1010101100011001
1110010110100011
0111101100110010
0011010111010001
1011110010010101
0010111111111110
1000010101001111
0100101111011000
1111110010010001
1000110010110110
1011001010010010
1011011011001000
0111100010111000
0010111001001110
0100011100010011
0011011010101000
0010001100111011
0101011110110000
1110111010110110
1001010001110001
0110001101111111
0111011001010100
0101100011010011
0000001011101010
0111001110000110
1110001000101010
0110110110110001
0110111010001101
1101110000111010
0000000101101110
0101100010100101
1100000110101111
0011001010111001
1111111101001010
1001110100001111
0111110010101101
0011010110011101
1001101010010101
0100110101110110
0010110111010001
1000010100000100
1000101101000010
1100000101101111
0100111000011001
0000111001010110
0110001001000101
1111100000000001
0111000010011000
1000101110101011
0001110110001010
1010001001000011
1101111010011100
0011000101101110
0110100000001011
1010001010100100
1011101010000011
1110010011000001
0101001101011111
0011110111001101
1001101100011110
0100101010110001
1100001001110110
1000111010111001
0101101101100011
1101000101001011
1000011010110101
1110011100100101
1000010100110001
1010111010001011
0110001000010010
0101001001110001
0100011000000111
1100110000000101
0110011010110010
0100010001001011
1110110011101010
1000101000010001
0110001010001011
1010111110110001
0010100101001100
0100000110000111
1100000010011101
0010110101101011
1010111110000011
0011101000111101
0001001001111111
0011101110001001
1111110010000100
1111111111100000
0101001001110001
0100101011011111
0010001010000001
1101010100010000
1111000000011101
0101110101101100
1101000110011100
0101001110111101
1011100110111001
0011011100010010
0101100001111011
0010100100111100
1100100010100111
1001001110011111
0100111100010011
1101011110100111
0101011011011011
0000110010111111
1101011000110000
0010101011000111
0011111001010011
0101111110000100
0011011110000101
0100110000011110
0101101001111011
1110011110010100
0101011101101101
1010011001101111
1101111111000001
1010101001101000
1001110100000001
0010010000110000
0100000101111000
1001010000111101
1000110011110100
0010000010011101
0001100100000011
1100011110111001
1010101010000101
1010000101110100
1101100000111101
0011111000001100
1011000100000111
0011001000101000
0100100000101010
0110011000111000
1001111000101110
1100100000101001
1011001011100001
0000011010001111
0000011111110111
0101000001011101
0000100111110110
1010011001010011
0010100000011110
0010101110010111
0000000010001100
1001011111001000
0001000100110100
1010001101100100
1010100110010111
0110001111010000
1000010001110110
1110111001000011
0001101010011110
0101100100011011
0101001100101110
1110110010110111
0011111010010100
0011100011010000
1101001100001111
0001100000001000
0000111010101101
0100100110010100
1010101101000100
1010001110011100
0011010010000100
0110110110011010
1110100011110100
1110001010100111
0011101011100010
1010111101001011
1000101101010011
0111001011011011
1011000010110000
0110110000111001
0001010011110011
0000101011110011
0000000100111011
1101111010110001
0111011001000001
1010100110001000
1100000011110111
1111001011001101
1111010010010110
1111101100101101
