0001010001010001
1100001010000000
0000101000001011
1010101001111111
0110001010001111
0001100001101001
1011000001111000
1011000001111100
1000111010001111
0110101001010001
1100000001011100
0001001001011000
0010101000001111
0110010110100010
0000111000010000
1101111000000111
1101010011101101
1100011111100101
0001001001001101
0000101100001100
0111000010011101
0101100110110111
0111111001111001
1000010001100100
1000111000100101
0011011101011010
0110000100100000
0010001101101110
1011010001001001
1000010101010111
0001011001110111
1000110111100111
0000000100011100
1110010111010101
1010110000101001
0011011011011001
1111011100001100
0011000001011011
1010001100010000
1000110011101001
1101010010110101
1011010000100000
0101001101001101
1000110001100110
0000111110100000
0110100110100101
0100011011011110
0001111100011100
0010100101111111
0000010110110101
1111101101001100
0001111101100001
0101100101110110
1101011111110000
0011000000000100
0000010111111110
0110001100001101
1010001010001111
1111101010110001
0101110011110001
0100010101100101
1010101100101110
1010111000011110
1110010110001011
1001010111000100
1101110101000001
0100110100000010
0001011001010110
1100111011110000
0011101001111101
1001000011011100
1110111010101101
0001110101111010
1100110000001101
1011000100101100
1110011001001101
1101111101001011
0001011110110001
1011100011011000
1001010111010100
0111000001001111
0011100001111010
1011100000110011
1100100111000011
0110000010111101
0100000111000110
1010111111010101
1000100001110001
0101110010010100
1101000110010010
0001101100000001
1000110110000000
0000111110011010
0001111111011011
1100001111001110
1000110110010101
1111111010110011
1111011110001110
1000010001111111
0110011011101000
1100010110000010
0111011110110111
1000101110010101
0000111111110010
0001100000001100
0001101110101011
1101001000000001
0010111101101111
0000111010001000
0001010010100010
0100010100111001
0011011011111001
0100011111010110
1010111101100001
0011100001010101
0001000110011010
0111110100010010
1111111110100010
1101010010010001
1101100001110111
0100010011001000
1011100001100000
1111001010111011
1001001101010110
0111101110100011
0111011011110000
1010000101001000
0000010110010110
0101111001110100
1110011110001011
1001100011000111
0011010101001010
1101110100110000
1100111101001110
0100011000001111
0000100111010010
0011101101100110
1101011110010010
0010001100101011
1010001010000011
0000100000001111
0100000100000011
1111000010011110
1010100110000100
0110000011001101
1011101001101111
1000110010010000
1010001111101101
0110100100110001
0001110011101000
0001111010000001
1110100000110011
0001000111011010
0000111111111011
1011110101001101
1111000011101010
0101011100000001
0001100110001001
1011011101110101
0000001010011111
0001001101001010
0010010001000111
1100100110100110
0011110110101101
0100011011001111
0011010111110101
0000100000010000
1000110101110111
1101100000111000
0000010001101010
0001111100010010
1010101111111110
0001101000001010
0001000111001111
1101111011101101
1001100000000101
1110011100101000
0110111011001110
0011011101100001
1001111100111010
1110000101001111
0000100111011101
1100010000110011
1110011100111010
0011111100000010
0001101100001110
1111010100100111
1110010000010101
0011101110101100
1110111011001000
0111011001010110
0000111000101010
0110001011111001
1111111011000100
0000001101110110
0001000011110010
1010101100111101
1110110101010010
1000010100101100
1110110001110111
1111110000011101
0110001010111110
1010000111001001
0100111000011010
0001001100111001
1000010010011011
1100111001001011
0000000011001100
1100100010011100
0011011000111011
0101111010000101
0011100001010010
0000110010111000
1101000101010111
0110000101001110
1010111110110000
1010001011100001
0011011000110111
0111000000011000
1011001100010000
1000000101000101
0011011001001010
0000010011011110
0010001101001001
0100011111000101
1100011111001011
1011011000001110
0001000100000001
0000101010110100
0001101110101100
1111000010110111
1110100101111100
0001001000110011
1010011011010011
0011000110100111
0000101011100001
1010000100011010
1101011100011101
1100101100110111
1110011111011101
0100010100100101
1100000011101000
1111110011010010
1010001101110011
1101011001011111
0001100101100010
0011001101101111
0010010110010011
0111010011111000
0011010001111011
1111010101000000
1110000010001011
1110000100111111
0111110111100110
1110100100101011
1010010000000000
1100101010001011
0011000001110110
1111111100100101
1001101101011100
0011010101010110
0010011010111011
1000010010111010
1000100010111010
1110111011111110
1011000000000101
1111010010110111
0110101110110011
0000100011010001
1100001100111111
1011100111001011
0101111111110111
1101110101101010
1011001100101011
1010000100011100
1100101111011010
1010100100001001
0111010101010111
1010101000101101
1001010100110000
1111000001011011
0010100101100000
1110111000010110
0011011101010001
0111001000010010
0100000100101100
0010000001010110
1111010100101000
0111001000010001
1000001001011000
1110011010111100
0101100101111011
1011010010111110
0010000101011100
1011010000001000
1000100001001011
0111010111001111
0111110101010001
1011011000000101
1010010000101111
1111011010010101
1011101100010100
0001110010110101
1110000110111110
0001000000100101
0110000110001110
1001001000011000
1011000001101010
0011101010011010
1010011110100111
0100011110101001
0101111110010000
1001100001110110
0011101101110010
1111000001100101
1000101011110000
0110101101011111
1110101011000011
1100010111110110
1010100101001100
0000010010100010
1111110110111111
1010110110010001
0010010000110111
1010010001111110
1001011110011000
1011110111010110
1110110010010101
0110011100010011
0000001101101111
0001000100010110
0001100101100101
0101100011011001
1111100100000010
1100101110100001
0000110001110011
1010110100011101
1001011101001000
0110100011011111
1001100100010101
0001000101000000
0100001110110101
0011010110000001
0001101010110010
0101001111101100
1010100100111011
0000111100111110
1100010110000000
0010110101000101
0100000110111110
1001100101011010
1101011101101001
1000011010100101
0010111000101001
0010011100010110
0010010000010001
1100101111111111
1110101011010100
1101111010011001
1011000000100000
1111101101001010
1100010101010010
0000001100010001
0001011001101110
0101000101111101
0001110010010101
1001001011111101
0011100110010101
0101001101101111
1010001110101000
0100001111010111
1111001000000000
1110100000001000
1101001101000010
0010111111110100
1100000101011000
1101010011101101
0010000011000000
0110100011000010
0100100100010101
1110010000110000
1001000001100110
0011001100000001
1000001100000111
1000001101110101
0010110101111100
0100100101111001
1110101100101011
1011010100000110
0010101000110001
0000000111110000
0010110110110110
0000011111001101
1111100111110000
0000010110001000
1011110000010110
0000010111010111
0000111101101011
1011111001011001
1101110001010000
0011001011010110
1100000010110011
1010111111010110
0011110010010111
0011100010101101
1100110001100101
1010000000101010
0111101011011001
1101011100100011
1100001011011010
0111111000000100
0110110001100001
0111000011001111
1101000101100110
1000101001010011
1101110010100010
1011110001001100
1111010011111111
0011110111000000
1111011110100111
1011000111001110
0010000100011010
1001000001010011
1110110001000110
0111011110010001
0010111001010001
0010011001001111
1110111101110010
1011000011001001
1110100011101011
1001010001010010
1101100101101011
1001100101100010
0101001111101100
0110001110010001
0000100101010111
0110001100100001
0001111110001011
0101011000010110
0100110100110001
0111110111010000
1110110100011100
0101100111000000
0011000010110100
0100001010000000
1001000110001010
1010111011000100
0101011011011111
1000111100000101
1010000010000111
1010001110010101
0011011000010111
0000001001101101
0000010001100111
1001110100010011
0010101011000100
1110011101011101
0010111100000100
1111110111111100
0000111101011110
0111010011001100
0000011101000100
1111110010001000
1111111001001110
1011011110001010
0110011110100011
0101011001101011
1101100110101111
1110100101011000
0001001111000101
0000010001010101
0011011101110100
0101101100111001
1000110011100100
1010011101011010
0010101101010110
0100001111001100
0100101101110011
1010010011100000
1110010110101001
0111001000000010
1010011010001100
1000010111100101
1000011100011000
0000101010100101
1100011001001001
1000011000001001
0000110011101011
0101100100110100
1001010101100111
0110010011100001
0111100111101110
0011011100111011
1000101001010000
0111110110110110
1001010111010101
1111110100100101
1101111110110100
0110000100001110
0111110100010111
1001100111000101
0011011110011110
0110100011100001
1110000011110111
1111101011001001
0101110111001000
0101000100101000
1111011010000010
0101000001001011
0100101100011011
1001101001000101
