0001110111110000
0011110001000100
1100101110100110
1001100101011100
0011010100000111
0100001100100111
0011011101001110
1001101001001110
1110001111110100
1011110010110101
0011111101110110
0111000110110110
1111111000110101
1010011110011111
0001100010100110
1010111000100110
1010100100010101
0011010111011111
1100000100110111
1011001111010011
0110000101000110
0110011111111011
0001110001110010
0001001011100111
0111011010010011
1001111111100001
0011011101011000
1100110110111100
0001001011111000
0100011010111100
1010110101001011
0111001111011001
0100000001001100
1101100000011100
1110111101011110
0110101111111101
0011001111100110
0001000000001111
0010001111010001
1010001100010110
1111000010001110
0011100010001100
0011111101111011
0111001111011010
0010011001100000
1101111011011011
0100010000100101
1100001110001001
1100110000010001
0011111010100010
0000100110001111
0010000010000111
1010110101000100
0001110011100111
1000001110111101
1011000101100111
0001000001011111
1010000011100011
0100011101010111
0110001011011000
1000111110001001
0111010110010101
1111110100111001
0111100001000000
1000100111111100
1010111111011110
1110100000000010
0000100111000010
1001101001011110
0010100111001100
1101001111010111
0110011110111000
0000001111010110
0101100110001110
0100000011011000
0001110000000111
0010100000011000
1110011110010100
0010100101100111
0000001011001101
1111110000111010
1000000010001011
1101111101110010
1111011010000111
0101100111011100
1011000001100011
0001011010101100
0111111111111110
0001001111111101
1011001000101000
0101011010110110
0001000000101000
0100000001110000
0111000000011011
1011111000100110
0011001101000101
1010010001111111
1100000101110010
0010010100100110
0100100000010001
0001110110011001
0001110110011101
0011001001111010
1000010111000101
0111101001010010
0101010111000101
1011111101011001
0101000010101110
1100000100111010
0011010110010101
1001110111110101
0011001000000100
1101111111101100
1000101000000111
1111001100001000
0111010001110010
1001100011001010
1111110010011011
1110000010100011
1101111000011001
1011101101111111
1011100100100110
1100100101011001
0111101100011011
1010110001011001
0011110101010000
0111101101100011
0110101101010010
0001000000110001
0001110011000010
1111001111001100
1001111011010101
1110011111011000
1010100110111010
1011010001110011
0000001000111100
1000101110011011
0011011010000001
0001111000000010
0010100011110100
0011011011110111
1001010000111001
1100001100110010
1000010010001111
1001001000001000
0001100110001111
0101011010001110
0011111111101011
0100111101110110
0001101001111001
1001010110101110
1110111110001111
1110110100001111
0101110111110100
1011110011001100
0110011110101111
1000100000001101
1010101001010010
0101001111001101
1110010010110001
1000101100011011
0110100001100010
1100010000110100
0001001100110110
1001000101110101
1111100110001010
1111011011101100
1101010011010100
1100111110101011
1001111111101110
1010010111100000
1100011100110111
1110100011001101
0111010111101101
0110111011101111
0001100111101111
0100011011010111
1111111010010010
0001010110101100
1100111010001101
1000011101110011
1001010100000001
1011101000010100
1001111111000010
1110011011010001
1101011011101011
0000110000110000
1110100011100101
1100001001000110
1100000010011000
1011001010010001
0101001110010100
1100001101001111
1011110101101110
0110001101111100
1001110000000100
1011100000010001
1101001010110000
0001000001101100
0111001011000011
1110110000000001
1010010110001100
1101011100101101
1010110001101110
0100000000100100
0100110100100000
1010101111011100
1010111011110100
1000111100101101
1001111000110100
0001100001110001
1000110001101101
1001100100111010
0010011001100011
1110101011010011
1000110110000001
1010101101100001
1111100101111010
0110011010010101
0011101011000001
1001011101101010
0010110111111111
0001100001111100
1100000000100000
1111111010010011
1010100111111001
1111010110010100
0111010011010100
0001111000001110
1111010010000011
1000100000001100
0010101000100110
0001000111111111
0110100111110011
0110011000100111
0000100010001001
0001000010000001
0000000101001100
1001010111101011
0101100101111000
1010001000001110
0101101110111110
1110000001100011
0110111110001011
1111110110101000
1011011100000001
1111100010101111
1100110111110100
0001101001001100
1100101000011011
1100000001000010
0100011010111000
1110000011111100
1001111110100000
1001110100100100
1010100000000111
0110110101111001
0000001111000110
0100000110100001
1110010010100101
0000100000111110
1110111100011000
0101100110011011
1110101101110001
1111000101100101
0101011011001101
1100011010111011
0000011011001011
0110110011100011
1000000100110000
0001100010001010
1110110110000001
1010111000100101
1110110000001001
0110001100101001
0101111010001010
0111011101011010
0110110000001101
1111101111110100
1011111010110000
1110111111100000
0100111101000100
1001100000011101
0000000010010010
0101001000111101
0100011100000000
1101111100010100
0000010110010000
1101010001100000
1101111011011001
1010000110101000
1100111110001111
1000101111110111
1001101110000011
0010011110010001
1001111100101010
0001001010011111
1110010000101000
0010011100001011
0010101011101001
1010101010110100
1111011111111110
0101110110101100
1011010101110000
0110010101001011
1111100110011110
0100101100101000
0100001010111101
0000011011101101
0110011100101110
0101000100000000
0000101100100011
1000100110010011
1000001011001110
0100101101011001
1111011111000001
0101010000111100
0000110011010111
1110010011100101
1000111110100000
1001000010000101
1000101010101000
0001000000001110
1100010010010100
1010010000101001
1011010001110011
0001011010110010
0000010010110100
1001000110011000
0111110000010101
1001100111011101
1000011101000001
1100110110000010
1110011011010100
0111001100010100
1000011011010100
1100101111110001
0101110001110010
1101110101001100
1110001111101000
1010010111001110
1110010011111110
0111111111010100
1001111010001111
0010111000000110
0001001110010000
0111001100010000
1111111111010110
0010001000101100
0111101010111101
1101101001000111
1111000101100011
1001110001111101
0100101001001101
1010000001011101
0100101111010111
0001111001010111
1110110010100111
1001101101100001
1000100000000110
1101111010110010
1100001101010001
0010001110110000
1110011010110110
1110110111100101
0010010001110100
1011000001100010
0110100111011010
0001001101101011
0111001101000011
0001110000100011
0011010111000110
0000110110100010
0111011101110010
1101110000001100
0100111000101001
0100010001001101
0010001000100111
0111111000001111
0011011110101110
1111010100100111
0111111011010111
1111011111110110
1011111011101111
1101100110011000
1101010011011011
1011101001101110
1001011001000001
0111101001001000
1001111110110100
0100111001010010
1111101000100111
1001010000000111
0000101010011010
0011000101111111
0001100010100100
0101111010111000
1110000011010101
0100101110010110
0101000110111011
0010111110011010
1001101100000010
0011100111101010
1111010111110001
1110111000001000
0000110101011000
1000000011000011
0110100100111011
1111101000001100
1000010111111011
0110000010010001
0001011101000100
0011001110000001
0111101111101010
1011000100010000
0010011001100000
0111000011110001
0000101000100101
0001001111101110
0000011011011000
1000100101000111
1010101110001011
0011110111001100
0000111110101011
1110100101001011
0011001101011011
1111110111101111
1001101010111010
0101110011000110
0010010000011001
0101101101101111
1011000110011111
1011100101101011
0000110001010101
0100101011011011
1011010110010100
0001010111111100
1101100100110100
0100101000110101
1110101111111001
0001101111101110
0001110101101001
1101010010000110
0110011011010010
0010010101100011
0101001000110000
1011001011001101
0001001011001101
0100101001111010
0000011110101001
1110010110001110
0010001011010011
1000100001001111
0010111001000101
0111001000010001
1101111000010001
1101101000100111
1001111001010001
1110011010100111
1010110101101010
0111110100100011
1101000110101011
0001001100010110
0111101001010000
1001100111001001
1000011010010001
0001100111001110
1000101111001100
1111100100100010
0110010010101001
1101011000011000
1100100011111010
0111101111111111
1001110110010011
0101010111000100
1101111001001010
1001100000001011
1111010010010111
1011011111010111
1001010100101101
0001101100101101
0100000101111001
0011111110111111
0111110110111000
0010010010110110
1111100101101101
0011010000010100
0010010000100100
0001100011000100
0001001100010110
0110001101110101
0101100101000011
0101110010001101
0111001111110101
0011101110111101
1011100000100101
1111010000001100
0100101010011100
1001110100011011
1010110001001011
0111110110010001
0010100111000000
0101111101100000
0101011000010111
1001010011101101
1011011010101101
1000011011111100
0110001010110110
1011100001010101
0010110011111000
0111110101110011
