0000101010110110
1110000011101111
1001110010111111
0011100011100010
0110000110111011
0111110110101000
0101011110000010
1001100110110001
1101101011110111
0110110000011000
0001100011010001
0100010111010001
0101100000101111
0011010100100010
1000110111111110
1010001000010001
1000111101111011
1001011100001011
0110101111001000
0111000011111100
1000001000100111
1000110010101001
1101100100010110
1100001010000111
0011101100111011
0101101011111001
1001010111011001
0010011100000110
1111001011101001
1010011010011000
0100010011111110
0011000010011001
1000111011011010
0111101000001011
0000110000000010
0011110101001010
0001011001001000
0110110110011100
1000000100111110
0011101101001101
0111111000111001
0100010011010101
0110001011011010
1011011000010101
1001001110010101
0111100011011000
1111010001110100
0011110000010010
1001000011110111
1001001011110111
1111001111010111
0100000001001110
1111011110100100
0011011011011101
0000101101100111
1100011101000111
1011100010000111
0010000101000011
1011010011001100
0111010110000110
0011100001110010
0111011111001110
0110011111110100
1101011111001010
1110001100110110
1000001100101111
1010111000110111
1010100000111111
1010001011110110
0010101000111011
1011000010101111
0011010001100000
1111101110111001
1111101000010011
0010101110010000
0010011100100010
0011100100010011
0111001100011101
1101101011110100
1010011010010011
0001010100010101
0110111000100010
1001001111010100
0101010100000011
0001010001101100
1110100011010100
0100011111000001
0001011000111111
1001100011100000
1101101011011011
0111100000111110
0011110111011000
1101001101111000
1100111100001010
1100011111110101
1101111010011110
0011110001000100
1011101101010001
0000001000101010
0010110111100011
1100010000010110
1100100101011100
0111101111100101
0000011110011010
1001011000000110
1110010000010000
0100000001010110
0011101101010000
1011110110001001
0000111000111110
1100001101011110
1010101000011011
0110111011100101
1111000101100111
0111100110110010
0110100101111000
0011000110001101
1010100101010010
0110110011111101
1011000110010101
1110110110011010
1100010010100010
0111010100111000
0011010101100001
1001000101001010
0110101100100101
0011011111101001
1101100001000010
1010000011011111
1110011111001011
1100111111110101
0101111000010101
0000100110101001
0100101101000000
0011010110011011
0101011001110111
0101001110100001
1101111010001010
0000100110001010
0010000100100110
1111000011101100
0111101111110101
1101010001001001
0100000010010001
1000111000111110
0101111101101000
1100111011101001
1011111100011111
0001111000110010
1000011001011000
1101011011010101
1110000110101001
0000011100011001
1000010001100000
1100111001101110
0011100001011111
1011101010101101
1101110011000110
0111111010110001
1000001001110101
0111100001001110
0010000101111000
0001111100111110
0110111001100100
0001010101101110
1010111000001110
0010011100111110
0101001010010100
1101101010101111
1000011000101001
1011101010001000
0100010001010010
1000110100101101
1101100001110101
0110101011100001
0010110000111100
0100101111010010
0111100011110001
1111110010111110
0011110101011100
0011111011100011
0101011001000110
1001010010111010
0111100111010001
0011011011101111
1110011101101100
0111110111010000
1010101100100100
1010100000101100
1011110111011000
1101100000110010
0111011001100110
0100110011100010
1000111101010110
0111101110100100
0100001111000010
1011001111101010
0101100101001010
1011100011001000
1000000000010111
0011001000111000
1001010110011011
1011100001100011
1010000011111110
0011010010111000
1010100101101111
0010010010010110
1111101100100111
1011101000110101
0100001001000111
1101100100100110
0000100010111101
1111011111011011
1100010111001111
1010111011010111
0100110100110011
1110011011110001
1010010000001010
1111010100111110
0010001011100001
0101101101100000
0101111000100000
1011011010110011
0100110010110010
1111010011000111
1001001000100100
1110100100000111
1110101110110110
1110010110011001
0100111011001110
1000100111111011
1101100101010111
0111110001100100
1110010110011000
0001010100100011
0010100010100110
1111110011011000
1110000100110101
0101000100100111
1000010111110011
1111010110011111
0010001011111011
1111101100110111
1000111101110100
0100101101101011
1110010110111000
0011000011001100
0110100100010111
1010001001000011
0101100001110110
0100011110000000
0010110100111101
0010000100000001
0010101011001001
0110100010011110
0000101011101100
1010110110110110
0111011100011000
0011000100110000
1010110010010100
1101011000100111
1010001101110010
0000010000110111
0101101101111010
1111010100101101
1100110011100100
0010001000101101
0001110111111001
1111111100000100
1011001001100100
1000000000101110
0111100011011110
0100100001100011
0110100001111100
1000000111001111
1110111101100110
1000100110100000
1100100111011101
0100001111100001
0000110001111011
1000011111111100
1011101010011011
1001110110110111
1000000111011110
1101101100111001
1001111101111001
1001100000110110
1110000010011001
1000011100111101
1001100111010000
0001010110010110
0101010001001101
1101101111011100
1111110010101110
0010101001100100
1111000100000000
0101010010111110
1101011000110001
1011010011100010
0101010000011110
1110111100001101
0010000001100010
1100011101000011
1110110001011111
0000110111100001
0010111010110100
1110110110011100
1100011110011001
0110001110110100
1010000000111011
0101011100110101
1101100010010010
0000100000111001
0011011001000110
1111000101001100
0011101101111100
1110011000000100
1000001010010111
0000011100000101
1100111001011011
0011001101001011
0110010011110000
1101100011111000
0001000101100010
1000111000010100
1011100101000110
1101001101110100
0001000110100101
1010111111101111
1000110100100101
1011011001100101
1110111001011111
0111100010110001
1000010000111000
1010010011111000
0100111110100100
0100001010011011
1000101011111110
0001110011100111
1111110110001110
0110011000110110
1100010001001100
0101101100101110
0111101011011100
0101010001110101
0000111010101011
1011110000110111
0100000000000101
0110100111110000
1011101110000101
0010100011010010
0001010000000010
0101110000110100
0111111111001100
0010110100001010
1010111000111011
1111001010000100
0011100101111001
0010100100111100
1100101111110000
0011001011100100
0011001111110111
0010110101010001
1010000111010110
1000110011111010
0110111001110001
0110110000110010
1001101001001101
0010000000111001
0000011011111010
1000110011100111
1111101111101010
1000001111111100
0011100010111010
1100010101011111
1100011111001010
0100110011001100
0001111111101001
0111000001001000
1010111010010011
1101010110111011
1010101101111001
0001111000001111
0101110110111111
1001101111000011
0100001001110000
0100111011110011
0001100110010001
1110011100000111
0100011111011001
1010010001010000
1000101100111101
0101101001000100
1011011101111110
1101100011101101
0000001000000011
1101110110011110
1000001101000110
0001100111001001
1010100110100011
0000010001101100
0111111100001100
1001101111110110
1000101111111111
1111111100100110
1100101100010111
0011101010111111
1011100001010010
0001011000001111
1111100011011010
0000010001111101
1010010110010101
0011010010110110
0010110011010001
1111000101111110
0110111101001110
1000011001111101
1100000010010100
1101010010010000
0100111100011011
0011000010110011
0110010111011111
0101001010111101
0110000110000000
1110000110111110
0100101001001000
0101000110010110
0010010110000000
1001011111011011
1011011110101111
1001011010110011
1100001110110111
0000011110111011
1001100011000011
1011001111101110
1110101010001101
0010110000101101
0110010001011001
1111001101110110
1001101110100111
1101001111110101
1111111000010101
1101010001101100
0001111111100011
0111100010101010
1111111010001101
1101110100100010
0011111110110111
0000101111011100
1111111011101100
0001010010110001
1010010100010000
1101001101101100
0101100101010110
1111001100110111
0100101001000010
1100001111001100
0010000101011111
1110101101001110
0000011111100000
0011100010000000
0110001000101010
1100101011100011
1000110001110100
0011101000010111
1111001111110010
0001101011010110
0010001010111000
1011101010111101
0010011000001100
1100100001111110
0011010000110100
0001101110000000
1001010111000000
1000101110001000
0000100111110111
1110010101001110
0110011111000100
0001010001101101
0010000000111010
0000111100010100
0101010011001110
1001100001110000
1100101111010110
1001110100010011
1010000101100001
0010010110011000
0010010001111110
1101110101010101
1001101100000111
1101011101011011
1011011000100001
0000011010111001
0111001110001011
0110000111100110
0001100111000111
0110110011100110
1100001001011001
0100101111000111
0111000011101001
0101110010010011
1010010110010110
1110111110111011
1100100100000110
1000001100001011
1111000101100011
0110100000010110
1001010100011101
0001001110100110
0111001101010111
1101110111111111
