1010001100010001
1100100100011011
0111001111011011
0101000010101001
1001101001001110
0101011011110010
1100110000110000
0010001010101000
1000110001100111
0111010001000000
1111111110100000
1011000111001011
0100011111011001
1110100110111110
1001001001011101
0101000000001011
0000010100011111
0010100001010001
1100101100110000
1111010010101000
0010111010010000
0100010001111101
0010011101010100
1101000100001101
1010100111001111
1011110101101111
0110111100000001
0010001110010001
0010010000100000
0000111110000010
1011000011011111
0000011001111001
0001111110000011
0101011000111100
1110110000100110
1001010100011101
1100001111101111
0010110101011010
0001001011110101
0000101000011000
0011110111101000
1111100111011110
1110000000011011
0110111110011101
0011001010101110
0001100001111000
0110010010000001
0011010100000000
1111000110001000
1100000000100010
1001100100110101
0100100000100101
1110001110110001
1011111100001110
1010001011110101
0110001011000001
0101111111111010
0000100011000011
0011001101100100
0011011100001100
0010111100110010
1010100010100000
1011011110101011
1100111001000001
0000110011000000
1110100001010010
0011001001100010
1110000001100010
0011000110101000
0000001110110111
1010110100101011
1100011110110001
1001010101001111
0011011011000100
1110010010010010
0000001010000110
1101111110011100
0111011011001101
0111110000000111
1100110000011100
1110110001000111
0000001101000000
1011100001000001
1111111111100100
1100100101010001
0101000101010001
0110101110011101
0100011101010110
1100010001010100
0101011101100100
0100111000101111
1001111010110101
1000000011011010
0010100101001011
1100100011110011
1110010110010000
1010111000100110
0000110110001100
0001010010110101
1110000011011101
1000101010001000
1110001000010111
0101101100001000
0100010001110110
1000100100000000
0101010011001110
1010001101000000
1110101010100101
0000000010010000
1010101110011111
0101110010100111
1000000000110110
0010010011100001
1010100101001110
0000010111111000
0100101101111011
1000011101010000
0011101011100010
0001011111100110
0111110110010001
0010000001110000
0101111111111101
0101001100011000
1010110010011100
0010011110000010
1001000001100001
0111111101011101
1110101000010100
0110101000000010
1110011101111010
1101010011000000
1101000000101100
1110010011101010
0000110000010111
0110100011001000
1010000000010110
1010001000111100
1000101010011000
0101110110110000
0010100111001000
0111111010111011
0111100000001011
1100011000000001
1110010001100111
1110011011000001
0001111101011000
0010011000000001
1001110010111110
0110100100011001
1111011111000100
1110001001111110
1011101101010000
1000100100011110
1011010110111000
1100101110001110
1001111110111101
1000010010110111
0100001010110101
1100001000011100
1011010011000110
0001011000100000
1010100000010100
1110001010111001
1100010011000101
0000001100001100
1100111011001000
1111010000011001
1101101010001000
0000111001001011
1010000101100101
1010111001100101
0111110110100101
1011011011001000
1111001010010101
0011010111101101
1010101000100110
1110010000010101
0110001111010000
1110111000000011
1000000101100101
0011001000100100
0000010101101101
0111110101011010
1010010111110010
1010101101011110
0000101110001100
0010111101010101
1100101011100100
0111111100110111
0001100011011010
1000101110110011
0110010001011011
1010101100000011
0100101001011011
1101101100011000
0010100000001010
0111111100100000
0111101100111010
0111110101110110
0010111111001011
1011100011100101
1011110101111110
1101000011010100
1100111101011101
1010001101101011
0000010101101101
1100010110110010
1000110110101110
0011001100111111
1011010111100010
0010101111101011
1111001011011001
1110010010001111
0111101010010100
1001010000100000
1001000010001110
0100100101111010
0001011000101001
1100111000011011
0101011101001100
1111101010110101
1011000001000001
0110101111100010
0110000000011011
1110010001010010
1010001000000010
0110111000100110
0011110100101001
0100100100101000
0011000101111111
1011101011111111
0010000111100001
1100110001011111
0111011011011111
0010111001101110
1111011000111011
1011111110100000
0010110001011110
0101100111000000
1010111011010110
1001111010111011
0000101101010111
1100010100010000
1110000010000011
0010001001100010
1110110100100110
1010000110101011
1010100000100111
1011001001100110
0110010001101011
0101001101100101
1110111100100110
1101010011110100
0110111000011000
1011100110100100
0010101100000110
1111011111101110
0010110101101111
1100001000001010
0000101111011111
1111011111100010
1011100001010010
0010010001111101
0010000111111001
1111100000110001
0011100001000010
1101001101010111
1100000100101110
0111110101100101
1110010011011010
1000110000011010
1100001011001010
0010101100001010
1010011000011001
1101010011101010
1100100111001001
0010010011010011
0111100101100100
0111000010011011
0110001111010000
0011111011000000
1011010110101111
0101100111000101
1100010000011010
0111110000100011
0100110001100100
0000001000111000
1110010001101100
1001100100011111
1000000110000100
0101101110001110
0001110001111110
0011110111000100
1001101100010000
0111011011100111
1010010101011000
1100010101011100
1111100001000011
1101011100010001
1010011101011101
1111010000100010
0101110100110110
1010001000010100
0111011110000101
0011110010101010
1111010000000101
0100010101111111
0010010010010111
1011111110101001
0000001101000110
1011111001001011
0100110011101001
0110111010101110
0101110010100101
1110101101000111
1111000111110011
1100110001011011
0001111111101010
1100010100100010
1000010010010010
1010101100110001
1000100000001111
1011111101111000
0110100111001100
0101010111100111
1111000011001011
0001100111001010
0110011101110100
1110110100000111
0011011010010000
0000011111111101
1011000001101011
1101111100010101
1101011010111011
1100000000111010
1110001001000000
1010111000101001
1011000100011101
0111101010101011
1011100001110111
0111011100000110
0010100101010110
1001010100101000
0011010110000010
1111000011010000
1110001011110000
0000010100101010
0010101010111011
0100100100100011
1001001000000100
1110100101101010
1010010010010101
0010100001111100
1010010101100010
0011000100011101
1101011101011111
0101111001100101
0111100000101001
1010101011100101
1001010010100101
1101100100111100
0011010010101000
0111010111001111
1010011100001010
0010001001000101
1011001111100110
1000101011100001
0011010111110101
0101011010100011
0000101110011010
0111010111001100
1101011011001111
0000000011110100
0111000001111110
0101110010101010
1000011111011111
1001110100010100
0001000010110101
0000101101011110
1010000110000111
0011110101010110
1001010011101110
0110100101110100
0011010110100111
0101011110011000
1110110001101011
1011001000000101
1000011001011111
0000100111111101
1001110100111010
1001000001010100
1100010010000000
1100110011100101
0001000111111001
0111101000011100
1110110111011101
1110100000111110
1101000000111101
0000100110011100
1110100000110101
1011100100101010
0100011111001000
1010110011111001
0100111000001010
1001110010011001
1010011100110110
0001010100111101
1111010001110110
0111111110110011
1100011000111100
0000010100011111
1110010011001101
0111111100000101
0111010110110101
1101010111101000
0101000001111011
0100100101100001
1001111010101011
0010101001010101
0011011011010000
1111111011110000
0010101100111000
0010111000010111
1101010011110011
1101000011011001
0110011010011010
0010110011101010
1001111110100001
0111100100010111
0000001011111011
0001010011011011
0010110010001110
1110001101000110
1011101100000101
1100001000101011
1111011101100101
1011000111100100
0000101010011001
1100111100000110
0101001010111101
0111100001110000
1110001111010110
1000000001101101
0010111010110010
1000101100100010
1001001011011100
0101100000100111
0111110110101100
0011100011100000
0010001110010100
1010011000011101
1100101011011001
0100001111000101
0101010010011111
0010111110110100
1101101001010010
0100001000100000
1110010100100110
1111111110110111
1010010000010011
1001111001110110
1011010101000111
0100100010101110
1110101010011110
1100010110011111
0011110001010010
1101111111011110
1000000001011100
0000110101001111
0100011100000000
1010100011100100
0001111010001001
1101011111010000
1010111110100111
1010100111011100
0110010000010110
1100001001111010
0111000010000011
1000110100001000
0001011101100010
0000100100010100
0100111011110011
1111000010100000
1101000101111010
0110011000001001
0001100110000101
0100100110011111
0001100011100001
0011101000100111
1110000110011000
1111110000101111
1100100011011001
1100101000010100
1110110001111111
1110111010010000
1000001100101011
0001111000111001
0001100000001010
1111000000001010
0101010000000110
0100100110100000
0110011000011000
1010100110001001
0011111100010101
0000111110111100
1100001110001111
0001101000101100
1000010010001101
1001000111010100
0110111001110111
1111101010100011
