0011111010011000
1101001000110110
0101000100010000
1011110001001000
1110011101000010
1000001100100101
1000000000000100
0100111000000001
0001110011011110
0101110001000011
0100100011110010
1010001110001100
1001111100011011
1100101011010010
0000110010101111
1001001010100111
1101110111011011
0100111110100000
1100011001101100
1011101011101001
1011101100000100
1010100001111001
1101011011000111
0101010001101100
0001011111100000
0010111011001110
1011111001011010
1000010110010110
1111010100010111
1011100100010100
1011111001011010
1000111110110111
0011101101010001
1011001000011001
0110101011010100
1000111100010010
0101011010100001
1101001001111000
1111010110011111
0011111001010011
1000111100101100
1101010001111101
0101000110101010
1010110100100100
0000010101110001
1001010011101000
1011000001111010
1000111011000100
1101011001101100
0111101010010110
0001110011011011
0011111100011111
0000101100100111
0111000001101000
0110011010001011
0110110101111000
0100000110001101
1001001010001010
0100000111101000
1110001001101101
0101101100100111
0111000110101111
1010000110101110
0111000000111101
1010000110111110
0111000101001101
0110101010011110
1001111010110011
1010111010111100
0110010010011111
0011111011110111
0001110011101010
0001010110111110
1101101010001000
1101011010000001
1111011001100111
0001111011000011
0010100111110100
1100111101001110
0010011001111101
1000011000010101
0000011000000010
0011111110101010
1010011011101110
0100110010110010
0011100111001011
0000110001110001
1011011111100101
0101011010011010
1000101100010101
0000010101010000
0001101011101000
1010000111101100
0000010111100100
1111001011000011
0101010100100110
0010101110110100
0111011110010101
0111000111010001
0111100001010110
0010100011100001
1000011100010111
1011111100001101
0010000100100110
1000111101010110
1010101000110110
1101111100011101
0110001100001101
0000110001010110
0001001001101011
1111001010011000
1110011000100010
1111110001010100
1111101111111101
0010111111010011
0100001101111110
1110111001001110
0101010010110110
0001011100001010
0101110010011100
0100000010001100
1011000100011010
0000001111000110
1000110011000001
0101001011011111
0101110011110110
0011010110111100
1010000011001001
0001101111100101
1101111100111000
0010000000100011
0111110000110111
1100000100110000
1000000010100010
1011010010011010
1101000101000000
0010111101011010
1110110111011111
0001010101101010
0000100000100101
1010101110111110
0101001010110010
0000010000111001
1010010011011011
0111010001000101
1110101111010000
0100101010101101
1110101010110010
1101110010011111
0101110111000100
0100000010110001
0011001010111010
1100110011001101
1111010100101011
1010101000010111
1110011111100001
0011010001001010
0110100101000000
0110011101000101
0101100111100110
1110111011110010
1101011110100111
1110001011101000
1101000100001000
0011101000111010
1011110111010110
0010110000101000
1101111001000101
1100011001010001
1001011001101101
1101010100111100
0010000011011110
0111010010100011
0001100100101111
1010100101010000
0011101111100010
0110110110101111
0000000111001001
0010111011001100
0101001100101010
1111011001001010
1111000010100110
0100011010011111
0000111010011010
1001000100001110
1001000011010001
0011101000110001
0101011010000000
1111100101011010
0001000000010101
0110110110000001
0001000011111100
0001110100000111
1111101001011000
1011110110110111
1001000010110010
0101001010000101
1100011000111011
1000111010100100
0100000001001011
0101111000000001
0000101111011101
0011101100110100
1000000101000010
0111011011001010
1011110101010000
0101100110111001
1111111111000101
0101000101110000
0001000010110100
0111001111110100
1010100011101100
1011011001010101
1000110110000011
1111010000101011
1011111111001011
1110101001010111
1110011111011111
0000001100101110
0101110100001010
1111110011010110
1000000001101100
0110101111110000
0000011001111110
1101111001010010
0111111011000001
0010101101000011
0001011000101000
1110001100011001
0010000101010110
1011100010100010
1101001101001100
1100110011100100
1011001010111000
1110001100010001
0100011101100101
1100011001111010
0100110010011011
0011010100011001
0011001001100001
0111111001111011
0100101001011111
1001010101110111
1100110000000101
0110111010000001
0100000011011100
1010111101001100
1000000010110000
0001011111110001
0100011001011101
1001001010011111
0001011111100110
0101000101010011
1111000011100110
1110100111011011
0010001100100011
1001010110100100
1011011111000001
1011010110100110
0000110111001000
0011101101100111
1110011100010000
1100101100001001
0101110000100011
0111000110011101
0101110010000001
0100110110101001
0101010000110011
1000110001011000
0001110100101101
0101000001100000
0111100010111101
1010000010011110
1000011111010101
0000001100100010
0000111000011000
0011011000010010
0000001011110111
1001010000011000
0100001011110000
1100111011010110
0001000001100011
0111010110001001
0001010100000000
0011110000100011
1011000000111101
1101110111011000
0011010011001101
1001101101100010
0001011110011001
1001100010111011
1101110101100110
0001001111100010
1110110000110011
1010011101001111
1011001011011001
0101111000011010
0101101011001000
1110010010100101
1100001110011110
1010000101000010
0011100100001101
0010111111110101
1010011101111011
1001000110101111
1001111011000111
0001010100010110
1011001001000111
1011000011100100
0100101100011001
0111011101110101
0100011110100100
0010000001100011
0100110000111001
1010111000000000
1011011001000011
0100010111110010
0111111010011001
0000011101000100
1011101101011111
1101011001111011
0001011010111011
1011000011100010
1010100101110111
1010011000001111
0010000110010010
0000100111101001
0001000011001010
1010000010101111
1000111011011110
0101001100000100
1001101000000111
1000001010110000
1100111111010111
0101001001101011
1111000111110010
1111110101000011
0101101101100010
1110101100000100
1101110110101011
1001100000000110
0010010101011000
0111100111111111
1101110110010010
1110110001011010
0110111111110100
0100100001111111
0010111110000100
0100111000001001
0100001011001100
1011011101111100
0110101110101001
1110000000001000
1111000101011110
0010000000001001
0010110001010001
0101110111100001
1100101100111110
0100110000101100
0000100111101110
0100010110101001
0001011010110000
1110001001011111
1011011111101100
0110110101101100
1010000111011101
0001011110111011
0101111010110101
0001001000001100
1000101010011011
1100111011000111
0100101111000101
1000010000011001
0111010000100110
0111011100111001
0100111110000001
1100110010010111
0110000111110100
0111010011010000
1010100100011111
1100010100010001
0011001101101111
0100101111001101
0010000111011001
1001110110100111
1000001011100010
1110011000100011
1111100110011001
1111001000011011
0010100111100110
0100111100100111
1010010000111111
1011011110010011
0110010101001101
1001001111110101
0111011101000011
1000000000111100
1111110100100010
1011010001100010
1111111110110101
0010110011101001
1111001111000000
0110111110101111
0100000101001000
0011101110100101
0010101111100011
1010110011101000
1010011100000000
0100010100000000
0011001010010000
1010000000110111
0100100000010010
1100101010000110
0010011100000001
0100000010000100
1101110100101001
0110101011010000
1101111011011110
0001101111011101
0110101011011001
1010101101001000
0000011101101110
0111111101111001
0100101011100010
0111010000111110
1001110010111111
0101110110111100
1010101101000101
1100000100111011
0101101110110011
1011000101101110
1111110101111001
1100110101110000
1001110001011000
1111111111001000
0100001111100101
0111110001101011
0001111101101011
1011001010111110
0010001001111100
0101000010001100
0010111011011100
1001111011010001
0001110000110010
1100110100110101
0000010001001111
0101011010100110
0000101011001001
0111100000010010
1100111000101111
1111000000110011
0101111110001010
0111010100111110
0101010001110100
0011010011100111
1110001110111001
1110111101110101
1000001110011001
0110100110010110
0010100100100110
0101111110101001
1010010100001011
1100101101111101
0110000100101000
0011001000001100
0010111110110001
1011101000001100
0100101001011010
1100000011010001
1010111101101011
1101110110001001
1100101000101001
0111111010100110
1010110100110000
1000101000111101
1011000100010011
1001000010110001
1111100111011011
0101101110010000
0101101100101111
0101110100000000
1011011000111101
0010101100111010
1100100100100110
0100000110011110
0001000111011101
0001111001111010
1100000100011000
0101011100000100
0100110111111101
0111011110101100
1110000110010100
1011111010111000
1001100101111101
1010111000000101
0001001101000111
0001101110110011
0011101111010110
0110100110101011
1000000010110000
0010101011000100
1100011100001010
0010000010011111
1110100011101011
0101111000111011
1100011101001101
1111001011100001
0100000000110111
0100110110100110
0101110101101101
1000110101001001
