0110111011001111
1001010100011100
1000010001101000
1100101110001110
0111010101000001
0010011100101101
0100000100100110
0011001110000011
0110001011011011
1110111110110011
0011010111100110
1101110110011101
0111100000000001
1001100001010110
1110100001010100
0010010010011100
1010101010111100
1110100110010011
0110100110111000
0010000001101000
1011001011001111
1011001000000100
1001000011101011
0011000010111101
0000011101101101
0010011001110011
0000000010111000
1101001001000011
0101010010001001
1011110000001011
1001110010001010
0011110010001111
0010110000101000
1111011100110111
1000100001111010
1101010000110010
1000011101111001
0000101111000010
1000001100001010
0001110100011011
1100110001010001
1111101100110111
1001000000111111
0011001011010101
0110011111100101
1010101111010011
1010011010101111
0100111010100101
0111010011110111
0101010000011111
1110110011101101
0100111010010101
1010100011111001
0000111111111100
1110010001001110
1100111111001010
0110001111100110
1101000011110010
0011010111110010
0011110010000010
1010010111111010
1111110111011100
1001011101001000
1011111111101001
0001000101000000
0110101110111011
0010111111000000
1101101100001000
0010100000100001
0011010001011010
0000010000011010
0000001101010110
1000000011010100
1101110001000100
0010111110011001
1110011000000011
0101010100101010
1111100011001110
0110111011110110
1101001101101110
1111001111010101
1000000010001000
1010101010010111
0011011110000111
0011000000101010
0101101111011101
1110010011101100
0101110111101011
1011001000111000
0111001111101110
1100001101010100
0010011101000001
0110001010110110
0000000010000100
1111101110010011
1111110101101100
1000010111001100
1111100011001101
0001011101001010
1010110111010101
1011011110000011
1111100001110000
0101111010010010
1001101001100110
1110101110101011
0111110010100100
0011000111101111
0001100010101010
1111101111100101
0000010111101110
1010011101101010
0001111101011000
1110111101000000
1001111101111000
1011100001011000
1110111100001000
0000110100000011
1110100111001100
1111101110001110
1110000100111111
1001100111101011
0100011001111000
0011110010101000
0101110111101111
1101100000001000
1000110111001010
0010010101111101
1100110001101101
0000100011010101
1100100100110101
1110001110100011
0101110011010101
1011010001110101
0101011110000010
0000100001011110
0001001101110111
0111001111001101
0001010101011001
1101101000011000
0101010100101001
0101000100110100
1101101100000001
0010101001111110
1010110100000101
0010001110100011
0000010010100101
0000001010111101
1011101011010111
0110110001000011
0001011110001100
0010100110100010
1010101111010110
0101011111011010
0001010100011110
0001011000001001
0110111011000001
1100100000111011
1111011000010111
0111110010001100
0000011101010001
0110001100110010
1111011011001111
1101100000011001
0010100000111111
1100110010110011
1011001111000101
1100000010100110
1111001010001011
0111011100011110
1011001101001100
0010000110000101
1011010001110000
1001111000011111
1111001000000110
0101011101111010
1000110111100010
0110001101100100
0111001011010110
1001101011000011
1001100011110000
0000110010101011
1100111000100001
1110010101000111
0101001001101110
0001011100000100
1111010010011110
0111101000110111
0110101100010011
1010000101100110
0110001101101010
1111101000100010
0100111101011100
0000100101110100
0011110110100110
1101011010010111
0011100000101010
0110010011101001
0000110010010011
1010000101111101
1010101001011100
0011110010001011
1100010001101011
0011101100000001
0010010000010000
0100011000111101
1100100010011001
0111001000101111
1000110000110010
0111111001100010
0010010101100010
0111110110100101
0011111010111011
0110011011110000
1110101111010011
0101110101110001
0111111100101001
0000111000001111
0110000111001000
1110010010010101
1110100111010000
0011111011011011
1011000101000100
0010001000010110
1000001111101111
0111011101101011
0110010100111101
1100010110000110
0010111010000100
1100010111110001
0010000000001101
0101101000010100
1001010010000001
0100100011100111
0001111010111100
0101101011001100
0011101110010110
0001000001010010
1001101111100111
0000010111011100
1110110111111001
1010111110001101
1011111101111000
0000101111010010
1000001110010111
1100100001000101
0000111000010011
0000110000011110
1100001101001011
0111000010110110
0000111001110011
0101100110101001
0110001011110000
0111110011000100
0011111101001001
0111010010001101
0111011101100000
1110111111000111
1001100111011001
0110110001011000
1000110000011101
1111111110111100
1000011101001011
0000011000110111
0001010000111110
0100000110111101
1000010001001011
0100100101111111
1001001001010110
1001000001011101
0010111000001001
0111111100001110
0000000101111001
0100100100100111
0000101100011110
0101100000011100
1111101101011010
1011111011001000
0000100111001001
0101111000011101
0011101100011001
1101001000010100
1111010001101111
1000011010111011
1001001110101101
0101110011101110
0011011110100110
1011000010110101
0101110000111111
1010101000101001
1000000111001100
1100001000010011
0001001100000001
0110011001101101
0111101000111101
1100000111001101
0101011011110111
1000101011010110
0000001011000111
1100010110110001
0101110001010000
0100000000100110
0110000100111011
0101010111011011
0000010001011010
0101001100100011
0000010101111110
0101111101011101
0010010011010110
1110101011100110
0111100010001010
0001100001001010
1001111111001011
1100000010011100
0001010101101110
1101111000010110
0001111111011110
1000101011100000
1101000001000101
1110110100110011
0001110101000000
1110110110100010
0100011001101010
1100111010000100
0000101010011001
0100000010010110
0111001011101010
1010100001100000
0011011011101011
0110011001100111
1111001110010000
0011011100010111
0000111010000011
0001100001100110
1101101110000100
0011110111010010
1011000100001110
0110111010101101
1001100101001011
0001001110110000
1111110101110110
0101010101100100
1110110010101101
0000111111111010
0000010001101011
1001101001100001
0011010110100110
0011000100010000
1100010101000001
0100101000010000
0101100110101110
0111110110010011
1110101110101000
1001100010000000
1010101100100111
1001010111010011
1111111011010000
1001111010010111
0001000101000110
1100100101111111
1000011000001000
0001011100001111
1010101001100101
1001111010011101
0111000000000010
0110110100110001
1000000100110101
1110110101011001
1101100111110001
0110010111000011
1100100101101000
0101001000110011
1100101111101001
0100110011100000
0011000010001110
1000110101101100
0111111100110001
1110011011011010
1100100000011001
0001111000001001
0101001010000011
0100101110001111
1110100100001110
1110101011011100
1000110101101010
1001111101010010
1010011010010100
1011111000001000
1111101000101000
1101111001010000
1000110100111111
0111000000101000
1100011100110000
0011010111000001
1001110010000101
1100011111000110
1100010110010010
0011111110100110
0001011011100110
1010100001100111
1000110110010111
0010100001010110
1010010111101100
0010111001100001
0011010010011010
1111000000011001
1100101101111011
1001010011100000
0100000010101010
0100100000010000
1100011110010000
0110110000000000
1101010000010101
0001111001000011
0110000001100011
1001011101001111
0111011011111111
0101100000011111
0110100110101100
1101101001010100
1011111011111011
0111010001110101
1110010110010010
0011110101110100
1011100110011010
0111011110010110
1111010101100001
1001101011110101
0010111100111010
1101100110100011
1101110001001010
0110011100111110
0110010000011110
1000001010100101
1010111100011000
0000101100000011
0010001010101110
1011010101010101
1110111010001100
1100101000110010
1001001111101010
1011011101101101
0001000000000000
1110101000111100
0010000111101101
1011001001011101
0011001000100100
0000001010110101
1100111001011010
1011110110111100
1101010100110110
0000011101101110
1100111001001101
0000111010101101
1001100110011100
0000011110011000
1000111101111110
1110111010110001
1011011000001011
0110000001010001
0110100010101101
1000100111100100
1011101111010011
0001010101101011
0100100101101101
1010110101011111
0011010010001010
0111101101110011
1110001110001010
0011001010010101
1001100101000000
0011100001101011
0000000101110101
0000101111101010
1110010101111011
0001101000101001
0011110000110101
1010100111001011
0010011100101000
1000110000000000
1000010010100001
0001010001000001
0000101010100000
1000101111010111
0100101101110101
0001111100001111
1101111100110110
1001111101011011
0100111011001111
1000110011111011
1111010000100110
0101011010111101
1001110010101010
1101000111011010
1011000000100111
0100000110101111
1011111001100000
0111000001011011
0001010111111001
0100100111111010
1001010111110010
0111111001001110
0010111001101001
1110011111011001
1001010010001011
1100101010010010
0000001101000101
0000101110011011
1000110101011111
0100011111101100
0000010001101010
0011111010001101
