1011001011101010
0100101100011111
0001111000100111
1000101111101011
1100110100100001
1001100010000011
1010000010100100
0100100001011100
0101010101010011
0101011100111010
1000001101000101
1101101111010010
0111111110101011
1010111101111101
1011000001100001
1101000000101111
1100000100001101
1101010100110001
0011110000001011
1010010101100110
0000111011100100
1110011010011101
0101000110001001
1101011101000100
1110111111000011
0001101100110111
1011001011010000
1111111101110111
0100101000001001
1000110111011000
1110111000110011
1100110111111000
1010111110001011
1001010101111001
0110010000111110
0110000111000101
1110001011111011
1001100011001101
1000101100000100
1011011110001111
1000011101111000
1101001111111100
0011001101110100
1011111111011110
0010000110101011
0010010101011011
1111010000001111
1010101000100001
0001000001100111
1101100001110011
1011110001110000
1100001001111111
0101110000101100
0110010001011000
1101111100111001
1000000001100110
0011011101011000
1110101010001111
0010100001111101
1011011011111101
0000110101111110
1100000111100101
1101100011101111
1111100010001010
0010011011000001
0111011011101100
0111000101111101
1011001010100010
1011011110011110
1100010111010100
1010111101110111
0100111010001111
1101110111110101
0111110001010101
1000010101001001
1101110000001110
0011000000000100
0100111101100101
0001110101000100
0001011100100000
1010001000010011
0001010000110100
0010111101011001
0100100001000001
0001111110010010
1011110110101111
1011111011111111
1111101011001010
1110011011100100
1010000000101011
0010101111110100
1001100011001010
0010010101101100
1110101010011101
0101011111000001
1001111011110000
1011101111110010
0111100111100000
0010111000101000
1001100111110001
0110101101100011
1000000110111001
1101011011010001
0000010100110011
1001101111110101
1111011000100000
0000000000000000
1010110100111010
0100110000111001
1111000111011111
0111010011100110
0101100110010010
1001111110000110
1101001110001111
0100000011101100
1110101011010010
0001110100100000
1100111000001111
0100000000000000
1011011011110101
1010111111110011
0110000111101101
0110100011001100
0101000100011101
1111100111010001
1110101110001000
0001101100000100
0110111000001100
0011101001110110
0111111111001111
0000000011010110
0011010011101100
1010001100100001
1100110010000100
1101011101001000
1010001001111000
1010111010101101
0010101101010001
0001111001101110
0001100101101000
1000010010011000
1111010000110101
0110000100010010
1101011110011101
0011110000110101
1101110001010111
1111101111101101
0100111111101110
0111011010110101
0000101001011101
1101010110111010
0010000001011101
1010001100100101
0100100011011011
0011100000110010
1111000111111111
0011000111101000
1000100100010011
0111000000100111
1001001101011101
1110000010001011
0011010001010010
0100100001010000
1011000000010011
0100101100001000
0110000010111100
1000100101110000
1110111110001111
1011001111000110
1100100111101111
0111001000011010
1100001011100101
0110101101011000
0010010111010110
0010111110111001
1011001000011101
0110000111100101
1111111100010101
1101101011000111
1010011010011000
0100001000110011
0000011111011000
0001100110011001
0100010000010011
1010000000100101
0111101000110000
0000110001011100
1101011011110000
0100011011000110
1110010000000101
1101111110101111
1111000111000011
1110001111110011
0100010111000111
1100000111001000
1001100011111101
0110011001111100
1101110100101110
0100010110110101
1111001001101001
1100000010011100
0011000011111001
1101001001101011
0101111001000111
0110001100001101
1011001000100100
0000100010000101
0010110010100100
1000101010001110
1111100110110110
0100000100011110
1110110010000010
0011010110101010
0111001001010111
0001010010000001
1001111001001001
1100111110010110
0100101100010111
1111011000001001
0011001011000001
0101010110111100
0011111011111100
1111101110101101
1000000111101101
1100001000100101
0110001110100111
0001001010010100
1001010111010001
0100101100111111
0101100000100001
0101100100001000
0010010101001011
0100010100110110
1010100010000100
1010101001010101
0001000100110001
0011111100101011
1100010000001111
0010011111111111
1011101011011010
1001110101001111
1001010111011110
1100011000011000
1100001110110011
0000010100000010
1101100000011110
1011111100100001
1010011001000001
1110011110110110
0011110110110101
0110101111010110
1000100101000101
0011011001110010
0000000101101111
1111010100100100
1110101111001101
0111110010101000
1110110100000010
0001010101101100
1100000100100001
0011001100011100
0100001000010011
0111101110111011
1111100101010000
1001011111111100
0011100011011010
0000010010110111
1111000010001111
1100111001000000
0100110001011101
0000110000111011
0100001100111100
1000110001011101
0111101001111110
1100011011011100
0001001010111001
1001111110011100
1101011011110110
1000001111101101
1011010100110010
1011010000110001
0100101101110110
0010110110001011
0010000001111010
1110011000100110
1010001010001010
0100010111010101
1110000111101110
0111001001010100
1011100111011001
0100000110001110
1011100000100111
1010011001111010
0110110111110110
1000110000000001
1101110111110000
1011001110111111
1000110100000110
0001000011110010
0101110001011101
1110111010110110
1101110110011110
1110001011101110
0111110111011110
0110110111000100
1111011111001000
1010100001101000
1101011111110100
1010001100010001
1101000001011110
0000011110111001
1100101100101100
0110000000101111
0010011100101100
1001110100010111
0101101001111010
0110001000100001
0101111010001000
1000100110101101
1110010000100010
0000111010001011
0101111101100110
0111111111111000
1111111110111101
1100100000111100
1111100011110100
1010010000011000
1111011010100000
0101001001000100
1011111010101011
1011000000011011
1110010100101100
0110111001100001
0001111100010011
0100000100001001
1001100011110111
1110010010100101
1011000111110010
1110001000111000
0011011100000101
0001001000100011
1111011100100010
0001101001101101
0000000111100100
1000010010100101
1001000001111011
0111110110101110
1110111001101101
1011011010111101
0001000110101111
1011110001010100
1111101010101110
1110000011000101
1001101110010111
0011001111110011
0101000000001110
0001011101000011
0000001100101111
0001001111100011
0101010100000110
1001010000111000
0111001101101001
1101111110110110
0010111110001100
1010001010011110
1010000001011100
0011101000000111
0100001101110100
0010011010011010
0110110101111110
0100111001110100
1000111111110000
1000111110110000
0011111110101011
1011100011001010
1110001000110110
0000101001110010
0111100000101101
0110110000011100
1000101000000101
0111101010011110
1000010111111001
1001111010010101
0010110001010000
0001111010001110
1011011010001001
1100011101110111
0010100011110011
0101010111001111
1101001100000110
0001111001000100
0101110110000101
1010001001001110
0101000011101011
1101011010001000
0000010010100101
1111011111010110
0001111101011100
1011011101110001
1110001110111110
1100110101000111
1110000000100010
1011101111001011
0100011011101100
1101010011010110
1100010001011110
1111000000011011
0000101110111000
0110011100000111
0001010110011110
0011000010001100
1010011110111011
0111110110001001
0100110001000111
1111101111000101
0111111001101111
0111000110000100
0011000110110010
1001010101101000
1110000010100010
0011111010110101
0111101100000111
0111110011011100
1100111111100101
0000000001011110
0001111100001011
0110100101010111
1100111000111111
1010111110100000
0011001101010010
0100100101010010
0010000011000010
0011011000011110
0011100010010000
0000010010001110
1011001000100101
1100101001011111
1000011010010010
1011101110100001
0111100001111111
1001110011001001
1010011110110011
0001011001101100
1010000110000010
1001001111111100
0010110011101010
1101001111100111
1000101101100100
1010100010010100
1110010111010100
0010100010001100
0111011000011010
1000110101000010
0100001000000000
1010100001111001
0001110011010101
0110101101010011
0001100110010100
1001011100000101
0000010100111000
0000011010110000
0000111100110110
0010000001111011
0010011001111000
1010110111101101
0111100000011100
0101011111111100
1001010110111000
1100101111000011
1011000001011110
0010100001010000
1011101010011111
1001100111111101
0110101010011011
0011011010000100
0100101001101011
1111101101001101
1111000100101010
0100110100000101
0010011110100100
0001101001000000
1010111100010101
0011011110101001
1000001000001111
1001011000000100
1011100000110101
0110111001111110
0000100110110111
1000111000101011
1001111100100111
0111001111010001
1111100110101010
1001010000111001
1111011010000001
1001011111111011
0001000010111011
1100111011001001
0110011010000110
1101100011000110
0100101101000100
1001101100100010
1111100011000010
0100111100110001
0010111011111101
0011001010011110
1100101101111100
1110110110100110
0010000100000100
1010000111100001
0000000010110101
0011010001011010
