1010110011000001
1111101110111001
1010110110000011
0001110111101000
0001100000000101
1100110001001101
0111101101011100
1110111100110001
0010101001000001
1011010110010011
1010101001101010
1000010010110111
0010011110001111
0000101100100100
1111010010100011
0101100000011011
0101101001101100
0001110011011001
0000001010011110
0011100001011010
0111110001111000
1100111100000111
1000110001000111
0101101101010001
0110011010110000
1001110100001011
0110010110110001
1101001111010000
0011001100111101
1110001101000100
0100100010110000
0001010000010011
0000001100001110
1100001110010000
0010010011010000
0110000111000001
1101011100110101
1110111010101001
0000110110001100
0100011001110110
0011011101010101
1100101110011000
0101110101111100
1010100000010001
1000001011111110
1011000111001110
1011101000010111
1000101111100001
1001000001001010
1111010110000111
0000100010000001
0100110101101010
0111011100101111
1001011100010011
0111100010110000
1001010000010111
1100010011001111
0100101110010101
1111000011000011
0010010001101011
0000110101000111
1001111101111110
1010010101000011
1101000000111110
0011110111011010
1100000000111110
0110100000001110
1000110011101101
1100111110010001
0111110010111010
1110010010110010
1011010100001101
0111101011010100
0001001011111101
0000000000111001
1101001010100100
0101001001000010
0100110101010111
1101100011001011
1110111001100100
1111000010100010
1100110000000100
0010010001010101
0001111000011011
1100101000000111
0001110000100000
1100011000010111
0011110011010111
0000100100010001
1000100000000011
1110110111111011
0101000010101011
1000001100111011
1101001011001001
1001011100010011
0110111101011011
1000100000010011
0110011101101010
0110110011110110
1101111000011101
1111001011000011
1011000100111101
1001111110111111
0110110100001011
0000001110001110
0000011111111101
0100110100011000
0101110000000000
1111101110101111
0011001001100100
0001111000011111
0100010101110000
1000100111010100
1000001010001101
0010110111000000
0100010001001000
0000110100000001
0100101001111001
1101000011011101
1110001100010100
1100001111001110
1001011110101000
0001011011111010
0011110011000000
1101011110101000
1010111101011100
1010101101011000
0000111000110110
1100111100000101
1010110000101010
1010111000101001
0011001101001001
0110100110010010
0000001101000011
0011011110100001
1011101111001101
0110000101110101
0101110001111111
1000110101000000
1110010110100111
1111110001001101
0001011110000110
0101111001100011
1011110001100111
1110111010110111
1101000100010011
1010100011000101
0111001111010111
0010000100110011
0100101001101001
0110100111110010
0010100001100110
1000100000111100
1111110000110110
1000001001111100
0100001001001110
1110110001011111
0101111011111000
1110011110111111
1111101010001110
1110010111001010
0000110111110111
0010101101110111
1001001001110011
0001111111110000
1110100001111101
0000110011011000
0100000000000111
0101001001001101
1001110100110001
0011001011000100
1011111000101010
1001111001101011
0000001000101010
1111101111100000
1000000100101111
1011011001000001
1010100100010100
0000100011011011
1101111110011011
0011110001100101
1011100101010111
1001111000001001
0011010001000001
1100001100100100
0000011110110000
0000010010010000
0001111000100111
0100000000100010
1011000111110101
0101001111001011
1101111110001110
0001110011111011
0010001100110000
1010110101000001
1100000001100101
1000011011101111
1000000101110101
1001110111101001
1110110000100000
1001111010100011
1110100111010011
1100011001010011
1000011100100001
1010100010001011
1101110111111001
0101001101001001
1111100100110110
0100101110010100
0111000001111010
1100100000101001
0100010001110111
1110100001111100
0110101000110000
0000001101101100
0000100011111111
0110001001101000
0110000111010010
1100011100000000
1010001000100010
0100100111101100
0111100111010000
1001111101001110
0000010101001010
0101001111010100
0101011101101000
0001001110100010
1110010101110010
0000110101011010
1100111100111101
0110001001111011
1111011000000011
0001001011101011
0000100000000000
0011011111000000
0100110110000000
1000101101010100
0011000010100111
0000000011101111
1100100000110001
1011100001010100
1010100101100010
0001001000100100
0110010110110110
1110010110111000
0101011000001010
0000111101001000
0011010011101101
1011000101110010
0100010000011001
1011100111011011
1000111110100001
1110011010110000
0011110000110110
0111010100111011
0110100010010100
1010010111011010
1011010100001110
0000001101111111
0000110101101000
1101101001000111
1101110101101000
1101101011000011
0111101001101111
0101010101000100
1111101010000010
1110000010101101
0111010111110110
1000110100011100
1011011101101011
1000011011001101
0101100000000000
1110000011001010
0000100101001000
0111010010101100
1101000011101111
1111010111111110
1011001001100111
1101100101010000
0000110001100000
0001100001110100
1110000000111101
0010111101110010
1001111010101000
0001010101011111
1111101010100100
0100001001000101
1111101111101100
1000110100000010
0100100010100011
1001000011100100
1001010110100000
1110100100000100
0000001100110110
0001111100110100
0001111111111100
1101111110100111
1110010101111000
1000101111000110
1101011011001000
1010001101110001
1000011001000110
0010000001100101
0101111101100110
0011011111010011
0000001111010011
0010101011110101
1001011101110111
0011011101001100
0111110000111100
1011111100001101
0010000111001111
0110111101100010
1111110010100001
1110010010001111
1111010011111111
1000110011101011
0011000000000110
0000000000011000
0101010101011110
1001100111011010
0000111101100000
1001010011001001
1011100101010001
1100001110011111
0011010011111101
0001101100101011
0010001001100100
1100111110000101
1011011110010011
0011110100000000
1111011100000110
1111110111010110
1100111010000010
1100100101101101
0001000101111000
1110001111001010
1010100110001101
1000000010101111
0111000100000011
0001111011110011
1110110100000010
1111001110110101
0001000010110010
0111011100011010
0110101110001101
1001001111111111
1001111100011101
1110010000011100
0100110101001100
0100010000001001
0010001111111011
1000101010010111
0111001001110101
1101101000010010
1101010100100001
1001111010010100
1000111010101001
0101111101011101
1100011100100111
0110010110110101
1110100101001001
0101110000001000
1001111001110101
0100010101010111
1100011000110100
0110100110100000
0100000111001101
1110101100001100
0110000100100101
0111101000111110
0010011011111101
1100001110111010
1010010010101111
1100101001100101
1110010010011100
1111001000000110
0110010110100100
0111010000100010
0100000101010011
0001110101001001
0010101101001110
0011000000000101
0000101001111011
1101111101000110
1011010011100001
0110000100010000
1010010100100010
1111010001000001
1001001000010000
1111101110010000
0000010110011110
1001110101000001
0001100111010000
1110100001101101
1000100111101111
1110110101011101
0101011111100111
0101011100011101
1011110110011111
1000101100010111
0110100001010010
1000100110010011
1000011011000010
0010011001110101
1111001000000100
0010101000101111
0011100101000000
0100000101010010
0011110110001110
1111101110110000
0010111111101111
1110010010000100
1100111001010001
0000000111100111
0101000000000101
0100100001000110
0010000111000000
0000111111101011
1011101011011101
0101111111110010
1011110100011000
0010001101100100
1110111101110000
0111101100101010
0101011001011011
1110111000100111
1010001010011110
0111110001110010
0000101111111011
0001101110011110
0111011011010100
1010101000110111
0000100011000111
0111010110010011
0000110001011100
0111010001010111
0101110111101000
1001100011100010
0110100010000001
1010100011111011
0111111111001110
1000111010110111
0010000110100101
1011111110011101
0001011110010111
1111111101100011
1101100010000000
0111001000011110
1110100011011101
0101100011011110
0011110000100000
1100110100001001
1110011001011001
0010111010100110
1001010011111000
1010101010100111
0001101111011011
1110101010000100
0110101010111010
0101110001100101
1110010010010001
0110010101110111
1010110111011010
1000011110100001
1110101110011010
1010110101110000
1110010111000101
1110100110010011
0000000111100010
0010001010111000
1000011110111111
0111011110011101
0100001101001000
1001011000001001
1001000011110000
1011010111000011
0010000000111101
1101000110011010
1110101101110010
1111100010110100
1000001111000001
1110000011000100
1111011110111101
0101111101010000
1000000110001100
0110111011110011
1110011011011011
1111001000100010
1101010110100011
1010001011101111
0000111100010101
1010001011111111
1111001000010100
0001101111100001
0011011100111110
0011110001011011
0001110111010110
0001000100010110
0000001011001001
1010000101100100
1111001101000101
0111110011100011
0110111010111101
1010101010101111
0101101110001101
0011010001100101
1111001110000101
0000010010111100
1011100101111110
0110100010010110
