1001010010001010
0001010111111011
1010100100101010
0101000100110111
0101111011101110
1010011010111000
0100010110110111
1100011101111101
0110111111010000
0100001000000110
0011001011010101
1101111110111011
1100011010010111
0101100010001110
1111011110001010
1110111010101111
1100100001001011
1101010100101011
0111110101110101
1101100101010001
0010111111100011
1001001100010101
1111110101101101
1010010101001100
1011101101001110
1001001011110010
1000010111111010
1001100100101110
0010011111001101
0000000101000101
1000001001111110
1001011111011001
0001101001111011
1010100010100000
1110010001111010
0011100111101111
0000011011000011
1000001000101101
0101111100001000
0000000010001100
0000011011101101
0110000001011011
0100000100110110
0010111001011110
1100101010111110
0011111110001100
0100100001110011
1100001110100101
1010010010001010
1111110100011011
0101010101001100
1110100001100001
0111011110001111
0000110111111101
1010000001101010
1100011111001110
0010011010101000
1101101111110110
1111011011101111
0011100111101110
1111100100000010
1100010010111110
1100010010111111
1001110010001010
1100111001100111
1101101010011101
0000110001100011
1111000011110010
1001101110011111
0100011001101110
1001000111101000
1001110101111000
1111001111111011
0001000000101111
1110111100011010
0011011000110110
0100110000111100
0100000110101000
1100101111010111
0111001010110100
0001111011111101
1000001100000110
0000000001100100
0100111101100111
0001100111011010
0101110011100000
0010011111110011
1111001110111100
0101011011001100
0100000011010101
1011110100101010
1000010110111000
0001101110011011
1111001111100010
0001011011010001
1011000000111001
1000110001001100
1010111000110101
1010100001010111
0101111101011110
1100101001111000
1010000101100000
1011111111100011
0111010000001101
1000111101000111
0100010101111011
1001101111100100
1000000000000110
1000110100001100
0111000101010101
1010000011001000
0001010101100011
1101100011111010
0100101000001100
0100001001001000
1000000001110101
1111101010000000
1000100011001110
1100110001001011
1000100010010100
0101001111101000
1010101111011010
0100001010101000
0111010010011011
0111111001110000
0010110110001110
1010011011110110
1101000110101111
1101111010111011
0011010001001011
0010000110011011
1001101011001001
0001100100100001
0100100000110001
0011011010000010
0010110110001010
0000100110011001
0011101010000010
1011001110100010
1110010101110111
1110111110100101
1100110111010001
0111000111111011
0011011100010000
0100110111000101
1100000001011100
0100000101000000
0100101101101010
1110000000011101
0001101011111111
0010011001110011
0111101010101010
1111110110101100
0101100101111001
1010010110110010
0101111010100001
0100111101101100
0000001001001110
0111001111111001
0000101010111110
1000101110010110
0011111001010000
0011111000111011
0110100001010010
1101110010110110
1111010011001111
0101100100111001
0011101101011111
1110000110001011
1010011101100010
0010000110111111
1001111001111011
0111101010010001
1100111001110001
1000100111101111
0010010111110001
0010000000001010
0111010111101110
1100111100010100
1101101011010100
1101110110001010
0000001001010011
1110000000101010
1101100010011100
1111101011000111
1111010001101010
0011001110001100
1110111110100001
0111010001110000
1011111011001100
1010100100000010
0011000001111001
1100110010010110
0010011001001000
0011011001011011
0011011000001010
0100110010101001
0111111101010111
1110110010011100
1010101111000110
1000000001000010
0110000111010001
1000010010110100
1001011000110010
1110001000101011
1100101000000110
0010011011110011
0111111101111101
0001110000011111
1011011010001001
1101101001100110
0101001111010111
1010110101010001
0010100000001010
1110100010010011
1011001111011110
1101000000011010
0001000111101100
0000011011001010
0011001100111010
1101001001101001
0010011110111110
1000010000010000
1001111110110101
1100100111011000
0001110110000100
1011000101010000
1011111111011100
0010101101011111
0001101110001110
0000000000100110
1111110110111010
0010101010010111
1011100010111010
1011001100100100
0110100010111100
1000011010110111
0010010010011001
0111001011011010
0101101011011010
1110000101011010
1100100011010010
1010011100010001
0110011011110110
1001011110010001
0010001100001010
0101010110000011
0111000010110101
0000001011010011
1100000001000100
1001100110000000
1100011111000010
1111011111110000
0010100101000010
0000011100111110
1111010000111101
1111101010010101
0110100001010010
0110101110001001
0110111010110100
0100000000100100
0000011011100011
1011110010111101
0110000111001000
0011111011001000
1101100100100010
0100010110011010
1010111111101001
1001010011110010
1000110101110000
1011001111000110
0111001000010110
0111110001001100
0100010111101011
0011000111000100
1001101010101010
1110101011101111
0111010001001101
0101100111101010
0001011010101101
0111001110101110
1010010010100101
0100111010000100
0011110111010011
0111001111011001
1011001100111000
0101111100101110
1101101011000101
0000000101101111
1100101111111000
1110011100001010
0010011011110111
1100001110110110
1101101011010010
0001101101010000
0111100100010100
1001111111111010
1111001001000111
0110110011100101
0101010110110110
1100010101101001
1100000111010101
0011100010110111
1000111101010001
1100111101111011
0001010000110001
1000100000010001
1000011111101010
0001001100000101
0001100100100010
1000110110100001
1010000010011011
0110101110001110
0100110100010111
0001010011011011
0101010010011011
1101011000101000
1111111011111000
1101000110000010
1000001111000010
0100100011100100
0100100101111001
0100011000100111
1011010101111001
0111001001011110
1001010011000100
0110110001011100
1101101010000100
0111100011000100
1000011110101101
1100111001101000
1100110011001100
1011011010110001
1010101011111001
1100110010110000
1010100101000111
0100011010111001
1111110000011000
1010000000001111
1110001010111000
1000000100001000
0101011000010010
0011011010110101
1010110110011001
1001110100101101
1101010101111111
1100001011001100
0100010001010001
1000000000010110
1000011100101111
1111100110011001
1011111011000111
0000000101101100
1100110011010000
1100101100100100
0011011100101011
0101100111010101
1111101101111010
1111101011100101
0000001001100010
0101111111000001
0110110010100010
1110000101100110
0100000110010111
1000011001101010
0000110001111100
1000110110010010
1100110110110100
0110110010111011
0001100100000011
0101110101101100
1110110111100110
1000100101110111
0100010101000011
0101010001101000
1101010010010011
0011000011000000
0111000110010101
1001101111001111
1010010100100111
0100001010011111
1011000111111001
1001000100000010
1001110111011110
0110110010100010
0101110101110011
0111010101011100
1010100100110011
1000101110100110
1001001010100110
1001011101111001
1110001110110100
1111011010000101
0010111011100111
1101111010101001
0010000001110111
1000110110100110
1101001111001111
0100110001111011
0010101100011110
1110101100110000
1111010100000110
0000110000011001
0010111101110100
0001100000011101
0110110100011111
0110011111010001
1001100011101111
1001011011101111
1111010101011111
0111010100000000
0101101100011111
0000000100100011
1001011110001011
1000110110100111
1000010110101100
1100100001011111
0100100111001000
0001001000100011
0000111000111001
1000001100000100
0101010101001011
0011111000001111
0101101110000011
1101001010011110
0000001100011010
0001000101010110
0000010000110111
0010000100000011
0101001010001100
0011100001001000
0010100010000001
1111001101000010
1111111010010011
1000101010010101
1000111011110100
0100011000011101
1001101111000101
1100101100101011
0001010111001101
0111011111000100
1100000001100100
1001100110011001
0000100110100001
0010010110110001
1001101001010100
0010111100010111
0111000011110111
1010110110001110
0000001100001011
0101010011011100
0101000111011100
0000111010101110
0010111111010010
0100101001100101
1001110001010101
1001100110111111
0011110000111101
1011100111111000
1000111000111011
0001100100000100
1011010011100010
0001001100100100
1001010011110000
0011100001111101
1110111101010001
0101010010100011
0011011000000101
1111111001101111
1100101001011101
1101110000000100
0111100001011011
0110000101010011
0110001010000000
0011011101101010
0011110011011001
0101100101011100
0011111100010110
0000011111011111
0010111010110100
0010011011101111
0011111011011011
0011011001010110
0010101001011011
0010001101110011
1110110100110010
0101011101001011
1000110001101100
1001111011010100
0010011011110110
1001101011100110
1011110101111000
0000001101010001
0000010100011100
1101110110111100
0001100110101110
0001001111110000
0110001000110100
1110110101110000
0011100100011010
1001001100110101
0101011111011011
1001111101110101
1110111010011000
0011011100111100
1011111100001011
1101100101111111
1001001000000100
1010101001000001
1110111011001111
0000000110101000
