1100000000010011
1010001010101100
0000110000010101
0010001011101100
1110110001011000
1001110101001001
1110110010010100
1010000100100101
0101101011100100
0011100111111101
0111111111010111
1000000110010010
0111110011111000
0110110100101010
0110000101101001
1011010111001111
1100110010111100
0010010101011111
1011111010111011
0010000001110110
1011001001111100
1111010010100011
1000110100011101
0001001011100101
0000000001001101
1000010111111011
1111110110100100
0101010000101110
1010001000111100
0000000111101111
1111100110000001
0000010011100010
1010011001000001
0001101111010010
1011110100000111
0000101100010000
1110000101000111
1010010001110110
0100111110101111
0000101110100010
0100011100011010
1100000000111001
1100000101110000
1111110000000010
1011011010000110
1110010001110111
0110000001101101
1100111110001010
0000101110010101
0101011011111110
0101001111111010
0011101000001100
1110111001000001
0101001100110010
0100000110101011
1000011101111001
0110011101101001
0100011100110011
0011010001101001
1011101111001100
0111001100000101
0010010101001111
1101011100100011
1101000101110011
0101110011001111
1010011011101011
0001101011010101
0000001101110010
0010011001010010
1010110110100001
0100111011110000
0111110101100100
0110110010101010
1001101111100001
0110011000011011
1111000110000111
0010100001010111
1011111011011110
0011011110011100
0010100111101101
1100110100001110
1000011001100011
0011110001111101
0011100111001101
1101110101100111
1110100101100100
0001101101001111
1110100000000010
0011100100110001
0100001011010100
1010010111110010
1111101011100010
1001110011111110
0011101110110000
1111100010111110
1110101101100000
0111111010010110
1010011101001001
0111000011000000
1100110101110011
0010001001001010
1101000100110100
1010110001110111
1011001010011000
0000111011000011
1011111010111101
1010100000001111
0011011100111001
1101011011001000
1000011001011000
0101011011000000
1011101011011000
0000101110101110
0110010011101100
0010100010011110
1100000100101111
1110111001110001
1101000001111010
0100110001011001
1111010110110111
0101010010010011
0011110011001100
0110010011101110
0011000010001110
0001000100001010
1010110100000000
1101000000110011
1111000110101100
0010101010111111
1000011100111010
1101101010101100
0100100100100110
1001111110100101
0100100001101100
1001110011010111
1001001011110111
0101011111001100
1011011001111100
1111100000011100
1011110110011010
1101010001011101
0010010001001100
1000010000001000
0110101101001011
1101010000000111
1000010010011011
1011000000000100
1101010001001110
0101110110111110
1001000011100001
0110011000101100
0001001111000001
1100111100010101
1111001111111010
0110101111000010
0011000101010011
1001101000100011
0110111110000110
1000111100001110
0001000101101010
1000010001000011
0011011001000001
1000101010011001
1100111001110100
1001110110001111
1101100011100010
1010110101010110
0001010101011010
1011001100010111
0001001000001110
0001001001111111
1011101011100000
0110101110010001
0000100001110001
0101001010010001
0100111001100000
1000010100001111
0111010111011100
1101101101001101
1001100100001011
0101111111001000
1001110101001101
0111101011010101
1011001011001110
0110000101001101
1100110011111000
1101010001100000
1000010100011010
0111010010010100
0010101110111100
1001111010101101
0111101111011110
1110011000010111
1000010001001001
1011011000111011
0000111111100010
0011000011000111
1100011000110001
0001010010100101
1100011111111111
0010101111111101
1001011110110011
0111110101001111
0000010110010110
1001110110011000
0011001011111001
0011001010110100
1001100100101000
0010001000101000
1011011001110011
0000110100111101
1010001010101101
1111111010010001
1101001001010100
1011110100001000
0000001110100011
0010011000011000
1010111010000111
0101001110001000
0101111010001101
1111111011110011
0010100011010011
0010101100111100
1110001000101011
0111101000001100
0100001000111010
1010001000110010
1011111010111101
1101111111110001
0101010110001110
0110111010110000
0100001011000001
1110011010101001
0111000001111000
0011010111000101
1010010011110001
1111001110010011
0110111000001111
1101011110110001
1010110100001010
1101111101011000
0001101001000100
1101000000000010
1000111010010100
1001001000010001
1110100001001010
1000010110100110
0001100101011100
0010000101101100
1111010101100100
0111010011000010
1001110000110101
1001100000000101
1001000101101011
0011110001101011
1001001100111000
0100011101100010
0110000000110101
1110000100100011
0000100001110011
0100111111101000
0111000100111110
1101001101111010
0010101010101010
0101000011110011
0010001010101001
0111001000110100
0000111001010101
1111110000011011
0100001111111111
1011011000110101
1001111100010101
1000011110001011
1100100100111000
1110111110110110
1010110011111000
0110000010001110
1111110101011010
0001010000010100
0011010010111100
1111010101000101
0000011100110000
1110100010011010
0000100001111100
0001001100001101
1111010100001101
1110111110001100
0100111100011101
0100101110011111
1100110010110011
0100001001110000
1010100100110011
1010001011011001
1100100000110101
0000010001101011
1011000111011111
0011111100010011
1110100111011011
1110001101000101
0111101110000110
1001100111010100
1101110100000101
1110111011001100
1001010110001001
0100111010011010
0101100010011111
1111010001101000
0000101010111100
0001001000110000
1110100000011110
0010100101010011
0110011011000011
0011101000110010
1000010101010010
0111001001110001
0001010100100100
1010100111110000
1101111001010110
0111111111000101
0111100101100111
0000010110001100
0110101000100100
1111000011111110
0000001101010001
1011110011110100
1001011111010110
0000101010001110
1110000110110101
1010100100110001
0010111001100101
0110100101010001
1101011010010101
0001101000110011
0111000011001011
0011110111001001
1010100110101100
0100010001101001
1111111000010110
1111011111000110
1000101010101100
0100100011011000
1101101011011101
1111101000100001
1001100101101101
0101110001111100
1101110010010111
1111001010000100
1101111010000100
1101001001101101
0111010111110001
1011101110001101
0011111011011110
1010101010001011
1100110010000001
1100010100011001
0000110100000111
0101000101011100
0101001101011011
1011011000010100
1001101100001010
0100100100010010
0101010010101001
1011101010100101
1111001100110100
1001001100001110
1101011010010100
1000000001000101
1011000011010110
0010010010001110
0111110101001101
0101110001011000
0010010110110001
0010001010110000
1111111111101011
1011010010100010
0111110010110010
0011000101011011
0001010001010000
1111100001011001
0100010111100110
1011100011110010
0000011110100010
0011100011010001
1000011000010001
1001100100011000
0000011101101101
0011100110111000
0011010110000011
0001101111001010
0001100001100110
0011010100001010
0001100101101100
0000011010110110
0100110111010110
1000011110001100
1000001111000110
0101110101100100
1110010000100010
1101110011110000
0111100001001101
0010001001111011
0110010111100100
0010001000111010
0010000011000101
1110001010100000
0100001000000111
0011000101100011
1101000001010111
0111000100011010
0100011011110010
0001001101110101
0100101010001101
0101100001010100
1111000000101000
1011010111100111
1001110100000100
0001101111111111
1110110100011000
1010101001010110
1101110100111011
0101100110001011
0000111001001010
1110110110111001
1010100011101010
0001010011101100
0001101100110010
0011000011111111
0111110001101011
1001111010100011
1100100110011101
0000010111001110
1100001101010010
0111000100111110
0000111110111000
1100100100010111
1000111000010011
0010011110110011
1101010100100110
1011110001010101
0111101101110110
0001011010010000
1001100110111111
0011101011100101
0001101110100101
0100010110011111
0100111111010101
0010100100100001
0011111101011010
1001110000010111
0100000111001100
1111101001110000
1001101111110100
1010001100101101
1010111101111001
1100100001100111
0000111010010111
0000001010110011
1010100000101010
1101000100001010
1110111101010000
0011101111111111
1101101001011100
1111011100001001
0110010100101110
1100011010110101
1100001101110101
0010000111011000
0011001011001011
0110111010010010
0000110010110110
0000001101101010
0101011011100001
0011110110110101
1010110011111011
1010011000011110
1001110001001001
1111101000011100
0101100110100110
1010000010111000
1000011010010101
0011001100101101
1000000110101100
0101101110000110
0110000000100100
1000100101001000
0101100000111101
1001110100111001
0010101010100111
1010110110000100
1001001010000011
0011111010000001
1000010110111100
1101010000010100
1111000101111111
0000111111101101
1011110010101110
0000001001000101
1100011011111111
0111000100001011
0110010110011101
0010010000110010
0001001101101010
1101101110000101
1110110101001010
0111000010111011
0000000110001000
1011110011111110
0011010000111010
0001110100110001
0010100101011000
0101111010001101
