1000000110001111
0000111011101000
0111011100111011
0010011101010111
1000100000011011
1011100110010101
1101010110111101
0110101110101100
0001010111110010
0010111100011000
1000010011011110
1000010011110100
0101110000110011
1110010101101101
1110111011100000
0111001000111110
1010011011110101
0101010011010011
0001101000010011
0001110111000001
0011111101110010
0101001001010111
0101000100010001
0100001111100000
1001011111101001
0110000011101110
1011000011101010
0011011110001110
0011011100010011
1000111101010100
1101000010010000
1110011101101010
0100001011110011
1010100110101000
1101000111101111
0000101100110100
1001001000011111
0110010100011100
0110110101101110
1011111101011011
1001101101001000
1011110111010101
0100111000001001
0101001000101100
1100110111001010
0100011001010001
0010000000100000
1110110010110100
0110001011101111
0111100011000100
1010110000000001
1011011110001011
1010010101101010
1000100001101001
1010010011010101
0001011010010100
0110100100100000
1110101000110001
1111010001111000
1010001111110111
1110111110100111
1111110111100000
0011111101100011
0001011101110111
0110000100100011
0101011100000010
0100001001111110
0010110001111000
0010110000111111
1111110100001101
0111101110010101
1111010001001111
1011111010010001
1101100010011110
0100001011000011
0011111101000100
1110101010011111
0011110011000111
0100101001101010
1100000000110000
0000010011101101
0111101001101000
0010101001110101
0011010000101000
0101001110001111
0111010110101001
0111011100000011
0001000000110110
0101110100000010
1101010101010110
1000001001100101
0111111110000100
1110111101100000
1010110101011010
0111011101101011
0100000001001110
0101101000111000
1101001110100111
0000000101010110
0101110101100001
1000011111000100
1111010001101100
0100011010000011
0100111101111111
0010000110101100
0010011100011000
0110111100101111
0110110101011100
1011110101011101
0010100100111001
0100111010000000
0001101110001111
1110101011101110
0001101000010101
0001000110111001
0001110001110110
0110010000011100
1001011111000100
0110010101111001
1011101000011100
1101010101001011
1110101101100011
1100000110000001
1001010000110010
1110111011100100
1001010001011101
0100001000100001
0111001000110111
1001000010010110
0111011100110111
1100111100100100
1110111001111111
0010001000011110
0001111011011110
1000111001000101
0001011111001111
0000111111100100
0111110101101001
1010111000011010
1001010100010011
1000010110101111
1000001110010101
0011000111110100
0110000001110111
0101101011001101
1010110101110000
0111011011001010
0110111110001110
1110100111011000
1101010110100100
0010001111001010
1111010101011011
1110011101011100
1111010110011101
1110000100001111
0001101010100111
1101100110110001
1101001011000110
0000111101010010
1100100001110000
0000001100011001
0101011111101100
1001100100101100
1111111011101000
0000011010110100
1011100100011110
1100101110111100
0100000011100101
1001011110010010
1001001011100000
0101110100100011
1000100110100010
1101001010110000
0011100010101111
0000010110101000
0010100101000101
0000001111001010
0010000011110111
1101111111111110
0010001101100111
1110100011100000
1101100011100000
0110011101011001
1000000011011110
1001110100011001
1010111001110110
0101001001101000
1001101110010100
1100000101011001
0100111011010110
0010011110001000
1111000001101010
0011000100000110
0011010110100100
1101100101111100
1011001000000101
0011010000100010
0110111100101100
0101100100110001
1001011010111101
1000011000010010
1010010110100110
1010010101011111
1111000111110001
0010110101101100
1101010111111100
0110111000010100
1111010100111111
0111000011110001
0101101001000111
1011011101111100
0000110111111000
0000010101010100
1100111111100000
1100011101011000
1111110010110010
0101010000010000
0000110000100101
0101001001110100
0011111010110010
0001001000111000
1000110111000101
1100100010011011
0011001111110000
1001001100001001
0100111101111010
0110000110000100
0101001000110100
1111010110010001
1110110110010101
0010000010000011
0111000100100101
0100001000010110
1110010101000101
1100010000000111
1110011100101011
0110011001001100
1100100011011100
0001101001001010
1101001000010100
0001110010011011
1111010110100011
1101110011110000
0100111101100000
0001001001100011
0111000001011110
1101101000101000
1011010011001000
0000000100010010
0001110100101101
0111100110111111
1001001110000100
1000010100100011
0010111111101111
0101101000001000
1100111001011001
1010011001001010
0001001010000001
1010100001001001
1000101001111110
1000100001001101
0010100011001111
0110000101001001
1100001010010010
0110111111111101
1110010110110110
0010101111001011
0011011001101011
0000010100100010
1001100111100010
0000000010101011
0000101111001111
0101010111000101
0001000001001111
1111110011101111
1110001011100000
0010010111010101
0110111101011011
1100010100010100
1100010100110100
1100000001010001
1001011110101100
1110001101011001
0010101010101000
0010110101110011
0010111000001110
1111011110000000
0011110101110111
1010111001000011
1001011001101110
1011001111111111
1011010110110111
1010101100011011
0110010100011101
1010111110111011
0011000101111110
1101111000001100
0111000000000010
0010110101101000
1110010010110000
1101100001110100
0011110100010011
1001100011100010
1111110101110110
1001010011100110
1111111011011001
1011111000110000
1111101010011110
0000111111001111
1110110110101101
0011101011010000
1101100001111101
0001100111110100
1110000000010101
0110100101100010
1011010010101101
0100100110100000
1110111010111010
1111011011011111
1011111101110011
0110001111100110
0110101010001111
0100100001001110
1110001100010111
1101100011010010
0110110010001011
0101110000000110
1001100110010100
0110000010101111
0011101001011010
0001010011010100
1100110110010001
1110110101100010
0010111010010011
1010100100011000
0001011110100010
0111010010101010
1100111011111110
0000110001111010
1001100101110111
1001010010111110
0111110010111100
0011111011110000
1111100000111101
0010001111101101
1101111011111110
0001001011111011
1110011110001010
1010001111011101
1111010001001110
0000101011101000
1101011011100011
1110110111111011
0100101101101100
0010111010011100
1001010011111010
1111110000100010
0011100110011100
0100011101101001
0101010100111111
0111101011000000
0000010010011111
1100001101110111
0001010110111111
0010110001111111
0111110010000101
1111110101101000
1011011010101100
1111110010100110
0111000000111111
1011001010111111
0110001100111101
1010011100101011
0110001111100001
1001100000101011
0111100111110010
1000001010101000
1001111011111000
0101001011011101
0101011100010011
0000001100110111
0101000010110000
0100011010100100
1000111001110001
0101110100001011
1101011000001011
0010110111100110
1111010101100101
0011100101000010
1010100110000000
1110110110011000
0101001000000010
0011010001101011
1110111110101010
1110001010100001
1011001110000110
0110101010000010
1011101010010110
1010110111100100
1110000010010010
1110111101011100
1101010110110010
1010010001000101
0111011011100110
1011110111010010
0000100001101101
0101110100000111
0111100011011100
0010011100110110
0000111000101000
1001110111000100
0100010011110100
0101110010100101
0001100101110001
0100010000100110
0111110100000111
1011011100000001
0110101100101110
1111011010010111
0001110001111001
1111000100000010
0100010110101001
0111000101101010
1100110101101000
0111010010111100
1011101000100001
0110100101100010
1100100000110111
0001000011000110
1100101111001000
1010100111111011
0001111111101110
0011111001111011
1111010010000010
0010110110001101
1011001011011100
0110110110000101
0100010011100001
0011011110001001
1010001011100101
1000011010000110
1011000111010000
0010001111110111
1101001110101100
0101100101010111
0100010001000010
0001011001010000
1001011000010010
1001100111110101
1111111011011111
0000010000100100
0001011011111001
0100000111111011
0100111010101100
0110100001101001
1011101100011101
0011000100010110
0011101010010111
1001000010111111
1101001001110111
1100011001001111
0110101001111011
1011111101010101
1101011011100001
0011111000100001
0111001001011110
0000111000101110
0010001111010001
0101011001110010
1111101001010111
0110011001101110
1011010101110011
0010111000110100
0100110011011010
0011101100001101
1010011101101100
0011111110100010
1110101111101110
0011100011111001
0010111110111010
0100010101101101
0100010011000111
1000101011011000
1001111111001101
0111011100111111
0101110101101011
1000001101110100
0011111011001010
1001100011101111
0000001110001001
0001100001010010
0001100110001001
1100110001011101
0010100010011000
0100101111011100
0110110010010101
1010111000111011
1111011100101000
0111111010111101
0111000001100110
0001000111111101
0110001010000110
0101100111111101
1000010110001110
1001100110111001
0111111111010011
1111010110011101
0101010110111111
0101111010111111
0011001110111110
0001010010100001
