1100101100110110
1001011111000110
1100111111111101
0001010111101110
1000111110001100
0010100101100111
1100110000110001
1001111011010011
1100000010101000
0010110010000000
0001010101001011
1111011011000000
1001011010001110
1110000111000001
1000000000000000
0010111011101101
0111100110000000
0001111100101010
0011000000000101
1010101100110100
1110001100101000
0000010111101000
0101100111101111
0001110110011101
0111011000011000
1110101111110010
0110010110011111
0001111101110111
0100100100010110
0000010010010111
1111000011101011
0100000100111011
0011010011111101
1001110101010110
1100110001010001
0011010000100111
0010000010101001
0110111100010111
1111111101101100
1101001110111111
1111110000001111
0011111001001010
0011111101100110
0010010011010100
0010011001110111
1110111010000110
0000011100100001
1000101011101110
1000111111001111
1010000010010010
0010010010110010
1000101110101011
0100100101101111
0011110101010110
0110010000000110
1011010001101000
0001010101000000
0001101100110000
1101101101000010
1101101010100011
0011110010010100
0100001110110101
1011100011011110
0001100000100110
1111101101110101
1111111100111011
1010110101010111
1001101100111110
0111010110100010
1111110110101101
1111100010010000
1101000010000001
0100111111111101
0111100000001000
0100101001000000
0010011101100001
1110011001011010
1111001110011001
1011001110100011
0001000110101010
0001110010101000
1110000101011000
0010100001110000
0110001110000111
1010111110100000
0110001111100011
1111001001101001
1011000001111110
0010000100101110
0101011001100010
1111110101111000
0011011111001101
0110001010011110
1011100100010010
0110100011011110
0101100101111110
0100101001100100
0101110100011010
1011110101001101
0010001111011000
0100110000011110
0000000000100001
0100011101001100
0011110111001010
0110000100001111
1010111010110111
0101000011101001
0101010100000001
0001111010111011
1000110101011100
1101000011110100
0011100000000111
1000100111111111
1111000011010110
1011000100101100
0100111011111111
1100100101100100
1011110100111111
0001100111011110
1011010011101011
1110001100001001
0110110100000011
0101110011110111
0110100001101010
0111010100101100
0000010001001001
0100110001000101
1110011111010110
1011111010000110
1010001111000010
0100011001001101
1110001100000000
0001101011001001
0111110100000110
0101001000000111
0001101111110011
0101001100000101
0101001000100111
0101100110011001
0011010100001100
1101011100101000
1100010110101111
1101000011111001
1101111101001010
0000000011101011
1110011000011011
0011000001011100
0010111000000010
1010111101001101
1010101100000100
1011111111101000
1110000010010010
1100010010100101
0001001100001111
1110001000100010
0010111101101111
1100000011011110
0011011110101111
0101001000010010
0011110001111111
0101010101110100
0111010001011001
0100101000111101
1001111100101101
0000110100011111
1010101010010011
1110011100100110
0100111100100111
1100001101101000
1011101010110100
0111011110111000
0000110101101000
1000011111001101
0001110001011010
0001110001110010
1000001011011011
0010111100111100
1101101001100010
0010111001001011
1011011000111100
1001010110001010
0010110010011111
1111101011011100
1011110110111010
1011111111001111
0011011101110100
1111101011101100
0010101011101011
1111000101110010
0100101100111101
0011011100001000
1011100011010101
0101010100010101
0010001111011000
0000111100100001
0100011101110110
0100100101101000
0101101110101110
0110000011010110
1100101001101100
0110100010101011
0111001101000000
0001010101101001
1111100000110110
1111100110110000
1100110100100000
0011000101101111
1001110111100010
1101010101011101
1001000001110001
1100111101001000
0010010100010110
0101110011000001
1110111001001111
1101001011110001
0000011000110100
1000101100011001
1111100010100000
0000011001100100
0111000001011011
0111110110111101
0100101010111001
1110100101101000
0001101111100101
0011110100111110
0101111010111010
1110011110001010
0001101000001000
1010111101100110
0101100110100001
1100000111001001
0100100010011111
0010111111000101
0111010010000101
0010111000100000
0001001000000111
0000110001000111
0011010101011101
0100100010011000
0011011010110011
0011000010011000
1011001011100101
1010001010001110
1001011100011000
0000100001000000
1111000101110100
1100010010011100
0100011110000000
1110000100010111
0000110010101110
1000000110101101
0111011011101111
0110011011110010
0110011010111010
0001111101100111
0100001101110100
0101100000111111
0000010010001111
0100000111101011
0111100011101001
1000011110011111
0110011000111100
0111111000001010
0001101111100000
1100101001000001
1001000011011011
0100111101110001
0110100011111011
1110000001100101
0000000001001001
0101101101100100
0100100111001101
1110100010101010
0000110101100100
0101100000010000
0111001100011000
1100111101101100
1011011010100010
1111111101111010
1101111110010101
0111110010010001
0110101101000111
0111010001001111
1101011110111010
0100101110011101
0101001000100101
0001011001010101
1011000011001001
1100001111010011
0100011011010001
0111101000111011
0111110001110101
0011011110101001
1110001110010100
0001001100011100
0111101111101001
0010000100000111
1110010111110101
0101101001010010
0110100000101100
1001111001010111
1011010000100110
1010110000111011
0100011101011110
0100110101101001
0101100110000000
1100010010101001
0111111110011001
1101111101100111
0001010101110110
1010010110100010
0010111111111010
0101100001101001
0000011111001101
1011010110000011
1000000110110011
1110111111000001
1011001011010110
1101011110110000
1000000110111011
1000001000000100
0011001011001000
1000000001100100
1111100110010011
0110111110110001
0001111001011110
0011010100111011
0001011101011011
1011001010000011
1000101101010000
1001000011000011
0110100111011101
1011010100001100
1000101001101100
0001010110001101
1101101111001111
0110110011011000
1110101111000100
0010101101100111
0000110111101101
1001001100011000
1100110110100000
1101111010001000
1101110010100000
0111111100111010
0101101100111000
0000001110001001
0011000010001111
1101001001000100
0101110010011011
0101111110101010
0111010001101000
1011001001001010
0010101110011111
0100000110000011
0001001111010001
1101000110011110
1000001101001100
0111111001011100
0010110010111110
0110000110010011
0001101100001001
0001101100100000
1100110100110000
1000101101110000
0010001111100111
1101101111100111
1110101101011011
1010011110001100
1011110000001110
0010010111101101
0001010001111111
1110111100011010
0011001111111110
1000100010111010
1000110001110101
0010010100111110
1101101011110000
1000111001100101
1111000010110010
0100011101000111
1100011101001011
1101100111010011
0000100010011101
0001011011110100
0011001111101000
1111000101011011
0100100110011111
1100011001001101
1111101101010000
0000001001111100
0010100010000110
0011001100000011
0000010000101000
0101011110101001
0010100110111101
0001010100111011
0000001111011000
0010100000101000
1110011100000001
1111001001000110
1110100000110010
1101110000101001
1110110110101001
0111101101010001
0001010000111101
0011111100111100
1101001100010001
0111000111110001
0001100111101000
0101001011100000
0111101011010111
0000010100100100
1110011001001010
0011011110111100
0111001110110100
1011101111100100
1111000110100101
0011111110000000
0000000100110001
0001101110011000
0101000101101001
0001111100000010
0010101101100010
0100110101101111
0111101100111110
1111001000001010
0111101010010001
0010000100000101
0101000001100010
1100100010001110
1111110100110100
0110001011110001
1101001111101111
0100101001110101
0000110110000001
0011000101110001
1100111110001000
1111001010010010
0011100101000111
0001101111110111
1001111100001101
0000101111000110
0000100011011111
0001110111001111
0001100010001011
1111010010000100
1001100110000110
0000001001001000
0111100101000000
1010000101100111
1110101110000010
1000011001100100
0000000101111111
0000011001000101
1101010001110011
1110001010011100
0001000011011000
1001000000001100
0101010111001101
1110011100000101
0000000111100110
0111110111011000
0110010000010000
1111000010111101
0000010111101000
0001001101011110
0100000001000101
0001110100011110
0111000110000011
0101011100011000
1001101100100010
1010001010011110
1000001010111010
0100000111011011
0001110110010110
0110000011010000
1111001000111100
1010000100100111
1100001101110011
1101101010101110
1101010011111001
1100100010010010
0111101110110100
0110001010000001
0011111000010001
1100001011001101
1010111100000000
0101001111110000
1110111101001000
1110010101100010
1110101001011110
0100101000010101
0110000100100110
1000010010111010
1011100101001100
0001100010010000
0110100010110111
0010110010100011
1100100011100011
1101011011101010
1100100001101110
1000111110000100
0111101100111110
0110100101001001
1110011010100011
1100010100110000
1111100000100111
1001010000100110
0111101100101101
1111001011111000
