1100001101001101
0011101110101101
1110001110111111
0101011101001011
0011101001110101
0101111001010101
0101011011110000
1100110111001101
0001101011001111
0110111000110111
0110010011100000
1100100100011110
0100110010011011
1100010110100000
1000110111100101
1011001100000011
0100100001011000
0100001010001010
0111000010101110
0100101000010011
1011111110110100
1000100110011101
1000001000010111
0111001110010010
1011011000110010
0100000111001001
1110100000100011
0011010010010010
0011001001001010
1001011100010000
0110111010011000
0111010110010011
1100111000010111
1111010110101110
1110101110000101
1011111111101000
0100011100111110
0111000001011011
1101100011011111
0101100001011011
0001101001100110
0010010000011011
0101011110011010
0011011010011111
1010010110110011
0101110010001011
1101001010101001
0011110100011111
0101100111011100
1110000011110111
1010111001101010
1000101011100111
0100001011000110
0010100001011100
1001011000000010
1000001100101000
0100011111001111
0111011110001101
1010101101000100
0010100011011100
1100010001011101
1101001010111001
1000000011110000
1110111110110111
1000001111110010
1111111101101110
0111011100010001
0011101101000001
0100101001100001
0101101001000010
0110110111000111
0111110001010111
0000000111001000
1111101101011101
1100101111011000
0101001010000100
1111100011111011
0000011000000111
0011111111011010
0110110011000101
1010101101001111
1011100001001011
1000101101110100
1111111101011011
0011001110110111
0100001110110100
0000011000000011
0011100011001011
0000101001101011
1101001010100111
0000100000011010
1111101110010001
1001001101110000
0011110100010000
0000110001100111
0001001011101000
1110110101011011
1011000110110111
1011110110001010
1111000100001010
0011000110011111
0111000010100010
1001100011101111
0010010110110111
0011111001001010
1100101010101001
1101111011110001
0110100011001010
0110100111100011
1010010110111111
1011100010101000
0010010010101010
1000001101010011
0100011010111001
0111001000010001
0001001001101001
1010001000010001
0111010000000011
0111000010110001
1010100001010000
1010000111110111
0011010101011000
0010100101011101
1011101010010000
1001011001001011
1101100000111000
0011110010110101
0011010111101101
0000100111110101
0100011001100000
0000101101100101
1001100001011011
1010110110011001
0100101100011110
0101110101110010
0001110110111100
1100010011010000
0101111000110110
1000000101100100
0011101111111111
0101111001011111
1111010001000110
0000010100111010
0011101000011100
1010111001010000
0100001000001101
1000101011000011
1100010011010010
0010111000010010
0010111100000010
0010011100001101
1000011100011100
1100111001101001
1000010010011111
1001011100101100
0000100101100010
0001101111000010
0100111110111101
0011001101110010
0000010001101100
1001100011110011
0001111110101000
0101011101111101
1111010001111010
1101100101011001
0001101001011101
1001110111100101
0000001111010011
0001111010001110
0110101000101101
0101010110010001
1011100011100101
1100000101111000
0100000000000100
0111001000100111
1011101011001110
0011010100000110
1100000100101011
0001001100001110
0010111110011001
1001110001000010
1110110111101101
0011001101111100
1110011100100000
0101101101001100
1000011101100010
0010000010110101
0000000110000111
0110010110110010
0011000010111010
1101011111101110
1000001101101111
0111010010111110
0000111010111001
1001010110101110
0010001101111110
1101101010001011
0110010001010010
0111110100101010
0011010000100001
1101010110100100
0100101100101100
0100010100111011
1010110110101100
1000011011001010
0001110111100101
0001001011100000
1011100001010011
0110111111110100
0010010001010111
1101010111110101
0110000011110011
0001100101011110
0010110101000010
0101111111010101
0101101010100000
1111111000000011
1111111111001111
1000010001000110
1010111101011101
1011100000000011
1111101001111101
1111101010001011
0011101000010111
0010010001110011
1000001010011011
0101001110000000
1011101110011000
0010100100110010
0101101001010001
0010110100100101
0001111110010101
0000010110110010
0011110001001101
0111010110110011
1000110001100100
0100111111001010
1001001010101000
1011011010000001
1011101110000001
1101000010010100
0010010010010001
0100010100111111
0100000010000100
1001100001111111
1011000011001101
1111011000010010
1001010001010010
0111101011100001
1100010001111110
0000110110100110
1010111101010011
1111001011110011
0001100100001011
1110010001010110
1001101000010101
0001011010110111
0111100101110111
1000100011100011
1000011011001010
0001000110100011
0101111101110011
0111111010100110
0111111010001100
0110100101011111
1100000001001101
1101001010001011
0001011010110111
0111100001101100
1111000000001010
1101110111011111
0100000011011100
0100010111100101
1111101100011100
1001000010100011
1110100001111101
1100011100100110
1010110101111001
0110110011010110
0111111010010011
0101001000111000
0001110100011101
1110100000101010
1101011110111010
1001101010010101
1000100111001110
1001110010111100
1100101011101000
0100111100110000
0000100100111111
1111001111111011
1001010011111011
1110001000111110
1001011000100010
1000010011010111
0100101110011011
0100100110011101
0101111011010101
0110001000000001
1111000010101001
0010011000111010
1110011100101100
1000001111111100
0110011011001101
1011100010000101
1110110100100111
1000011111001101
1100111111010010
0101001100000101
1101110011111001
1101000110010011
0010000011011011
0111001111011100
0101001011100110
1100000000001111
0010100010000110
0101111111011111
0110001101111110
1010010100010011
1100110101011100
0110100111010100
1011011001001100
0011110100001011
0101111100101011
1000001010000011
1101000000010011
0010101010011110
0111010000010010
0011001001011100
1000110100110010
0101101110111010
1110101111101001
0010010010101110
1001110100100001
1011010000011011
1010111001111110
0011010111110010
0000111011110001
0011111111010011
0110001001100001
0101111011100100
1101011111001001
1011101001010101
0101111000100101
1101001100101101
1100010110110100
1111001111101100
1101100101011101
1110100001101001
0011111101001000
0110110010011110
0001001100011100
0010001111101101
0110011100100011
1011110011111011
0011101011110111
1000011011111100
1100101001100110
0110010010100101
1101100011010100
1100010100100011
0101101001110100
0010011111100010
1011000110010011
1111101110000101
0101010010100111
0110010000110011
1001010100001100
0011001111010010
0101110100011001
0110110001111001
1010100101111110
1111100100011010
0111100110011100
1001010000110010
0010110110101101
0100111111111001
0010110111001100
0111011111010001
1110100001001010
0110011111111010
1111111010111011
1111110111000001
0010111110100011
0110011111111010
1010011100011010
0110101010010010
0110111101100011
1110110011100111
1101100000100000
1000010100010010
1100111011100001
0111011111100011
1000000011001111
1010100110110111
0010011110100001
1000000001100100
1000011100010011
1000010010000100
0001010000100100
1011011010111010
0110101111101111
1100000010111011
1100001101101001
0111110010000001
0011001011001100
1100100001000001
0011100011010101
0011011011010000
0000001101011111
0111001110111111
0100101000111011
1000100000111101
1001000111110101
1000101010110111
0110101110011000
0110000111100000
1001110001010100
0001110001010111
0101110001010111
0011001010001110
1100110000101111
0111101010101111
0110101010101101
1101110110000100
1000100010011100
0011101100101000
1111110111110111
1010110111111011
1010100001110110
1110010010001111
0111000000111111
0000110101010001
1101001111101010
0001000010010001
0100000100010111
1011010000111100
1101110110110000
1101110000101010
0001111110000001
0101001111100010
0010000100010110
1110111010010010
0101011111111001
0100010100001011
0100100011100100
0010010000011110
1110000010101110
1010010100100110
1010000001110111
1011101100101101
0110000110000001
0100101111001100
1010100011001010
1001010110111010
1111110001011111
1100101001011111
1010001011111100
1101100111110000
1110010011010000
0110000011001001
1110000011011100
0100100101011111
0101111100101011
0100100010001011
0100101100011000
0001101111110101
0010010101001100
1101001101100000
1100000000000011
1010111010100110
1011000101001110
0111001010001010
1000110010110010
1100000010001011
0110101101101111
0000011001000111
1110011010110111
0110111111011111
0111011011011101
1100101110101011
1001100110111011
0010010000000010
1000000100000101
0011011100111100
0001110011100111
1101010011010101
0010110000101100
0000111010100011
1011100101001100
0100001110110100
1001000101011111
1110101001101100
1011111101000111
0001011000101100
1111101111111111
1100100111000011
1010100101010000
1100111010101100
1011001110110010
1001000111101011
1001111011111010
1100110010000000
1001011111101110
0110011110011000
0111000011101110
0110001001100011
1001111101001110
0100111001101001
0101101110110000
0101100010011101
