1000011011000010
0000001000000100
0101000111010110
1010000011100000
0111111001001100
0101001110010101
0011100101011100
0110100001101101
1101011000110000
1001010010101000
0000000000101001
1011110001100100
1111101011001100
1010101010110100
0101011011101100
0010001100100000
0011000110010011
0110011111010001
1110111011001101
1010010001110001
1101001100110110
1001001111001000
1110101110101011
0101110110110000
0110111111111111
1110010000110101
0101111101010101
0010010110100110
1100100110011110
0110010100010101
0101101001001110
1010010110011101
0101000000001001
0100111111101010
0111000011100011
0000001011010001
1101101001010110
1001101110111010
0101100010000010
1001000101011111
1011110000000101
1111000110101101
1011010111100011
0001101011001100
1011011101001101
0101001011100011
1101101011100110
0100100010100111
0100000100101110
0110110100011101
0100000110011110
0010101000010100
0110011111100110
1101110011010100
1110000010010010
1100101100010101
0001100001011111
0100100001001101
1101001110010100
0111011011000010
0110011111110000
1010000111011011
1000101000001110
1101100111000111
0101010101101110
0110110010010001
0011101110011010
0101000100010001
1011101100101100
0000000111001111
0110010101000110
1110100111100011
1100110111011011
1101010000000111
0001010011001101
0111011000001001
0000011111001111
1000110110110011
1111011010010010
0001111011000111
1110011001001010
0001001000110110
1101111100111001
1000111001110101
0110011011001100
1011111100110001
1101000111111101
0111111111100100
0100111100101001
1001101010111011
0100111000110001
0000000111101000
0100000101111011
1010110011101101
1010001100011110
0101110010100010
0000111110010000
1011110111111000
0100100000010001
0001010001100001
1100110000111000
0101110111011001
0000100000000011
0011010111100010
0101110110000110
1011110100000001
1111111001110100
1101111011111111
1111111101001110
1011000011111101
0010011100000110
0110010101011100
1001101000011000
1011001101110100
0001010100111111
0111010001001100
1010000111001011
1000000000000100
1001010101101100
1110100010001111
0001111010010010
0000001000001101
0111100001101010
1010110111101000
1011111001001110
0000110001111001
0100111111111100
0011110011100101
0111001111101011
0101000010111111
0111001101100011
0010001011111010
0010000111011011
0110100000100110
0011101110101000
0101001010000000
0010100101010011
1001000111010100
1010000100111110
1100000110100011
0000111011101000
1000101101001001
0100101001001100
1100111011001000
1011100100100010
1010111101001111
0101011010111000
0110100101110111
1011100101011000
0111111000001111
1101101101001010
0110010110111000
0101000001110001
1111110110000001
0000100010100110
0000001000011010
0000100100101000
0000101101000001
1111011111010110
0110000101011101
0110010100110101
0001100010000100
0100100110100011
0011011111001011
0101111001101001
1011001100000000
0000010101100111
1001101100000001
0001110101000100
1000100101001000
0010101111011111
0010110110100101
0100010001110011
1100100110111010
0000111111001010
0011001111111101
1110110011100101
0011001010111100
0010101111111001
0000111100000101
0001100100010010
1110101000001000
0010011001010000
0010110010000110
0010111001011001
0000101110110111
1101101110100001
0101010000000111
1101101010100110
0100010100100111
0010011100100100
1100110101011100
0100100111100111
1111111000001110
0011001010010000
1110010001101011
1101100110000111
0100001011001010
0000010001011010
0010010101111100
0100011100100101
0010100110001010
0011110100111111
0101010010011001
0101010110000110
0100010101011111
0000100101011000
0000011000001110
0100110111011001
0101010100111111
1011011100010111
0101110100001100
1100001010101001
0101001011100010
0100001011110111
0000101010111100
1101110011111110
0101010010011101
0111100110010000
1010101000000100
0001110010011100
0111001000101101
0011100000011101
1001010100000010
0011011011111100
1010010111001011
0000100100101101
1100110100101000
1000110001101100
1010001100101001
1111110101110101
0001000011011100
1101101011010010
1110101001001000
0111100000110100
0111001111100111
1100010110010001
0010110010111011
1100011100000010
0100010000011010
0001111000000001
1110010110101010
1010010101101000
1001111111111011
0111110000010010
1010101011100010
1111100110110000
1001011001100110
0001010000010011
1101111010000101
1011110100100100
1111101010010101
0100001001010110
1111101110111110
1110001010011010
0100100110101100
0000001110010010
0110011111100011
1100100110101100
1011101000110001
1110100100000000
1100100110101111
0100011000010111
1101111110001011
1011100100001011
1000011110110000
0110010010111101
0100011001111000
1001111110101100
0100001010011110
0101110010011011
1000000001001110
0101110001011110
1100010000101011
1001100001100101
0111100101001011
1000100101111001
0011000001100110
1111001011010001
0001001111010011
1111010011111110
0011111101000001
1111011010011011
1001010100110000
1101010000101011
1101100110101100
0100111100001101
1110000011000101
1111000100100101
1101110001111001
0110110111010110
1101011110000000
1001001010011101
0110110001000011
1001011001101100
1101100001100110
1000001001010011
1101010001011110
0010111011011110
0001100100000111
0010010110111110
1101111100111011
1110000001110010
0100101011111100
1100111010111110
0111111011011100
0100101110110110
1111100101000100
0010100010011111
0100111110010010
0011100011111010
1000101000101000
1100000001011001
1010111100110001
0111000111011111
0101001011001111
1110011001011011
0110011110001011
0110011001110111
1010010000100100
0010111110011001
0101000010110111
0010000010100110
0101110100010010
0011110110101110
0010001111001010
1000101101101110
0011010100010111
1000010001101001
0111010000000011
0011001011000010
0011011010110100
1110110000011000
1001000100011011
1011100100110000
1101011010010111
0010111001101000
1001011001100101
0100010011010001
1001000011101111
1111111100100001
1101110110111001
1100110111010111
0011101111011000
1001010010100101
1000011010011011
1110000101001110
1101001111111101
1000010001100100
1010001011011110
0010101001010011
0100111010110011
0101101011011011
0110110100010110
1110101000110111
1110001100111110
1010000100100010
1100001000101010
1100011110111001
0011101011001110
0000101011001100
0010100101001011
1101000011010110
0110101010101001
1000010000000000
1010011101000010
0010111100000010
0011011111100001
1011101110010011
0111100000100001
0011011100110111
0100110000111100
1000111101111111
1000100101010111
1100000110010000
1110110110100101
1000001000111100
0110001001001111
1111000011110001
0010100011110000
1001101111010001
0010101010001001
1000101000001100
1101001110011001
1001001000110001
1110111010010010
1110110111001110
1000110001110110
1111010000011100
1001100011011011
1111000110100001
1110111111000001
1011011101111000
1100000010010111
1110000100000101
1100101100000000
0101000011111100
0110101011011110
0000111010011000
1010001101000111
0111110101010100
1001101000011101
1101000011010110
1110111101010111
0111101101110010
1101100011110110
0011001101100100
0110001100101011
0101100001001010
1100110010010111
1000011110010011
0111001010111000
1111010110000011
0010011000101101
1000100100111111
0011110000111001
0110001100011111
1001000110000101
1111100101010000
0001000010000001
1010101000010101
1000110001110001
0101011100000111
0101110100111001
0001100101100111
0110001010110111
0001011101110001
1101000010010000
0100010011111010
0011111100101010
0100010100110111
1010011110100110
0110100010000000
1011110101011101
0110100000010110
1111000100110010
0100100001010011
1000010101000011
1111101010100010
1101000010000001
1110100110011000
0011000000000111
1000000011010110
1100100110110100
0011101001110111
0000010001000010
0101101101110011
1011101011100011
0110001100011100
1001011111000101
0101001001110111
1110001001010110
1011101111000110
0110000110001100
0110001000110001
1011100000010111
1001111111011111
0001110010101010
1010010100101100
0110100101101001
1001101110011100
1110010101011010
0001111111111001
1010011001100011
1010001100100001
1101011101101011
1000111110101011
0011100010001100
0100010011101011
1110111101000100
0010001000110110
1100001101111111
0011000001011110
0101000001010101
1010110111100111
1000101110011010
0111101001000111
1110111001101101
1000010101011111
1010101001001110
1000010000110001
0000111111011110
1111011010011101
0110000100011110
1011001111001101
1010010101100010
1101101001101110
1001010010001110
0010010101111001
0010001000011101
1101100100111101
1001001000000101
0110001110000010
0110111111110000
0100111001000100
1010110011000001
1101010110011000
1101001001101100
1010011010111010
1101000110100100
1110010001110101
1000100101001110
1110001101010110
0101111100111000
0010000111001001
0110101100111110
0101110011101111
0100110010001100
1011101000011111
1001011000010111
1101101111101101
