1001001011100111
0111011011011001
1010011110011101
1011001010001011
0000110110001110
0001111001000011
0001111011101110
1110001110010011
0001100110100101
1101101111100000
0000011111100010
1110000001010101
0110010000100000
0001000011011110
1010010011000100
1101101110011010
0101001110000101
0110110100010011
0101000011010110
1000000101011110
1000001101011000
1100100011110110
0101110110111111
0110010000011011
1111010101101010
1010111000001101
1001011100100001
1100111010110111
0001111100011101
1110101000111100
0111010100001001
0111011110011000
0111001001011100
1110100110110001
0101110100001110
1010001100001011
0001011101100000
1111001101111110
1101001101100011
1110110101100111
0001111111001111
1001100111100011
1100111001110010
0001001011001111
0110101010110001
0011110001100011
1010010010010010
0111111011100101
1000011100010100
1011101010010100
0101101001101010
1101110000100000
0001001011000110
0010110001101100
0000011010110010
0001011110110111
1101110101110110
1110000000010101
0000000110010111
1110111001101010
1110101101111000
0100110000110001
0011011001111011
0101111010010100
0010010011011000
1100111111110100
1100010110100101
0001011101101001
0100100100010100
0000100101111111
0001000111100100
1110100101000110
0101010011001100
0110110010100110
0101010110011000
0000101101110111
1100011111000101
0011010100101000
0010001110011111
0011110011101011
0111111011001001
1111101101111000
1100010010010100
1101010111011010
1000001101110100
0011111010011101
0001010100111100
0110110001010010
0000001101101001
1110101110011011
0100001101000111
0011001111100101
0010101011111110
0111001100100100
1110000100100111
0110001010100000
0001111110100100
0100001010010111
0111000110000100
0000110101111010
0011111001100110
1011110001001111
1101010101011100
1011000110011101
0111000100011000
0010011110110010
0100101100111011
0010011000110100
1000101100001010
1110100110110111
1000111110111010
0000111001010010
1110110000111100
1110010100001100
1111100111111011
1001001101110110
0001000101110100
1100101100100001
0001111010000101
0101111111011110
1011101100101000
0101100001001000
0010110010101101
1000001101001010
0010011001110001
0011010100111100
1110011001100101
1010000001010010
1000001101001000
0001100101111111
0010000101000111
0001110111110000
1110000010101110
1010001011010101
0011100111011000
0001010000000010
0001100011110110
1100101010001101
1010001110001101
0101101000110011
0110101111000010
0000011011000101
1101001011100010
0101001001100001
0101001010110000
1101101100110101
1100110010011100
1001111101101110
0110011111111011
1010000011010000
1010000110011000
1011101011011111
0010000011010011
1100101010111001
1001011101110110
0111100101010010
1011111101000011
0111110111111101
1011001001111000
1010100111100001
0100001110101110
0101100001000010
1010101001010111
0000100010111101
0011111111100100
0001001010111001
1011111011000001
1100001011000111
0011111101000110
0011101001101111
0100011111001111
0111001100000111
0100110010000100
1101001100000000
1010010001110111
1010000100010100
1001011111001001
1001111100110000
1101111011011111
0110000001000110
0111001101100010
1011111011110001
1011011101011110
1101001101010111
0011110010000101
0000101111001111
0101010111101011
1101101101110000
1100000110000000
1110101101110100
1100011001111101
0100001011111000
1111001111000011
1111010101000101
0011100100111110
0011110111000110
0000001010100011
1011001000001001
0000010100010000
0001111000010011
0010101110001101
1100011110011100
1011011000011010
1011001111101001
0111010111010010
0001011001010110
1101111010110011
0011000000110100
1000110100011111
1010001111000010
0111101111111001
0110000000000010
0010001001111101
0110100101110101
0010011001100000
1011100011011011
1110010101001101
1111110000000010
0000101001111010
0110111011100011
0001111011101011
1111111010011001
0101010100000111
1111101010010101
0110011011111001
0111001010001001
1010011100100101
0111101001000101
1011000111010101
1101011100001000
1100101110000101
0111000110011101
0100101110101010
1011011100111010
1010101110101001
0000010001110011
0101000011010000
1000100110000011
0011000100111010
0010111100010000
0101011010100000
0111100010100110
1101000001001000
1001101110000011
0010110111101011
1111111111011010
1000001111101001
1110111100100111
0100110110101110
0101010101100100
0001111101111000
1001110011000111
1011001011000100
1000001000011001
1011101011010001
1101011101001011
1110011101111101
1111110101001100
1000110100111001
1010110101101011
0110011001111101
1101100111001011
1111000010001010
1000011011011011
0110111000000011
1111111010111001
0000100101000011
0111111101001111
1101101010101010
0100111100100011
1010011101010110
0101010110010110
1001001011011011
0000111011111011
1000010100010000
0100010101000010
1101010111100011
1111111010100110
1010110100001110
0010001001101001
0000000101100000
1100010101010101
1101101010101110
0111101011001100
0101010111011110
1100010101001100
1011000110000100
0010100111111110
0011101101001100
1100101100110001
0001100101101101
1010100000001010
1011001101111001
1101010010110011
0101110011011110
1100111011101110
1001101011100101
1101010100000010
0101110101011110
0011111111001100
0110011101001010
0110111010111101
0100111101110110
0110110100110100
0111110110011011
0001101111001010
0101100100100110
0111111110100010
0000000001001000
0100011001001101
1100110110011001
0101111101100000
0101111001001011
1011101000011010
1011000101010011
0011111000001100
0010101111000111
1000001101101110
0001110101100100
1110000001110010
0110100000011101
0011101111111101
1010001110110001
0110100111100010
1010100111110100
1000111100000101
1010100100000001
0111101100000100
0001011100111101
1011100010101001
1111000001011100
1000011101000110
1100001010110001
1110111110010000
0101111001000100
1000001000101011
1101100101110011
1011101011111110
1001110101010110
1000010001101010
1110111110101101
1111111011010100
0101011111110111
1001001110100111
1010000010101100
1011010110000110
0110011011010000
1000110011001101
0010001101100000
1110001010111011
1001010111111000
1110011111110100
0000100100101001
0111000011000000
1110111010011000
0000111111001011
1000101011011001
1011010111010001
1100011111100100
1101100001101010
0110010110100111
1011011010010000
0011010101100101
0101110100100101
0001111100100100
1100111101100100
1001110000110110
1001101010000001
0110100110010101
0001101100001011
0100100110010111
1010011010011100
0110010001110001
0100100000010010
1100110110000111
0110111000110000
1100000010000111
1000001101101101
0011111100000110
1101010011110110
0100011111011101
0000110011100101
0101101111100011
1111001111000001
1110010111000101
0111100100111011
1110111000110001
1011101110100111
1010011000010011
1110111110010001
1100001111110100
0111100110101111
0110001000000110
1101111011010101
1010000101010011
0010111010011010
1011101001010011
1001001101011010
0000001011001010
1001101000011010
0100011111101100
1101001111110110
1110000011011100
0101111111110111
0111001011111110
0010100000001000
1110111110110000
0100101100011101
1111001110110011
1000000101001010
0110001101111111
0011000000100110
1001011001001011
1000010001101111
0110000010010101
1011011010111011
1100100111110010
0101110010011011
1100011011110000
0111011111001001
0001101000101001
0110111000110110
0000110011100100
1110001010101000
1011001111110011
1001111001000001
1001110001001110
1011001010001010
1011001001111000
0101111000100101
1010110000000001
1001000001000001
1100011101010000
0001111011100000
1100111100011001
1001001111110111
1000110100001000
1011000000110001
1101000001001101
1101101001110100
0110010111101110
1010101011000011
1000101010110110
1111000101000111
0101101010000001
0100010101111011
1111010001101110
1011010100011100
0000001000111111
0000011010010100
1111111100100010
0001111011110100
1110000010110110
0101110100001011
0111011110011110
1000101110011110
0100111010101100
1111110010000010
1110110011010011
0011001000000110
0110000011001000
0100001111001101
0100011101110000
1110111100010100
0011111111001001
0000101110010001
1001111101011100
0101110110011000
1011010001101011
1000101001010100
0011011000001111
1001101001110111
0110000101110110
0101101100100111
1010111111000100
0111110101010011
1001000111111110
1010110010010100
1101100001111010
0110010110110011
1010001000010100
1100011010100101
0010011111101100
1110111000100111
1000011111111001
0111000001100101
1101000111001100
1001000100110000
0000011001110111
0101001011011000
0001010101101111
0100111101111100
1000001100011100
0101000011111011
0111010101001110
1101000110010100
0111011010110000
0001001010101011
0111011110011111
1100011111110110
1000101110010110
1010000001001100
1011001100000001
0100001011000000
0111011011011011
1001101100010100
1001111011101001
1110110011000011
0101111111010010
0111010110000111
1000000011001101
