1100111010110111
1111111011111111
1011110110111010
1010111010010100
1111101101011101
1001011000011110
1001011011010100
0001110011100011
1110110000001010
0011010100100111
1000001100001001
1110000010110111
0111000110101011
1000010000101111
1110100011010111
1110101101001001
1100010110111010
1100110011101100
0011001101011110
0111100101100100
0001011110111001
0100010001111110
0010100010010010
1001111000100111
0100000111110111
1000001000000010
1000010110101110
0000001110100011
1101111101101101
0101000000111010
0111100111001000
0000110000010010
0101111100001001
0110011111100010
0011110100010000
1110010111001011
0011111011000000
1010001011111001
0010110111100100
0101111011001100
1011110110011000
0011110101010110
0010011001110111
0000011001111110
0001101110000010
1110011110110111
1101000101110010
1111100011001010
1110111100101001
1010101000011001
0111111000110000
1111010001000010
0011011000001111
1100011101111010
1110110001011111
0001011111111100
0011111110110111
1111000101011001
1000011001100000
0011100001111111
1010001111101100
0010101110100011
0011111010011010
1110011011100010
1010101000111001
1110010111000010
1011011011000101
1111000001100110
0010010110111110
0000001001111100
1010110011011110
0110001001001010
1011000010010111
0110100101111111
1110001000001100
1001001011011100
0011000110111011
1110110010000110
0101100001001000
0011101101110000
1101111001001111
0101110010010100
1010001011011101
1101110101010110
0000011101111011
1101100001101100
0111011111100110
1111011011111110
0110011010100100
1100001001101100
0110100100100101
0100101100100011
1011011001100100
0100111110111100
1110000000101011
0011111000000001
0100111001100011
1000101010110000
0011101000101111
0110010110110111
0001100011111101
0100110001111000
0001101001011011
0110101010100010
1101111010000111
0110000111110111
0011100100001001
0011111111111101
1100011001100000
0011100101111100
0011100001111110
1100100011001010
0011111011010110
0001110100111000
0101111111010011
0001001010101001
0010011001001000
1011001111010101
1010110000100111
1100010010101101
0001110000100010
1001001111010100
0010110010000001
0110110110010001
0000010110011111
0011111110001010
0000000010100001
0001101011110100
0011000010010000
1000110100100101
1110011111101011
1010111000010010
0111101001000000
1111110011001001
1100001000000011
0111001101110011
1110101101101110
0111011011000010
1111111011101011
0111001010010100
1111111101110101
0110010110101011
0111100101001100
0000001111001100
1110110011101100
1001101000100111
1000101101100111
1110110010100111
1011110100110101
0011010111000010
1000111001001010
1011110011111010
0110111110111000
1110010011000110
1100010110010100
1011110000100011
1110001011111011
1111011110000111
0011001000110111
0000011010110001
0010111111001011
0100010010001110
1001101000110000
1100001110111100
0010011110101101
0100100010011110
0000101110000111
0101001101101010
1101010111000111
0010111001100111
1111101100011001
0101011110101010
1100011001001001
0010001111010011
0001011010001100
1110010011001100
1101000111001010
1011110000011111
1100001100001001
1001000111101011
0010000101101100
1110110010011000
1001010101111100
0000010011100110
1011111101001001
1000100110111110
1001011011111110
1000110000111110
1110010110110110
0010010100011101
0101010000100001
0100001110000001
1110100010110111
1000111010011011
0011010110011110
0000111100000101
0010111111100000
0111110111101111
1111010011100000
1010000110111011
0011110100101000
0010000111000001
1100010000000001
1001100111001101
0110101101100001
0111001111000111
1000100101011111
1111001100000010
1001101001110101
1010010101010000
0010111011011011
0011111111000011
1000010011101001
1001110000100100
1111001111001000
1000011010010111
0011101101000100
1001111000011011
1111110010011100
0111010000011000
0001011111111001
0011110111010000
0110101001000100
0101111001010101
1001101010000010
1000010110101110
1101110110111101
0010111010010111
1001000100110011
0101001000010111
1110011111111011
1010011100110110
0000010110110001
0010011111100100
1111000111101011
1010001000000011
0000111011010000
1001000001011000
0010000010001011
0001001000001110
0101101101000010
1101100101001001
1110011110011011
1000000101110001
1101001101001000
0100110011001110
1001010001101110
1001111010101111
1110010001010101
0110001000111111
0000000010100111
1010011000111000
0101010111110001
0111011101101010
0111101001011100
0100110011000000
1100011111010001
1100011111000011
0111111011000000
0111000100010100
1100101111100011
1110100101011100
0001001110011100
1001110010000000
0010110010000110
0011111110010011
0101101101111001
0101101000011101
1000000011000010
1101111111100100
1011111100001011
1001000011101001
1011111000101100
1001010111000010
0001010111110101
1100010100010101
0110001100000011
1111010111111111
0001010001000110
0101101111000110
1001010001101000
1100010010000110
0111100000101101
1101011101001100
1100001000110011
0001111110000101
0100101100111101
0010000101110010
0100001010101101
0010000101100001
1011010100111111
1110010110011111
1101011010001011
1010110101111000
1110000101011101
0010100110100000
1110100111111101
0011110010101100
0010000010100011
1110011100111011
0010111111010010
1001110001000000
1011010000101010
1011001101010000
0101001011101101
0101101110111111
0111000101010110
0010111100001111
1010010100010001
1101100010000100
0101101110001111
0010010001001101
0010111001101010
1010010100011110
0101011011001100
1010110011101010
1001000000000011
0111110111110011
0101010001011000
1010000111101110
1000111110011000
0111000011011000
0011110111001110
1011010011001110
1111011000001101
0010100001000111
0111111010001011
1010011110000101
1000111000011011
0100001101111000
0110010010111000
1010001101110010
0011101010110010
1100110010000101
1010101100001111
1110100011110110
1101101101111000
1010001101111000
0100110000000111
1000011100000001
0010001001111001
0110110101110111
0010101101111110
1100110110010110
0111010101110000
1011111111011010
1110111111010111
0100100010001110
1100001000010101
1100011101111101
0110111110010001
0111101000100001
1011110010000101
1010101101001100
1010010111000011
0111010101101000
1010110101111101
1010011100010001
1011100110100100
1000010101011101
1100110000010111
0100011100001011
1011111110010000
1011110100000110
1101001110011001
1100110111100100
0001110001010011
1100001010111101
0001100101101100
1100010100111000
0000100011011000
1000001010010111
0110011100011110
1010101010100000
0000010001101001
0001011000100111
0101000010111000
0111110101110110
0011111011101010
0001101111100111
0100011110101001
0001011001101110
0111010101011010
0110100000010011
1100101000111000
1100011001110110
1111011001111011
0101011001010010
0000101000101100
1110100101111100
0111000111111001
0100001111001101
0001011100011111
0010110001011111
0110100001101000
0001110100001001
0110011010001111
1001001010101000
0000001010110100
0100110111111101
1101100111000011
1010101111001101
1101111011011100
0001010111100000
0010000001010111
1001011001011111
1001111110110001
0000000100100010
0000000011000011
0101101011110100
0010010001010111
0110001101111000
1011010001001011
1010010000010110
1100001010100111
1110010001101111
1101101111010011
1001010011000100
0101110100100011
1000010110111111
1111011110010010
1111100011111011
0001001110001000
1010011000110011
1110000000000111
0111001010100100
0100011100011100
0001011100000101
0001011100101110
0001000001111100
1011101101000111
0010111010001000
0000100101010010
1011011001000011
0001101100001000
1010110101100000
0100001000101110
1111111101010110
1000010110001111
0011110000001010
1101000100111110
0100001010010101
1110001001001111
1011011100101011
0011110001000101
1110111100010111
0100011111010001
1110101010110011
1110010001100101
1110100010011100
1000000101000111
0011000101110011
1111011010000000
0110000000111111
1111110100001010
1111000101101000
0001001001001100
1110101110100000
1100000110000000
0100011101110101
1011011011100101
0001000010110001
0000101010101110
1000111101011101
0101001100011000
0101011001001110
1101011000000000
1001110010010111
0001111111000100
1110001010110110
1011110010110111
1000110100000110
1100110000101001
1011100100001010
1011110011111100
0010001110101010
1000000110000111
0100101110010111
1100011101101010
0110111110110100
1110000100011110
1100011010001011
1111010110100101
0111001001011101
1110000010111110
0010011001111100
1101100100111101
0110111010010100
1000110110101000
1110000001100101
1001111011000010
1000100111010111
0100100111111111
1011111000101010
1101000101101000
1001010101110001
1111000011111001
1010110010101010
0111101110010111
1101110001010001
1101100100110110
1101000001111110
0001011011111011
1000101111010111
1101000111000111
0010100000100010
1011000111010010
1100110100111101
0001110101001101
0111001100110100
0111110110101001
