0100011000011110
1000011010100001
1010010111000001
0101110000000100
1111010010000111
0101110100010011
0010011010001001
1111110110001101
1001001110110100
1100110011000111
1110011111010011
0001101110001101
0001000111010000
0111010011100000
0011100111100010
1010110111000000
0101010100001100
1111011111010111
1011100001010100
1010101001110011
1100010101111110
1011001111101100
0101110110001111
0101000100110001
0000110100100100
1000101100010100
1011111011101110
1110100110010011
0111010100001111
0110111110110110
0011001110110011
0100110000100111
1000010001111111
0000010001010001
0100000010001000
0011001011010100
0011001010000100
1000011001001010
0010010111100111
0000000100101111
0011111101011100
0101001011001000
1111000100000111
0001011010011000
0010011100001101
0101001100100001
0100010011001000
1111110011000011
1001110100010011
1101111100000110
0001110010101110
0010110011101110
1111101010011001
1100001111101100
0110110110001110
0101001110001100
1010101111111101
1000110111110101
0100010100111011
0011000000100010
1100001011101010
0000010010011110
1101000111111110
0101101001001111
1111000010010011
1111011010111101
1010000000010010
0001111000010100
0001011010011111
1101110000100101
1100111111011010
0100011100010101
1000111101100011
1111110110110000
0100111100001010
0111001100100011
1001101101111100
0000011001011010
0101101110000011
1101000001110101
1010101100010001
0111100110100010
1000101010101001
0001011111000001
0000101001001010
0000001010111011
0000101010111101
1111000100100011
1000100101111010
0000010110010010
0010110001000011
1000101110000100
0010100101110110
1110100111100110
1110110110001001
0110100100110101
1101101111011100
1001011000011111
1111111111001010
0111110110101000
1110011010001101
1101011101110101
1010111111010110
0010101011010111
1100011011100100
0101101111001111
1101000001000000
1000111010111100
1100110110100001
1001111100101001
0000100101011110
0101010010101001
1000111110010100
1011000000010010
0000110101100100
1000111111000001
0000111000010100
0111010011011010
1110011111001001
0111101110000111
1000111100010000
0110101101111001
1101011011011001
0001111111111111
1111001010111110
1001110010001000
1001011101110111
1000110111111111
1000000010100000
1101100011100111
1001111110111010
0010001111010100
0111100111101011
1010011010101101
1011000000101101
1001001110011101
0100000001110000
0101010010010000
1011001101001110
1110111000010111
0001001100001101
0100100101010000
0010000100101001
1110110100001001
0101011111111001
1000110110011001
0110000001101110
0110010110111110
0010000100111111
1000100111011000
0011000111111011
1010111111110111
0111100101110000
0110110011001100
1111000101001010
0100101101110010
1000101001110101
1101000000100011
0010110100111101
0100001000010000
1100100110011110
1110100110101100
1010110010111000
1010000011101000
1100011110101001
1010001101010010
0001110001010101
0010010000001110
0100111110100100
1111111111111110
1110110101100011
1011000110101100
0101010000100011
1011001000011011
0000100110110000
0000111001000101
0101110001101111
1101001110101011
0110001001001100
1001001010011001
0111000111110010
1101001110010110
1010000101000011
0000100010001110
1000111010110011
0011110001000101
1100100000111111
1111000100011100
1010000100011000
0100111101111101
1000000110001110
1011010001111101
0000000100010001
1110000101010010
0000111110101101
1010100001011111
0010101110100111
0101101110001110
1110011111111001
1000111011011101
0000101101110110
0001001010110001
0111011011000111
0110000111101001
0001011110100001
1001110110101100
0010101101000010
0100100101111101
1101110011010101
1011100101100110
0011110111011011
0110010101100000
0001010100111001
0000111100110111
1100011100011001
1101001011111001
0011100111000100
1100110000000001
1011110011100101
1010001001000110
1100100110001001
0001101010011001
0110111111000110
1000011100011000
1111010110100101
1110100000010010
1001001001001111
0111001101110001
0110100110001100
0100110101010001
1001101100010111
0111100101101100
0101010001110011
0000001110000100
0111001110100010
1100000010100101
0111011111101010
0101001110101111
0000100000111010
1111100001010111
0111110110000111
1101000001100101
1000110010100101
1011111010100110
0110101001101111
0000111001010001
0111100000000110
1000000001101000
0101011110100111
0111110011110000
0111111000100010
1001101100111100
0010001111110101
1111101111101100
0011100100011010
0101100100101111
0000110010001001
1011011001110011
0000001000011001
1001000000001111
1111111000110100
1111101011010111
0100101000110011
0010101100011110
0001101011001101
1101101110000010
0111000111011101
1001010100111010
1000001101011110
1111101101111101
0001001100011110
1101000111001101
0000101011000001
0000010111010111
1000100001000001
0001010101100001
0101010100011111
1111111010101100
0101000010000001
1000101000011101
0111110100010111
1011111000100011
1111110100110101
1110111011101101
0100101011011000
1100010001111101
1100101010010011
1101011100101111
1000010010001000
0110101001001000
1101101100000001
1000100011000001
0011011001110011
1111110001000000
0000000000000101
1011001111001001
1110001011111110
1101000010011001
0101101011001010
0001111110101000
1111000100011000
1111011100100101
0101101100011101
1100001111010100
1110101101110111
0111110010001010
1001000110010110
0110000011000110
1000010000110100
0100010000100111
0110100011000000
1101001100010100
0010111110101100
0010101010001100
1010110110011111
1010100000000101
0100101101100111
0111110111001101
0011100101111001
1100001010000000
1001010101011101
0101011001100110
0011110111011110
1010111000110111
0011010111001011
1111010011101010
1001110010111111
1100100100010011
0101010111100000
0101111000101010
1011111000010011
1110011000110000
0010001101100011
0111001000110000
1100010000110110
1000010100100110
0111010111011101
0011010000110001
1110101100101111
1110100010011110
1100101010111000
0100010101110001
0010100010001111
1011111001110100
1000101110001110
0011001010100011
1111010101001001
0101110110110100
1010101010000101
1111110101110100
1110001001101011
1001100000001110
0111111010001111
0111011111101101
1001000000010101
1001010110001100
0111100110100000
1110000010111001
1001110000100111
0111010111010000
1011101110010000
1001010110010111
1010100100000111
1100101001101111
0010001000010110
0100010110000001
1111110001000000
0101000101101111
0000001010111110
1100110110101010
1011000000000000
0101101100101010
1010101000101110
1101101100011010
1100100001000001
0100010010110000
0010011000011001
0111000101000011
1111001110110100
0101111110111101
1100010111101110
1111100111110011
0110100110111111
1000010100001001
0000110101101110
1101111000100101
0100011011100110
1100101110101010
0110000111011011
1101101111111101
0100100000111010
1001110001001011
1010101010111011
0101011111001011
0110011000011100
0111011001010011
1011110111110111
0100100010000000
1110111011000010
1110011100000101
0110000100111110
1001001001010011
0001110111110010
1100100001110101
1011110010001001
1101000000001001
1100100100101010
0000110010000011
0111111100111000
1011000100110101
1100110111001000
0000100000110101
1011100001101101
1111101100110100
1101011011111110
1110010101111111
0010100101000000
1101111110000011
1001000001111011
0110101110111101
1100000110010110
0111000101100110
0111100000001110
0001110110010010
1111101001100000
1101110010110010
1000110000111100
0010110111101000
1011011000010001
0011011011001100
1111000000000110
0110001101110101
1101001110011101
1100111101111001
1110100001111010
0100011000001100
1111011001110011
0011101001100111
1010010001010011
1111101111100000
1100011101111000
1111010010101100
0100110000001100
0101110010110110
0111111001001101
1110011000001111
0001111001100100
0000111100010000
0011010110000100
1111111110000100
1010101001001100
1100000111000010
1110100001110111
1001011100011111
0110111011011000
0101011111000111
0000010101111101
0011101001110101
1010100101111000
0010101100000001
0000000001011011
0000010001000101
0111111100101011
0101011011011000
1001100000111111
0101010101111000
1111110001101011
0110001110111001
0001110111001001
1100110010000100
0110101111001001
0100111111111111
1101000000110000
0000101101110111
1111110010010100
1001100111000110
1001110101110110
0110011101011110
0100001000000101
0010011101000001
0011011011110110
1110001000100010
1001111110011000
1011001000011011
1101011111000111
1111001100010000
0011100110101001
1101000101110111
0001100100110111
0100000101011111
0101101000111000
0100111100101010
1111001010111010
0010100000010010
0111110001100000
0111011010000000
1111000001000101
1011100111000010
1100000011010001
1100001111110010
0010010111111101
0100110100000010
1101100011010111
1001111001100011
1001101001101100
0000110101001110
0110100010011101
0110000110000011
1011000011001100
1000111011000100
1011110000010110
