0011000001101011
1101100010111010
1001011001101010
1011111100100111
1101000110111100
0001000000110111
0010111101001010
0101011100011101
0001100101001111
1100101110010110
1010101111010011
1001000111101101
0111100110001010
0011000101100011
1011111111000111
1111000101000101
0010000011110110
1110000111000110
0001000100000001
1111010101000100
1000010000101001
1001110101000111
0101000110110111
0010000010110000
1000010000110011
0100100001000110
1000010110000000
0001001101001111
0111001110110001
1000110101011000
1000001001110011
1011111111100011
1001010011000001
0000010101000101
1011010010111011
0100001001101010
1001100101010010
0011110100110100
0010110111000000
1010101100110011
1101000101111110
0011100111001011
1111101010110111
0011001011100100
1001110001100111
0100110100001000
1110100000110101
1000110100110100
0011000000011100
1011001001001110
1101100101100111
1000101010111000
1101111101110010
0110111001111101
1001111101100000
0111110100100101
1110111001000110
1111010110101101
0011001110000101
0000101000010101
1110000010011001
1000010110011010
0101100100111101
1011100000011011
1110111010001010
0101011101101001
1010100100001001
1001001101111111
1011010011100100
0111100110011101
0111101000010111
1000001101111110
1001100010001101
1010000100111010
0100111101000000
0101010011001100
0110111000100111
1110111101111111
1101010111111110
0011111101111101
0010100100010101
0101111001001101
0000001111111111
1010111100000001
1001010110101011
1011010011100111
1110000101010111
1001000110110110
1100101010111010
0010101111001011
0111011100011101
0011010001011011
0001001011110000
1110000111100000
1100001001101101
1111001110011101
0000111000000100
0000000011000101
1000101001010011
0110110101010000
1001011110111111
0001111010000001
1011000101000100
1110110001000100
1011000010010100
0101101010111001
1011111111000011
1100100111101011
0100011100010110
1001111101100001
0000110011111011
1100011010101101
1000110010000011
0110011010110100
0011011110101101
0100101011101011
0110101111111001
0101100111100100
0001011100011100
1110000000011001
0101000111101000
1111110111111000
0111001000100010
0101101111111010
0000000111110010
1101000001010101
1110011000111101
1100100101011100
0001000010001000
0001111001100110
0100010101001011
0001000100010001
1011000001110110
0111101100100101
1011011101000111
1000111001011001
1010000101001111
1000000110010011
1001110111001000
1100110100101110
1011011101110011
1100110100001010
1011010010011010
0101011101010011
1111110100100100
0011011001101000
0100011101101100
1011110110000110
0011000111011011
1000101010011011
0000010101101110
1011001000000000
0110011111100010
1101100000010101
1011111100100001
0101011101001011
0000100111100110
1100011011101000
1000010101010100
0110010000010100
0100010000101011
1010111101000000
0110111010100111
0100001111000101
1110100111100110
0000110011011001
0011101101101001
1011110100011000
0011000000101010
1011110001001110
0100100110001100
0000111001001111
1100101010010010
0101111100011011
0101011011100010
1101011111001001
1111101000010100
0100100111001011
0011100110011101
0110001000101110
1000001111110010
1111010000001110
0011000011110110
0001101001010100
0001000110000011
0010101110010000
1101100011100000
0101000100001000
0000011001101101
1100100110111101
1101001110010000
1011010011110101
1010100000001010
1000100001011001
1101110110100001
1111101001111000
0110000100001001
1101000010101111
1100011010010110
0110100010100110
0000100110010100
0100111010111000
1010110001101101
0010001110100100
0110100110010001
1100000010011010
0111011100110110
0111111001001010
1010010101101110
1000001001111000
1100011000010110
0000011110010101
1111101011000001
1011001111010011
1010011101101111
1101010001110101
0001000110011011
1100100100111101
0111011010100110
0101000000101110
0110011110011001
0001100101000111
0111001001000010
0100001111101000
1000011000000101
1011111111010011
0000100000001001
0001000100111000
0101110011000100
1110011010000011
1011110100000010
1111101110001100
1010111011001101
0110110101111101
0100000100110100
0011101001110010
0001100000001001
0000111101111011
1101010001110001
1110011000101011
1100110010011110
1101110001000101
0101011001111100
1001010000001010
0000110001110110
1101110010001010
0110011000010100
0000100000111000
1110101010000001
1000100000101100
1101110100011100
1110110101001011
1100100010010111
0111100110100100
0000111001000001
0010110000110001
0011100010101001
1111011001000011
1001101000101001
1110101100011010
0010111101011101
0110110000001101
0101000111100011
0011000010100000
1000000011111000
0100010001110000
1001011100010100
1111110110010010
0111100101001010
1010001101110001
1101001010110111
1110011110100000
0011111101101110
0000010000101100
0010111111011011
0001101010111010
1000011101001000
0100110001010111
0111011101111000
1010001000111101
1111100101010000
1011010111011111
0100011000011010
0101011001000110
0010001011000001
1011001110000001
0101000111001010
0011101101111101
0011011100100110
0111010101100001
0000010110011101
0000011100010110
1101111001110101
0011001000011100
1011011100101111
1000110010011111
0000101100110110
0100100100000101
1010010100000011
0001100101111100
0001011111010101
1000111010000000
0000001011000000
1010111101000100
1000010111110111
1010011011101010
0110001010111110
1010001011000101
1001010110000001
1001111101101111
0111101110101000
0101100010001110
1001011111101111
1100000011011110
0100110111110101
1111100010000001
0011100001011110
1111000000000101
0101100010011001
0011010010001111
1110100011001001
0001000001111110
1110100101010001
0001100100101100
1000110111001111
0011111111001110
1101001111111001
0100110111001111
1110001100010111
0110100101010001
0110111001010000
1000011001001111
1101010001001001
0101001110010110
1101111011010110
1000000100110101
1101001100001101
1110001011010011
0111000001010111
1111000011110110
0001111100101011
1001110000011011
0000011111010110
0010101101110100
0111101000110101
0001101101111110
1111010010101100
1110010100001110
0011101001111100
0111100101111001
1011010101011111
0000010111101101
1100010110111111
1001001100000010
1101100000111000
0100011111101110
0001101011101011
1001111110011111
1000110011001111
1110010000111010
0111010000110010
0000010100110111
0001010111100010
0100001001001100
0010100000010010
1011001101000110
0110101110101010
1001101011100100
1001010110111001
1000010111111110
1010110110100001
0101000111000110
0001110110101110
1111101010010001
0100101110010110
1111011111001100
0100000100100111
1000010000001000
0101000101100111
0100011011111111
0101111101110111
0110110001000100
1001010000011110
1111101011010100
0111000000111010
0001111110111010
0101100111010001
0001111100100000
1000011101111101
1000001111001000
1011110000100000
1001110111001101
0110110011000001
0000000010011101
0000110010000000
0010110011000000
0100111000000011
0010111000000011
0000101011001000
1001001101010110
0000111111000101
1100001111100110
0110010101011000
0111101010010000
0100000001100001
1010001111110011
0001100110101110
0100010001010001
0010010001101110
0000011010100010
0010110100000001
1000011011100011
1011001110001110
1000011010100110
1000100010011111
0100110001111100
0001001000100100
1101101010110001
1001001001010100
0011111110111010
0111011101100101
0010010101110101
1010100000101100
1011010101011111
1111010010000101
0010001001001100
1001101001001000
0111111100100001
0000111111101010
1101101111011000
1100110011100111
1011010000011101
0011011111010100
1100100110010011
0011111001111100
1010110100001100
1100011110000010
0011110110000010
1011000001100010
1100000011101001
1111110000011011
1001111010110111
1001100010110100
1010000001101001
0100101111101001
0010010000000011
1011101110011111
1001010100011110
1100100110001001
1010001101100010
1010011110001110
1000011111111111
0100001110001001
0010011101110100
1000011001110111
0001011001101001
0011101111010010
0010100001110110
0101000011101101
0111001001001000
1010111101110101
0100011001010111
1000011011011110
1111000010001110
1000101010110010
0010011001111100
0010000000100101
0100111101100010
1011101000101100
0000101111001110
0101100111001000
1111101100111011
0000001110101001
0001000111100011
1010101100001011
0100100001011101
0001010011100101
0110010100100000
1101111110111101
1000111101001000
0111100101011110
1000111110110110
1110011001011010
0000111111000110
1100011110111001
0011111000110010
1110110101100100
0101100101001000
0001001010110011
0111101111111100
0011111001001000
1000001101011000
0100111101111101
0111100000100111
1011110101000011
0001110010011000
1111001110110100
0100101011001000
1111101001001101
1101011100010010
0010011000010110
0011011100101101
0101100000111111
1101000011110011
1101111001011010
1111000000001011
0011110111001001
1111000010001100
0011001011100101
0011010010111001
0110111000101101
