1100101011000111
1001010110101101
1011111001101010
0001100101001101
1111110000111000
1010111111011100
1001010100010100
1001100110111010
1000111010110100
0100110011001111
1011001100101000
1110111001100100
0011000001001101
1110100000111111
1100101101010100
1001111001000001
0111011110111010
0101000111001001
1110110110111001
1001000100011001
0111010010010111
0100111110100000
0000110010100111
0111010100100011
1010010010010101
0100010011000000
0000010001100101
1010000101101100
0011001111011101
0111010011100100
1101000101101000
1010001001111011
1111001111001001
0110001101100111
0110011111101000
1010000111100000
1111001111111101
0010110110001010
1100000100110111
1111011001101001
1010011001000000
1010100011011101
0001100000100011
1110110110110000
1001110001010010
1001001110111101
0011100011000001
1110001100010010
1101011110101110
1111000110000000
0101010111110111
1011000011100111
1101000101011011
1100000110010011
0001001011011110
1010101001011110
1010010000010010
1100110010001100
1101110111000100
1111010110011010
1111101011100101
0100100011001001
1010001110000001
0101101100011011
0111000100010011
0100110010000010
0011100000111100
0010101101110001
1101011111100111
0111010110100000
0001000011011000
1000100010010110
0110010000111111
0110101011010111
1001010000010001
1011011101101110
0110111011000101
1111010001010111
0000111110100110
1000001110010100
0001001011000100
0010101100100100
0001111011101001
0000110000011111
0010111010111101
1100000101100001
0011010011011010
1100110110100111
0001110111010101
1011010100010101
0100101111010000
1111110001000111
1001110100101101
0000100000111110
1010110011111110
1001001111001100
0101000111110101
0111010001110101
1010000100001011
1111000010000110
0110000000000001
0011111011111111
0000001111100110
1000011001100011
1001110001110110
1010010001101100
1110001010100111
0001111010110101
0000010100100001
0101011111111100
0101110011000010
1110110011000011
1101011110100101
0100000000100101
0011110010100111
0001001001110011
1110011100011001
1100110100000101
0100011110110100
0000100010100101
0111110111011101
0010100101000010
0110101101010111
0100001011101101
1100010010101101
1110010111111011
1110000110101010
1111011000000000
0111101000010011
1001110001000000
0000110011010000
1101101011100011
0011000101100001
1001101010011000
1001001111011111
0001010001000111
1111101101110010
1110100100101011
1111001111010011
0010111010001001
0000000000101000
0001010110000000
1100011100001011
0000110100011001
0111000111101000
0111101010000101
0011101011110101
0001000111110001
1110000110011010
0100000100000110
1010011000111111
0110110010111001
0000010101010110
0111011111001100
1010001010111011
0011000010001000
1011111100111101
0101000001010101
0000001000001101
1101110010101100
0010100001001111
1111111010101101
0101011001000100
1010110010110010
0101101010100110
0011101100101001
0001011110000110
1100110100000111
1010011010111101
0011101100010110
0000011101110111
1010011100111110
1110101000110010
1101000101001101
0001011111110101
1001100110010110
0101110100111110
1110001100011110
0101011000011010
0001111000100000
1001101011110000
0111110100000001
1100011000011110
1100111010000001
0111101011101100
0101011001111110
0000001001001111
0000101111001011
1110110101011101
1111100100000110
0010001100011111
0000000001001111
0111101101110011
1010000101100000
1111111010001011
0100100011100001
0011101110111010
1100000001011101
0010110001100011
0110000010011010
0000100100100011
1101101001000110
0000110100001111
1000001010101001
1000110010000101
1100111101010100
1001110011110000
1011000010001110
0000101110000100
1001110110111111
0110011110001110
1010111000111100
1100000011110111
0001101110101100
0011111000100001
1011111001110100
1101000010101100
0001110111111010
1011000000011011
0110111010101000
0111100000000001
1000010000010100
1110101100010011
1001000110101001
1000001110010010
0010010110111100
1000111011101100
1000111100111001
0001100000000100
0001000101000101
1101001110101000
1111000000101001
0111100100100100
1011101100110100
0011111000100110
1001110100111000
0000011010111100
0101111111111001
1110100111111000
1000101010110010
1011011011001010
0101000000010111
1000010000101101
0000111010001101
0010100110001010
1010110101101111
1110001111110000
1101001111011110
1000111000111000
0111010011010111
0110000101001101
0100000000000110
0011010101100000
1001000010011011
0010011001001011
0110011011110100
1011001101110000
1010001100000100
1001000110110011
1101111111010100
0101011011101111
1001011010101100
1000000100010001
1101101010000000
0001111101111110
0011111110100110
0101110010011011
1010110111110100
1001001111011101
0000000111100010
0000110110101101
0011000110100001
1100010000110100
1011111011110110
0000110001100110
0110110101011101
0000100011000110
0110110110100001
1000000100100100
1111001001100110
1001010101001000
0100001000000011
1100110011000011
0000100110010110
0011000110011000
0110101111011100
1101000100011111
0101011110111110
1000011100110100
0010110100010110
0011011110101000
0010010100001110
0111000101101001
1000101010110101
1000001110110100
1100000100001011
1101011110010001
0001110000010110
1100110010100101
1100101001110001
0000011011111010
0110001000110100
1111010110001001
1100110010100010
1000001010001001
0100101111000100
0011101000101101
0101011111000001
1000000011111101
0011011101100101
1111110101001111
0110010101110101
0011100101011010
0100100001100110
0100001010101011
1100100010011010
0100011001100001
0010100111011110
0111100111010001
0001010011001001
1110010011110010
1111101010110011
0010110010110101
0110100101101101
1100100001100100
0110001010001000
1001001100010000
0001011100111001
1001001110010101
0100010011111011
1010000000101101
0001010001010010
0011010000111001
0101001001001110
1111100010101100
1001001110100101
1110100000110000
1010101110111110
1000101111100000
0001001111010001
0011001111001100
1110001100010011
1011010100001111
1010011111011011
0011011101100011
0100011110010110
0011111111011010
0110101100011111
1011011000100110
1001100011110111
1010111101011100
0100010001101100
0110110011111010
0011100000111110
0111010101100100
0000100110101100
0100001111000100
1000010110101010
0000011010100111
0100110111001100
0011010000100101
1011100110110001
0010110101010001
1101110011011001
1110000001010000
0101110110000100
0001101101101111
1011110110111010
1100001100110011
1010010110100000
1000111000000010
0000111011110000
0001111111101111
1010110100100101
1000111110100011
1011000010010101
1101001001110101
1011010010011011
1011000110101100
1111100110101001
1101000000010011
1110001000101100
1101111010010010
0011111100010000
0101100001101001
0101000110000101
1010100010111010
1101011010111101
0101001011111001
1011001101000110
0111101101011100
1011100101010101
0000111101000001
0000001001100111
1110000010100011
0100000100000110
0010000111110110
0010110010100001
0011111111010110
0000101110111101
0000010101110010
0111101110100011
0010110100010010
0001000011011111
0010100110001101
1000101000100000
0011000010100101
1010101110001100
0111011100110010
0010100011101000
0010000011011000
0100110110000101
0001111001000010
1000100001000010
0100100111001010
1101100000010001
0010101000000110
1101111101110001
0001001000101001
0000011101111001
0001110110001011
1110000110010110
0110100000110101
1111011110110111
1011100100011110
1111100010101000
1111111100101100
1111001010110010
1011000011111100
1010001111000010
1110000001010101
0101100101111001
1000001000101110
0000101010000010
1110011101000101
1010010010111000
1000111100001111
0011000010110001
1100001010000011
0111010010011000
0000010110011001
1010010100101000
1101110111001110
1111100010001111
0010101111100010
0110110011010001
0100100001100100
0001011111000110
0000110010001101
1111010110111000
0001110101110100
1110000101001111
1111111011011111
1100111110110001
1011011101010001
0101000001001110
0100110100110110
1000000100011110
0110000100010100
0110110111011110
1011100100010110
0101100001101000
1010101110101100
1000111000000110
0010101010101011
1000001101011010
0010100010100111
0111001001110000
0011001100011011
1101010110010010
1011011001000100
0100110110101110
1110001001110100
1101001101110010
0000110111101011
1001011001110111
0000000010101111
0101011100001011
1011001111100010
0110010001000001
1110001101001100
0101101110010011
0000111100111001
1101101000100010
1100011110011001
1101110111110100
0100100000101100
1111010110110111
1000100111010110
0000000001100100
1011001001110110
0011111101001101
0111010010110010
0101010010011001
0101100000011000
0110000111100000
0101100111100010
0001011011001001
1101010011001111
0011010001010010
0011011101101011
1011101000001110
0110010010011101
1111011110001011
0010101110100100
1100110010101000
1111010001000000
0001001000110001
1100101011111011
1111100001001110
1101100011000001
