0100110000000011
1011101101000011
0011111110010110
0100110101010101
1000010000101000
0100000110010000
0101000111001110
0010111110101110
1100001001111100
1110111000001111
0100010001110110
0100110001001100
0001011010010110
1010100010010101
0001001010111100
1110111111100010
0010000100000110
1101101000001100
0000010110100111
1100010000000100
1110101010101110
1100010100000101
0000110001101111
0010001100110101
1111110110001110
1111011100101101
1101100010100110
0001000110101001
1110101111001000
1010010001100001
1111110100010011
0001100101110110
0110010101110101
1010110101001100
0001100001010101
1110101110110001
1011100011011111
1111100010111100
0110011101011101
1000101001111010
0000001101111010
1011110000000101
1011011111100101
1000000001001001
1101000010011110
1110011001111100
1101000110000110
1111101111011110
0111011110001000
0010001110100001
1001110011110110
0110100100010101
1100101100100100
1011111110111001
0010100101111111
0011001010011001
1111101001111001
1110100111110100
1011001100001100
0111101100001011
0100100111010110
1010101101101011
1001000111110100
1001101101100110
0101100111110101
1111011101100011
0011111010011011
0000101101011100
0101010001110110
0010001011101011
1001101110010110
1111001010100000
0001111111101111
1100100100001110
0001100110100101
0110100000100110
0110011011101101
0001001111101111
1001011111011111
1001001001101100
1001000011011110
0110010100010100
0010111001100101
0010010000001010
1111010011000100
0001111100101001
1100001101001000
1101011001111100
1111110011110101
0111110110110100
0001011001010011
1101111100010001
0110101111000010
1101100111011000
1011001011100100
0001010100101001
1100001110010000
0100111001111011
1001110110101110
1010111110011000
1101101001101010
1011011100011011
0101100010110011
0000010111011101
0011101100000001
0001110101010001
1111100101000010
0010110010110101
1001110101010100
0101000100000000
0000011000001100
1100111101100011
0000100000010010
0010110101100010
0101000010101011
1010111110110101
0101010100101110
1110111100000001
0110100110110111
0100010101111100
0110100101111100
0100000110111011
1111000011101101
1011001000110001
1101001110110100
1111010100000100
1100011010011101
1101110110111010
0001111111101010
0101000101100100
0110000011011110
0100011010100100
0010100110011101
1010000101011001
1000011101011111
1110000001110010
0101011100011011
0111000111010000
1000001011100010
1010010110001101
1100001100001001
1010001110011010
1001011111110000
0101101000110110
1110000100110001
0000000111011100
1011100100100000
0010010101111011
1000011100010101
0011011101001100
1101101100101000
0111010011111010
0010000100001010
0100010001101100
0001010100111001
1000100111111011
1001101111010011
0011000000110010
0110000111101001
0000100110011110
0011101100000000
1001000110000101
1001001101011010
0101011101101100
1100011100110101
1100001000111010
0101001010011011
0110010101011110
0001111111000110
0100010001110101
0100111010000111
1101110111011011
0111010101110000
0010000100111101
0011010100100010
0011101100111100
1000100011111111
1010111101110011
0111001101001010
1101100001010010
1110101011010001
1010001000101011
0101111101100101
1101011000011100
1011000011010011
1010110000110111
0110000100111101
1100001100010110
1101011100011111
1101010100100001
1110001011110001
0011110101100000
1110001100111010
0001111001010100
1010101001011101
1111110110001111
0110100110110000
1101001001000100
0110100110010000
1011111110111101
0111010010010101
1000010001110111
1110010100001001
1010011101000001
0001010001100111
1101010011000010
1000100000100011
1000100010011000
0101011001011001
0100000101001011
1011110101110101
0101101100101111
0011100011011100
1110101011100110
1111100111100001
1000110001011101
0100000011100001
1011000100100111
1011111100110110
1011011011001110
0111011101110101
1001110111010101
1100010101110100
0010001101111011
1010110000000001
0000100001110000
0110100110111011
1100011100010100
0101100010110001
1001111101101101
0100101000000101
0000001000111011
1111000111000101
0100010000110100
0110011010010000
1000011001111011
0101111101011110
1101111101010101
1000011010010110
0001111011010011
0000110100000010
0001110111010101
1010010110000001
1011111101000010
0111001011010010
1101110010000010
0011110011110001
1100100010100001
1000100000011100
0000100010111001
1001100000001100
0101010010001100
1001110100010110
1010100001000011
0110011101111111
1111101110010011
0101101111100001
0101110010011110
1110010000100100
1001001011110111
0111010110100010
1010100011010110
0111110010011101
1101011010100011
1110110010000011
1110000001111101
1110111101000001
1100100111001101
1111001110100010
0000111001101101
1011110011110000
0000000101111111
0110101010111100
1101000110111100
0001111000111001
0000010110011101
0010111011000010
1111010110101011
0011011000100110
1000010110100011
1110101101111001
0010100000111110
1101000000010110
0100101100101100
1100110110000001
1101010001110101
1010100111100011
1010101101010011
1010101101011010
0011011100110000
1111001001100111
1001011110010101
0001001111110101
0010110111011101
0010001100101011
0010010110101100
0011110010011010
0100110110110001
0110001110001100
1001010000010001
0000010100100001
0100100100100011
1110100101011101
1001101101100110
1110011010100101
1000100101001110
0110100100010011
1001100011011101
0010111100110010
1011111101011011
0101111000100001
1111010111100011
0000010010001100
1100000000111001
0000011101100011
1100001110001111
0101110101011100
0101110100110011
1110101101111011
0110101111111111
1101111110001011
1001000011011110
1100100000100101
0100101000110010
1101011101010101
1011110110101111
1001011100001011
0010110010001001
0111001110001110
1100100000110101
1001010111100101
1000010111001000
0101100001101010
0101100010110010
0001001101111101
0001001011010010
0111111011011010
1010001011000111
0010011101011110
1101000000100001
1000011110110011
0011000011110010
0010000001110101
0101111000110000
1000101100000111
0000110001101101
1000100010011011
1011000000001000
1011111111110101
0001111100010111
0100101010001010
1111010110001010
0001000000001000
1010111101110110
0101001110100011
0100010010111000
1011011000101001
1011111000101010
0001000110100110
0111011111101011
0111110100100011
0110011000000100
0101011011110011
1110010010000011
0111101101111100
0101100100111111
0101111111000111
0110001101000010
1101110111000011
0101011011000000
0000111100110110
0001000101101101
0111100011011101
0110010101000101
1110001000111001
0100000110010000
1010111111111011
1001100000001000
0111101110010011
1001011110110010
1101011001011010
1011011100001101
0111101011110001
0110011101001100
0000101010110001
0100111100100011
1001100011101010
0110101101110001
1010110111011011
1011011111101000
0110110111100101
1110101001101110
0011001110000001
1010010111101001
1011010001100111
0101101010000001
1110010110001000
0010000010011000
0001001101011010
0110010110100101
1001111000011011
0000111001000100
1000011000100010
0100101111011000
0000000010100010
0000001010000100
1001111001011111
1000101100111101
1001011100111010
1000111111000100
1010100110100001
1010001110111111
0001111100111011
0001101010110001
1011110001011100
0100001001000000
1010011010101110
1000101010110101
1001001110000010
1001101011011011
0011100101001000
0111001010010001
0110011000011001
0101000111010110
1101001100111110
1000011111011110
1010010100110110
1100101011100000
0011110110010100
0100111001110000
0111100011000101
0000111110010001
0111110101111110
1111111101010000
1100001011110101
1101001101101011
0010100011111111
1000100011011000
0001011111011011
1110010010100001
1000110100110100
0111001100001011
1010111010011101
0101010111011010
1101010010011011
1001001110000100
0010101011000100
0001010111000110
0000111000000011
1111110101100100
0111100000100110
1111101000111111
0000100011011010
0110000010101110
0001100111100101
1001000110110010
0011100001000010
1111100111000001
0111111011010010
0100000011001101
1110101111001100
1100100001110100
1100011111110100
1001000010110010
0111000110010100
0000111111100011
0000001011101101
1111001101110100
0111001110100101
1111100000011001
0001101100010101
0111011100101000
1001110110011001
1010101100100111
1010100111011011
1100101001010110
1001001111100001
1100011001111011
1101010101000101
0100111101001100
1000010001000101
1110101110111001
0111000100011110
0010010111101010
0011011111100001
1110100000110111
0101011001110100
0011110100010100
0001101110100001
0100100011101011
1001111100110101
1111001111100010
0111001100010000
1100111101101100
1101011101101110
1110101001000100
1110000111011111
1101001111100110
0111111000101011
1000011001111010
1001110011100010
0101000011101101
0011000111011000
1011101101110001
1110000100001001
1010001101001010
0000011101100001
0110100011101001
1001101111111010
0101001001110011
1110110100110011
