0111100110101111
0010011110001111
1001011101100110
1010110110000001
1101001011010000
0101000111010011
0011000000100011
0111010011000000
1111011000101000
1011101011000010
1111000000010111
0111111111110001
1011100111011111
1011010111001110
0110001000011000
0111101101000001
1110011111001111
1111010011111011
0101111010010110
1100111110000100
0110100001000111
0110101110010111
1101110011101001
0000110101101110
0111010000100101
1110100101001010
0011101000100001
1001000010000000
1000000011110010
0001010110001111
0000111011000100
1000100011100011
0110001010100000
0010111100111001
0001000001101000
0100100010011110
1100000011101100
0111110110010110
0000110001001001
1100110110000100
1001100100101001
1010111000011110
0010100000000110
1011011000111100
1110110110010111
0101010001110010
0010100010100010
1110000110111100
1110010100111110
0011010000011011
1100101100001111
0010111110000110
1110101000010110
0110010010000100
1100001100001111
0011111001111100
1000010001111011
1010111100111011
0100101001011101
1000010011100001
0100001100111100
1111000000100101
0110100110111101
1010100010110101
1001011100011000
0101110110110010
1100000011011101
0010010111000110
1010000110100111
1111100001101111
0011011110101100
0101001101100010
0100101011000100
0010010011011010
1101100000111111
1100000000001011
0000101001101100
1010101010001100
1011010010001001
0111011101110001
1101100110111101
0011111000110011
0011011100100000
0000110110110110
0010100111011010
1011000111100111
0000110110010111
0001110110111011
0000001111011111
1110101100010111
1110110011001111
0001010010011001
1110001000001000
1110000010001110
0011100010100001
1111101001110011
1011101001110100
1001111000111001
1101000000110011
1010010110111111
0110010010111001
0001010000110000
1110001011100111
1111000001111111
0101010011000011
1100111100100001
1110010101011100
0101010000110011
0011010010100000
0101001000100110
1010000101011010
1010101011011001
1110100000001110
1000110101101010
1111011100111111
1000000001011100
0101110001011011
0000111010001000
0011110000001010
0111011111010110
0100111010101000
1111001011111110
1000011001010011
0100101100011111
0100110001100101
1010001100000001
1011010101000100
0010101110110110
1101000111000011
1111111111010110
1110010100001000
1010011100011001
0101011100000001
0110011110000111
1100000110111001
1001000011010101
0101111000000110
0110100001110101
0100111010101111
0110111110100000
1011111111111100
1100100111011011
1010111111100101
0000100010011101
1010101011111011
0111100110101000
1000001100000111
1000001000000110
0110101111010100
1001000100101100
1000110100011011
0110000010100100
0101100100011010
1111010111011100
0111100110110111
1110101011111111
0001000100000111
1010011100010010
1001111111100110
1100101110111011
0101010110101011
1110001000000010
0011000101111100
0011110010000101
0111001101110010
0010111001101010
0100001010110100
0001001011101000
0011100011001100
1000000110001110
0011110001110000
1011100010101101
1100110100010100
1111000111110101
1001101111101100
0011100011000100
0111001111111110
0111011001100010
0101011100001000
1101110101111001
0111111100100011
1001101101011100
0000001101010110
0110110110100000
1001110111010000
1001110100000101
0111000000100110
1101011111001110
0110000000101100
0010110011010110
0110001110100011
1101001011001011
0000100101011101
1000100100011111
0000001011011001
0100110111100010
1111110110110100
0000110100000101
1001100001110001
0110011101110010
0100111001111110
1100100000011100
1100001011111001
1101001101000010
1110011000111100
1110001000010011
0010111001010100
1100000100111101
1010000010000111
0101000110100110
0100011110000100
1000101110000100
0111111100000100
0011010110000111
1100000111010000
1110001011001110
0101001100000001
1011101011100011
1010010110111111
1001111000100001
1000000011110011
0111100011100101
1011101101111010
1010001101110111
0001101101001010
0100100101001111
0000111111001010
0110110011010011
1100011101001011
1101011111011011
1011111101011100
1111100101100101
0000000100101100
0101111101010011
1100001100110101
0111110011100001
1011110011101001
0001110101000101
0011110100010100
0000010010110111
0110000110010111
1111101010000011
1000101111001100
1001100001010110
0000111000101111
0110011001011100
0100000100010110
0100001001000111
0010011000001111
0011011101000110
0010101111011110
0011011100000110
1100100101011001
0111111001011100
1010011110011010
1001011111100000
0110000100010010
1000011010001110
0010100101101011
1001010100100011
1001000000011111
1101101000011010
1010111010000010
1001100011111111
1111011010100011
0101000011011001
0001001000100101
0011100101011010
0101000010111001
0001011101111111
0101001010011010
1000111111110111
1100010010000011
1010010100100011
0011011110100001
1110101011111010
0010111011000011
1101100110100110
1101011011000010
1111110011011011
0000110101101101
1011100010100101
1111110101101001
0000110101010001
1100011011100100
1001011011001000
1001001000101100
1110100100110100
1011001010110000
1110001111110111
1010100000110100
0010110111101000
1001010110001111
0100010100101000
0110010011011011
1110101110010101
1100010001000110
1110100000011010
0011011010011001
0110111111010011
0010101010001011
0110101011111111
0011011010000111
1011011010100010
0111001000110100
0100010011110011
1011100010001100
1011111001000001
0001010111000001
0110100010000111
0100101110011111
0100001101010001
1100011011100110
1000101110000001
1101100000100001
1110110111011000
0101000000110010
0111110010010101
0011001101000100
1101100111100100
0001010011010111
1000001101101000
1110110011000100
0111100100111101
1001110101011001
1101100101010010
0011010101111111
1010001011000000
1000100110010011
1010100100000010
1100111101101011
1001010110011101
1011010100011110
1101111101000100
1110000101001000
0101000000011100
1110100011000000
0011010101110011
1000011000010010
1110011000000101
1110100110111000
0100000100011011
1001010010101111
0111001110011101
1010011100001110
0111011010001111
0010110010101010
1110110110010010
0001001010001011
0110111010001111
1110101111110010
1100011011111101
0100100000010110
1001000011000100
1100010000011111
0101110101000100
0001010011111110
0110110000111011
0110100010011101
0100101010101100
0100101101110010
0100000101010000
1000010011001011
0111101100100111
0101011110010001
1111010001110010
1101010101011000
1101000011101101
1011010001111010
0110101111110011
1100110110100001
0010011101011001
1110101010110011
1011001110111011
0110110100001000
1100010000110111
1101000000001110
0100001100100000
1011100111010111
0101111000011011
1010000101111101
1101000010110010
0101001101001100
1110101101110100
0010001111101101
1010001011010010
1001011011101011
0110000100001011
1000111011110001
0100110010110011
1000000011001111
0011011000011101
0000011000110110
1100001000001111
1101110001100111
0101001110011001
0101000100111100
1011111100111111
1000100101110001
0010001100010111
1000100100011111
1001100110011101
1111110111100100
0111111000011101
0011011001110100
1010000001110011
1110001001111110
0111001101111000
1111010111000100
1101110111110011
0100000001110000
1001001111100101
1010111001010010
1010111100110011
1010111100111011
0100101100010001
0011000011110111
0101000101100001
0110011010101100
1100111100001110
0000001010100111
0011000101101101
0100100110010101
1000110101111110
0111110011000100
0111001110010001
0010001101001110
0100101000101011
1100011011110101
0111100100010110
1101000011111001
1100001011110100
0000000011011100
0010111111101001
1100011001000011
1101011111101010
1001110101011010
0000111011110100
1001001010100001
0110110000110010
0010001001001000
1110110111100110
0001101100100011
1111000010101011
0101110010111111
1010000001111111
0011111101011011
1111101011100101
0100010000001011
1110100010001101
1011100101010011
1110100000010000
1101000001101110
0010100000101100
0101010000111101
0001111000100010
1110110010010101
1010001000101111
0011111111001100
0001111110000010
1101110001001001
0100111111111001
1111001010011010
1001000100011010
0001011100000000
1000111000110100
0001000101101110
1010001110011001
0100000110100100
0100110010000001
0001111010011101
1101011000011010
0101110100110000
1111110010110100
1111010101010001
0001000000100100
1101101110101010
0110010010110001
0011000010111001
0100001001011011
0000011010101110
0010111011010111
0001000010001011
0010010111111111
1101100000100011
0100010000010101
0111001010100111
1000110110101001
1111111001000001
1001100011001010
0000001100001011
0110010011100110
0110001111001010
0110001000110110
1011010101110001
1111111101100011
0100101110111001
0010001110000111
0110110001001111
1011101101010001
1001111011010000
1010001111101101
1101110111100110
1011101000010100
0001010101101000
0110101010100100
0011001000101001
1111111001010011
1010001110010111
1110010100100000
0010101111000001
