0100011111100001
1101011100100001
1011100101001010
0101110110010001
0110100101000100
1111000010110110
0000001001010110
1000110101000010
0000010111001011
0011100101010110
0010011001010100
1000111110001110
1000110011110100
0101101011111000
1001100011110101
0100100011010101
1000100111010001
0000001001000111
1001111101001101
0000111100110011
1101011000101001
1011111000011010
0010010111100011
0100100100000000
0011010001000011
1110011111111101
0000100001101011
1100100011001100
0101110000111101
0011111110011000
0110100010000000
1100101101011100
1001010110011100
1101111010010011
0000111011010010
0000010110010000
1001010111100111
1101000000101001
1110100000010110
0111101000000101
1001010110010100
1010010011101111
0111110010010000
1100011001111100
0101000001111011
0010100101011010
0100000000001001
0110001111101111
0101001100111000
1011110011111111
0111110101100101
1100010000100110
1100101101101101
1011001101001101
0101111011111111
0110100110000000
1111010010001111
0100010011000111
0101101111100110
0000000111101010
1000011010110001
0100110011010100
0100010001011101
0011010110100110
1001001110001010
0000000111000010
1111100001110100
1011110100110011
1000100110100100
0011100111011001
1010000011000010
0101101111011111
1101001101100010
0110110010001010
1011101100100011
0101011111110100
0111101010011000
0100111010100011
1101111000010011
1111000001110100
1010100110111110
1111100011110001
1001011100011000
1100100101001110
0000010111111001
0011000011110101
0100000011011010
0000011011101001
1110101110100100
1011111110100000
1100110110100100
0011101110100101
1001010101110010
1001001001001100
0111010001111111
0001001101010001
0011100010110001
1100000100100001
0101010101101001
1011000111111010
0000100001110011
1101101001111011
0110010001111110
1010011101111001
1100101100010111
0011001011000010
1000001101010110
0100101100010111
1100000110101011
0110101000000101
0111011001111101
0000100010000000
0000101001110101
1110100100001111
0111000001110011
0101110110100111
1111000011110110
1110100011010100
0010101010010010
1010110010011000
1011011101011101
0110011001110111
1011011101101010
0001101110100100
0001111001101001
1011010111111001
1011010010110000
1111000011000011
0110010101011010
1001100000011011
0100101000011101
1010000101011111
0110110111010111
1001011000100011
0011000110011101
0101011101110010
1001011011101010
0010111011110000
1110110101001011
1100100001000001
1010001000011100
0011000101000000
1100111010001101
0100110011111000
1001100011111001
1100001100110110
0011100110011111
1001010110000000
1010110101011100
0111001101000110
1101011110100000
1001110110100000
1110001011011100
1110101110001001
1111000100110011
0110000001101110
1001101001001110
1001100111001110
1000110101101001
0010010010110010
0101001010011000
0001011101101100
0000110110011110
1010100000110000
1000010101011010
1010111011100010
1101001001110110
1110101000000101
1110110110111111
1011110111001101
1011111100000111
1010100000010001
0000101011101110
1100001000010011
0001111000101100
1001100010101010
0001110100110011
1011001110111110
1010000101001000
0001110111010001
0001101101110110
0000100101010111
1110110011001111
0010010011111101
1110010001011010
1010101011111110
1000001100000111
0000110011001101
0001001100010110
0000000101001001
0001111001111000
0011000000001010
0100101111011001
0101101001011001
0111111111010111
0000111000011001
1000010000011000
0011100100100100
1010110000000001
1111011011000110
0000010101010010
0001010110011011
0010100000000001
1100110110010001
0101110111101010
0001010100011000
1101010110110001
1011001010110110
0011110011001111
1111110001010011
1000100111011100
0100010110011010
0101000011110111
0010011010011111
1111011101000011
1110010101010111
0100001110001111
1101001001111100
0001001111100011
0011111010010111
1111110110101100
1001010110100010
1011011000110111
1011111011011000
1001111111100011
1110111000100110
1010001101111011
0110001101100010
1110000111110100
0110000110111100
1100110111100110
0001101010110010
0100100100110110
0111001001010000
1011101001100000
0011100001111110
1110110111010101
1110100101101101
0001110010111111
1010100111111000
0001011101000010
1010110011110001
0000011011101011
1010101111111111
1101001110101010
0110101101000001
0010110110110001
1111011100001100
1101111000000010
1011001111110110
1001000011010011
1001001110101100
1101110111100101
1101000101000001
0110111001111111
1001101110111011
0111111111101111
0010000100001010
1111100001101011
0011100111110100
0010110010111010
0110110100001110
1100101100100000
1101001100000001
0100100010010111
1001101110100101
0011101101100001
1111011111111011
0101101101000101
1111100010011010
0011100011000101
1101011001000000
1111001111100100
1101001100100110
1100110110100010
1110100101101010
0111001101010001
1111010010001010
0000100000101101
0110011001000010
1101111010011000
1100010101011000
1110100110011011
0000101000100001
1110101100111101
0000100010101010
1001011111011101
1100110101110011
1001000011001000
1111010000111111
0110100011101111
1100011001111101
0100010100000010
0101000001001001
1100101011110010
1101001001100000
0110110011101010
0000100001101100
0110101101100100
1101000101110100
0011000101010000
0000101111100000
1000101011100110
0110111101010001
1000001000010010
1011010111000000
1100110111000010
1110100001000000
1111001111100100
1011110100001000
1000001010110101
0100100111010010
1110101001001110
0111001010000011
1111101100101011
1101000101011111
1101100111001001
1001110010101011
0110010010001101
1100010100010110
0101001111111001
0111000110110110
0011001100000001
0011001001101010
1010111111011111
1001110110101110
1001010011000110
1010010100100101
0000101001001010
0011101110000001
0100100101011001
1100001000111101
1001001100100001
0110011011011011
1001100011011010
0111001110001000
1000111001100011
1010010010110110
0100101111001001
1101001111100000
0001110100110000
0011000000101011
0001000000001001
1111001101111000
1100101011111100
0000001100101101
1000000010000111
0000000010101010
1011100110101110
0110100001001111
0011110001100101
1100001101001011
0101001100010001
0000001010111100
0011110010000011
1011111111111100
0110010001111001
0110001010010110
0010010110111100
1011000111110100
0100101101101000
1110110001101111
1101101110100001
0010010100100100
1110110100100100
1001010110100001
1001000101100111
0101111110100100
0101001000100010
0001011011010010
1001011000101100
1010000011100101
0001111110010100
1110001100001011
1010101010101011
0111111001100011
0101110001110110
1001001101110001
1110100000010100
1101010011001010
1101101101100000
0010000101101101
0010000101000001
1110010011110111
0111111110011000
0001001011000000
1111100101011010
1111011001010000
0010011111010000
1110000111011110
0101000000110001
0110110100100100
1010110101111101
1010010010000111
0111111111101110
1000101111011010
0011110100110001
0111010110001000
0110111101100010
1111010100101010
1001111100101011
1001001110110010
1000000111111111
1101111100110110
0011010100100000
0011101101101101
0010001101001100
0111101111011000
1101110010000011
1000110101000110
1000110111001110
1100001001100100
1011010100011010
0111101000110101
1000011111101110
1110111101010001
1110010100011011
0111100011000100
1011111100010001
1000110110011001
1111111001111001
0101111010101100
0101011100101101
1000100101101011
1011101001101100
0011111100100011
1000101101010101
0001010100001010
1011100001001010
1001101111011010
0101101100010110
1010001100110110
1011100110000011
1111011110100110
0011111010000011
1001111010101000
1000111111110010
0000001101011001
1111111000111010
1011101000110011
0110010001001110
0100100111001101
0101110010010010
1001011001001111
0001101111101111
1111101010001111
1010101001011010
0111000101110111
1000111001110010
1000001000011100
0010010001110111
1110010001011000
1101111101010001
0101101110011010
0010111001101011
1111010010111111
0110000001101100
0000111111111110
1000111001001011
1110110110000101
0111100010000101
1110101001101111
0111110111001111
1001000011001011
1011111010100101
0100100111011111
1001111000101001
1001011110000001
0111011110010001
1001110101101001
0101011000010000
0110111110101110
0111000101000000
0100000110010101
1111010101111111
1010111011011110
1111010111000100
1000110001011010
0001000001110000
0001101010111001
1111111110011100
1010010001010001
1111001010011101
0010011001011010
1101101000100111
1000110100100100
0100110001000001
0100010110111110
0101000000001000
0100110001100011
1000010101011001
1110000010011110
1000011011010011
0101000110011001
1001000011000000
1010111111010101
1010111110000011
0111100111000111
1111110111101001
0100100001101100
0000100011001101
1100010100110000
1011011100001100
0000000010010110
1110100101101001
1111010010111011
0101100011101100
1101001011100001
0011010100111110
1111001011111110
1101100101100000
