0000010000110111
0100100001100100
0010000100011110
1010111110101101
0001000111000011
0001010000111011
1101010111011011
0011101100001001
0011000111000010
0011111110010001
1001110001001001
1011001110000000
1100100010100011
0001110001101101
1010000011010101
0101001111010110
0100001110101001
0111110011001000
1011001111110001
0010110010010001
1101100001010010
1101111001101100
0001100100001110
1110011100000101
0110101000010000
0001110001101111
1100010001011001
1101100010010010
0011001001010100
1101011011001001
1010010000101011
1011111001000110
1011110111010101
0101010110001011
0011101100100011
1110010001110111
1010011110011101
0110100101010110
0110011100111101
1000110100100101
0011000110000111
1011000101001000
0110011011100011
0111011101000100
1110101101111100
0110100011110101
1111001000110011
0110110111011001
1001010000110001
0000111011011100
1101110100010100
1011011010010001
1001000010011101
0110011000111110
0100111100101101
0010110101001000
1101100000110011
1110011010000010
1110110010110111
0111101001001111
1011001111100101
0111101001101101
0100111001111001
0000111100110000
1011111110010011
0011101000101110
0101111011111010
1110010101011010
1111011101101011
0110110001011111
1011111110100000
1100111100000000
0111001101101100
0101001000110100
0011011111011110
0001100101100001
1100001001111101
1100100110100001
0010110001000101
0100000000010110
1010000001000011
1101111110010101
0110110100011100
1010110111100001
0110111100011001
0101100000000010
0100010110111111
0010011000011110
1001010110110110
1100111000110000
1111110011010100
0001011111111110
0001111000111100
0010000111011100
0001110010010101
0010110010000111
1110011110011101
1101111100011101
1101001110010000
1000110100011011
0001111011001101
0011000001110001
0000111000001011
0000111010110100
0010000000011011
1100110101110101
1110001100111011
0001010010100100
1111010001101000
1010110010111001
1000100111101001
0001001101011110
0011000010011101
0110110101000010
1101010110010111
1001001100111100
1001001101100010
1011011001101010
0110001101111011
0010110011101000
0100110011011110
0111101100010001
0111011011000100
1110111001000011
1110010010010010
1000111001111111
0100101011010000
1011010011000111
1101100111111100
1111111101001101
1010000000101110
1000101111111101
1101000011010000
0100100001101101
1010011010100100
0010010100010110
1000110001110100
1001000110011110
1101101010100110
1010100010000011
0111011011110010
1001000110010010
1001101111011101
0010101001101111
0100011111011011
0001110011000110
1011011010111110
0101101001101011
0001000111011011
0101001010000010
1010001111001101
1000010010011000
0110110111001000
1111001101010111
1010000100110110
0000000111011110
1110000001111111
0111110011100100
0111101111110101
1001011100011001
0010000111111011
1001001111110110
0010101010100011
0111000001111111
1010111110111011
1111000011110101
1000010111100110
1101010110110000
1010111110101011
1010100101011010
1011011110111001
1100101111101010
0010000110110010
0010111110011101
0101111001000110
0000010101000100
1101110001010111
0001101100111111
1010001000111011
0110100111100001
0111111000101101
0110101100110000
1110000101111000
0010000010101011
0100001000101010
0010111001010010
0010010010111111
1010111010000111
1011000011101101
1011101011011010
1001100111111101
0110100100101010
1011100000101111
1000101010100000
1110010001111001
1111000001011000
1000001010011010
1110101110000101
1011010011101011
0110111101111111
0011101000001111
1110110011100010
0010111100001100
1000111000001101
1011100001010010
1110110011110110
1100100101101101
1111100111000111
1110000001010010
1001100001100011
0001110110011111
1011000100101100
0111001100011111
0100111010110000
0111011110110111
1101111100100001
1001010100011110
0000011000001101
1001010001100011
0101011010010100
0010010101101100
0000010101101000
1011111000101110
0000001010010001
0001111111111010
0100111001011011
0100001011110010
0111110111110011
1001101110110011
1111110000001101
1110010111011110
0100000000011011
1010111010001111
1111111001111101
0100010111000110
0001000110010001
0101110110011011
0011111000001100
0100100101010101
1100010001101110
0011111010100011
1011110000010110
1011010000001101
1110011010010010
1010011010011101
0010000101001010
0000010100110110
1011011011010100
0011100101111101
0101110101000111
0101101011100110
1000001011111110
1101010101100101
1010110011001100
0010110001000000
1100000100111000
0110000100011011
1001000010110100
1110001100011100
0010100100111110
1010011111111111
0001010010010111
1101100100111011
0010101110110011
1001111100001100
1010100011011101
0111000100110101
0010110100011001
1111011100111100
0110101000100110
1011110111100111
1100010011100101
0100010101110100
1111111110111111
0001000010101001
1110100010100100
1100111101100111
0000001110000101
0010010000100101
0011011110111110
1101010001011011
0000011010011010
1100100100100111
1100101111000100
1001011010010101
1000110000110100
1101110111101001
1001111110111111
1110101000000000
0111101010000110
0000011011100011
1111010100000001
1110000101110000
1001110000110100
0111100100110101
0010111000010111
0100001000101001
1111100100000001
0110001111111001
0101000010111100
1001100101101010
1010011001101110
1011001010100110
0000100011111011
1010001011111000
0110011100001010
1111011110000110
1000111001100100
1010110110100011
1001111011111010
0100001111011101
1110111000000101
0100011110110110
1101011010110110
0100101001001101
0111110111111111
0100101011011001
0110111010001101
0100100100011111
0101001001010010
0001101100100000
0111110111110001
0100011101001001
1000001110111100
1110110110100100
0001000111110011
0011010000111111
0111110110100010
0110100111111111
0100101110111010
0111100101100110
1011011110001110
1110101010110000
1010010100111001
1000111010101100
1100101111000011
1001001101100101
1000101110010101
0111011101101100
0001111010111000
0101101100111100
0000010111110111
1010100000111011
1000010010101000
1111000111100000
0100010001111011
1001010010110100
0010001010010011
0010111001010110
0110110000111111
1101001001100101
0011111011110110
0100001010001101
0100111000011110
1101111000111110
1011000011010100
0001011110001011
0110011010110011
0111001001000010
1010011001000100
1100000011000001
1000101110100101
0011010110000010
1000010010110111
1100000000001011
0110011001110001
1100110100110010
1101111001001011
0110110001110011
0010000011000101
0000110011001101
1011101010110011
1111011111100101
1011011010100101
0100000111001010
0111101000000100
1010001001001110
1000110110111110
0110111101100011
0001011001001010
0110111000001101
0011011100011001
1111110011000110
0000000001011101
0101110010111011
1101011000100111
0001010100100000
0110011000010011
0101001000100111
0101110000111111
1001111001101110
0010010110011100
1111100101101011
1000111111000111
1010101010011010
0100001111011000
0001100101010001
0011100111110000
1001011010011101
0110011001010101
0001100001011100
0111111001010100
0011110110111001
0100010100001101
1001101001100111
0010100111011011
0101011000011000
0001110101000011
0000000101110011
1010100110000110
1001001000100111
0011001101010111
1111000000001001
0000111101011101
0100100111110000
0100111100101010
0000001010101100
0101010011100111
1001100001001111
1110110111000101
1001010001100001
1110011011100011
1100111001010101
0100110111101001
1010001110100011
0010011010000110
0101001000010001
0110001001101100
0011101100100010
1101011000111011
1101010100110010
1001000111000101
1101011011000111
0000010101110111
0101111001000000
0001001111111111
0101100101011011
1001110001110011
1010110101001110
0001100110000101
1000000001100011
1111101010001100
0101111000111011
1101110010010110
1001110110001010
1001001010011011
0110110010000101
1000010010010000
1111010011001000
0100010111100100
1110010001110000
0110111001100011
0111100000100000
0100001000110111
0110010111000110
1111101100010101
0000000010111110
1001001100001010
0100110111001001
0101011001111010
1001101111010110
1000000010000001
1101011000011111
0001110110001000
0101000010001100
1001011111010011
0000110101001101
1011111111101100
0001111000101111
1011100010100001
0001110000110101
1111101011100001
0001111011000111
1111011111010010
0111011010110000
0010100000011001
0101110000000100
0111010110100001
0111111101010000
0110101010111110
0111010010001101
0001100110111110
1010101101111110
0000111001111011
1011101000101001
0010000010111000
1011010011001100
0001101100000110
1101010100100110
0011100101010001
1101000011001100
1110100101110101
1011110101110111
1100010000001101
1001001101011010
1001100111010011
1000110001000111
0011001001111110
0110000110100000
1110011111111110
1100111010100101
0100011110011110
0000010101101010
1111111101011110
1011010100010010
1100110010000001
1101011000000101
0111011010110011
0000000011011111
0111111001100011
0101110111010010
