1100000111011010
1110010101011101
1101111100000011
1101010111011100
1010100100100101
0111100011000011
1011110101010110
0011110110111111
1101010101101101
0010111100011110
1101010111000010
0111111110100010
1011001001010011
1101010011001001
0000110100111110
0010100010111111
1010010000101010
1111111011100111
0111000010110100
1100001101011110
1110110011110010
1011110111011111
1111011111101101
0101100100001011
1001011001110001
0111101101000000
1010100010011010
0000001000001110
0100001010110010
1000011000011001
0001110110101101
0010011111101111
0101010101110010
0110011010010001
0011000101001010
0010000110010010
1010100101111101
1111010000000000
0110011000000000
1010001101010100
0000100011110010
0111000011101010
0011111100010001
0001000000111001
0010100000010100
1101101110110100
1110011001110010
0010100001111011
1110011101000100
0100101110100111
0010010101001101
0001001100000101
1110111011001001
0000111011100011
1011100100011111
1110011110000001
0100110001001101
1001111100001001
0111101101010001
1101100100111001
0010101010010010
1100011001010000
0011111111101101
1011001101011100
1111111111010100
0011101110010111
0001000001100010
1101001110001011
1111100000100011
0110010010000001
0001010110101010
1011011100111110
1101101001011011
1011111010100010
1101110011011110
0101111111010001
1110000011111000
1100101001100011
0111100100001011
0000110111110000
0110101001101010
0111011101111001
0111100001001011
1110110000110011
0110101011101010
0110111111001011
1110011011111101
1001000110011000
1011010010011110
1000001100110110
1101011011000111
0101100111111110
1000010001001011
1101001010001111
1111000110000011
0100000010000111
0100001010000100
1011111110101101
1100010100100010
1000111100111111
0111011110000011
0110000111011111
0110000110000101
0110111010101100
1000010111011010
0010101101111101
1000100001001001
1101001100111111
1110010101110101
0000001001101110
1011011000000100
1010000000011010
0001000110001010
1110011101111111
0011001011010110
1100001111010001
1100001010101000
0101000011100110
1001001111111101
1011010110000101
0100111000101011
0111000011000110
0110101100000010
0100000010011101
1100000101101001
0011010001001110
0010110101100101
0010010101010101
0101011000000000
0100100110101011
0101001010001001
0101010110001000
0001110000000111
0110100111010100
0101111101010011
0000010000111010
1001001000100111
0010110010101000
0101100011110101
1111010001011101
1000000101000111
0101011011100011
1100001101011111
1001001110111111
1110001101111010
0011011111100110
0110001010010100
0011110111111101
1001111011001001
1011110011010100
1110110100010010
0001000000110011
0010101101110000
0100010000110001
1100001110111010
1011100011010111
1101101000010011
1010110010110100
0000101101101000
0001011000000111
0111001110111100
1101000001011011
0101101110011110
1010111111001111
0011101111100101
1010000111101000
0110111010011100
0101101011000100
1000000110001001
1100000001100000
0011110011011111
0101110011100111
1010001001111011
0011111111000100
1000011000111110
0100011010011010
0100011111010110
1111110100101100
0010011001100100
0000011110000010
1111011111011110
1010001001111101
1010100110111010
0110010010000010
1000010101010011
1110010001010111
0010010110111110
0111111111001110
0000011011111010
1001001100111101
1100011011110111
1110010010001100
1010110100101101
0111110100101111
0010100001000000
1010001110100010
0100111010011110
0110101001111001
0001011010011011
1100111110010110
1000111111110011
1010111010010101
0101110011001001
1101011010110011
0001111011100101
0111000010100000
1010011011111101
1011111010100001
0101101010000111
1110011010101101
0100100000101010
1101010011010000
1010001010010100
0000001001001010
1111110100101110
1100010011001110
1100001100110101
1101000110101110
0011001111000000
0100110001001000
0111011110000011
0010100100000011
1101001001101000
0010000011001101
0011001011100111
0111010111001110
1011011101111110
0010110010010010
0111100001101101
0010101011110101
0101111100110001
0101100110111110
0110010110010100
1101111001010000
1001110000001110
1111000000110001
0100110010000010
0011011000010101
1100101101111101
0101001111001101
0101001001000111
1101010110101001
0101111111010010
1100001011010011
1000010001110101
1100111000010010
0111110001110111
0110110000001111
0100101000001111
0111110000001010
0111100101001111
0110010101001001
0111011110110101
0100110001010110
1111001111100110
0101101001101101
0110001010111111
0011011010000101
0010101101000110
1000001001110000
1000100010001110
0001001011111111
0011101100100011
1110010011101010
1000110001111011
0101000001111000
0101110110001111
0111010001100010
1010010000101111
0110100101011110
0101001111100000
1001010111110010
1000111011011010
1110100011110000
0011000101110110
0111111101101011
1011100010101000
1010010000101001
1100001100101000
0101010100110010
1000001101011100
1001001101101101
0101100011000111
0010110000101000
1011010101111000
1111001001000001
1100011101111100
0100011111101101
0010111000001101
1000000000010010
0001001101011001
1111001100001101
0101111101001100
1001100011100000
0111010110110001
0001110110110110
1011111001011110
0111000110110000
0110111100110110
1001000000010111
0101101101001011
1001101111111111
0111011000001101
1100011001111001
1001001011101101
1001101001100011
1111100100111100
1010100101101011
0100010000101110
0001111000110111
1010110011010001
0001100011100101
0110110111111101
0101110000110110
0011001010001101
0111000100110010
0101100001001110
0101000100111011
1001110001011110
0101011011000100
0110110111011001
1110111110110110
1010110010110111
0100011111010100
1110001000010001
1110111010100101
0010011100100100
1010100100101001
0010011100010111
1011000100010000
1000100001100000
1001100111001011
1111110101011000
1011101010010001
0110000000010000
0000011101011011
1111110010100010
1101101001010010
1000011101001011
1000101111110000
1100100100101010
0011010111010110
0101011011000111
0110010000000011
0101010111010010
1000110111110011
1010110111110110
0110101000001101
0110000010110001
1001010111111011
0001010100001011
0010010000111001
1100011010001010
1010010110010111
0011010011100000
0011000101111100
1110101110101010
0111110001101000
0100001110011101
0010010010001101
0001001010111001
1111010100100100
1111011010011110
1100001001010111
0000010110111101
0111111000000000
1101101100101011
1111110111010001
0111000101111011
0011111011011001
1110111111011111
0001010010110000
0110110011110000
1010000010001110
1010101111010000
1111101010110100
0001100001101001
1111000000001001
0101001011001101
1011001001101010
1111101010011110
1000110001011010
1100010100010011
0100110110011011
1101011010011100
1000101101000001
1011000110101111
0001101100100011
0010011010111011
1011011011011000
0101101100101000
1011000000101010
1101110110010000
0110100110111100
0011000011010000
0001101110000011
0001000101111001
1110000001111110
1011000000111110
0111000000011110
1100101111100001
0010010001110011
1011101101111000
1010011000011000
1110110110001010
0000000101111110
0100111111000100
1011110110110001
1010110100100110
0111111110111101
0110001101010001
0000110100100101
0000101011110011
0110100101000111
1001110000000100
1110000011110101
1010101110111011
0100000101111011
0010100110111110
1000101000111101
1011101111110111
0100010001010011
1100011011011110
0001100000110001
0000100001000100
1000001111000101
0010101001100101
1011000100101001
0111100110001000
0101110000000111
1100011011000011
1111100110111111
1100010010111111
0110000101110001
0010001011010100
0011001011100000
1100111101101100
0010101011101001
1100100000001111
0000101001010110
1110100011011101
0101101010101100
0110111100011101
0110111111011010
0011110010100011
0111001001011111
0100101110100011
1011110110110100
1000011000100010
1001011100011010
0010110000010111
0101110100001010
0011101101110001
0000011111110110
1001111011000011
0001100011100110
0100110011101000
0100110010100101
0001010101001010
0101100110110100
1011001010110101
1010110011001111
0010111111110100
0010111010000111
0100000100011010
0101000011011001
1101110001111010
0010110100001001
0001110010000111
0100001101111010
0101111111000111
1011110100111000
1100000111101110
1000100101100011
0001000111000111
1000000100101111
0110101111010101
1111000110111110
1001010010101110
0100100110110001
1011010001010000
0110100111111101
0001000000011110
0000010010111111
0011010000100111
1011001111010011
1010001111100000
0110101010001010
1000000100010110
0110100100110000
1001000011110011
1101011111011000
1110000100010000
0101101010000001
1100110010110100
0010011110111010
0111000101001011
0100001001100111
0110011110010110
1111111010100001
1110101010111011
0010100001011100
0001111110000000
1111100110011111
0101000111101110
1100101100110111
0111011100100100
1110110111101111
0111110001101100
0011000000011001
1101101011110111
