1110101101111000
1100000010000101
1001101010101011
0101001110001000
0111000101111101
1100111000011001
1000111010101000
0111011001010110
0011111101110111
0011101001110111
0010101011110001
1101100000010001
1101011110110010
1011011000100011
0001000111111110
1010010011001100
0001100010110001
1000101100100111
0100010011000111
0011011010111110
0110011101010101
1001100110010101
1110111111111000
0111001101110000
0100011110010111
1011110101100010
0011000100101100
1111110101001100
0101010001010110
0100100111111010
0101001011110100
0000101000111110
1101010111011011
0011111101001000
1100101000010101
0001100010010001
1001100000001110
1001001101000101
0111001011000110
1101111011010011
0010101110000001
1001001100101101
0101100111111001
0001001010110111
0011111101100001
0011010000000110
1101101001111010
1001110010001111
0110100100011001
1001100010001000
1000101111011000
0111001001111000
1110111000011111
0011000111111111
1100110000110111
0110010101111011
1101111001111000
0111010101110001
1110000100111000
1101011011011110
0011010010011011
1001001001100001
0100111011110111
0111111011110111
0100010011100010
0100100101010101
1000011100011101
1001011110000111
0101000001010010
1011110010010011
0010000010001000
0000000011101110
0100110000111001
0101001001001110
0001101111001100
0011000001010001
1011001111011000
0000110100101011
0010111111010110
1011100111001100
0001100001110100
1100011101100111
1010100001011111
0111001101011010
0011111110100000
0100000001011100
0101001010011001
1010110110000101
1110101010000100
1001010101100110
1011001111101100
1101000111100100
0011011111001111
0001101001111111
1010010100101010
0011111100011101
0000111010100100
1100011010110001
0110000101110001
1010100000101100
0110001000100001
0100100000100110
1101101100110111
1111100110110101
0110001110001111
1111001101100001
0111001001110101
0000111000100001
0011100000000001
1001101000101011
0111111000010011
0010000101010010
1010010010010101
1011010101101011
1011110000100101
1100000011000111
0011010011111010
1001101100110100
1001101111010111
0001011011011100
1000101110111110
0000100001010100
1111001101111110
0010000111010011
1001001110000011
1011110001000000
0101000011101000
1110001011011111
0000000011011101
0001101001101111
0001101010010110
0010010111010100
0000010011011111
1010101011111110
0001001111110100
1101001010101110
1000001100101010
1111111000101001
0110110000100001
1010110101111100
1010111000111001
1110110000100110
1001100111101000
1110111111001010
1000110101111101
1000110010110010
1000010001001111
1001011000000010
0011110111101111
1000010110010001
0101101100001110
1110001010000000
1100110111010001
0011101011111111
1100100000110101
0100001100101011
1100111001000101
1110111111001101
0010100011000001
0011001000111110
1110110010101011
1111110001100110
1000101110110000
1111111001000000
0101111101011010
0000111110100111
0000111000000110
0110100000000111
0010010100001100
1100001001101011
0001100100001001
0100010011010010
0111101101001100
0110101001010001
0010110000100000
0110101111000101
0010011010110011
1010101111001001
1100001110110010
0000011011100101
0101010100111011
1110110011101101
1010011101011001
0010011011001111
1101011011011011
1011101010000010
0101111001101100
1010110101100010
0100010011100110
0000111100000001
1111100011111100
0010100010101101
1011110011100100
1101111010011001
1101110111111000
1101001000111001
1010110101000011
0010011100111001
1011101001100010
1011001001010111
0000000000011001
1101011110010101
0111011010101000
0101100101101111
1110011111101100
1101000000111111
0000000000000001
1110100110111001
0011000011011100
1011011000100101
1111111101010001
1100011110010100
1100110000010101
0100010010001110
0111111111000001
1110011000011101
1010111001111001
0011000011010001
1001110101001101
1000010101110111
0100000110100100
0110011011010010
0101110010000100
1100101001111100
1111010010011110
0110010010000100
1110101011101100
0110011001011001
0010011110010100
1111001101110010
1100110101110111
0111010011000101
1101100010110001
0110111001000100
1011001101110110
0010100011011001
1011010011010010
1111100111011100
1011011101100101
1110110010101110
1010111110010110
0110001110101100
0110101111101110
1100011001100011
0000111100000001
0011000100111011
1010111000100100
0010100101101100
1110111110010110
0100000011011100
0101110110010000
0010010110001011
0001100010011100
1001111101010001
1101100001011001
1011000011110000
1111010110010111
0000011100110101
1100100101110011
1001100100001110
0001100000001100
1110101011000001
0100001101011011
0111010111101110
1100010001001010
1011100000011001
1000111110001011
0010100111110101
0111101111101001
1010100010010000
0000011010001111
1001011101000011
0100011011001001
1111100100111101
1100110000000001
1001100110111110
0111001101001100
1100001000110010
1010100011010011
1000100111010011
0110011101101100
0110001100111001
0110001111110000
1100101111000000
1110110111011001
1010110110000110
1001001110111000
0111110001001111
0110111010101001
1100101100011111
1010000101001110
1101100001100001
1110100100100000
1110000111001001
0111110001000101
1111100010001101
1000011111001110
0011011001000010
0100000001111101
0111011101100001
1111010000111000
1010101000011111
1111000000001001
1110001111010100
1011110101010110
1011101100111010
1000101011111100
1000100110010111
1101100001011011
1110110000111110
0010101000110010
0000001000010100
0100111001110000
1011011110010100
0111000111100101
0011001011010110
1001000101001011
0001011100001111
0011000000100001
0101001011111110
1010100001111010
1100101000000000
1111001000010101
0100101111000111
1100111101010000
1010110110100100
1101010100010100
0111000100111010
0011100101001110
0101001001111100
0011011110111101
0101101001000010
0000001011110000
0001001111000011
0100100010000001
1001001110001000
1110001100011010
1100011111010101
1100110100111001
1111011111000011
0100010000000001
1011110111101101
0001101001010100
1000100111010000
1100011010100111
1100111110011001
1000110100100000
1111000010100101
1100100100010011
1001110101010101
1010011110001001
1101010011010011
1101000100001100
0100010011010001
1010001100100000
1001001001110110
1101111111010111
0110110001011010
1111010110101010
1110000000101110
1111000110010001
1001100110000110
1111010110010001
1110111001000001
0011011010101110
0000111111110010
1100011011001000
1111000100110100
1101111100001111
0010111101001110
1111010011101110
1011110000101010
1000110111010111
1000011010011110
1000001110110110
1011000110100010
0011110101110101
1010111010000010
1001100110011001
1001010100110110
0100001011011000
1011100000110101
1001001010010111
0010110000010010
0111000100111001
0011111100010111
1001000011100101
0001100100110001
1110101011011110
0100111010100111
1111111001000001
0001111001001110
1110011110010100
1000001000000111
0010000101000111
1001101010111000
0011100001100101
0000101110011110
0111100101000101
0001101110101110
0100001001011111
1100011101010011
0000010001001000
1111111111010101
0110011001110110
1001011111110110
0001101010111100
0110000001100111
1011011001111010
1011110000011001
1000001010001100
1101101000000110
0010101100100000
1001100100101011
0010010001010000
1101111111000100
0010101011010011
0101110100110000
1000100100111111
1110101011111001
1110101100101001
1000110001010010
1101010001101100
1001101100110011
0001101001101100
1111001111101001
1010000011010010
0110010000010000
1010101101010010
1101100011111010
0011011100001101
1011011111111101
0111111111000001
1101111110101111
0001001011010111
1000000010000110
1000101110111101
1100100011010100
0111110101100111
0010111010101110
1001101001110101
0000000111010100
1100101100111000
0111111101000000
0000111000010010
1100011111110111
1110010101010011
0000110110111010
1001001000101100
0000011111100110
0010001101000010
0111110111011010
0011000010011001
1001101001100011
1000111001010010
0111000010000101
1001011001110011
1000110111101101
0100000010110001
0011001100011001
0001001100001111
1101101001110101
1010011001101110
0111001101101010
1011101111000100
1011001110011101
0011111111000111
0100100100011101
0001011100010000
0100001000001111
0011110110011111
0100111010010001
1001110001010100
0000000110110010
0011100110000110
0100111100110110
1010101100000011
0000010110101111
1001111110010100
1000010101110101
0001011101000001
1010100010111101
1000001000010111
0111110110101000
0111100001011001
1000100011111100
0111011101101000
1101011000010100
1110100110010100
0111100100011111
0011011000101011
0110010100000010
1111100011111000
1010011100010000
1100101001100100
1000001010110110
0011001111001101
0111001001011100
1011011000000110
1000000011001100
1111010010110100
0011011010000110
0100100111011010
0110101100000111
1010010101101101
1111001110010011
0110100000010110
1001101011111001
1100101111000010
1111000110101000
0101101011011011
