0011000100100000
0111100000101011
1110010001111010
1111000111110111
1001111001110100
0011100001011110
0101110001011110
1100111100011001
1101101000110011
0001010110010110
1001000010110001
1100110110010111
1001001000010011
1011111111101001
0110101010001101
1000101010110011
0111010100000011
0100111101000001
0110110110010000
0111011011011010
1011011111101100
0111001100001001
1011101000100100
1101000101010100
1000101111011100
1110010110111101
0100100100001010
0100110101010010
1010110010001011
1101011100010011
1001111110100011
0010111000100111
0110001100110100
0110011010111111
0010011110111001
1000111001110110
1010111101001000
1111001101001111
1101101001011110
1101010111110010
0010001010011010
1111011111001010
0011010111011101
1001010001101011
0111010100001010
1101101001000001
1000101100010000
0010001010000100
0000010100111010
1011001110111101
0111000101001111
1110010010111010
0100111000000000
0100001101011110
1101011111101010
1100000010000000
1110100001101111
1011101000111001
1010000000011010
1101001111100111
0110001010000010
1011101010110111
1011100001011000
0111100111111110
1001101101110110
0100110011110110
1110010011000110
1100100001111001
0101001111010101
0100101011000001
1001011001110010
0011111001001010
1000101001111100
1101001101100100
0111100110011011
0010001111001100
1101000010110100
1000110001111010
1011001100001000
1010001110101110
0100100011011001
0000001000010100
1110101000100111
1111011010111001
0000000110101101
0101100001111011
0101001111001101
1001101010000001
1101101001000100
1010011011000000
0010011011000110
0111000001001000
1110011000101100
1110101000000111
0011100001100110
0001000000101011
0100101110000010
0001001101000010
0001111011110101
1010011100001100
0111100011100010
0111001010001011
1111111000010011
1100101001111100
1110001010110100
0110000101100101
0111111100011110
1010001001011011
0010011101001101
1001000001100010
1110100010010100
0111100111001010
0101100001110101
0111010010000111
0110010101000110
1011101010010110
0011011001111010
0110010011100110
0101011011010010
1000110100100001
0011001100011010
0011110110011101
0001110101111010
0011011011110010
0001111010100000
1001011011000101
1110001110001001
0011111001110011
1011010010000101
0111100100001101
0110010010100000
1001111011010010
0100010011110110
0000001011010101
1011010100011011
0011110100011001
0010111100111110
1100101010110100
0000011100110100
0111101010110010
0100111010101001
0000111110111011
0110000011001101
1011010101001111
1011011110111000
0100011000100110
0001111011101100
0110110001000101
0100000100000000
1111111010000110
0011100110000000
1000101001101110
0000001110101100
1010001111011111
1010100111111011
1111100101010011
0000111101000110
1010101010101100
1100100000101000
1011101110000111
0100111110111110
0111110100101001
1111011010010100
0111011010111011
1100100001101100
0001010000010101
0010110101100000
1011000100111010
0111001011010010
1111001100011110
1101110111100011
0001100000100111
0010101011110111
1010100101100001
1111011111101100
0010110011001110
1011110110000111
0100011010011110
1001010110110110
0001000010110011
0010001000011110
1001110011001000
0001100111001001
1110010101100100
1110111101010111
0111000101111111
0100110101100100
1111011011001001
1100100111010010
0111100100000100
0011100100001011
0100000011001000
1111010101111111
1011101010100110
1010011001010000
0001101110101000
1111100111111110
0111100000110111
1000101111100001
1100110001010111
0001011001101000
1011000110001111
1100011101100011
1101100100101101
0110000110001001
1000111110001101
1010101101011000
0001011010001001
0010001010100110
0011100111100101
0101101001010101
1000011111100110
0101011110100110
1001011110011010
1010110111011000
0101111101100101
1111001110100000
0101011010110001
0101100011011000
0100101011011111
1011101011000001
0011000111110001
0110111100010101
1111010101000101
1100000100001110
1111011010011100
1110010101010111
0011101010001100
0111011010001101
1101110001101100
1001001011101001
0110001001111100
1110011001001010
1000110100011110
1000011111100111
1101111001011011
0111011001111101
0111001110110011
1110010101011111
0110000000100011
1010111100100110
0001000010011111
0011001000111101
1001110110111100
1101101110001111
1100110110101010
1110001101100111
1100011000110011
0010010101011000
0100000011010010
0101100001110000
0001000100100010
0111110010000101
1010011001100110
0110011110000010
0100101100110010
1110110101011000
0010001111110111
0101011101001000
1011101100011011
1010110100001001
1000101110111100
0010100000100010
0000111111101100
1110111100101000
0111111111011000
1111101111111111
0001110110010110
0101101100110110
0001111010011101
0101110101000111
0000101101110110
0010101111101011
1110110111010010
1011001111101100
1010000101101011
0111010111011111
1111010010001100
0010010111011010
1101001101101010
1111010000011110
0001110100100011
1011110010111111
0001010101101001
1111100001001101
1001000101100010
0010001111001000
1101110011000110
0111010111001010
0101011011000000
0111111001011001
0010000011111011
0111100100100100
0111010010000101
0110010101010100
0000100011011100
0100011100001001
0110000101011011
0110111101110010
0101010010110111
1111011010001001
0011001001110011
1101110011001101
1101111000101001
1100111111010010
1110101001111000
1110101000010001
1101001101000010
1011001001010100
0100110011000011
1000001001010100
1010001001101011
0000101001100011
0001010000100011
1100110010101100
1101100011010010
1111001100010001
1101011001101010
1110000100101010
1011001111101000
1111001011010101
1001001111101110
1000000100101110
0001010011100010
0110110001100111
1000011110100100
0111010110011011
1001100011000100
1010101001110101
1111111000000101
0111000101100011
0110111000001110
1110111111001010
1110010000100101
0100000100010111
1000010011000000
0011000010010100
1111101001010011
0010110101111111
0001011110111001
1000010001010110
0101001000001011
0110001001010010
1100101101111011
0110011101110011
1000011001011011
0101101111001001
0010111110000001
0010000001101100
0100011100101100
0000100100010011
0001100001100101
1111001010000000
1100110001110101
1011001010111100
0110010001011111
1001001111001001
0000110000111111
0010100110100100
0100101001111011
1111001000000010
1100000111101100
1101111011111011
0111010110111110
0111001110001000
1010010011111000
1011001100000010
1110011101101101
0011100011101011
1010111011011101
1010110010000001
0001111010001111
0011101010010001
0101111001101000
1110110111011110
0000101001010111
0001001011110000
1000101110100010
1100110100001100
1101001100111011
1010100001000001
0101001111001110
1100011001001000
1001101100110001
0100110110111000
1011010101001101
0010100111010101
1100110100001111
1011101100101100
0100011010001111
1111010011111011
1001010110000000
1110010000100010
0010001101110111
1110111100101001
0011110011010100
1011100000100010
1001100011100111
1011111000010010
0111000110001001
1011010011100011
0100010101100100
0101001000110110
1010101010111010
0000000011001100
1101100100001010
1011100011010100
1000101011110011
0100101011110010
0010100000101111
0110101101011100
0110000100101100
0001101100000101
1100000011011011
0010001001101011
0101011110010100
0110111011000000
1000000111011011
1010101001101001
1011110100110110
0010011100001100
1000110000100101
0000000010100000
1110001011010110
1110100000101010
0100101010011010
1011101101000001
0010111110010111
1011101011101100
1010010110011000
1001100110001100
1100010001011111
0111100010101110
0110111010000100
0001111101010010
0100011101011101
1101000000011100
0100001101011111
0011010000011000
0101100101001110
1110110110000011
0000010101011110
1100011100001001
1110000111111001
0100101001100010
1100101010011100
1100011101000110
1111000000011100
0011000011011111
0010000110101110
1010000011111110
1001100110100101
1011011111000010
1001000011110000
0110010011001010
1000100111011110
0101000000100010
1011010100111011
0101111011101111
0111100000010111
1101010000001100
0101111100111111
1001011100010111
0100100111011011
1101111011010111
1000110101010110
1000010011100110
1010000001000000
1010001110101000
0001111110101011
1001111010100010
0101001000110100
1011100010110101
1100010111001110
1001111111101100
0111100000010010
0001011111100100
0100011100101011
1000101100001001
0100000110101011
1110111000001000
0111000001011100
0001110110110011
1011001000011011
1100111000001100
1110011010011001
0011010101011011
1001100111110101
1001001110011111
0100101110111111
0100010001111010
0000101001001000
0001000100101101
0100110000100100
1100000110000110
1001001101101111
0100001010010111
0001010100010010
0100100000101111
0101000001010110
1100101110111011
1101110100010000
0010010001011111
1010000001110111
0101100101011000
1010101101111101
1000000010011100
0111111100110101
1111011001010110
1100010001011101
1001111001000100
