0000101001010010
1100100101000011
0100111010100010
1101000000100001
1100000111011100
1110111011101011
0000101010101010
1101000011000110
1111101100101001
0000101000100000
0100101001010000
0011111110101000
0011111100001011
0100011110111111
1001111010001101
1000010010010110
0111110100011100
1100000111001101
1110010000001011
1111100111110100
0010011010110011
0001101101100000
0111011111011100
1000110101010101
0000110001000001
0101011100011011
1101100000010001
0010110111110001
1001110111100011
0001101000001011
0011101011110101
0001001111111001
1100110100011101
1010111110000111
0101101001010110
1110011111011001
0111111000000110
1101110011110110
0111000011111010
1111100001011100
1011010001000111
0100010011101010
0111011000000001
0011101101100110
1110111110110111
0000101010101001
0010110100100011
0111010011000011
0010100001010011
0110000011100101
1010100001101011
1011011011101101
1011011101000001
0001000101101001
0110001111100111
0101101110011001
1011101011100001
1010101100101101
0000010001010000
0001101011010100
0101110010010101
1000000000010001
0110001111100010
1001111100010010
1010110000001100
0111100101111011
0000000111011000
1000010011000101
0000111000100110
0000010000110111
1001111100001010
0010010001010011
0011101001110110
1110001100100110
1111101100011101
0101111100010000
1000110011001011
0011000101001010
1000000011001101
1010100010011100
1101010111111111
0000000111111110
1110111000011110
1100110011011011
1010000001001111
1001111111010001
1000101010001100
1010101100101000
1101001011001101
1011000001001110
1000101010100000
1101101101101110
1100000111110110
0011101110100101
1101001111100100
0000000111001110
0011001001100000
0001110001110011
0111010110111110
0001101111011101
0000010000111111
0011111001110001
0111100001000001
1000110101110001
1011000011011001
0010101110111001
0011111110011110
1111001001011001
0101111011101111
0011000100011111
1000110101010011
1101100010100010
1110010001101001
1011111001001100
1000000000101001
1111111100101000
0000110100110010
0101001101010010
0100011010001010
0000001011111000
0011110111110101
1011110101101111
1101001010110000
1001000010010110
1111011000111001
1111100111001011
1011010110001010
0000100011101011
0111000100000001
1100100001101110
0100100110110101
1110101010110010
0011110111110001
0101111001110000
0110100001101010
0010101100001110
0010110010111011
1100000001110101
0011100011101100
1000000000011001
1110011001111111
0000011101010000
1000101000001100
0110100001000011
1100100110001010
1111010101111010
1101001101101010
0101010101100100
1010101100100001
0011111100000010
1110110101000110
0001000110100101
1110110100011000
1100011110100010
1111011110001011
1000111100101110
0001111011111100
0100001101001110
0010110111110100
0000101110110010
0011101100010001
1001111010000100
0010111110100011
0100110100100111
0001111111001100
0100011101000001
1101111101111010
1111011101000110
1000000000010110
0011101000001000
0100110001111110
0101101110011010
0000110011110000
0010010000010011
0100111011111011
0110101000100000
1100101010100111
0110111100000111
1100001111001101
1010110010000100
1101000101001110
1011100010111111
0100110000110000
0111111000110111
0011110100110001
1100100100000100
0011011101010001
0111111010010110
1010100110001101
1111100100100110
0010010100010001
0001011000110100
1111001001001011
0101100010110101
1101101101010111
0100101110011000
0001101011011110
0001001011110101
0010101111111101
0001010001000111
1001010010110000
1000011111110001
1011110111110010
1001100101001011
0110110101100100
0100101110110010
1100000100001011
0101000000101010
1000111111010111
1101111011000011
1101000000111110
1001110100101100
0011001111100001
0000111000010110
0001100011001101
0101110101011111
1101001000101111
0011001110101110
0011001100010101
1010000101001001
0100111110011001
1110100010110001
1010111010010110
0100010101000010
0110000010100100
0001100110010010
0111010111100101
1010010000001101
1101101111110000
0100001111101111
0001110010000010
0100100011001111
1010110110001000
1001010000010101
0001011011100010
1000111010011110
0110001111111101
1111110101011110
0011101101111110
1110010010011100
0001100101110000
0110110110110010
1010101110111101
0000011001000101
0001001111000101
0000111011101110
1010000000110001
0010000100100001
0010110110010011
1000010000001000
1010111100011001
1110101010110000
1011001101110010
1111111010100010
1000101000100011
1101001101000011
0010001010111111
1111001000111011
1000101011111100
0001101000010110
1000101000111110
0011001011010001
0100001010101101
1001011100110010
1100011010010100
0100100110100000
0001110001001111
1001100101101101
0100000010110011
0101000110100011
0011010101000010
1001000111111011
1110111010001100
1000001111000110
0111110111001010
0111111011101010
0010111100000000
1100001010101101
0001011110100010
1001000110111100
1110101011101001
0110111110010111
1111110101110000
1111100100101111
0100101010110000
0111110101111000
0001111011000100
0100110100011001
0110001101011001
0101000010010111
1100001110101011
0111001101010100
1110101100010011
0000101111001011
0111111010001111
0001001010000011
0010111000000001
0100110010010011
0111100110001100
0101010010001100
0001100110001110
1011100000100101
0101111010110110
0011010100101010
1010100101101001
1010011111101110
0010000010000011
1011101000100001
1010100010011110
1101011101100101
0001100100100100
0010010101101110
0101111111110101
0001101110101000
1011010101101000
1110001011011101
0010000100010000
0010011000000000
1010101111000001
1111011011001111
1001010000110010
1001010111110110
1111101011001110
1010000110101001
1110011100011110
1011010110000010
1011010111111110
1100100000011010
1011101101010000
1011101101001100
0010001100011110
0110101000010011
0110101000000011
1011111000001010
1111011011010110
1010001010101111
0101101001000001
1011001010101101
0011010011111000
0011001011011000
0101100000001001
0010010011101111
0001010001110000
1001000010000001
1110110011110011
0101111011000010
0111001011101111
0001001110000101
0110001101001111
0100101110011110
1001101001010101
0001101110011110
1011101011001101
0010101110110010
1101110011001010
0110111010000101
1110010000011001
0101000101111111
0101110110011000
0000000010100110
0011101110000110
0111110011110001
1011110111000011
1011001011001110
0011110111001110
1101011000100010
0010110001000111
0010001101011010
0101111011101001
1010001111110011
1010011100100100
0110100111000111
0111101100110000
0011001010111111
0011101001011101
1000100101001000
0100011011100110
0101001100011010
1011001011010100
1101011001100000
0001101101110000
1111101100011000
0001101010100101
0000110000011001
1000111010010111
0111110111001010
1101111100111101
0000001110111000
0110101000110000
0111000011111111
1011110010010111
1101010101111100
1001011000110111
0000011011101011
0111000001100000
0100110000111100
0011101110010100
1110110110011100
0111100100100010
0101100100101100
1111110100100100
1110100000011011
1101110000110100
0011100110101010
0010100001111001
1110110110100100
0001000111110110
1000110000100010
1011000111110001
0110000001100000
1011011010111100
1101100000110110
0110100100010010
1001100110100100
0000001100000110
0011000111110110
0110111100000101
0010111011100000
0000101110001110
1000111111001111
0110010101001111
1010001010111111
1110011101010011
1101010001011101
1100011111111011
1011101100010001
1110111111110010
1101011101110000
1100000101101000
1000101011101111
0100001111011001
1110100011001101
1001100100001110
1100000111100100
1111001101010110
0101101001101011
0011000000110100
1010010000010010
1011001100111011
0110000000101100
1001010110100011
0111110100101011
0111011110101000
0101011001111010
0001111011011111
0001100000000010
0011011011001000
0010100001011000
1000101110100011
0001010011000011
1011110111011011
0101011001111101
0011000000100011
0111110100101010
0011101110110100
1111110010100100
0110110100001000
0111110011111001
0111111010010010
1100000111100010
1111110001101111
0111010011010110
1100100101110101
1101010111110111
0000111010100000
0111101101101000
0000111010101011
0001101010011001
1011111100010111
1100101111111001
0110101001011110
0011000001010111
0010000000110011
1101011000011011
0110100110101111
1110110110101101
0000100111100100
1110000010101010
1010111100000000
0100000000110000
0110111010110000
1111011100001011
1110000000100010
0111100110011010
0000100000010010
0111010111001011
0011001110101000
1001100010100000
0101011110010010
1011011011010000
1010101111001010
0011000100000110
0010001111010101
1000110111011010
0111100111100101
0100101011011110
1110001110110110
0010011100000001
0100001000110101
0100000101111010
0101011000011111
0010111000111100
1111000010000100
1111011111000000
0010001110110000
0110000101100100
1111000111111000
1101110111010011
1010110000011001
1000111100000000
0100110110101110
