1011000001100100
1110011010101110
1100100111000110
1111000011111111
0100001011011110
1100101010000001
0011001000000101
0011110011011100
1100111001000001
0110001110110101
1101100111000000
0111010101011000
0010100110001011
0000010110001011
1001110011101101
0111111001011101
1001110000010000
1111111000001001
0100111110001101
0100001100011000
0010001111000001
0011001010111011
0000001010110011
1101110101110011
0001001100110100
0010101110100111
1011111101111011
0101010111101111
0111110000111011
0001101001011100
0101110001111000
0111111110111100
0001111000001110
1110101110011111
0011011111010101
0011101111110101
0000111001111101
1000101110010010
0001000000100011
1100101101111101
1101000110000001
1110100000110101
1110101100101100
1011101001001011
1001001100011010
1011001111111000
0010010000011001
0010010101011010
0101000110000000
1001111110011010
0001010110110101
0011001011101100
1000001111111010
0100100111101000
0111010001000010
0011000110011100
1011001100000000
1000001100101110
0001010000100101
0011011101101011
1000000010110000
1111111000110111
1000100010001011
1100001100100110
0111101111110100
1100100111010000
1000111001010111
0100001010110101
1100110100010110
0010001001111011
1010010001100100
0010100011000011
0111010101101110
0111000100100000
1011100001111001
0000110011110011
1011111010001100
1111000000110100
1100001001110000
1101100100010100
1000000101010011
0010011010000000
0101110100001111
0010101001101000
1011111110110011
0110100100110110
0001111001101100
0111101111011101
0010111001001000
1110100001011110
0110000001010001
1011001101001101
1010001011010100
0100000001000011
1100110100110110
1111001101111010
0111101011000101
0101001010010101
0110111101110101
0011101010101110
1001110000001100
1000001001011001
0011010010010100
0000011011101000
0110100100101111
0001010110101001
1010010000101111
1001011000011100
0111110100001110
1110110010111100
1001000010011101
0011110100011011
1111101011000010
0011101111101001
1000001110011110
1110110000101001
0011010011000000
0111010001010010
0010010111101100
1010000011001101
0011000111111100
1101010010000001
0101111010000011
0010110110111101
1111101011000110
0001100011011000
0000010000000100
0100011111010000
0000111110010011
0101011010100110
0001110011001001
1110010000110100
1110110110111000
1000010000110111
1011110110111110
0000100100111110
1010011010010001
1011101000011011
1110111000010011
1110111011010010
0111000001101001
0011011110000110
1011100111010101
1010101110101111
0001111100100100
1111001000011101
1001100000011011
0111001011000001
1011110011000011
0001010000000110
0001100000100011
1101001110001100
0101000010001001
0001001010001011
0001110011100110
0001011001000100
0111011001101111
0010101100100000
0010101000100010
1101110101011011
0100011000101110
1111101010110101
0101101110011101
0010010011011100
0110111101111111
0101101111010100
0101100101010010
1101011001100001
0000100111100100
1000011111001101
0101110001110011
1110000111111001
0100010101011000
0001000110111000
0101011110011011
1000100101100011
1000010100110011
1000111011011110
0001011100100111
0100001000110001
1001100001001001
0100011101001111
1011111101101101
1011010011001011
0101100000100110
0000001111110000
1100111110101001
0110001011000011
1111110010001111
1011111101100010
1100110100000101
0010010101101111
1010010001011011
0010101111001110
1101110110100010
0001000101011000
0010011101100001
1101101011111010
1111110010100010
1011000101000110
1011100010110010
0100111000110101
0101001010011010
0110100011101101
1000101011111010
1110100011011101
1011111100111010
0111101101000011
0111111010010001
0101111100101001
0000011101011100
0010011110100001
0110111110110100
1100110001101100
0010000010000011
0011100010010000
0110111100010000
0001111100100110
1110000001011111
1001000101011101
1110101010110111
1011000110001110
1011001111010011
0001111110001110
0110110011110101
1101100110100110
1011000000111110
0011101110000111
1001100011101010
0010001010000001
0111100110011010
1000101000101001
0111010100101110
1101101100010110
1100101101101001
0000110010001001
1111111100010010
1100011000111101
0011000011010001
0100010101100011
0011001100110000
1101001110011101
0111001000010110
0100100011101010
0011111000001110
1001101110010111
0000000111100001
1010011001010010
1011011101110110
0101100110010101
0110010101100011
1011100110000100
0000001000011011
0001100001101111
1101101010110000
1100100011100010
0110011001101111
0100100000000101
0100101001010011
1001011100101110
1110011101011100
0101010000111101
1001000100101101
0110100010010000
0101000101110001
0010101011010101
0110100100111110
1110111000111101
0000000100011001
0101001100110100
0011010000100110
1011111100011001
1001011010001111
1100101100100000
1001000101011010
1010110010110101
1100110001100001
0110000000011000
1001000010011001
0001111000001011
0111110100101001
1001010101011100
1011110111011011
0110100011010010
1001111010100111
0101001111110000
1111101000100001
1011100101011011
0010101111010111
0101010011101001
0001111011011111
0101010000010000
0000110001001011
0111011101111000
0000001001010010
0110100001110111
0010111100111011
0100011011100110
0010110001011111
0001000101101010
1011101101000101
0011001010101100
0010110110000110
1011001011001000
1101011110101010
0100101000001100
1110100011100111
1100110110001111
1110110111001101
1111001011110000
1010000101010111
1110001011000101
1111010101000111
0100110100110110
0100001001010010
1101001001110011
1110010001000101
0111100111000110
0010000011000000
1100110101010110
0110110000111101
1111010000111001
0100011011001001
0010001101011111
1110110100111001
1011111010111011
1111000101011110
0111010000010011
1101001111001101
0010101101100000
1100101011011101
1000101101010011
0000010101101110
0010001001101110
1000011111110000
0000010100101001
0100000101101100
1110001101010100
0011010010011101
1111111000101001
1101101001000101
0001000010010110
0011001100101101
1100110010100110
1000001010000000
0111110111111100
1010010100111101
1100011001110101
0111000001000101
0100011100100001
0010011100011000
1101100001010111
1000100010011101
0101011100100101
1011001111111001
0001000100010110
0011101011100100
0000110110011011
1110010011100000
1010110010000011
1111111100010000
0111110001110001
0011011011000111
1010000101001110
0101000000010000
0000001010101100
0111100110010100
1101010001001101
1101111010010000
1011011100110001
0111011100000100
0000010111101010
1111100110000101
1010111100000011
0010010010110100
1111100000011011
1001101110100011
0101011000001101
0010000000111000
0100111001101101
0011101001110110
0001100101010011
0111110110111000
1000110100000100
1000000000100011
1010011100011111
0100010011110000
1110011100110100
1010101000001110
0010101010010011
0011110111100111
1110001000011111
0111100111111111
0111101100000111
0000011100000111
0110011111100100
1101111011110000
1100111100000000
1110011000110101
0101010001001100
0101010011100101
1000111100000100
1000110101110111
1101011001100010
1000010011000000
1100000110010111
1010100110011111
0100001010010000
1100100111011001
0100101001010000
1011000111111001
1000110000011011
0010111010110100
1100010101001101
1001011000110001
1011101101011111
0111011001010111
1000101011011110
1001000011010011
0111101101111101
0010010101100101
0011010011000110
0001010110100010
0111010010100111
0110101010101010
0111001110011011
1100110101100110
0010010001000100
1101001001111111
0010110001011111
0011101111110010
0010011001111101
1000110010010110
1001011001000111
0101010010011011
1011111001010000
0111000010101010
0101011001110100
0000100110000101
1111111101011010
0001110111101100
1000111110110010
0110100001010100
0101001011000110
0011000100000010
0100110101011010
1010001101100111
0111110111000011
1000001010101100
0101001001010010
1000110100101000
0110101100110001
1011011110101010
1111111101101111
0101100100100001
1111101011100110
0100000001100110
1101001100001001
1010111001101010
1011001011111000
1110101110111010
1000111010010110
1100111000100100
1100010010011110
1011011100111110
1001010110100000
1011000001011000
0101101100011011
0111100011001111
0100010010000101
0001001001110101
1010010001100111
0110010001000101
0111010101010011
0101001110001011
0001000001100010
0100100001100111
1111001111010101
0110101011110011
1000010010101000
0101100011010110
0101110101001011
1010001001011101
0110010111011010
0100110001100000
0000000101011110
0001011000001000
0011100110001110
0001110000110011
0110010100000100
0010100010011111
0101010000110001
1111011000111001
0100001100000101
0111011011010011
1000011001111001
1100111110110111
0100001010111000
1100101111101100
0111011100011011
1010000010000001
1000001111111111
1111110010010100
1101100101110100
1100101101110010
0011001010101111
1110100111010000
1011011010001001
0000010100001110
0000101001110100
1001001110010010
