1111010001010111
1011111100100010
1100101100010011
0010001111010000
0100110110000011
0111011101011001
0111100001100110
0100111010110111
1100110101111011
0111010110010100
1101101111010001
0001010100100110
0001100111010100
0000100111100001
0101100001010101
1010010110001011
0010010010111100
0001010111011011
0111101011011101
1001000010000000
1101000100000111
1010111101000000
0001111110011100
1110001101111101
1101100001100010
1110001111100101
1111011010110010
0011001010110101
0101111110111111
0010010000001111
0011111111000110
1101100000100110
1000000111001101
0111000101110110
1101010000010000
1110100101111001
0100010000001000
0111110011001001
1111110111110110
1011101011110100
0100111010110101
0110011000010111
0011111110000111
0101101101001011
1101000110000101
0001000001010101
0000010001011110
0101111000100101
1010111011000111
1011010011010111
1101111000100101
0100111111100001
0100110011000111
1111001010110101
0110001101000001
0011100100110011
1010010101100100
1000010100011111
1101101000011111
1011110111011110
0010010100010111
0010011110000001
0001101100101001
1111001000110101
0101110001101011
1101111101010010
1000101010010000
0011000100001000
0101000011000111
1100111101000000
0101010011010010
0001111100100100
0001010100110000
0111111111111011
0100100001101001
0110011111111100
1111110001000101
1111001001110111
1101111011100111
1000110001001101
1111010101101100
1101010010101011
0110011110110010
1100011001101011
0011110111010010
0001110001110111
1000111010010001
1101001111011110
1011001101011000
1001100111010101
0101011100001101
1010100001100001
0000101110001001
1101010000111000
0000010011000001
0101110000100011
0000101101100000
0001010011010110
0101010110011001
1100011100101001
0100011111110100
1000100111110110
1110101011001000
1001111111010000
0110110011010100
0010001111101100
1010010000110111
1110100001001010
1010100111001100
1011110111101100
0001010111011101
1101110011111100
1010111110111111
1001011101001111
0011011100000100
0111010000001010
1010001110011101
1001011001010111
0010000000101010
1001010001011111
1101111000110110
0001111100001011
0000111111100110
0000110101110100
1101101101010010
1100011101001010
0100000001010101
1001001101100000
0111100100000010
1010101011000000
1110100110110110
0000001010001110
0100100101011101
0100110101101011
0010100011110011
1000010111100110
1100111011001001
0001010010111100
0010100011010001
0110000101001001
1010010000011111
0100010100101011
1101000001100010
0000000111111111
1111011010001101
1000110111010111
1010010111011000
0110111101000000
1010000110111111
0011100110101100
1001111001000100
1011111011100110
0110100101110010
0001010101000101
1010100000110100
0100011010011001
1101010110010011
1111010100011010
0111001111010101
0111011100101101
1011001111100011
0001010011011110
0011111011001101
0011110100001111
0001111101101001
0110000011101011
1011001100010100
1101100111001011
0111001111101000
1110000001001000
0110111001001001
1000010001010111
1011011101011100
0110100110011111
0011001010110000
1000101101110110
0100111110010011
0011110100001100
0011101110001011
1010000100010001
0011000100001100
0001000000000001
1111011011011011
1101001001100101
0011101001000001
1000111001011011
0010010001100011
1100101000101111
1100011010001010
1000110001110001
0010001001100011
1010011110111100
0000111110000011
0011010010000010
1011010010011001
1000000110100111
1001101101110010
1100101010001110
1001001001100000
0011101111001011
1100011010100111
0110100110011110
0010000000101111
1011001110010010
1010000010100000
0000111000100000
0100010001001111
1111010101100101
0110001101010001
1010100100100100
0000000011001000
1110011011111101
0100010001100101
0101011101111011
1011011110001101
1001010100001110
0100101110110100
1101001001110100
0101100101011101
1000000000000011
1101010011011110
0001111011100101
0010001010001111
1010000111111010
1111110101111001
1011101111110001
0110001100100001
1100011101111011
0111001111000111
0110100111010010
1000111111110001
0111100010011011
0010000001011000
0101110110001000
1111010011010010
1000000000010110
0011100101011000
1101110101110100
1100011000100010
1100101110000100
1001100101111110
1111111001000011
1100100010011001
1001001111111000
0010110101100001
1111001001011110
1011001000100110
1111011010100001
0001001000010011
1011101100010100
1111000111101100
1100110011100001
0001011001111101
1000100110101101
0100010010101101
0001100010111010
1011101101101001
1100001111010010
0001110010010000
1100101000010110
1010100111010111
0100111011110111
0101011111100011
0011001011000001
1001110010110110
1010101110011101
0010101011000011
0101011110010000
0101010010110110
1010101101011111
0011000100001111
1010111010110111
0110110111111101
1110100001100111
1110011101100101
0110111000011000
1010110111001110
1111110111101010
1111011100111111
1101100100010010
0010110010110110
1101010101010110
1011100010010010
0010101001111011
1100010000101101
1011100010110010
0001001101011010
1101011110011001
1100000001100010
1001010001100100
1100011010011010
0010011110010000
1110111101101111
1111100110010100
1111000010010110
0000011101001010
1010000110001101
1100010110101010
0111001000101010
0001101100011101
1111110101000100
1110011110010100
0011011001011111
0111101001011000
0001110001000011
0011111111111010
1111010101011000
1110011000101010
0010110010010101
1010010001010001
1010010101001000
0110010000000100
1011010001000110
0000010011001010
0100001010101100
0100000011111011
1010110110111000
0110010100010011
0001100010111110
1100101011011011
1111010001011101
1010100110000010
1001111100101101
1001111110101111
1000010000101101
1000000010100110
1010011011111111
1010011101100100
0000111100100011
1100100110011111
1100000001000110
1010011010000111
0111101110101000
1001111111011000
1010010111010001
1011000100011000
0010101001010111
1111010101101010
1001100101101000
0100010000001111
1100001010001100
0110100110010100
0100110011100000
1110010100000100
1010111010000001
1000111001010111
0010100111010101
0110001101100001
0100010100110111
1000000010000110
0011001000110011
1110110101101011
0111000000001011
0010110110111000
0010010100111011
1100010000000100
1010011111010001
0110000000000100
0101110100010010
0010111010011001
0001110110111011
1011001100010000
1000101000110101
1001011011100100
1011011011101101
1100011000001110
0000111111010100
1011010010000111
1100110010111100
1001010010001011
0000111011101001
1101111101111110
0101110111000111
0110111111000111
0111010001000001
1001101101111001
1110111010001111
1011001110000000
1110010111101011
1010111010001011
1001110110001010
0101101110001110
1001011010100010
0111110100010101
0100111111001110
0100101001110000
1011110101110011
1100111110000000
0001000000011100
1011111111011000
1000001101110000
1011010010011001
1100101111010101
1110111111111001
0101100111010101
1111110001001111
0101110100101110
0010110110010100
1011100100110100
1100001101000000
0101110100111001
0100011111110101
1110001100101111
1100100101000000
0001011110010100
0110000001001011
1100111100110110
1011111110011010
0101100000101101
0100100111011010
0110110010110101
1011111010101011
0100111110111010
0011010001111011
0001010100000110
0001100011011000
1010100010100100
0001001010011001
1000001001100011
1110100111101000
1011101100111001
1101101001000101
1101011100100101
0101100101011110
1110001100101101
1111111110111100
1001100110101000
1110111101110000
0010100000111010
0010111111010110
0100000100110000
1001011011111101
0010110101010110
1000001111000110
0101100010100101
1101110100000101
0010101111011001
1100101111110000
0001010110001100
1010110111001010
0101010111000001
0010100111001111
0001011000111010
1111011111001001
0111010110001010
1101000101111000
0100101000000101
1101001011111010
0010101101001110
0111110010011111
1100100010000101
1110100001000010
0100101010001111
1010001110101100
0111100011011110
0100001111110000
0011010101111100
1010001100011111
0011011101001100
1101000111111111
1100110010101100
0100111110001111
0110001111001111
0010110101011010
1010011111010111
1011011110110010
0000010110100111
0110111101011111
1100110100011010
0110010000011101
1000100101000010
1000111111110000
1111100100001101
0011011111001011
0100010110110011
1110111010110100
0110000000010110
1110111010111101
0111010010111111
0001011111010100
1111011110111000
0110010111110001
0100101000011000
1000100110010111
0001011001101011
1110000001111111
0101101100111011
0001110001101010
1100111001010011
0110000000011110
1011000011100100
0001111101110100
1010000110011011
0000000001100111
1110100000101000
1001111000010001
1001100100010101
0011000101010011
1110010111111010
0101100100100011
1100111001111001
1011101001101100
1001111011010000
0101101100111010
1001001100110001
1001100101010000
0011010101001110
0000100001001101
0101011001111001
0101000100110011
1101100000100000
