0000111100001111
1111110100001111
0101110110100111
1011011000011101
1010001011010101
1101001001000110
1011011100101110
0101010001110110
0010001111010101
0010100010001100
1010110010100100
1101010001111101
1010011110000111
0000111001101010
0110000000001100
1001011101011011
1111000000111111
0000000101100100
1010000110000100
1010111010001101
1011111001011101
0101001101101010
1111000011100010
1001101100000110
0100011000010011
0001101011110111
0101000000100110
1100011000100010
1110011011110011
1011010000100011
0101010010000011
1011101111010000
1100000000000010
1011010001100100
1001101111101000
0000110101010101
1010100001101011
0001010000110001
0101101111101101
1000000100001000
1000001101001011
0000011111011011
0110101101110110
0101001000101100
1101001001100100
1000101000110101
0101111010001001
1001000101001001
0000111111010101
0000010011001101
1110100001001010
0010101000000001
1001010110101010
1111011010000101
1011100110010100
1101010110111001
1110111101100001
1011100011101001
1011010001010000
0100010010101000
1111101110111000
1100010110001101
0000111000101011
0101001010111111
0110011100011001
0111101011010010
1110000100001011
0010111001000011
1100000100100010
1000001001101011
1100110100111100
0001101110101100
1101010011110001
1110110110111011
0100001010010100
0110001001011110
1000011101011110
1000111110111100
1110001001101001
1110001010100101
0111011100110010
1010111011010111
1000100101010000
1010011100000100
0010100011000010
0101000011110011
0011011000101111
0100111101111110
0101010111001000
1100011100110111
0111101101000010
0000010000110101
0010101001000111
0011100010111001
0000110001100001
1001010101111001
0011100011011110
1010101100111100
0001110101100100
1011110000101000
1000010101000011
1101010100101011
1000001001111010
1001100011000000
0000011110100101
0111100101011111
1011010010101011
1110010101111000
0101100111000111
1100101110001101
1011010111101100
1101001110000110
1111001100111111
0001000100111111
0011110011110100
1001011111010111
0101001111001011
0010101011000100
0110011111011001
0110100000101000
0101010011100010
1111001111011100
1011100000110100
1000100011011001
1011100111110111
0100000101001000
0000100000100001
0000110000001101
0111101001101010
1111001011100001
0010101011100000
1101001101111111
1011010100100111
0000101011111011
0100101000001101
0111000000111010
0011010011101101
0000111111001000
1111000011101101
0100011000111001
1101001110000010
1010010110100000
0110000000011111
1011011111100000
1111000101011111
1111101000100001
1110001111100011
0001110011110111
0110010010000000
0011000110010010
0100111100000001
1010001000110100
0111011010010100
1101110000000010
0101101010011111
1011010010110000
1000110111011010
0110100110010111
0001001001000000
1100100000111001
0101001111010010
0001101111100101
0000111110010011
0101011000110111
0000100111101011
1011010011110010
0101101001101001
0000111100000001
1111010100000110
0010100100000010
1101111110000010
1111010100011110
0000110001011111
0100001000010110
1011010000000011
1001000101001011
0000111000110011
0011100000100110
0111111101101111
0111010000101011
0001000111001001
1110110001101001
1001000100000011
0011011010101010
0010000000111100
1010011100011101
1100110110110001
1011001100110101
1110001010000110
0000110010010100
1110101100101000
1010011110100111
1010100011100110
1001101000110101
0010100011001111
0101100100100000
1001101010110001
0110110101111111
0001000101111001
1111111101100011
1101000101110001
0100111001110011
1010011001000000
0011110001011110
0111110101000010
0101111010011000
1110001011000010
0110101011010101
1010111011000000
0010101110100001
0011010011000110
1001101010100111
1100000000111100
0001010000111000
1011001101001010
0101001101010111
1001111111010100
0001010111001001
0011100100010000
0111000011010010
0010010110001000
1010011000011011
1111000100010101
1111101100111000
0100010000001010
0011110111001011
1010111001000101
1111010110101100
0101011011010001
0111000100001110
1000000110111111
1000111011011101
1100000100110110
1001000110000001
1100110001110100
0110011010011001
1100111010001011
1101000010001101
0000000101010101
0000101100100100
1010111111110100
1100111100111111
1110010000000110
0001000111001000
1101111010111111
1010011111010110
0100100100100010
0101000000111100
0111100001010100
1011110110011101
0010101010110011
1101111011000101
1011000000001110
0111000011101111
0111100100011110
0000000011001101
0101110010110100
0100001011010111
1010110001010101
1111111000111111
1001000110111110
1001001110100110
1110111001001001
0000001010001110
1010000111101010
0001001000011110
0110011110000101
0100110111011011
0100011010001001
1100101010100010
0111101111000000
0000110010000110
0000001000011110
1011100101001100
0010111110110100
1111001011011100
1111111011011011
0001011100011001
0010000011001110
0110110001010111
0001001010100111
1001100000110110
0100011000101110
1100100101101011
1101101101011001
1011100111010001
0000011110110001
1101010111000001
1000001011001101
1110101010000011
1101011110010110
0011110110110101
1101110001000101
0111111101100110
0000100110011010
1110000011010111
0111111110111100
1100001000101010
0010010011001110
1011101101110010
1001110000111111
1100110110000011
1111100010010100
1000111011000010
0100111110001000
1100011101111101
1101001110011111
1000010100111000
0000110011011001
1001011100000100
1111101011101011
0000011010111111
1101101010011110
0010001001000111
1001001010100101
1000011001111000
0111111010101010
1110001100111100
1100010001111010
0010010111111011
0011001010111110
0110101111001000
1001010000111010
0100001100001110
0000111101011110
1010010011101100
0010101100100100
1101000000001110
1101001101011100
1110000111001111
0101101011000110
0111011101110001
0111010101010011
0000101011000100
0110010011110010
1111011110100001
1011111001101011
1111011000111110
0100001111000111
1101001010111010
1000000110100111
1111011111001010
1011001001100001
0010110110101001
1000010101110110
0001110010110100
1101011101101100
0100111110100001
0011111001000011
1001110011001111
0100101001100100
1100010011101011
0100110101110010
0011110110100110
0001110111110000
0000000000101011
1011101110100111
0011110111100001
1001101100100100
0110001110010001
1010011111001010
0111011110010111
1100111010001101
0010100000110100
1110010100100101
0011111100111101
0010101001110011
0010011101101100
0111001110101001
1010101001001010
0001100111101101
0100000011000001
0101111000101111
0101100011100010
0000011001111100
1000100010000100
0110101100111011
1111110100011010
1101011100000010
0101100001111111
1110101110001011
0110011011001010
1100010101011101
0100110111011100
1101100010010101
1001011101110011
0101001000010000
1010011011001000
1000000100010100
0110100001010001
0110011100010101
1010010010010111
1110000001101100
0010101010001110
1110100111101010
0010001110111001
0100111111111100
0100010101101010
0110010101100100
0101100000011111
1011010110000101
1101011011101011
1110100011110100
1001010000111001
0110010011000101
1000001101110001
0000011010110111
1100100011011111
0110100010000000
0101101111110101
1000100111110011
0100010001001100
1011001000011111
1100011101101100
1101100101010011
1011010011111000
0000011000011111
1110000111101100
1111111111000000
1101100000010000
0100011010010000
0100011010101111
1010000100000011
0110101101100001
0011000001010111
1100100110010111
1100010111110011
1000101000010001
0101100101010110
0101101110011111
1101100000011000
1001101001111011
1110101100110011
0101101100100011
0000011000010110
0101011101111110
0000101000101000
0011111000010001
1111010011011000
1001000101110100
1110000000101010
1111101111010110
0111100110100000
1111100101010100
0100111000000011
0101001001100101
0000001011010111
0110011110001010
1100111010010110
0000001100000000
1010111011100100
0101000100110100
0110001001011100
1001010111100010
0000011001001100
1110001011111110
1000000101111111
0110011110101001
0101110111001011
0110101000100100
1101111000101010
0000001111101100
0001010000110100
0010100011010000
1110111110011110
1100110000111101
1100001101100010
0111001001011110
0000110110110011
1111011000010010
0010101100011100
1111011010011010
0011100000001111
0100110100011001
1111000101110101
0101000001011100
1011100111111011
1011000111101110
1010111101100110
0111101000111011
0100011111110000
1000111000101111
0100100101110011
1110011000110001
0001100111111101
0110011000110110
0101000110100001
0111101010100110
1111001110101011
1010111111011110
1011100111111001
0100101101010100
0100110000111000
0111101010110111
1111000010000001
1000010010001011
1110101110100100
1001100001011011
0101010011001111
0010001000001101
1000011100111100
0100101001010100
0000111010010101
0110110000001101
1110000101000110
0011011101110011
1001111111010011
0101100111010100
0111101110101000
1110110001000011
1010001101000011
