1000110111001111
0111011010110111
0010000101110001
0000001110111100
1110111100000000
0111011010101001
0110001100001011
0110110111100011
0010101011000110
1110101111001110
1111011100010001
0110100010100111
0111111110101000
1011011101001000
0101110001110001
0000111000111100
0110001000100011
0010101010110010
1000110010100110
1000000010011011
1111011001001100
1010010111101011
0110100101110100
1100001000000101
1101111001010011
1100010011011001
1101111011000111
1111001011101010
0101010111000011
1011010111111101
1111010011100001
1110101000000001
0001100011010111
0100111010001000
0100101011000001
0100110010000001
1100011000101100
0110010010001110
1111001000011011
0011111001100110
0101100011000100
0010000001100100
0001010100110000
0111100010101000
0011001000000001
1001111110011011
1101101010110010
1111111011111110
0010110000100000
1001101010010110
0001110011001001
1100010011111100
0110110100111110
0110011100110110
1000100010001001
0100111001010001
1100010010101111
1011000111111000
1100010011111001
0111001001011001
1000001011000011
1100011110111110
1111110010000110
0011101000100001
1111110100011000
1101010111010010
1001010100001001
1111111001001010
1101101111010011
1001000100011001
1101101001001100
0111101011101010
0101001000011111
1100011001000000
0011110101111100
1100010111101101
1111110000101011
1100110000101110
1011001001100100
1110010111100001
1001001011011001
0011110001100011
1100100001110010
0100101110011101
0010011001110101
0111100100100000
1101001110011010
0110111110110000
1101110001111000
1100001100001101
0111010100010110
0001001001111000
0010011001101001
1110000001000110
1111001001011011
1110000110001001
0001110101110110
0100101101110110
1110010000010110
0011110001011011
0001110000000000
1110001000111110
1111110100111010
1101101010110001
1100001010000000
1001110011111101
0001111000100111
0010010010110000
1000101000011010
0010010010011001
0110110010100010
0100010101011111
0101110101010101
0111100011011110
1101000001110001
1001010111101000
1000110101001010
0100011101110101
0101111110110110
0110111110011011
1010001011100111
0111110101100111
1000011000010111
1001101010101110
1110110101110111
1100101110111001
0110011000100100
0010111101111101
1110101010100010
0111010000100100
0111010010010001
0010111110101011
0100001000101000
1101111001110110
0100011101101010
0011000111110011
1110110011111100
1110101001010110
1100001100111000
0111010011110100
1000101010110110
1111111000101011
1001001111111011
0001101011101000
1111000010111110
0100010101110101
1101110000110011
0010110001100010
0111110001111100
1000011011001010
1101111011101111
0011010001110010
1000011110010000
1111111010110010
0000100010000110
0100010101100000
1100110010000101
1110000100111010
1011101010111110
0001000000110111
0100111100111011
0110001011110011
0011011110110001
1101000001110110
0110011100111010
1001000010000000
1001000010011000
1011001100101100
0010001111100111
0111100111011010
1010000101000011
0110100011011000
1010000001011101
1011000101110110
0111100110011100
0101001100001101
0011110100000000
1111001011110011
1111000110010000
1111001100001000
1001110000111011
0110110001010000
1100001100001110
1000101110100010
0010111000101111
1001111010101011
1011000110100010
1000000010111000
1011110011011100
1100010111011001
0011111000101111
0100111000010101
0111010011101100
0010010011101000
1101100110001010
1010011010000100
1010111010101100
1111001000101100
1110010010110110
0011111100000100
0111000100010101
0110101100100000
1110101000010000
1100110011110010
0010101001000001
1011110110010111
0110110100101001
1000011011101011
0001000110000000
1111101101001011
0001110101110011
0100001101010001
1101100010001010
1111001101000100
1000101011010111
1111100110111101
0010000011010011
1110010000001101
1101101001001101
0010001111010111
0010111000111001
1111011101110100
0111111011100011
0010000000000101
0100100001001100
0101001000011001
1000000110100110
1001011110110000
0111110001110000
0000010000000011
1110101000101011
0010111111101010
0100010101101000
1100111010100101
1010101101010101
0000011110011000
0011000111100111
1101011101010010
1011000000001000
1100010111001111
1110011111110111
1101010101001001
1000100011010000
0101010110110110
0000111010001111
0111110110011111
1010101100001001
1101111111110110
0010011010011100
0101001101110111
0111000000010111
1100110010000111
0000011011100101
0101010000110010
1011001101110111
0000110110110010
0111001001001101
0110100100111110
0000110000111111
1011001011110000
1101001101101010
1011111000001110
0000000000010111
1010011010010000
0111101010110100
1010100101001011
0110100101101010
0110101001101100
1110001010010111
1101001101011010
0000110000101000
0100101100101010
1010001010000110
0010001101000010
1001010010000111
0101101000010110
1001111100100000
1100001100111101
1010110011010011
1001111011000110
1100000110001111
1101001010000100
0000110110101010
1011100001100000
0011010110111101
0000000000101011
1100000010000010
1010000100101011
1011000111101111
1001110010011100
0110010000111100
0001111101010101
0010010010111101
0110011100101001
1001101110000110
1100110000101001
0000100001100000
0101000010110101
1000111101101101
1101010110000000
0100110100100100
0000010010111010
0101001010100010
1111111101010001
0000010001000110
0011010111100010
0111011110000001
0100100010110110
0110100110010101
1100000000110000
1101100100011111
1000110011001001
0110010101101000
1110011000001110
0000001001011100
1100101101011001
1001010111110110
0001010000101010
1011110101100011
0111111111011101
0000100101000001
1011110110101011
1111000010000011
1010101110110100
1101101000111011
0111101100111001
1110100010100110
1100001111111100
1001100100001010
1110001100010110
1000110001111111
0011001001101101
1000111011001100
0000100000011001
1011111001101001
0100101001110100
0000111001000101
0001101111001010
1010111000000100
1011110111100010
1100010001001101
0011010110011001
0001100110010101
1001000001110001
1011111000000100
1110000101101111
1001000110010011
0001100010101100
0001011100100100
0100011101110010
1101110011011111
0100010110101101
1100100110110011
0100100010011011
1000001111011100
1001010100101011
0010010110101111
0011000100110010
0011011110101000
0100011011101111
0000000000001101
1001011011000000
1001111110110010
0011110011001011
0000111111000101
1100011000011011
1010010010001110
0001101101101100
0101111010111101
1011110110111001
1111101111011101
1100010111111001
1001111100110101
1011110110010111
1000011110100101
1001101011000100
1101110011001011
1100110000111011
1011010010001111
0111111111001010
1000011100000010
0000101110110111
1011001001110001
1110010101010001
0110010010101001
1110000100101111
0110000010011010
1101101101101010
1010110001001010
0101011101110110
1001101010001111
1000101101110101
0101110101010100
0100110001000010
0101110010011100
0001001111110011
1011110100000101
0110011101000001
0010010001000101
1110000001011000
1111001100010000
0101101111001100
1100010100100111
1101011101110110
0000101001101011
1101001001001011
0000011111111010
1100000101101010
1100110100001010
1110101011010010
1000010001011101
1001101100101000
1000111110101000
0001101001001101
0101100101111111
0000101111100010
0010111110010011
0101011001101010
0101011011100111
1110100000000011
1001101101101100
0111101000011000
1110100111000100
0100011010101000
0101110000010111
0010011111010000
0110010000010101
1100100111101000
1111101110001010
0000010010101000
1011110001001101
1101110110000110
1111010011000001
0101111100000100
0111010111010101
0110010101111110
1001101000000011
0101010110111001
0001001110111011
0100110111010010
1111001001001101
0001011001110101
0111110011100010
1101010000101101
1001000101011010
1001100001101110
1001011101111100
0011111001010101
0101011000110101
1110101011111001
1110011000011011
0100010011010000
0101000001010101
0010101100110111
0010101100010000
0111100000011101
0111011001111101
0111101000101010
1011011111100000
1001000100000010
0010001111111001
1001000001101100
0011011000110011
0000110100010011
1111111001111000
1000011101010010
1111001100110101
1011011100110110
1110010110100110
1100110100101001
0001101000010100
1001000110101100
1111100110001110
0001110001100011
0011111111101101
0111101010111001
1000111111001101
0010100010111101
1111101010111100
1110110111010100
1100111101001100
0100010110011101
0111101011001000
1001010110010001
0011001101101101
1011010010100111
1011001010100110
0100010110010001
0101011100011101
0010000001001010
1000101111010101
1011010001001010
0010110110100111
1101100111001000
0001000001110111
1001100100010011
0001011111011000
0101000100111100
0011000000000011
1101010011001100
1101110011101100
1010111111000110
0000111011011000
1100110101000101
0000010000111111
0100000111110100
0000100010000111
0111000010011000
1100110001000100
0101010010000011
1000111111100110
