1000011001001111
0101100001100010
1110001011000111
0001010101101100
1001101011111011
1111110101110001
1100101100000101
1010000011000111
1110011101111000
1000111010011110
0011001001000110
0101010101001000
0111011110000110
0100110101001010
1011110011010010
0100001001011101
1100100100111101
1001100010101000
0110100000010101
0100011011110100
1111101011001011
0010111101010100
0111000100101111
1000010010100011
1111110100101011
1101111000010100
0010000010111001
0010010101001010
0010110011010000
0110000110011001
0010011000110000
0001010011011000
0111000101001011
1100001111001100
0000110001111100
0000000111101000
1011111000001100
1001101110011011
0101100110000101
0010010100111111
1111110011011010
1000001101000110
1101100100100111
1011000111000000
0000010000100110
0001000101000010
1000101111101010
0010100100001111
0010101111100110
0000111100100010
0110000011000111
0110111111001111
0001111110110011
0101101111011001
0101011000000111
1111101011011010
1100111100101100
1000011100101011
0100110000000001
0101111100111010
1100001000001100
0111011110010001
0011100110100001
1101100110110110
1100111101000110
0011011100000000
1111110000010100
0111101111111001
0110110110010100
1111011001011110
1101010001010011
1000011111101101
0001101000000010
1111010010111110
0110110101011101
1010011110000010
0111001010100101
0010110100001101
0111011011010001
0100101011000110
0110000110000111
0110100001110101
1011001111010011
0011110111011110
1110011111110101
1011100011100100
0010100000010111
1111010111110110
0100000010111111
1110110100100111
0011011000101011
1000101011011001
1111111110111010
1101110010101000
0011001101101001
0111110001000100
1111110010110110
0110001010001000
1010110000000110
0010100001011110
1100001100011110
0001100000101000
1000110110110000
1100000100100111
1100000110110101
1100010001001010
0101000011000100
0001100010111001
0011011001100010
1110101110101001
0011101001001100
0111110010011111
0111001011011111
0010101101111001
0001010110011111
0100100001000101
1000000010110100
1010000100110000
0001110011011000
1101011101001000
0100101111110111
0001011110111000
1011010010110101
1011110110110110
1111001100001100
1011011101001101
1110011010110000
1111000101000011
1011011111101111
1101011101001111
1011110110110101
1101000110111011
1110000111011111
0101100101010011
1000111100001011
1011000111100101
1001001001000001
1110000100111110
0100100100001000
1001000111110011
0111110001100000
0100001000010011
1110011000000101
1000101000010000
1101111000111000
0001110101100101
1011101111110010
1011111101011000
0011010100100101
0110111101001110
1110000000010000
1011111011110111
1110111101011010
1110010000100000
0101110010000000
1010011010010000
1001000110010010
0000001100101000
1110111000011111
0000011011100100
0000001111001111
1011101000010010
0000000110100100
1001111010011000
1010010100010111
1101100111110000
1000100001001101
0011110100110001
0101000010000001
1011110100011011
0111000001011001
0000000101110100
0111000111111111
0011000001110100
1110100110011001
0111101010101110
0101000100010111
1010111000111011
0010100111100111
1111000111111110
0010001110011010
1100010111101000
1000000010010001
1001110011111001
1000011100000001
1111001100101000
1001000111011101
1111111101101111
0110001101001011
1110111110110001
1000110110110001
1011100101101000
1010000011010100
1000101111111000
1111111000100111
1011100010100011
0010110101001011
0011100110011111
0011101000001111
0101111100011010
0101111100111010
0001101100010011
1110000101011100
0100000011011111
1000011000011100
0001000010100010
0011000100111011
1011100001101110
0000111100100010
1001111101100001
1011011010001001
1111011110111101
1000100101100001
1011111111101111
0000010010000100
1111101001001000
0011011000000100
0111101110011100
1111111010001001
0010010111111011
1110100000110100
1010111010110111
0101110100000011
1000010001110111
0010000001101110
0000110101000111
0101000110101100
0110111011010111
1000100011001100
1101010100000000
0000111110110110
0010110100010110
1011010000100000
0011011001111100
0100011111110111
0010101011000010
0011110011101101
0100101110010111
1101011010011110
0010000100100011
1010010111010110
1110111011000111
0110010011011100
1000100001100100
1001000000011111
1110110010100000
0001101111101010
1001000101110010
1110000010001000
0101010101001001
0001111010000001
0010000011000111
0101000111111011
0010011010011110
0011011111010010
1101001101010100
0101110110010100
0111011010010001
0001111111001110
0000000101011101
1011010100100100
1010111000101010
0110000100010011
0001111111000100
1010110110001001
1100001111000001
0010101100000000
1101000101000010
1010010100100011
0110110001000101
0010110011111101
1010011100110000
1000101011010100
1000100111101011
0010101110111000
0001000010100001
1001010110110101
0011111111010000
0110101110111011
0001110001110101
0101100001001100
1110001001001111
1010011000001101
1101001100100000
1111010110110111
1111111001010000
1011000010001010
0110010000001101
0101111000010111
0010010000100011
1100101100101000
0110001100000001
0110011011110000
0101010011000011
1100001110110001
1000110010110010
0010101000110001
1000111010011000
0111110010001101
1110100000001011
1000100011001110
1010100001100011
0000000001110010
1000101001010011
0001110010101000
0000100111011000
1010010000101010
0111111100110000
0100010011100000
0111100001110010
1111001001011000
0001100100110110
1011110001011001
1111101100010101
0101100111011010
0110111001011111
0001010011101101
1100110110010010
1011001100110001
1100010101011100
0111110111111101
0000011100111010
1110111101001000
0010001101101111
0001100111110010
1110110001101100
1101001110000110
0000100001111110
0111111101111011
1110110001011001
0011010011110101
1011101011010110
1011010000001111
1001010111010001
1110101000010000
1010100000100100
1100111101111110
1000001110010101
0110011110001001
0111100101000001
1111111001000100
1000100101000101
1011100010011011
0110010100010010
0110100011011100
0110001110101001
0111111011110101
1000100101001110
0111000001110110
0110000110010011
1011110101100110
0111000000110111
1110001010101010
1111001101110000
0000111010010100
1011110100111101
0101001100010011
1110011000001010
1100010100111001
0111100000001111
1110000011110110
1110101110011000
0111100001001111
0011001101110010
1010101011110001
1111101000011000
0001001101011101
0011101110010000
1101100011011011
1100100110101101
0000111000010000
1101001111100110
0100100111100010
1011110100001001
1101011110011001
1101000110000100
1101101001001000
1000000100001111
1011011111011000
1111101110111101
1000010010100110
1110010011010011
1100111001101111
1100000000111010
0100111110101011
0001101011010010
1110110010100010
1101111010000001
1110010111111101
1000011000111011
0001011111011000
1111000001010111
0110001101011010
1101100110001011
0100100011010111
1000011101111111
1010110001011011
0001110111000111
0111011011110001
0001010101001001
1010101101001111
1001001100101011
1100011000010100
0100100000110010
1100100111010001
0011101110010111
0011111111111010
1101110011111101
0000101101110010
0100110011110100
0100000010000100
1111010000000110
1000010000101000
0110110000000110
1100100111010000
1101111011010010
1001000011110110
0111011001001010
1011010110111000
0100100110000010
1111101100111111
0100110100001000
0110011101001010
0101010001101100
1111100010101111
1101111001001100
0100011111001111
1011110010001000
1000011011100001
1000011010000001
1010100100011110
0010101110101001
1000101011000101
1010000100000100
1111110111001110
1001111010000101
0001010100010001
1000010111100010
0000010101110111
1011110000011110
0100100010011110
0001000011000111
1001100101001111
1101011111100010
0010111111010011
0000111101011100
1001100110100100
0000101100010100
0100001011110010
0110011110010010
1000100011001010
1100001101000001
1100010100011110
0111110100110001
0111011010010011
1011111011101001
1111010100110110
1010001101001110
1001110100110100
0101010011001100
0010101001011010
1111101000100110
0110110001010011
1001000010111001
1100001110111110
0100001100001000
0110100100011001
1010001110010100
1011110100011111
0110110000001011
0110111111000100
1001001110000110
1010000010001101
1010111001001000
0100010010110111
1111111110010111
1011001101000001
0000100101110000
0100001011101001
0001001000000111
0001100110010010
0011001110001100
1000001001110101
0111001000111101
0100100000001110
1111010011111001
0011110110000101
0101000100100001
1001101101010100
1101011001010001
0100001000101001
1101000000001111
1110100101101111
1111011101000001
1011100010111110
1001100110010111
0111101101001011
1111011011011101
0010000001101101
0111100100100010
1001110000001011
1000000001011001
1011011010000001
1001100100100011
1111110101010011
0000101010001101
1010010100110101
0111100001101100
1001001110100000
1001010110100001
0001110001111101
