1101011010000100
0001101101001000
1110000111111101
1001011011011000
1011011111010010
1100000110110001
0000110101100111
0100110011011101
1101111100010001
1111101101010111
0111100100100101
1010110110001101
1110101010010110
1111000011110100
0011010000100101
1001010100011010
1000011100111010
0011101010001100
1001111101100010
1100111101101001
1110010010011011
0111101000011111
0110110001011111
0010101001011011
1101101100001100
1100010001101110
1110011000001011
0000001101101010
1000011000101010
0011011100110011
0011011100100000
1110010010000000
1000111110111100
1010100111001000
1100001111010000
0011111101101010
1110100111110100
0011000010111110
0000010010000110
0100100100001101
0110110011111000
0101110000011100
1001000001010111
0101101011101001
1011011000110111
1011100110001100
1010010101110001
1111110111000010
1001111101111101
1101100001010110
0110110000011110
1010000000010001
1100111111001001
1001011101011001
1010011010100110
0101101110101110
1100110000110011
0100101011111000
1111111111100000
1010000100000100
0011111000001111
0110110111010010
0110111100010110
1011111110010011
0011101110001110
0101011000100001
0010100001000110
1000001110101100
1010100011000000
0011111001110110
0100000010000001
0000100010100110
1010010001000011
1000010111011011
1010111110110000
0000010011100101
1110010001011011
0001000110001100
0000101011100100
0111001001000100
0011001000010010
1000011100100110
0110110000000000
0111110011101100
0011001011000010
0010100111011010
0011111000000101
0001110011010111
1001110110001000
0100010110111001
0110011000100110
1110010010001110
1100001100011001
1010000000000101
1001000111010101
1111011100111111
0011110010011001
0110100100010010
0001011100010000
1110110000111001
0001100101100000
0111010011110011
0111100101100110
1010010100110101
1110011100110011
0100111010011110
1011001011011011
1111000001011100
1110110000100111
1001001110101011
0001000001101010
1001110000100111
0001100011010101
1101011001000110
1110101100111100
0111110001101110
0010111010010101
1101011001000110
0111011001111000
0111001010000001
0100101011101000
0110101100011111
0001010010010010
0110111010011001
0011000010000111
0010011011011110
0011010000101010
1000101010000110
1100110000101000
1001011110010100
1111011111010011
1000101001111001
1011001011000100
1011001010101110
1011011111010111
0011100100101101
1111111101011100
1000010010100010
0110011001110100
1110011011000110
1001011000111011
1101101011010101
0111001011101001
1011110110010000
1110100110000010
0100111101111101
0011110011001000
1001010110000000
1111001011001111
1011110001111100
0011001101100000
1011110011110101
0010110010111001
1111111111010000
1011111001010100
0100100110110000
0010110010110000
1000101001100000
1111011100101110
1001000100110100
1100111001101011
0101011100101100
0100111100101111
1100000110011111
1100110101001001
0001001001001011
0010000111011010
1000111100011101
0010000110111000
0110100001101010
1100001111001010
0001000100101100
1110101010111011
0110010010010110
1110110010010101
1101101101111101
0101110110010001
0001111010101100
1100111110011001
0110110111000011
1011000101010110
1000000110010011
0111101101110000
0001111010111001
1111110001110100
0100100011110100
0111010010100000
0000010111111010
0110011011010000
0010000110000011
1010000110000100
1011010110111011
1011000111110110
1000100111111110
0101110111001111
1111001110100000
1110110101010100
1110101001000101
0000111001000010
1100001000000111
0001101111100000
0001010111000101
0000001100110100
0111001111110101
1111000100010001
1100010111101010
0100010001111000
0011001010100101
0100101110001100
1100001011011010
0111111110110111
0010010011011011
1011001001101110
1010011010010000
1110000011000001
0111110001101101
1111000010011011
1001010001111000
1110000010010100
1001010000110111
1110100010100111
0010111000110101
0000011000010000
0111001000010111
0001110101101011
0111110011011111
1110001001101010
0010100010101011
1001101111001001
1100100001000100
0110011000010011
0001001010010100
0110011111010111
0010000011010010
0111111101100001
1011010010101110
0000101111011101
0110000110000110
1010010011110000
1011000110000001
0111100011111111
1101010100110111
0101001110110001
1110110010110000
0100110101010011
1111001000000111
0011111001101001
0101010011000010
1100100010110111
0100000110100101
1000010001001111
0010001111001010
0001011110111101
0100011111100100
1101110000011011
0110111111010000
0000001111100000
0010000110111100
0010110010011000
0100111001100001
1001101011100100
1010111110110011
0010110011111110
0001001000000110
0100100010000000
1011100100001001
1111000101110011
1101000000101110
1111100010110101
0111111101001011
1011010001101101
0010110100001000
1110110110100011
0001110010110010
1001000010001100
0011100001101010
1111010000010010
1111001110110010
1001101010001000
1001000001100111
0010011100000111
1111100000000110
1100110011110011
0101010000100001
1011010100001111
0011101010001110
1010101110110010
0101001010101110
1110001000110001
1100100011100001
1111000011111011
0011011010010100
1010101111100100
1110001001011110
1110000110011110
1101010000010101
1010001110011110
1000100110001001
0010110000111101
0001001001000111
0111101000110101
1110000110001011
0000111100001111
0110110101100011
0110100110110100
1101100011100101
1000101101001010
1101111001110000
1011000001110010
0110010001000001
0011011101100011
0001111010001010
1011111000101001
0000010000110011
0111100010110001
0101011100100011
0111001000101100
1100100100100111
1101101110000100
0010110011010110
0000010000111111
1000101000010100
1000100111111101
0111000001010001
1010100001001010
0101000100110010
0111110101011001
1111101111111010
0001001010110111
1010010101111111
1000110011000000
0100110000010101
1100001001010111
1100010100110001
0110000100000101
0110011010011001
1101100000001111
0011100011111111
0000101100011001
0101101011001010
0000001111100001
1101110011000010
1011010101010111
0000010100011000
0010110000110011
0110100101011111
1011001110100111
0101010001001011
1010000010001010
1110111111001010
0101010011110010
1110000101100111
1001000010011001
0111111011100101
1000001011011000
0100001010010100
1100111111100001
1000000000001011
0101111101101100
0100001100101000
1110001100001100
1111011101000010
1010010110011111
1110111111111010
0001111011110000
1111101110111101
0111101110001001
0001110101100000
0100111101110010
1011111000101001
0010010100001100
0000001101001110
0100011101111010
0111011111101010
0101100100110001
1011011100101110
0101000010011001
0111010000111100
0011001100100011
1111100011101100
0110100000000101
1000110000010101
1101111100011000
0010001100000010
1101011100000011
0011100010010010
1011011111111001
0011010011110001
0110100001111011
1100101001111111
0100100000110000
1110000011010110
0101010110110110
1010000100111110
0000111010010010
0101101000101110
0111010011111101
0110010000011110
0011110101000110
1001110111110101
1000100001010000
1001101011100111
0111111100100000
1011010000010100
0101011011011111
0000001101110101
0000101101110001
0111101101101011
0110101001010111
0011111111110101
0110001100010010
0011010101000101
0111010010000010
0100100110100011
1100110100000110
1110001101001111
1011001111010101
0111101001110101
1000110101111010
1011100011010101
1001000011101100
0001100100110111
0101000000010010
0000101001100110
1010001111001110
0011010011000110
1101100011101011
1111010111111110
0100001111101011
1010101010001010
1000100010101110
0011101111100011
0110011101010000
1000000110100011
0011010011011100
1100100110000101
1101111001111011
0110110010010111
1111111010000111
1100011100000100
0100011010000001
0011100111110100
1000000000111001
1110110000110101
0001001110000011
1001110110011110
0101100010001001
0001110011111100
1001111011111000
0110100000000101
1001111000100000
0001010001111011
1101100100010100
0111011011011111
1000001110001000
0010100000100010
1111110101010010
1001011011101011
1101111000001010
0111001011000000
0110100111000101
0011001011100110
1100110100111010
0101100000110111
1101000111001111
0111110001011101
1101001010001010
1011110111010111
0010110001100010
1001011011011011
1011010111111000
0110011011000000
1110010010111110
0110000001001011
1111011010100101
1001010100001010
1000101110100010
0001011000011110
1000111000111101
0000011110111101
0110110001011100
0100011011010010
0111111110000001
1100101100111010
0010010001011010
0000111110001111
1010100011011010
1101110101101011
1001111100011011
1011110110101100
0000000110001001
0010010010110001
1111101101110111
0111110010000110
0001110010001010
0101110000110110
1010110101110100
0100110110010010
0000110100001010
0100111101001000
0100000000000001
1111100110111111
1000001001111111
1001001010101111
0111100101000011
1010100100010000
1100011111010101
1010101100010010
1100110010010011
1111010001011010
1011111111111000
