0011010001110111
0000101100001001
1001001011011001
0110010010010110
1011001100001001
0010001001011101
0000001101110111
0000110100001000
1100101110111000
1111010100101000
1000100100010010
1000000010110011
1111000111000101
1101110011001111
0100111001000011
1001000111100001
1110111100101000
0011011010100000
1010000101100001
1111011001011011
1000010110100111
0101110111100011
0000000100001100
0100111011010011
1111100100111110
0110000001000011
0100111010000101
0110010000010010
0110101101101001
1110110001001101
0110001111110001
1010100111001111
0000100010001011
1100110001110001
1010110010100000
0101011110101110
1000110011110101
1101011100100001
0100001100111001
1110000000001110
0010010111110111
0000110010010001
0111110101001000
1001010011010000
1100111010111000
0010000011011011
1110100101000001
1100011111010000
0110111001101000
1101101100011111
1110110100000111
0100001111011101
0011101101010100
1111111100010010
1101011111010000
0100100001100100
0001100110000000
0111011101111100
0111100100110111
0100110111101001
0011011101010011
1001100001001111
0000010111000001
1011001011100000
1011010110011011
1110111001110011
0110000010000100
0111101010101100
1100010101000101
0101100100110101
1101001011000011
1101100010100110
0011001111010101
0100000010110101
1111110011110110
1010101001010011
0111100111111111
1111111110010100
1100110000011111
0110111100011001
0010101000010010
0010000010010001
0111111010011100
1000000011110010
1110110110111111
1010110111111100
0010010110101011
0111111000101000
0010010110100001
1010011111111101
0010010101110101
1101101000011000
1000010101100111
1111111011100011
1000111011111000
1111110110001100
0000001101100110
0111101010111101
0110000101111110
0011011000011101
1100101110011101
0101111110111110
1111111000101111
1101001110000111
1011001111111110
1111010001010001
0100011000100011
0111101000101100
0010000011111001
0000011110010001
1100011110111111
0011101111111001
0001011000011001
0010001111001011
1100100001000100
0001110000110001
1111110111101100
0100001010111100
1101111000100101
1110011010101110
1000101111001011
0110000110111111
1111100111110001
0001011111100010
1101100111000000
0000000100001100
1010101001000111
1010011101110010
1101101000101010
1110111101100011
1000010001101011
0101100111000111
0010010010011000
1001010010100101
1100010000011101
1100010111010111
1111001001000110
1011100011001100
0111100110010110
1110101011010110
1111010011001000
1000110101100001
1001001000100111
0100001101111110
0010111100011000
1100011000000011
0011000100110010
0011111110010111
1111000001111011
1101100010101001
0100011011001110
1110001110010010
0100010101010001
0010000000011011
1010000001101111
1110001000110011
0011000010010010
1101001110110000
0000100110101100
1001110010100000
1000011001111010
0001011011010110
0101001101111101
0010001110011111
1010100110101010
1000101001001100
1011000000011111
0111110011111101
0010000001001101
0101001011100001
1001000110110000
0100111010100111
1000100100111010
1101000110101001
1101110110110101
1100001101101111
1110010000000000
0011001011001110
0010100111100101
1010010000110010
1001110011000110
1010100001001000
0110010001111100
1100010100101011
0001100001001101
0000000011001110
0101101101111001
1100100100010111
0111110010110001
1101010101010111
1101101100010110
0010100000000010
0100100111000011
1010000011110111
1010000100001001
0001110100001110
0010101110010010
1101110110100011
1011010011111000
1001111000110101
1101110110011111
1010101111010100
1111100101001011
1011101100100110
0001001111000000
1011010100111111
1111110110111101
1001001100110010
1101111110001100
1101000011001110
1111110010010111
0101110101101101
0000101010010111
1111110011011110
0101000110010111
0100101011101011
0100001101011111
0111001000001111
0101011010111111
0101011111000110
1111110000101111
0011110110111110
1011110000000100
0000100000000000
1011110000000100
1011000001110001
0110100000001110
0111101100111011
0011000001111100
1010111111111111
1100110110101011
1101101100001110
1101110011010101
0011111011001111
0001010110110011
1110000010001011
0101101110110000
1110011111110101
0100110100001101
0110111100001000
1110110101001111
0001101000101101
1000011011110010
0000110100110010
1111101101000101
1101001010100101
1111010111100101
0100000001000001
1100010111001101
1110010000000001
0000101100110010
0001110111001000
0001100110111110
1000001001011000
0111010011000110
1100100011111111
0000111111110101
1101111011110101
0101110110110011
1001011000001010
1111001000101000
0000000110011010
1010001100001001
0000000111001010
1111101111100010
0000010100100001
1001101000101111
1011111100010110
0100000110101000
1011110010101010
0110000011010111
1101010101110001
1100000000011100
1001001000101110
0100110100001010
1011011111110101
1000100011000000
0100100111101100
0001011000100111
0010010000010111
1100011000100110
0110010100000001
1001101011111010
1111100011101100
0111010100010000
1010011111011000
1111001100010011
0110101111100000
0101010010110110
1011001111001101
1011010110001000
1110001100111011
0111100011010011
0011110100001000
0001111010010111
0001011110101010
0001001100101001
0111010001111110
1011110111010101
1110111011111000
0111001000110110
1110000001011100
0011011110010000
0111110011111110
0101011001111010
0001010010110100
0110011001001101
0001010000111000
0101010000101100
1000100011011001
1100110000100110
0001001101000010
1100000100010100
1000110000010101
1001011001000010
1010100010010110
1001101100111001
0110110011010001
1100001110100101
1101001000101000
1110111110001111
0001000011110000
0111000100111100
0101101101011001
0011010011100000
0101011010101010
0011111011101100
1100100100011101
0001110011110100
1100011001000001
0011110000001001
1001111010111101
0111011100000010
1111101000110101
0010100110010001
1001000101100010
1110101000010000
0010111111111100
1111101111101000
1011001111101000
1101111110101001
1011010011000001
1111011101000101
1101100001000011
1011011110010101
0000111010011001
1110011101101101
1110111010111000
1001100111000011
1010001011110010
0000100110111000
1001100101011111
0100111010110100
0010101100000100
1101001011100101
1101010001110010
1111010101100100
0000011101101110
0101011000010001
0010101000110001
1100001000111100
1110110100111100
1101010100100111
1010111001000100
0011001110001010
1010110011111011
0101000110010001
1111000101100110
0011001000010110
1010011000010111
1010101000100011
1011011001101101
0010000110100010
0011101010001010
0101001100110110
0110010000000111
1000010010000100
0110101010100111
1001101010100100
1001010111111100
1011100101111110
1000110101000011
1010010110010010
1110101101001101
0101101101001001
0110111000111110
0010010101111100
1101100100011110
0110110000111001
0110110001000111
1001110100110101
0000011101010111
0010000101100011
1101011010010100
1000011100011100
0010011101000000
1111100110000001
0000101100011101
1001000000011110
1111000010100001
1001111000011000
1000110110111100
0011010100100010
0101001000100010
0111111100110010
0001110010000000
1101001001101111
1110110000001010
0110110100111001
0011101000101011
1000010001101100
0001010000000111
1100100001110000
1001100100110001
1111001110000011
0010010010000010
0110010010101001
0001101011001010
0000001101110010
1001010111111011
0111111110011000
1010111001010111
0110111101110100
1111000111011111
0101100101000011
0011011011001000
1101000001101010
1110101000111010
0001011111110111
0110000001010111
0110101010011000
0100110011101110
1011100011001110
0001101111111010
1111001010010110
1100110101010011
0101100000101111
0011000100001111
1110011000111111
1111100011010100
1101101101010100
0011011110001111
0100010101110111
1011101011000110
1100010101101101
0001100000100101
0001110101100111
0000011110001001
1011001001000010
0101101011101010
0110101010111110
1001101000011111
1000111001011011
1111111110110110
0010011000101101
0011001110111011
0111010100100101
0001110011001001
0010011011000100
1000100000110111
0011111000110001
0110100001100000
0111011110010011
0011011010011100
0011010100001010
1010101001011100
0010010001000000
1110011101010000
0100010101001010
0100110110001001
1001100011010101
1110011011100010
0101101111010011
1100000111100000
0001001100101010
1101000000000011
0011110111000100
1000000011100001
0010100101111011
0111010001101010
0000100001000011
1110010001001001
0101010110010001
1010011010001100
1011010110001001
1001100110000100
0011001011011001
1010110000101100
1111011110111011
0000000000010010
1100101100110010
1101011111110001
0100100101011110
0000111101101111
1100001101011001
1111100010001001
1111010000110000
0110110110110000
0011110110101011
0100100001110000
1010110001100100
1001010111011100
1010101100110111
1011101011100001
1010001110110010
0110111101010001
1101101101110110
1110011011100110
0000101001010001
0010100111010011
1111010011010011
