0110111010110111
0011011100000100
0111100010110111
0010010100111011
1110110111010001
1010001011010110
0010100100011010
0111111110111010
1000001010110110
1100001011001011
1101101011110011
0011010110100010
1111011000010111
0001101110110110
1011000101010010
0110001110001101
0001001011010110
0101011000001001
0010101000110111
1111110001100100
0100000100100011
0011010100001000
0100111110000110
1111100110011000
0101010100110010
0011100010111110
0110101000011001
1011101000111100
0110011010110101
0100100101010101
1110001001100110
0110010110001111
1011111101010011
0100101011111011
1101001000110101
0001110001110000
1001101000001001
0001011111000010
0011000010110000
1101001101001000
1101100110001101
1000000000000101
1000110101011100
0110010111110001
0110011001010010
1010100111101100
1000111000100010
0011010111011001
1101101010110101
1101000010101110
1000010011010000
1110010011111101
1101010001100101
0111000010111010
1010111000001010
1010000101010101
1001000101010001
1011101100010000
0011101111101101
1111100100111100
0000000110010001
0110111100111100
0010110111110100
0101001111011001
1110111000101100
0001010100010100
0011001011011011
1011101100100110
0011110110101000
0001111011111110
1001101111010000
1000010101000010
0010001001010111
0011011000111111
0100111000000100
1110110000011110
1101000001001000
0001000111011010
1011100100001011
1000011010001011
1110000010100101
1001110111101100
1011001110110101
0100101110110111
0010011110101111
0001011111101001
1111100110101111
0111010101011010
0101001011011101
0110101010001111
1110001000101000
1000110100101110
1100001001110000
0000000110100000
1100110100001110
1010001110000000
1100011001011001
1000111010001010
1100100011011100
0100010110011000
1100001110100000
0110010101001101
0010000110011011
1110111000111110
0000000001011000
1100111010001010
1010110011111100
1000100111100101
1010100101101011
1110010100001100
0010011101100101
0100101001010011
1111111010110101
0111011110011101
0111100001110101
1110001010110111
0010111111010111
1000100010100010
0110110011001100
1101101000100111
1101010001100011
1101111011000011
1101100010100111
1101111010001000
0111100100100010
0000010011011101
1001101111100011
1111110110001100
0011011001011010
1100010010010101
1111100001111110
1101110001001001
0111110100001000
1010011010001011
0110111000010100
0111100000100001
0000000110111100
1101111101010011
1000111001011100
1111111110111111
1111001110111101
0110100101111010
0100011110111001
1001010001001110
0001100010001000
1010101100010111
1001110100110110
1110010101000000
1000000110001111
1110110010110001
1000110110001001
1011110100011110
0110100111101101
0111010010000011
0110010010110000
0010000000011000
0000001101001111
0111101101001111
0110101001100010
0001011111001110
1010101011000000
0011101000101011
1101100111100100
0000000110111110
0100101101010111
0000010110101101
0101100110101010
1000100110011111
0110010111111101
1111010100110001
1001100101010010
1010010000010101
0100001010010010
0010111101111001
0000110111001101
0010010000010011
1110001110110001
1001011110000101
0000100000011000
1001011111001000
1101000110110011
0110100010011111
0100101011011010
1001110001001010
1010011010001001
1110000010111011
1101111000101101
0111111000010110
1010000100001100
0011011110110100
0101111110110000
1001001010100101
0010010110101001
1001001001000110
0100001101101100
0011011100001111
1101010010111100
0010011000111111
0000011011100101
1110001011111101
1110001111000111
1001111101100010
1111001000110001
0010001010100111
0111111001111001
0101110101111101
0000111000110110
1000010000100001
0110001011001011
1100010100001000
0001011011001111
0110101000000111
1111001001101010
0011000101000011
0100000010111001
0010011110101010
0011110110000010
0010010110001000
1001100000000010
0110111100000011
1111110001100001
0011001011111101
1111001001000110
1111001001100011
1011110011010101
0110001001101100
0000001111111001
0011001011111011
0000101100110011
0111100100101010
0100101000001000
1000001001010101
0111000110010001
0110111111001000
1000100100111100
0000101110011011
0101000000011001
1100110100000101
1001011010011000
1110011011110011
0100101001000011
1011011000000000
0000111010111100
1101010001011111
0000010000010111
0111111011011011
0101010101110100
1110100011100000
0110000100011101
1001010000001100
1101101000111011
0111101011010110
1001111000111101
1010010101000111
0100011101101000
0101111101011000
1101001111100010
0110101001010100
0011100001100100
0101100000011110
0101010111010100
0111101110010001
1110000000010011
0111110011010001
0001001111100000
0100110100100110
1010100111010101
1000101101110110
0111011101001101
0100000100101101
1011011111100101
1000101010111011
1010110110111000
1111111000001100
1111111110010111
0100011001011111
0010100011100110
1110101001110010
0010111110010000
0100010110000111
0111110000010001
1000010010111000
1010001100100111
1111101001101111
1100000101110011
1111111101100001
0111100110100110
0110010110000011
1011101101000111
0011110011000000
1001110011000011
1000000100010100
0100001100100110
1111001001111000
0000000110001000
1010100000001000
1010010011010000
1010001110011000
1110101000001010
0010111011111110
0011110111110101
1100011101110000
0000100001000001
1001010010111000
1010000001111010
1111111000001101
1101101000101110
0010000000001000
0100010101111111
1000111010011100
1100001011100001
1001011110111101
1111011100101111
0110000110000110
0011101110110110
1001100111010001
1100100100001001
1011010000110011
1000101100001100
1010000011100111
1110110100000011
0000110110010000
0000110001111011
0011000111101110
1010010011100111
0101101110011011
1010001000100110
0000010011101100
0100001011100111
0011000011110100
0001101111110000
0100011000001000
1110110000100100
1011000111000011
0111111100111101
0100101010111100
0010110010110001
0101110110111010
0101010010011010
1000110101000110
0000111010000000
0001100011110110
0100100111111001
0001111111011110
0001100011110100
1011101110110011
0110011101000000
0000011100000100
1101100110111110
0101101100000111
1010001100000011
1011010110101111
1010000110010101
1100100101100011
1011010001011110
1001111010101101
1001111101001000
1010001011110011
0110011010110111
0101100111111100
1111011110000001
1110001101111011
0111111111001001
0110011010100111
1010101100111100
0001001101011001
1100110100001110
1010101110101101
0100111101010001
1011101110001110
0110101000011000
1011100110100111
1101110111011101
1100010110100100
1110111101111110
1000001010001111
0010111111011101
1101010111101010
1100000100100111
1101110011101000
1110000110010001
1000110110110010
1110000000110111
1110100001101001
0110100111100010
0010010001111110
0100011110000000
1100101101111111
1001111011100010
1000011000100011
1000011100011001
0110011110010111
1001011110010111
0000100111111000
1100111011000010
1111111010101011
0111010101111000
0111100000111000
1001110011111001
1110111111011101
0011101001010010
0100001000000011
1111011101111111
0010100110010011
1010100101100100
0001011110100100
1000010111100100
0100011010100101
1011111001011000
0010000101000100
1001110101100111
1110111110000100
0110100010000010
0000111111100000
1000011011100110
0011110110000110
1000101000000111
0001111100010000
1001100101011110
0111111111111111
1101001101001010
0100001111011111
1101001101101100
1010000111101010
0101011001110010
0010011001011001
0110001111001001
0001110110000111
0100000011010011
0011111001010110
0010000100001100
1010110101100011
1101001100111001
1011000100101101
0010101110010110
0100000011010010
1111011011100111
0011000101110110
1001100110110110
0000011001101110
0000000100010001
0001101100010000
0111101111010110
0000111101001010
1110111001101010
0111011001100010
0000110100001101
1111000000110100
0100001111111110
0010100001111101
0100000010101111
0001100110000111
0100001000011101
1011111001011110
0110011011001011
0110001000001010
0111001000011010
0010111000010100
0111011100100100
1111110010010011
0010110010000011
0100110000110001
0011101000000100
0010111110111001
1110010001101000
1100110000101000
0110001001001100
0111101001100000
1011100011111010
0001101011100010
1101111100000110
0110000011111001
0001001011110010
0110001000010010
0011010010111111
0011101101110111
0101011000101001
1100010000011011
1010010101110100
0000111100001111
1011010111001100
1011010000011010
0000110001010101
1100101110100111
0100110101110011
1111111001000001
0101111110000010
0101100001010110
0000111110000111
1100001010111100
0000011001100011
1100101011011001
1110000001100001
1101010001000010
0000110011000100
1111000010111100
1001000100011011
0011010010001001
1100101111001110
1011011111011011
0011011111001100
1011010110101011
0110100010000000
0101000110100000
1100001110100000
1101000000000011
0000001001011000
1001100100100100
0110101001000111
0000011011100101
1000011101110011
