1001011111011110
0001101011100000
0110110010011001
0001100000010111
1001001001000101
1111100110111111
0101010000101110
1001111111011101
0111110010111010
0011011011101001
1001100001010110
0000011100010110
1100010001101010
0101011001101100
1011001001001010
0001100011110011
0010010001001100
1001011101101111
1110011010101101
1100010101011101
0001010110011110
1010101100110010
1111001001110101
0101101101111010
1001000111011001
1001100001000111
0010111111010010
0011010010001001
0101001010001001
0000101110011001
0000101100010001
0000000010100000
0010001100110100
1111101110100001
1100101001110011
0011100001100101
1100000110011100
1100110100110010
0010010101110101
0101110001000010
0101000001101001
0011001001000110
0100100111111000
0111111000111101
0100100110001011
0100110000100111
0000010010111110
1011101000000010
1011111111010011
0110110101011101
1011100100111101
0000010000111100
1000011001000110
0111001110100101
1100000010000100
0001001100001100
0110010010001010
0000111000000011
0100110010011110
1011011101010001
1110101010000011
1101011001100001
0100000010000010
1110101010111001
0100011010010100
0010001110010000
0101001110000110
1101110100110001
1001111000101010
1101001010001011
0110001111000111
1011111110001110
1101011001111110
1111000101000110
1011000111110010
1101100011101010
0100010100001100
1111001110001110
0010101101011111
0110001010100001
0011101010000000
1100011011010010
1010101111010101
0101010010101001
1100001000101001
0101110111111011
1000111001100111
1000100001100110
0000011011111000
0000100100100101
0100001101010001
0010011010001101
0111110010010010
1001010111000101
0110101010100000
0100110010101101
0000101001001001
0001100010001100
0011110110011001
0111000000001111
0001011000100000
1010000001110000
0111110011100010
1001011011111011
1000100100010011
0101010011100111
1001111011000011
0110101000111100
0010100101110010
0000001000111101
0011101001000111
0011011110001100
0111100101000110
0100010111111101
0000111000111110
0011110110111111
0011111101000111
0001001111110010
1001100101010110
1100010110010111
1111011000001011
1110011011011011
0101010101110010
0110111011111010
1110110111111110
0011111010100010
1011110101110000
1000011101010110
1011000100100001
1010100001011011
0110010110110111
0000110100101001
1000100101101101
0111110111111100
1101010010011000
1110001101101110
1000011110010110
0010000000001101
1000001001011100
1111110111100001
1111000100100001
1010101001011100
0110001100100000
0110001001101001
1110101001010000
0011101000010101
0000000000111000
1011101010010001
1111110011110100
0010010000111000
1110100111011110
1110011000101100
1101011001011100
1000011011011000
1011000000110110
0011110010110111
0010011110111110
1011101000000110
0010100000101011
0101101001001110
1001111011011111
1001000010111001
1111010011010010
0011111111111100
1011100010000011
1100111000010101
1011110001100001
0101100100100010
0111001110010100
1111011010011001
0001101000110010
1010010010010000
1100011001001101
1001100010100011
0000110110000101
0100011011111001
0000111000101010
0000000110001000
0100011011011111
0110110100101001
0000101000001101
1111110011111111
1000000011000111
1100101010010111
0100010000100010
0010010011100101
0100011000010010
0000001010101101
1010101111101011
1111111010011001
0110111011011100
0111011010001111
1011110000110100
1011010110111100
0010010110111110
1101010111010100
1010110000101000
0110100001001111
0110011111001001
1010010111101001
1000110101000011
0101101011010111
0001101010011000
0001100110100101
1110111001010101
1100101101000000
1100111010011100
0100111100110000
0000010000111000
0111100100010110
0000111100010011
1101000110110100
1111000011101001
1110000010100101
0100001011000011
0100110011000000
1000010000010010
1101001111110100
0100111000101101
1001000100100101
0011001000001100
1000100100101011
1010001001101101
1011101111110010
0000011111110110
1101101011001101
1011110011011111
0010011111101010
0101100010110101
1101011101011011
1101101010100010
0010011011111100
1110110110001011
0001111011100001
0101011001000100
0110000100111100
0111001110100000
0010010010011110
0011011100101100
0001111101100011
1000010110001100
1100010110000110
0010111011110101
0010100100010011
0010011010100001
1101001110010111
1100010011010110
1010001010000000
1001000000111101
1110010100011011
1011100111100111
1100101111011100
0001111010111110
0111100110101101
1101001010000001
1001110100111101
0111001000010101
0110110101001100
1001001010001011
1011101111101001
1101100000100111
1001011111111100
0110011010001101
1101010000011110
1100101101001101
1111100111011100
1100001011100010
0000111111110011
1011100101000100
1011110000001101
1111010101000111
0100101010101111
1000001011111000
0010010111100001
0111110110001110
1101000010011110
0110010100001000
1100100001001100
0001110100101111
0101010101011111
1110000100110011
0010010011011101
1010100100100010
0100000010001001
1001111000011001
0100001110001111
1100100100111001
1111001110011110
1101111010010011
1001101101010011
0110011010111010
1101111000100101
1110001010110110
0011110110011111
1011101110010111
0110111100010111
1100001100011100
1100111010001101
1101010111100101
0010010001111000
1101111001000001
0100100000100110
0000010001000011
1001100011100111
0001001100110011
0110000010110011
0110001110010011
0001000110001000
0001000010010111
0000100111011101
1000010011010001
1111111110111001
1111100001000100
1111101010000010
0011000010001011
1011000100111000
1110100010100001
0111101011001101
1111010110100000
0011111100011000
0010100011111100
1110011100100001
1110101111001101
0100110001110100
1111110000100011
1010010001001111
1101100001110001
0000010001010010
1111101001101111
0111001011100010
0011011110000101
1101101110100111
1111011110001101
0010000101001111
1001011001111000
0011011110000110
0101010100000011
1010011110101010
1001001111010101
1011111001100010
1101101101010101
1101110010011000
0001100000000110
0011111000100100
0101111000001110
0110101011111100
0010011110110010
0101001000011000
0111001001100011
1001110010001000
0001000010011011
0100001100000001
0100111101010101
1100010100010101
0100001101110010
1110100001000010
1100011101101100
1001110110011010
0111000100111111
1101011110010010
1011010101100001
1111011011101110
0000001001111011
0101011010010010
0110010001111111
1011101000110101
0111000110011011
0011100010000110
0001011011000110
0010000000011000
0110011000001100
1010100010100101
0111000110111111
1100101110010000
0010100111111100
0001001100101011
1100101100111011
1110010111010011
0001000110011011
1010000101010110
1111100011011101
0001101010000101
1101101001100100
0010011110001010
1010110110111100
0010011011111110
0000000110001111
0010011100100011
0101000001111110
0001011110011011
0000011011110000
0011110011011100
1110010100010011
1111111010001100
1011001110011001
1001011001010010
0010001100100011
0111110111000011
0010111011101000
0100001001000010
0100000100000111
0010001110001001
1010110001111111
0111000001000100
1001010110100111
0110001111111001
1000110000011110
0011111000000000
1011100110011111
1101000100000001
1000001011010100
0100100110011011
0000100011010111
1100000001110110
1010000111000001
0111010101010001
1111010001101000
1010100111011010
0100101110000100
1111100101101010
0111110010001111
1110100111001001
1010100001000111
0011100011001001
0100001010001001
1011011110101011
1001100010011001
1100010001111110
0101010011111011
0011000000001011
1011011010100001
1101101011100101
1101011011001000
1110101010110001
1110101000010011
1000100101011110
0010100001011101
0111111110010111
0001010110001110
0010110111011100
1011100010110100
0000001000100100
1100011101110111
0111111011111110
1001011011000011
1111010000001010
1100001100000101
0000011010100110
1001011010000010
0101011111011010
1101101111001110
0001010000011110
0101100010100010
0110011111000010
1101111010101101
1011000100101010
1001110011100001
0101011100101110
0011001111111011
1001101101101100
0101110110010011
0001111110011101
1111100010110000
0010110111111111
0000100011100111
0010101110111000
0010101100110011
0101101111001100
0100101010100111
1001000110111100
1100000011111001
1000011110010100
1101110000100011
0101010010011000
1000110011111111
0000011100101000
0010010110011110
1111101100100110
0101010011000110
0010001111110001
0010000111001111
1111001110100011
1011101101110001
0011011111011111
0101001101110110
1010100000110010
0111000011011001
0111101110101011
0010100110010011
0101011000101101
0010000100111110
0100111100100010
1000111000010010
0011100010110010
0000111100001101
1100111101011100
0101011000101100
0110001010001110
0101010010010000
0001100000000000
0000110100111110
0000000111010011
0000111001000001
1101111011101101
0011110100000000
0010101010001100
0111011011001010
0101000000010001
0000001100111110
1111101101010010
1000111001111110
