1000010100010010
1011011100111000
0111101101001000
0001110010100010
1111000101010011
1100010100000101
0111100111111011
1111101001100010
1000110110111010
1111001011100010
1001000001011011
1011110111011110
0101111111000001
1100100001111110
1110101000010110
0010101011000101
1010000100010011
1011111110001100
1100001011100011
0000001101011111
1010100011011000
1110001001001000
1100011101101010
1001101011110010
0011101110011101
1010000000000001
1101100001010001
1110110110100100
1000111100100100
0101000011101100
1110001001010010
0111111100001100
1100101111111111
1101111000010101
1111000110011111
1010000010100011
1011111001011100
1100000111110011
0110011111111111
1000111101001100
0001001111010100
0111001101000010
1101000001010010
1101100011101110
1100100111000110
0111111011000100
1111110000000001
0001010100111101
0111111111101001
0110111110010110
1000010001011100
1111000111001101
0011110010110010
1101101011000000
0011011111010100
1100101010011001
0100111000101011
1000100001001100
1101100110110111
0110110001100011
1110000001100011
1101100111010111
1000101010000011
1011010101101101
0000001010010001
1101011101010001
0000001010100111
0001111111001000
0011101111100101
0011011011111100
0100101010111001
0101001001111000
0110111101110101
1101011011010101
0001101111110011
1101101101101110
0101010101010101
0111101110001000
1000110011101010
1011110101110100
1100001101110011
1011101111000011
1100000111011101
1000100000111011
0100110000111011
1011111010110111
1001100110111101
1111110111111010
0000010110001111
0100100110001001
1111101111000101
0101000000100101
1001010111110110
0100101110100100
0011000101011000
0000111101100001
1100110101000001
1000010101110011
1001111011011111
1100100100001111
0111101100101100
1111001011101111
0101010100111010
0001011010001011
0011100100010100
0011001100111000
1000011000111110
1100010011101111
0010001001111101
0111101100011010
1110110001011010
1100010010001110
0110011101110110
1100000101110110
1110100110110111
0100010001011001
0000000001100110
1010010000100000
1001100000110110
0101110111101110
0011010010100000
0011100010100011
0011110000110111
0100001010110100
1011110110000110
1111100000100001
0100110000100101
0001010011100001
0111111100010010
1101000111000001
0100111001111110
1110001101101001
1000001000101010
1000110110100100
1010111010101100
1110101111010100
1110100101111100
1010010010011100
1100110000001111
1101000010011100
0001010110010010
0110011011100010
1010011011011101
1010111010111011
1110000010000111
1110000011001000
0011010001000010
1000001010100001
1111101010100101
1111100101111110
0001101001010001
1111110011011011
1110001011101000
0010111111111011
0100001111011101
0010100110100000
0001101001100100
0110001001100010
1111000000001011
0010110111110100
0001001111011110
1101100011001101
0000001011001011
0000110100001001
0001001010111100
0110000101011000
1111011101100011
0100001001001110
0110010000000011
0001000100110010
0010010101111100
0001011100010001
1000100110010111
0000010110100111
1101111010100000
0010101001001111
1011110010000001
0010001001010000
1010110011100001
1010011010010100
0001011011011010
0111110010100100
0111100110110100
0010010110111110
0100001011001100
0100000010100001
1010010111000111
1010000110111011
0010111110101001
0001001010001100
1010011101000000
1000010001010010
0100010110100010
1111111100001010
0011000100110101
0110000111110100
1101001101101011
1101100111100101
0110010000001101
1100011110100001
0010001101100110
1001111101110101
0011110110100110
1000100110000101
1110001010111001
1001011001110010
0110111101110101
0101100110001111
1100100100100011
1100110110001010
1111000010110010
0100010101001111
0110100000101000
1000110000111011
1101011111010001
1001011011001011
0100001001011010
0001111110110000
1001100010111100
1000101100001001
0010000010111001
1010100010101010
0010110011100000
0110000101110010
0000001110010001
0011111001111110
0101110111000010
0101011000101101
1000100001101111
0101010111001001
0001011101101101
1100010111110011
0110110001111110
1011000101001110
1101010011011010
0010110110110100
1111100111110101
0001110101110100
1101000010111001
0000011101100110
1101111111001001
1111111001011000
0111110011001101
0100010100001001
1101000001000011
1001111011110100
1101010101010010
1010110011000100
1011011001111010
0111101010101110
1110100000110100
1111100001101100
0101101000101010
1001011000110110
0001011110011011
1101000010010010
1111000000110111
1000011110100100
1010000110001101
1111100100000001
0010100000010011
1110101100110100
0001101011101000
1011001110110000
0011001011110110
1110111000101111
0100001111111111
1010001000000110
1100000011011111
1000101001111001
0100110000101000
0101100100110100
0011111100000110
1000011111010010
1011111010100110
1110010110110111
1011011100110111
0000100000100101
0111111000110001
1011111010110100
1010001000010111
0101111000111110
0011111111110100
1010000001000000
1111111011011100
0010010111111001
0011011010001110
0001100101111110
0000000100110111
0110101111101100
0100100111111010
0001011100111101
0111100000110111
1011010011010001
0010011000111100
1011010000011000
1010110111010111
0101110101011110
1010111100101001
0101010010100001
1110011110011101
0110000010000010
1000110011001101
1110000111111011
0111100110011011
0101110000100001
1000001000011000
0001100011001011
0101101111001100
0011110111011000
0110011000000110
1011001101101101
1100101101110101
1100100010110001
1010110100100111
0101100011010110
0111101000010010
0010100000100110
0000011110011001
1010111011111010
0001001110100111
0111001000001010
0001011100101111
0010011010001100
1000000000101001
1001010011001111
0001110101101110
0101001101010001
1001000001011011
1000101011000011
1010101000101001
1111111011101001
1110111101110111
1001111111100011
1100111110000110
0000010100101100
1001101101011011
1101010001011001
0011101110101000
1101010100000011
0000011000000110
1111110110011001
0011110110101101
1000111011100111
1101111011101100
0111110001001000
0111111011011000
1000010100111000
0011000110000110
0101111111100111
1111111011011000
0100000110101001
0000000001100111
1101000100001000
0001000001101111
0000000110100110
0110010010110001
0001110110011010
0010001110000011
1111111101111100
0000010011011110
0100110011110100
1100010000111101
0111001011110000
1001000111110010
0010100100100001
0011001011000010
1111001000000110
0101010000001110
0110001011001010
1111110110111011
0010011000011100
1100001000101000
1100001011111111
1001111001111011
1101110100110101
0101001000111010
1111111100011011
1100101010101110
0011000111110001
1000000001100100
1110011101000110
1111010100001100
0100000010000011
0111001010010010
1110011010110001
0010111100100111
1011111011100100
0100000100010010
0110011000101101
0110000111111001
0101001000111001
1111100101101011
0011110001111100
1010001011100110
1001000011100101
0011010000100001
0110111011011010
1100101011101110
1001100101001001
0110110000100001
1001100101111110
0011000100110101
0011111000110111
1001011100100111
1001101111001110
0001101010111100
0101101001000111
0100111010110000
0011111100010100
0011110010101000
0110001011001001
1011001111110111
0111110010001011
0101000010111110
1001101101001001
1001111110010000
0011010100000010
0111101011100010
0101000101011100
0101110000011100
1011110101100011
1011011101110001
0101100010011001
0111011101100001
1011000110001000
1101100110100011
1001101000011111
0110001110100110
0111101101011000
0011100010101000
0110000010001001
1110000011011100
1100100010111000
0011100000100100
0110111101010011
0011101011111111
1110011010101011
0001000101010001
1001111000100001
1010000011011011
0111011001001111
1111011100111110
0101110111000010
1011111010110010
0010000101111011
1011001101110011
1100110001010000
0101001101110001
1101000110100111
1110010100011001
1001001010101110
1111010001010011
0011110011111010
0010011011101001
1010010001110001
1101100110011100
1110000011011010
0011001111110110
1000001000111010
0110010110000010
0110011010100011
1100110110001101
0001000101100101
1001110001110101
0010110100101011
0101000010000010
1101100100010100
1100010100011001
1010101101110101
1010000110010000
1101010100110110
0010010000100000
0111100111001100
1110100000100101
0010100111010100
0101111000101100
0000101110000110
0101100111110000
0101110010100100
1001100010000001
1110000111101010
1010101111100011
0100101100000010
0110111010010001
1111100011100100
1011111101111010
0110001000101001
1111110011000001
1111101010110110
0101000010110100
0111111001001101
1111010101011000
0011010001000100
1110101000011111
1100001011110010
0111111011110101
1110010010000110
0001100000101000
1001010110010110
1110010110001101
1011111001100101
1011110101111101
0001001011110010
1101010100011010
0010100101111110
0111011100111001
0111011011000011
1010101000011100
1010111110111010
0100011110011111
