1000010100111001
0000101010100001
1100101001101101
0101011011110001
0110111101111100
0010101000001110
1000111100101101
0100000101100100
0111011010010011
1010111010001000
0011100001011000
0010000001111100
0100110011101010
0011000010100011
1000001101010110
0010011101101110
1111011000000100
1011100110010100
1100110000111000
1010001010010101
0101101100001110
1001100101111010
0111010000101000
0110010111100110
1010010101001101
1000011100110101
0100001011000001
0111101110111110
0010111110101100
0001001100011111
0101001110110100
1100000110001010
1100010011111010
0111100010110110
0001001011010011
0101011010000010
0100010101010100
0100100101010101
0111100110111000
0001010000010100
0100011000001001
0100100111010101
0000111110110111
0111111101110101
1110010101000101
0010111101010101
1110010100111000
1000011110001000
1111011110100001
0111000000001001
0101110010000001
0001001111101001
1111001101111100
0111000010000001
1101001001101010
1111000101111010
0011101100000011
0000010010011101
0000010010111010
0011101000000000
0101100010110110
0011101001011110
1001100001110111
1101100011111111
1110001101100100
0101011110011001
1000111011101101
1100011001100110
0010010101011000
1011111111110101
1001011000010110
0101000011011001
1110000110001100
1010011111101000
0101110100111000
1000000001010110
0000001011111001
0111001110010111
1101010100001001
0000011101111010
1111000110001000
1100111001011000
1000001110011111
0001010101100011
1100110110000111
1010000010100100
0011110010011101
1000000101111101
0111100011000010
0000111000010110
0000111001001100
0110001010011000
0110100101011000
0010111111100001
0000101100100111
1111000111011011
0100001101101001
0001011111101111
0110110001000001
1100100000100100
1010001001100010
0110110111111100
1010101000010110
0110110100111000
0110011001100101
0000001111000100
0010101101111001
0100010110101100
1110101100010101
1111111001111110
1010000011100111
0010000000111010
0100001110001111
1100111011110101
0010010010011001
1110111011010000
0110111001100110
1000101001000100
0001010111101001
0001110110111100
0111010010000100
1000010100001000
1010100010110100
0010010100101011
1110011100111100
1110100101100110
1010001001100000
0010100011011100
1001101101110111
0001110011010001
0110110100110100
1111000010011001
1000001110001010
1000110001100001
0010101110110101
0001111100111011
0101111111110111
1011011101110110
1010101111100100
0110111010101100
0111101011111111
1001001010011010
0000001111010101
0000000011010000
0111110011001000
0111100100000010
1101111111000110
0001010101110100
1011111110011011
1101110101111110
0011011100110000
1001101000111101
1000101111110111
0100011101101100
0001001001100110
1110011101011011
0111100100100010
0101111001011111
0011001111111110
0000010010000101
1010111000011101
0110111100001110
0100001111011110
0010001000100000
1100011010110000
0000110101111011
0111110001101110
0111001100100110
0001011101100100
0010100110001110
0101010011010010
0111011010111110
1100110110101110
0011110001110011
1111000001101111
0101111010100001
0100001010100100
1011111011000000
0011100100010010
1000110011000010
0111001110011101
0110011110001100
1011111001101010
0111001011100101
0001110101110101
0100010010001010
0110101001010011
0101110101100100
0010111100011011
1001100001111100
1000110011110111
0001010101100110
0010011011100100
0111000011111100
1011101000000111
1111100011101000
1111111111101011
0111001011101101
0010111010111111
1110010100100111
0000010011111110
0101000011111010
0011010010000000
0100001001110100
1000101110111010
0000001010011011
0011010111101001
1011000111101010
0111111001001001
1000101110110100
1110101010010001
1010011010010110
0100111110111010
0111001100100001
0100111000101100
0000011101010111
0111111011110010
1011001001001010
0011111011111110
0000000011100000
1100001100000100
0010101010100001
1101001111011111
1001011110111000
1101110010110001
1010111001100110
0011110010101101
1100111010110001
0000001100110010
0111011001101110
1100100011011011
1110101010111001
0111110100101010
1101111010110101
0001111001110001
0110000101010010
0011010000000001
0111100001100100
1001110000000000
0011010100000011
1100010001010010
1101001101000000
1100001011111001
0001000010000100
1001110111001011
1100000111110100
1010010101111000
0110000110000111
0010000110101100
0010100111010010
0011001010000001
0110110110011111
0110100010001101
0100011001101011
1110001101011100
0010110001110011
0111011100000011
0110001110100001
1111001010001111
1000000100110101
0001110110011110
0000100010101101
0010110001011001
1100111111111010
1101011001101010
1010010110110101
0011000101001110
1101100100001000
1011101101000011
1010001011110110
1101100101000111
1000011111000111
1011001110010101
1011000001000000
1110110010101001
0001011001001001
1001011110010011
0111101010101010
1111100100111011
1111011111111001
1110010110000110
1011100011101000
1111001000111111
0100111011110111
1111110101010000
0100011000011010
0110000111101011
0001111110001101
0001100101010111
1010111110111101
1110110110101000
1001100111011001
0000110001111010
1010100101110011
1001010110101011
0001000101010000
1110101001100011
1100100000000011
1001101110010010
1000110011100011
1001001111100010
1110011100000011
0000010111110101
1101100001111101
1110000101001100
0010011011011010
1001100010101100
1101101100111100
1100111110010011
1110010110001000
1100101100100100
1100101100100001
0100100110100100
0110011000111110
1000000001011011
1101000001011100
0000000010011010
1100010011111001
1111101101010001
0011110000001101
1000101010001101
0001011000000110
1110010011111111
1010011101110001
1100101100111000
0110011011100111
1110011101000100
0001000001101101
1011111010011011
1101001101001100
0110101000010001
0110101010010000
0001101010100111
1011001000010111
0110100010100010
0011111100111010
1011001001010111
0000101100001001
1000101011001011
1110010010011010
1100110100011011
1011100000001011
0000001000110110
0000100011000010
0000100000101010
0111111010010010
0001111101100011
1001000011110111
0000100000010110
0101110010001100
0111000011010110
1100010001001100
0011001011100101
0100010101100111
1110101000001000
1011010010110010
0001100000101110
0010010010011101
1110001011100011
1100000100011000
1001100001111010
0100100001100000
0010101110011101
0111001110111110
1011011000100010
1001110000000101
0011100010111001
1111010001111100
1100111000000111
0010000011100101
1111001010111011
1010001001111001
0010100000100011
0000101010101010
1010001000101011
1101011010010000
1010110111101100
0000111010101001
0110001011011100
0111110110110001
0110001010010010
1011101000101000
0001101000111101
0100110001111001
0000000110111111
1000000111000111
0110110101101101
1011101001001000
1110111000011010
1111101000111001
1000100000100011
0101101110100001
0100001011010011
0100001001111000
0100001100000111
0101110101111111
1001110011111110
0011100101110011
1000010111100010
0010100001010000
1010001100000011
0110000010110001
1110011111101000
1100011010010100
1101101100101011
1110010101000100
1111001101110101
1001011111011010
1101110010100111
1010001011111011
0110011100100000
0101111100100000
1001001000011001
0111000010010001
0001000000110011
1010111110001101
1110100110100000
0101100110111100
0011000100010010
0100011101001100
0100101010111010
1110000101100010
0110110011011100
1101100101100100
0000101010101100
1111010001000100
1011000110001011
0111110111010000
0100011010010000
0110101101110001
1011111111100111
0000011010000110
0010101010010010
1000010011001010
1011011111100011
0000001110101111
0000110010010101
0000011000011011
1100011010011010
0011011011110000
0001001101010000
1000010110011100
1111010010010111
0111011010000111
1101011010111001
1001011001000011
0100101011011101
0000000100000001
0011010000101111
0000101010010110
1000010011001100
1101000110110001
1010100111100011
1110010101100111
1010110000111011
1000101100110111
0011100101110011
0011000100111001
1110100011110100
1100001001101101
0000111100101101
0101001100011101
1001111001110001
0110111011001101
0101001011110011
1000100110100100
1100000000001001
0010101000010001
0011110110111101
1001010111101110
0011000110000001
1001101001101000
0001010110110111
1000110001111100
1111000011011111
1101100111000110
0101101101111011
0010111101110010
1011000011001100
0010100001110001
1001101000000001
0011000001010111
0011110000000010
1001110100001001
0101110011111100
0101010011110001
0011010101001011
0001111110110111
1000101010111110
0110100011011110
1111101101001110
1000010000001011
1001001011101110
0111110101101110
0110011100001000
1100000001101111
1010110111001100
1011011011101101
1000111011100000
1111111001001001
1001100111001001
0110011100001101
1011100100101010
0111101001100011
0111111110001110
0111110000000010
0100110101100110
1110100000100111
1110101000110001
1111100101000100
0010001000001110
