0111010110010011
1111001110101010
0101110000001001
0101101010001110
1011000100011100
1011011011001001
0011000110110000
0100011100001110
0000001000101110
0101111000011010
0110001011111110
0100001101100110
1000110101101010
1010110000000010
0001001100010001
1011011100111000
1000010110001000
1100110101011000
1100110101010110
1011111000100010
1010100111001111
0110100000101000
1000110111111101
0000001010100110
0011111010110001
1000000101111000
1010001101011011
0110011110101111
1011010110000110
1001010011101111
0011100010100111
0110001111001101
0011101100111101
1101000111100000
0100010001001110
0000010010101101
0100110110101011
1001110000000111
1001011101001010
1000101111011010
0111110100000100
0110101110010100
1111011100101001
0001101110000100
1000011010111001
0100110111111111
0000111011110000
0111011001110110
0100101011111101
0011100000011010
0000000110001111
0010110100111101
0010011011000101
1101110100000111
0111111101010111
0001111011111111
1001110000010100
1000001000010100
0010000000011010
1100100011101010
0011110001000011
0010111111101110
1000111000000111
1000010000101100
0110110110000011
0101011001000011
1101100011001111
0011001100101000
1001111101101010
0001100111101110
0100001011000101
0100110000100001
0001010010010000
1100001001111101
0010100000110101
1101001100101010
1010111001011111
1110011111011100
1110110111101010
0100000110011110
1001100010001100
0100110101110011
1100101100111100
0111110001110101
1110101101100001
1110010000110011
1100011001010101
0101010100010101
1001001111011011
1110101110000010
1111000101101011
0111000010101111
1111110001110100
0011000010010111
0101011010010001
1011111100111010
1101110100100101
0000100111000101
1011010110100011
0001011010001101
0010001001100000
1111010010111011
1101001100111110
0110000010011011
0110000011110111
1010011000110100
1111011000111011
0111101101011011
1011111000101110
0011111111001100
1110001010001110
1111100100000111
1010100111111110
0011100101110011
1011101110111100
1111011010000000
1111011111111011
0011100010101111
0011001010001010
1010010001001010
1001010101000010
1000010101101010
0101100011110100
1100001100101101
1110110000001010
0000100010010101
0000000000001100
1111010101101011
1001001010110100
0110101111111011
1011001111000011
0110110010101001
1011111011100000
0110111111010001
0101110001010110
1000001101111010
1110111111101011
0110010011010001
1010110111110100
0011001000001011
1001011110011110
0110110010110010
1100101100100011
1110110000100100
1000010110011110
0101111000010011
0110110110011110
0010000000001000
1100001110001101
0101010001111101
0010110001000110
0111110011110101
1111110100110001
1011111100111101
0111110010001111
0110011011100111
1111100011011101
1111111101111111
1010001111000101
1001101101011111
1100001100011001
1110101001111010
1111000100101111
1100101111110101
1100010010010101
0100110100001010
1001010001111011
0111101101100100
0001001000001000
1111100110110110
0110100011110101
1100100001111111
0010100001110010
0000111001110010
1010101010111101
1110011010101111
1001110000101101
1011011100111111
0010100111001111
1011011000100111
0010010000011101
0101110010001001
0100101111101111
1001100111010010
0101101011101010
0011110011000010
1101001101001001
1100100110111011
0010001101011110
0010011011110010
1100000000010100
1111011100001001
0111101101100101
0000000001110010
0000010000110011
0101100000001001
1110100101101000
1111000000110001
1011110010000100
1111001000010000
0011011101001001
1000000101001000
0000010010000110
1111100111110100
1101110010001010
0111001101111001
1010001001110100
1100100011111100
0111111111101001
0100010010000110
1001100110100000
1010101010110011
1000010111001000
1001000011011010
0100100111000111
0100011010011001
1110010001100101
1111000111001111
1010001010000000
1001111110100001
0001011010101001
1001100101111101
0110010000111010
0111011000110111
1101110010100011
0101010011110000
0001001100010110
1000000011110101
0001010110100010
1010010000111001
0100011000110110
0010101011001110
1111010110000101
1000110000011010
0101110010110110
1100110101000100
1010010010000000
0101101001000110
0011010000101000
1110011111011110
1101011011011001
1011010101101101
1000110111011000
1000000110100101
1011001111001101
1011111111110011
1101100011100100
1111011011111101
0111000111000100
1001011110110011
0111011011100110
1101100100110001
1111000001111110
0001100011110010
1010101011111111
0101111100100000
0100100010101110
0110100101110100
0011001000011101
1100010110111001
1000110010101001
0100011000010010
1011011111110001
0000011001110010
1100010101101100
1001010011000010
1010011010110110
1110001010100011
0110110010101011
1011110011011110
0111011101011100
0110010001110001
0111000100011100
1001111011110100
0010101110111100
0110001111001000
1011111001001000
0000111010101011
0100111001000000
1100101101101000
1010111010011110
1100100100111110
0000011001001111
0110111111011111
1111111110000000
1010100000000001
0100111001011000
1011100001110010
0111010110110000
1001100000100101
1100110110101110
1011000101001000
1110101111111010
1011100011001101
0011010100111011
1000110111100110
1110111011101011
1110100111001011
1011010000110111
0011110001000010
0111110010011011
0100011001001101
1001000110010001
1000001100111101
0101110111001010
0101011111000010
1001101001011110
1011101111110010
1011111011100100
1101100101100111
0101111101100000
0100101101010010
1000011110011110
0000010001000011
0110001101111101
1000100100010110
1110000001100010
1101010011101111
0000100000000101
0110101001101101
0001100010001101
1101001100011110
1000111100101111
0000010110100001
0110000010111010
0111011110111010
0001010110101100
0101100101101101
0011100011100011
0010101011010100
1111101000001111
1001111001000110
1011000101110101
0100010101011011
0100101101000101
1000101111000110
0000011101000000
1000000011010100
0001101001010011
0001011101001001
1100010010100100
0000110110011000
0111011110100100
0011000110111100
1010110010101100
0000001000100101
1011101000001010
0000110100101100
0101001011010000
1010011000000110
0111111000011001
1111101010000111
1001000010010101
0101010010001101
1011110000110101
0011000110010101
0000000010001011
0101100101011101
0000101111100000
0111101011011101
0111101001111011
1110010000010100
0101010101011010
0110100000010011
1001111011011000
0100100011111010
0111001011110111
1000111010000111
1000111010011011
0001101001000000
1101001101100011
1010100011110000
0000110111001011
0001010000011010
0011100000111011
1001110101011110
1110001011111011
0010001011111111
1001010001001000
1011111001011111
1001111101011000
1010100110001111
0011110000011100
0000100001001111
0000101111010010
1011101111010000
1001111101110000
1010011100101000
0001111101001010
0001100100011100
1111001101110110
0011010010100011
1100100100000111
0001000110101111
0000101110111010
0100000000101101
1011001011011100
1000111000110001
0101110011101100
1010110101010010
1000111111000000
1011111010001001
1100101001011010
0000010111010100
0100010101001000
0010000101101111
1100000100000000
0011110100000101
0110101100100011
0000011111001011
1000000111110100
1000011011101110
1111000000000111
0001010001011010
1110111110111101
0001010000110000
0010000011010110
0100111100100110
1111011000001001
1111001010101101
0110111001010110
0001100010001000
0011100101011001
1100000101110000
0011101110111010
1111000010001010
0101011000101110
0111001101111011
0000100000011111
0000001101001000
1100001000011110
1111101011001011
1110101000101011
0100100101011111
0100100101001000
0101001000011110
1011100011000001
1111010111011010
1110110101101000
0111011111101101
0000000111110100
0110011101010101
1100000100010100
1001010000100101
0010000001111010
0110111111100011
1101110111100000
0001100110101001
0001010110011100
1101001110100101
0000100100100110
0101110101000001
0011110010001011
0010100000101110
1001111001000000
1001101011011100
1100100100110001
1010111010001111
0111111011101000
0011101000100011
1000100010010100
1000111011010011
1110010011110011
1010010110101111
1110100100001111
0101101001100011
1000010011101000
0101110011110110
0111010111011011
0000111101111100
1110001011000101
1001001001011100
1101000100100011
1111001001100011
1111110101001000
0101011000110001
0100000010011100
1000010110000010
1000000010010000
0101011110101000
1101101111110101
1000000001100001
0000110111001001
0001100100100011
0100011100111101
0000111111101100
1100010001010100
0110100001111010
1000101010111110
0000110011000011
1101011010001001
0101101101110110
1010010110001101
1000100100110100
0100001110001001
1110011110110110
0101001111111011
1001110111111111
0001011111010011
1111100111100010
1101010101011100
1101000000011010
0001001001100101
0001101011011101
0100101100111100
1100111101100011
0111011010100111
0111110101100001
1000010111010011
0101010111110111
0011001100100101
