1110101001110001
0110110011011011
0010111100110001
0000100011010111
1101000111111010
0110011101010000
0101000011110111
0111100001011101
0110000101110001
0100010011100111
0011100100011111
0000011110000010
1111110011100110
1011100011111111
1000000110101110
0110011000000101
0000000010000100
0101100010010110
0011011101110100
1000100111010001
1010111100111101
0001001011001100
0011110101010000
0000100011111110
1101100101001010
0101010100001111
1101011100101010
0001000010001000
0010001111011000
0101100001110000
0100111101011010
1110100000100001
0010000101011000
1010110000111000
1101001000101100
1100001000000000
0111110000111010
0000011101010010
0101110001001000
0101001100010100
0110110110000101
0010001111010101
0000010110000010
0001001010010110
1100010000000000
1101011001100110
0110010110101010
0011101101011100
1010011011000000
1101110111111100
0110110111110110
1111111111001010
1011101011001000
1111111011010001
1101010001011111
1010101110001010
1110001100000010
1100000011001011
1111111110111000
1101100011111110
1101110000010100
0001011010101111
1011001100010011
1110100000011011
0111101011011101
0011001000011101
1100011100100111
0111000110001101
1001100101011111
0000000001101111
0101100111010001
1000101110101111
1111110101001010
1111010111100111
1011110110000111
0110100001000010
0000011010110111
1111110100100100
0100010000000111
0100011011000011
0111101111010001
1110100110110011
0100100011010000
1100101101111000
1001110010111010
0111001100000110
0101001001010011
0000101010001100
1010110011011110
1010000100110100
0000000010011111
1011000000000011
1111000010100011
0010010001010001
1100000110101111
0000110001110010
1101110011010100
0101000000011100
0001011011111011
0001111111010110
0010011111100000
0111010100001011
1111001010111010
1100111010111100
0010000010100011
0100010001111110
1101100000111010
0100110100010101
0001110110011101
1011111000110010
0111011011101000
1000001001101001
0000001000101101
0011001110001010
0011010000011111
0010010000001010
1001101111000100
0001111110001011
0001111000101101
0100001100011111
1110101101000111
1001000000001010
0000011010100110
0111011001100100
0111011011010111
1001110011011100
0011100110101010
0111111000110001
0011010001000110
0111110100101010
1000010010001000
1100101101000111
1101110111111001
0100001111100000
1101011001101101
1011111100111100
1000010000101000
0110101100100010
1001110111011101
1001110001000100
0011101001110000
1111011110111000
0000110110101001
1110111111010101
0000000010010100
1011000001000011
1100011000111011
0010101001001100
0000011111111111
1101001101010010
0100101111101111
0110100001000111
1100000100000110
1010100101000110
1111110000111001
0110100001010111
1101010000111100
1111010000100011
0111000000000101
1010010001001010
0111011001000101
1001110111110011
0110111100101011
0110100000110100
1010000111111111
1110001011111010
0111100100110000
0011011001110101
0011001100110100
0101000011011011
1001000011110010
0111110010100001
1110011111011001
1001101101010111
1110010011111101
1110100001101100
1000110111010011
1011101000000110
0101101101000000
0100100110100011
0100011011100111
0110110100000110
0010001100101101
1111010011111101
1010001110000110
0110111010001101
1111100011000011
1000011101001011
1100101100001010
1000000101001010
1110111011000000
1010001101101111
0101001010010010
0000111111001000
0110111100001000
1010110111111000
1011100011101001
1110010111000001
1101101001000001
0010111010001111
1101111000101111
1101110010000101
0101100011001001
0100011100101000
1110001111110000
1111111011010001
1101110001010100
1100101011110110
1011011001000111
0100110011111100
1000100101111110
1010100100101111
1000001000010010
0101000000010110
1011111110110111
0011101110100010
1010110100100110
1110110100000010
1110001011010010
0111000100011100
0100001101011101
0110100001000011
1000110110011100
1110010011111110
1101000111010110
1111011100011001
1101110001000110
1011000111111011
1001100010000101
0100100111100110
1000100100111101
1001000011101001
1111001011000101
1011011011100100
1000100011101001
1011101111011010
1001100111101010
0001110100110011
0001110100001111
1101110100001100
0000111100011111
1111110011111100
1111000000110111
0111010010100100
0001001101110011
0101010110100101
1100011011111011
1100110010111110
0001001100101001
0000010011101011
0010011000110011
1001001111100000
0001110011001100
1010100011010100
1110000111001100
1111011110011010
1100000100110001
1101110110011011
0111001001001101
1010000011000001
1110001001100111
0001110000011110
0001010110011011
0101011111101000
0001110001111000
0100001011001110
1111011011111100
1100010101001001
0101011001000101
0100011010100011
0011100101111110
0111110110100000
1110010001101101
1101001111011111
1000011110011001
1011110110110001
0101010100100110
0100010001011111
1011111000110001
1001110010000011
1011101100000101
0110111011101010
0111011010111101
1100010110100000
0001001010101011
1010000110100011
1111001000011101
0000100111001010
0001101000011010
0100011010010001
0010100111011111
0011011010011010
0000011000000110
1001100101110101
1001001010001010
0001001110101011
1101100000011000
0010111101010010
1000101010011111
0001111111011011
0000101111001100
0111110101110100
1011000001001110
0110000000100101
0001010101001010
0100100110101010
0001100100010111
0000000001011010
1000011001111101
0010000101011110
1011101101111010
0100101100100110
1110111110100100
1011110001101001
0110000100100010
1010101100101110
0010100010001110
0110110000101100
0101101110011100
1111100010010101
1111111111110001
1110000011100110
1101100010001001
0101101000111111
1100101010011001
1011111010001100
1111111111001111
0000111111101101
1001001010111101
1001100000110011
0101100011010111
1100110100011011
1101011010100100
1001010101011010
0111011000101111
1001011111011110
0111111011101010
1001110101110110
1101001011110101
0111010110100101
0011100110001111
0111000100100000
0010101010110010
0110001010001101
0101111001000000
0011110110011001
0011101101110000
1110100111110011
0101010101001010
1101110000011001
0101100000111111
1000110111010111
0001000101000101
0100001001000100
1101100101101111
1111111100111010
1010001010001101
0010100110000111
0010111010110011
1000111111011010
0111111101000101
0110111011011001
1010000111000100
0100001010011110
0101100111101001
0001010111000001
0110000111000101
0010011110000110
1100000000101000
1001110100011011
1110111110111111
1001001010101101
0010000000110100
1011100111110111
1001000110000110
1110010000110101
1000110111010111
1101101001010110
0000111010110111
0001101101101111
1110110111001011
1011110100000111
0101010010011000
1111000011101000
0011101100001010
1101101110001100
0110000000111100
0001000110001100
1001111101101010
1001001100110100
0111011111110100
0010000100111000
0101100011110011
0110111001110111
1111101010001010
1111111001011010
1001001011110001
1011100111000101
0111001111010110
1100000111100000
1111001000100110
0011101011010111
1011111111011000
0001010111001101
0000101100011001
1010111110000010
0010111111110101
0010111000101101
0100101100110111
1010000110011000
0111100100111101
1010110111111100
1110010110011100
0101110101101111
0100001110111101
0111000101110010
1110011110001111
1010011010001110
1100010100100110
1000011000000010
0110111001101001
0000111110000001
1001011111000000
0000000101000001
0000001001001100
0001011001010000
1101010101100011
0011101011110111
0011101001000100
0000011001100100
1101010110111000
0100010100010111
1100001001110010
1010101000111101
0011111100001000
0110101100011110
1110011011011010
0010001101010000
1111110111101011
1111000011110101
1010001000101100
1000100111111000
0110110011001000
0011100000100100
0011000011110111
0010110010000000
1011010100000011
1101100100000100
1100101001010110
1000100110001101
0110011000010110
0000010011111000
1101001100000100
0101101001111110
1001110011001000
1110011000110110
1111111010001110
0000001010011000
1111001110010011
1111111000111011
1101100111010110
1010101111010001
1011000011000001
1111100001100001
1100100100101001
1011010000101001
0111111101010110
0100011110011111
0001100000110001
1101110010010110
0010100011000111
1101010110001011
1000001111011010
1001110101010111
0110011111101000
1110011110110011
1000101000011011
0010001011111000
0010011001111011
1010000100110001
1001000001101111
0101010001110001
1100001111010110
0111111101010101
1001000111000110
1011110100101111
1101000111001011
1011001101111100
1101111011110100
0110111101111001
0110100110101100
1000101110111110
0111010101111111
0110111000000101
0011111100011011
1111000110100100
1000001001100111
1110100010101010
1011010110110011
0101100111010111
1000000101011010
1110100011011101
0101011001110010
1011101110011100
0110010111101101
0010011110111111
0111010010001100
0101011010001111
1100101011011001
1100000001011110
1010100101010101
