1010001100110110
0010010110011111
0000000111110111
0110001111101101
1011011100100110
0011000001101011
0110001010101010
0101011001100101
0110010011111110
1010101010110100
0001010010011100
0000111100111101
0101010100000010
1100010110100101
1000010100111000
1111010000110101
0100001010100101
1000101000001101
1100011011101001
1100101110110101
1100011011010101
0011111100101001
1100001000010110
0100010001110011
1010101100010100
1000101001101110
0000010110101000
1010011100111010
1000000101000111
1100110010101001
0000011001110011
0000110001001001
0011100100110011
1000010001010000
1101000100100100
0111111010000000
0111110000001111
0011000001100100
0110101110000010
1011010101001111
1101110000001110
0111011001000000
0001011101001010
1111010100010110
0001010110110011
1100111100010100
1000100100111110
1011011010101010
0001101111010110
1010110011111011
0111001010111000
0100011111000110
1101000001000100
1010001001010011
0010001110000100
0011011000100000
1100100100001000
0101101011101101
0110010010101111
0111101111000101
1010111100011001
0001000111101001
0011111000011011
1010010011011100
0011111101010100
1000111010011100
0010101001100101
0100100001110001
0011101101110101
1011010001010101
1000111000011011
0001011101011011
0011101001110011
1000010011110110
0011110111000011
1111111010110100
0010101110110101
1100101111010000
0111000101111000
1000001010010000
0001111001010110
0000011100011110
0110110101000110
1011001011111001
0110010101010110
0010111000111110
1011110111100101
1110011110110101
0010010010100100
0010011101111001
1010000010001011
0000010011100101
0010110010011011
1111000111000000
1010010111101001
0011111000011111
0001101110000011
0101010101010000
0110010000011010
0000111001000110
0101011110010111
1001100110101101
1111011110111010
1010000110100101
0001010010110101
0111100110101101
0000001000000010
0111001001001001
1011000100010101
1000011101111101
0111001000101100
0000100001111010
1011010000000101
1000110100111011
0111110000001100
1110011101100100
1001011010011010
0010000010101010
1010101010100011
1001001111011111
1111000110001111
0101010100011100
0000001010000001
0101001101101000
1000001010101001
1010110111000000
1000010000000101
0001101010101010
0001100000001110
0000100100000010
0010001001100111
1001001100110110
1000010010000010
0011101010100000
1110110110110010
0111101110101101
0011000101011110
0001111001000011
1010000000000001
1101111100001000
0110001000010101
0100001101100110
1001111111000001
0000001011011011
1011000101000011
0110101101110001
1110001000001010
0101101000011011
0100111110111110
1100000110010111
1101000011001000
1100011000101100
1001100111111100
0101000101001000
1110010011110100
1000100000110101
1001110100000111
0100011100101100
0101010101010101
1000001100111011
1100011010111000
1011110100010010
1100010010001011
1011011100001101
1010111001000011
0100111110011011
1101110000111011
0000000100101101
1010000110011011
1000110011100111
0111001000100011
0000100110101000
1111001011111010
0110101101100100
0010001011100001
1000001100000010
0100100111101110
0110011111011110
0000100011110010
1110101000100101
0000110000000010
0110111111101010
1011010011100110
0000001001111111
0100001110100001
0110110011101011
1110011100111001
0010001110111010
0001100010000011
0010000100010010
0000101010010111
0010100101101100
0101100111111001
1001010100011000
0111010011010111
0011100101010111
1100100000000110
0010001111010111
1011101011100100
0101010111100010
1111011010110110
1101011101001110
0100101000100101
1010110000100111
0101101000110010
0011101101110100
1101001110100000
0100000100000101
0110100011110000
1110000101001010
0010001100001001
1001011000001101
1000011111000001
0100011011100100
0101110010100011
0101111011000011
1111111100110110
0111101011011100
0111011000100100
0011100100110111
1111110111001100
1101100010100001
1110101100101000
1011000100100011
1001011000100111
1011011001000100
0011100110001101
0100010111110001
1000011011111000
0100110000010010
0001110111011010
1110111001010111
0110111100011001
1101000100010100
1000111100001110
1101110100010011
0101101000011110
0011001010100110
1010110010000101
0110000110101001
1000110000110100
1011110100111111
0000101011011011
0010110101110011
1001010011100001
0101001110111011
0001110010111011
0100110110011000
0111010110111111
0110110000101100
0111110001110011
0101011100101100
0000001100011110
1000100000100100
1000010011011000
0011001100101011
0111001110001001
0010101100011000
0001011110011110
1110110101000110
0001001001000011
1010000010010110
1011011001110011
1111101011101100
0000010001010010
1101011101100100
1011111000010000
1111100101001001
1101100100000001
1010000100010101
0000000110000101
0110000111110011
1001001100001001
0011110110111010
0100111000000110
0010011101011011
1111110101110001
1101111001001100
0101000100011111
0000000100110010
0101111111111001
0001111010001100
1100110110000011
0001101101011100
0011100110001010
0000011010101001
0111000011101010
1100100111100101
0101100001111101
0011011011100110
1010001110010011
0000110001000101
1000111110001000
1010111111111101
1101110110111110
1001000011010101
1101011111111110
0100110010100001
0111010011101001
0101001101110101
1110010101101001
0001001110001011
1011110111101000
1101001111000011
1110111001100100
1101100100100010
1000111110101010
0100010100000110
0000110001000110
0010101001010010
0101101000101111
1100001011101010
0110001100000100
0011101101001111
0010111001000110
1100000011110100
0101111001111100
0101011100101011
0101011010011101
1001110000100001
1010101000111000
0000011100010011
1000100100111011
0001010001011011
0111000100000010
1110000101000001
0101010111001100
0101111101010110
1011000011010011
0010110000011010
0101101100001001
0010110110010010
0011001000100011
1010000001110110
1001100001011001
0000100110010100
0001010000011010
0101010111011110
0101010101100000
0011001100011000
1100011001110110
0010010001011000
0011011101010011
1110101100101010
0000101101011101
1000101000111001
1000110101110101
1010101000011000
0100001011000110
1001110101100001
0101010000000001
1100100101001011
0011011000100101
1001011011101011
0001100010000011
0001100111011011
0000111011001110
0111001001101001
0011001010010110
0010111101011010
0100110010110001
1011110010101101
1010100110101111
0111110000101100
0000011111110010
1110011010000001
0011110010001101
1100110010100111
1110000011010101
0110100101011101
0001010111111100
1010111110110011
0000110101011100
0111110010111010
1001110001010101
1000000000010100
1101111111101000
1001110110000001
0110100101100010
1100001000110000
1110110000001000
1111110111111101
0011111011100101
0011110100001010
1000000100111001
1010000110010100
0000101010001001
0001101001110111
1011100111110010
1101010111000000
0110111111110000
1110011010110111
0100011010100101
1001101111111111
0010011111011111
1010001110111011
1110001101100001
1111000000011111
1100110110110000
1100010110100111
0001000110000010
0010111010000111
1001111110001101
1001000010101001
1111110011010110
1100100001011001
1011000101001110
1111110100010110
0110110001010111
1000000101100110
0001100000001100
0110110010011101
0110100010011110
1000100010101011
0010010101010010
1100000000101000
0001001101010111
1110011110000111
1011101010100001
1110101111010101
1001111101100101
0101010010111110
1010001100011111
1000100001101001
0011100011000111
0011110101111110
0010111001111001
1011000000110110
0100110100101000
1011001010000010
0001011100101000
1111011010111001
0111101010001100
1011011101101000
1001111000010100
0001111000110110
0110100111111000
0010100011011011
0000000111000110
0110000001011110
0010001011011101
0111111110101111
0100011111001110
0100011011010111
1000001101010111
1110100010000110
1111100111111111
0001100010100000
0010000001100001
0001010011101110
0111011111101100
1101100000101111
0010011010011011
1101001000001010
0110001100001111
0111011101111101
1000011000100010
1001000001101001
1100100100000101
0110111010011010
1100010001010000
0101011101101101
0001001000110010
0001111101010101
1010001101000101
1000100000000011
1111000100001110
1111010010011001
0101011110010110
0100110011101010
0110101011111101
0100000100110000
0001100000000010
0011110100010110
1000101110000100
1001110000001000
0100101100101100
1000111111101011
0000010011001010
0100010011001001
0010001110100010
0101101001000111
0011000001111101
1110101001100100
1011110001100111
1001110100000000
1100010000011111
1001111000011101
0011101101001101
1111101000011100
0011011000110001
0011110010100001
1111100101011101
0010110100000101
1111011101001110
1011001010000101
0010011111110000
0000010000010000
0110111011001101
1011110000100101
1110100001101011
1001111110000111
1001010010001110
0001100100001110
1101010100101000
0101110010010000
1010000001110000
1111000000101001
0011110011100011
1100100101100010
0111010100101111
