0010110011000100
1001100011011111
0100101001010000
1110101100000111
0001101111111010
1010111010011110
1101000111010010
0110110011111011
1100110010010010
1110010001000001
1010111101000011
1010010111001100
0011011110000111
0010001110111101
1110101100100010
1101100111111101
1010011000001011
0010010110100010
1000000011010011
1000100111001001
1110001100100101
0101111001000101
0001111111011000
1000000111101111
0101100101001011
1000000101000100
1011111100110110
0000100110000000
1100011110100111
0000100101100110
1001111110110001
1000111011010111
0011100011000101
0100001110111100
0110010111100111
1010111010000100
0010110110000011
1000001001001111
1101111101011001
1111101101011010
0000001110011011
1101100101100100
0111101100111101
0010010111011101
0110111010100000
1010100101110101
1100010001001001
0111011110100010
1011011101001110
1000001111000000
0010011100010111
1101011001100001
0000111000111001
0011010101111101
0111001010011101
1111000111110001
1000011101011000
0001001001000001
1110000001100101
1000011111001010
1010100010111000
0110110111010110
0111111110011100
0000111100000111
0010011110100000
1011010100101000
1110000000000111
0111011000111011
1011111001011100
0000111111001010
1010010110110011
0111000101111000
1000001001011101
1101001100110011
1111100110000001
0111001100000001
0110110011110001
0000111111101100
0101111011011100
0011100000001011
0001011010000101
0011000111101101
1111000010111010
0000101010011100
1000010010001111
1111000111011000
1100110111010010
1100000011100100
1110011001001001
1101010011100001
1100110101011010
1111010001111100
0010101010100111
1101001001111110
1100110010000001
1011000011000010
1111111101010001
1100010100011111
1011001111001000
1100010000110000
1110000111101010
1110001110000001
1000011100000110
0000111000011101
0011000001101001
0010000110111101
1111101011111100
0111100111011100
0100100011011100
1110001111001111
0101011111100100
0011100111110110
1001001010101101
0001111000000111
0010111111100110
0111100011110000
0010100101010100
0000011100101001
0011010011110110
1010111110100111
1100100100100100
1010100001000011
1110101101000001
0101110011111010
0011110010111111
0101011000000100
1011011011100010
0000010110110011
1010011001000110
1001101111011111
0110101101000000
1110000111010001
0001000101111110
1101010001001111
0011011110010111
1110011010000011
0000111101110001
1100000001111011
1111101001000110
0100000000101100
0001101111111001
1100011100001001
0101010011001001
1100001111001111
0100100011001101
1001010110101100
0001101011100001
1011110101101111
1001010011110001
0000110011000101
1011100101101111
0011101110110011
0110000000000001
1010000001001101
1101011100110101
1000101110101111
0001011111100011
1101110001100000
0011111001110010
1100010000001010
0111111011000010
1011001011101011
0000010011001100
0111101000100111
1000100100101101
0110001010100000
0100101100100010
0010010110011110
1001011111001011
0111000001010010
0100011000001111
0010101010101110
0100011101101010
1110101101110111
1111011010001110
0000111111011010
0110100101000100
1100011001010001
0010111101011000
1100000100100101
0001011011011100
0101000001100111
1011000010111101
0010001000001000
1001001111101001
0010001011000110
1100110111001001
0010100111011111
0000100110011001
1100111010101001
1110111101101101
1001011111010101
1101000000100011
1000000110111110
0111100001001101
1011010001111101
1000110101000111
0100110000001010
0001011100101001
1100011010011111
1100001101111111
1011001000100101
1000001100111011
1101111010010110
0110110011111110
0000011101111100
1000010111100010
1001111101110000
1001011101001010
0110100001010101
0001100000010100
1110110111011000
1000001111100011
0110101011110010
1011101100110001
0001100101101111
0101001011001010
0001011111010110
1001101110001101
1100000010101111
0000110111101100
1000111100010010
0100010111000110
1000000000110110
1000011000101000
0101011111100111
1111100001110010
1100011111110100
0000011001110101
1110100010111000
0100000110111001
0010111000000011
1000110101011000
1110100001111000
1011001111110100
1110000111101100
0011010111101100
1101101111010101
0010010001110010
1101110001011001
1110000000101001
0010100111001011
1010101010010101
0000010100001110
0010100111111011
1110000110100101
0100001011101010
0000001011011010
0001000101001110
0011010111010111
0101001101001000
0100000100011111
0010101110001011
0111100001111011
1100101000010100
1111001101010101
0011011111101111
1011100100010110
0101110100011001
1101001110101100
0111001111000110
0000011111000110
0001010010011111
0101101000111000
1111010111010001
0001101111110100
0101111011011000
1000001011001110
0111000001110111
0111010001111110
0000010000100011
1011110010011001
0111010000110110
1011100100001101
1100000101101101
1111000001000001
1101001010001010
1010000110101000
1000011011001001
0000110011001010
1100100110100101
1101100010010010
0110100000111000
1100110111011000
0110110111101001
0010100000011110
0110111001001101
0001001110111011
0100100111001011
0010100110011001
0001111111001101
0000011011101000
0001000011111100
0001100100000110
0010100010100110
1101000100100011
0100100110010110
1001011001101100
1100100101000010
0001000001110000
0010011110101010
1110110100101101
1001001100011100
0101000000111111
1000010111001111
1100010111100011
1010101011111011
1000011101110111
0001101001110000
0100000001011001
1000001101100000
1100010100101000
1100011100011100
1001001001101110
0011011100010110
1111011111011101
1011110100100010
0000001110001000
1110110101101011
0101001001010111
1101110111011010
1010010011001101
1100100000100100
0010010100111011
0001010001100100
0111111110101110
0001010101001011
1011001011000111
0100100101011100
1111110111111010
0110100010111000
1100001001010001
0000111101010111
1001110011100111
1101010110110000
0111001111101000
0000110011101111
1010000111000010
0001010010111001
0110101110110111
1110111010000010
0101001010101001
1010010010110100
0001111100000101
1001001100111010
1010001011111011
1011000110111010
0110011110101000
0010010000000110
0110010110100111
0101101011000011
0011011100011001
1110101010010000
0110101001111001
1010101011010010
1110111010100001
0001000001001010
1001100111000110
1101001101000110
0000100100010110
1101011000001010
0110000001001111
1100101101000011
0011001000101010
0010101000010111
1011010010100001
0111100000111001
1000110010101001
0111011001111011
0000011000101011
0010110010110111
1110010111010000
0010011001001100
0111010110101100
1011010110100100
0010110010011001
1001111000000101
0011110010110010
1000101100110011
0101100110100010
1111101011001011
1001010110011110
0110100010001111
0000110110111010
0110101111010011
1111001110000101
1110100010001000
0010110110101011
1110100111000001
0001011011101101
0111010101000010
1010010000101011
0000111100011101
0101011010010100
0101010111101000
0001010010111000
1100000001110001
1001011001111110
1101101110000101
1000111110011000
0100111111110111
1101101110001000
1011110001000001
1010100100001100
0110110100100100
0100101011011111
0001111010000011
1111110110111111
1100011000100111
0111001100010010
0011101011011000
0111100000100010
0111100010101101
0011001101001100
1110111110011011
1111111101110101
1110100001101111
0010001011011101
0010011101000010
0110001000011100
1010100101110101
0110111101000101
0101111111000010
0010000001011110
0100011011110111
0100110100100001
1110001101011000
0011011001001110
1101111001001000
0000000001110010
0010000101001000
0111010101100100
0101001000111010
0010100111111010
0111000110110111
0001001111101111
1110000010000001
1000000110111001
1100101011100101
1101000010100101
1000100010101000
1001101111101001
1100000000110101
0110010011101011
0110110000111100
0101011110110001
1100111100011100
1010010111001100
0010001110101011
1110010010011111
0011001110101110
0111100110010011
1010000000010100
0000010001111000
0100100001001010
1110110100010000
0101111110111000
1000011010000010
0101000100111100
0101100001111101
0010110110000100
0101000110010000
1010111111001000
1110111111100101
0011011000011011
1101010000111010
0101111111110011
0100100101001111
0011001001011111
1011101000000001
0001110011011010
1110101111010000
1111101010011010
1010010111001100
0111111100100101
1110100010101010
0100001110011111
1011110001110001
0101101111000010
0010000001001000
1000111101110001
1011001001011101
1010110010110001
1011010000110010
0111000110101111
1011011110100101
1011101111101000
1000111010111100
1110010100000000
1001110001110001
1000110001000101
1000100011010010
1111110100110011
0111000000011010
0111000111101100
1001011110111100
0000011110000011
0010010000101000
0000100001110111
1011101100000110
0010110111111000
1011101001010001
0011110011100000
0110101100011001
0100101101011001
1110000010100100
0100111100110001
0111011011000101
1011111111000101
1100000001110010
0111110100001100
