0101111011110011
0100001101010011
0100100100001010
1100100111111001
0011101101110011
1010101101000011
0011111101011101
0110110001100101
1111100101010100
1001110111000111
0100010100111111
0111001101101010
1010010011010010
0000011100010011
1111101101101001
0100011100110001
1001101101011110
1100001110011101
1001000100111101
1010111000001011
1110010000001011
1001000111110101
1000101011001010
1101111111000100
1001101110010011
0001011110101000
0101100010100000
1000011101000010
0101111100111010
0101000001011100
1000101001100100
0100000101111001
0010000000101011
1010100010011001
1100000100110101
1010000101010000
1100010010001110
1100010000010110
0011000011101001
1011101110010000
0010100011111100
1110101011100110
0110110000000011
0110111110111001
1111100000111110
0010001001000010
1100000001010110
1000100100011000
1111100111101100
1010001110000100
1110000101001000
1111110101100101
1100110111010010
1001010011100010
0011000100110000
1010111110111100
0001100110000101
1110100000001111
0111000001110000
0110101111000100
0010010100100111
1101100001101001
1011000001100110
1100000000100110
0011001010110100
0000110001101100
0110111110110111
1001001111101011
0001111110000001
0100001110111101
0010101001011000
1111111010001001
0010000111001010
1000110011110000
1101000000100001
1111100110001110
0110011000010100
0111100111111000
0010001111011101
1011011011011011
0000101000100001
1010101000011001
0111100101001111
1100010001011010
0011101111001101
1101001101111101
0011101010111101
1010100010010000
0100000011101111
0110011010100000
0110110001100011
1000110100001010
0010111001000000
1111110100101100
0001010000100100
1111001001001001
1000011011001010
1110101110000111
1010101101000010
0000110110111101
0010100010010110
1110011110000010
0111001100000100
1111001010111000
0001001010011111
0011110001110000
1000111001000011
1101000100001110
1100101011111000
1100101110011001
1101111000000001
0011100110000101
1101100010000110
1010011100110101
1111100111001100
1001001000101011
1101000000000010
1100101010101100
1011001010110000
1111010100101101
1111111110110111
0100000011111101
1011000011001001
0000000101101100
1111110010100011
1111110001100100
1110101011111100
0100000010000010
0100001110001111
0010000101101011
1100011000100110
0010101101111101
1111001001010011
0011001011100101
0001000101100100
0100111101100110
1111101000111011
0101110110001110
1110001100111111
1100010110010101
1110100001100100
1011111010001001
1101000110101110
1110111100000111
0000011101010100
1111011011010001
1000100101110100
0001010100010011
1001100100011001
1001111001000010
0011111000110110
1101111011110000
0100001001100111
0011100010101100
1000010110000101
0100000101101010
0011001010101101
1100111110000000
1010110111010100
0110011101111101
1100011100000111
0011101011110011
0001101000000001
1000010110000010
0100001111110010
1010110010000111
1001111110011100
0110100001100100
1000011000010111
1000110011110010
1010100011011100
0001010110101100
1010011110000100
1101001111010010
0010110100011111
1011110101000011
1011111000101000
0101110110010011
1111000100100100
0010111010100111
0000001010001100
0111001110111101
1001110001010010
1001011000101101
0011101111010110
1101100101000011
1001111011100011
1001010101111101
1010011001011010
1101101101101101
0011010000010101
1100001111000001
1101011111100110
0000111111101000
0000001110101011
1011111110111110
1100000110111110
0100000101100001
0010101100011100
1001001011110111
0110111000000000
0011110010110101
1101110001010010
0001111101011011
0100001000100101
0101000011010110
1000000101010000
0111010001110100
1011111000010111
0100110010000010
1101010011011001
0001111111101000
1011001101110110
0110111011010001
0101001101110111
0101110110010010
0010010010010010
1010100001001110
0000001000101011
1110100000010001
0001010000101000
1111000011011110
0100001011001001
1101010101100001
0101000101110011
0111101111101111
1101001000111010
1010110101011000
0000001001101001
0001010100100101
1001001110111101
0000010101110110
0001001101110010
1011010011110100
0001010101010000
0000110111010111
0101001101001111
1001001001011111
0111101000011110
1111111000000010
0011111101111101
0100100101001111
1101101001011011
1001100010001011
0111111110000111
1001010111011001
0001111101000111
0100111111010101
1100001010000100
1011010101000101
0010101010110010
0111010010011001
1110101000001001
1111111001011010
0000011001010000
0010111100001011
1010001110000111
1011001111100010
0100110110100110
1111010101000000
0111100101001000
0011110010000101
0010100101101100
1000110000101100
1110110100011100
1110010100011111
1111000111011010
1011101111010000
0001100111010010
1100011011000110
1101100100101101
1100101010100100
1100101100110101
0100010010100001
1100001010100010
0110101010001100
0001101011010111
0101000001100001
0001100001100000
0101101110010011
1101001100010101
0111110101100000
0110101111011100
0110011011010011
1011111110100101
0110101110000010
1011011111111000
1100100101110110
1100110010101110
0110100100010111
1100010100000110
1001011010001110
0100000001011001
0000110000011000
1101010110000011
1000001001101000
1111101001111100
1010110000010010
0101110101011000
0011110001110111
0101011011111000
0011011011110001
1101110101111111
1101100010011100
1001011011111001
0001000100000010
1000011011110101
1101000000000111
0000001111010000
1101001000101011
0101011000101000
1011010001100001
1011100110000000
0110101001110010
0011111001011111
1001110111111101
1011011000001010
1000000111001110
1101010100101011
1100000110000100
0010000101101000
1010000100000101
0001011001100101
1000010011101110
1010101001010110
0000000000100111
1011110101110010
0000111010111011
0010000110011101
1111001000101011
0011010111101110
1001011110100001
0001100111110000
0011001101010111
0111001110101001
1000101000110110
1000111000011000
1111001101100100
1111110101100011
0100000101101111
0101111111110000
0010000011111111
0010011100001011
0111101010011001
1010001111001110
0110101000101111
1110101110001101
1111101100010011
1101010010111010
0000100111001001
0111000010011000
1001000110010011
1110000001000110
0010000111001000
0001110000110010
0101010000011110
1111111111000100
0110110100111110
0000000100101000
1110000111101010
1010110100000000
0101100010100000
1101101011100010
1100100110110100
0101001110100110
1011001100111010
0111100110110001
0110111100010001
1101001111100010
1111000011101101
0000110110000001
0101001111111100
0111011110001010
0001111111000100
0111111101110001
1001101110011100
1111110100010000
0110001101010100
1011100010111010
1100111011110001
0111110001011100
1011010111100100
0101110010001111
1000011111111000
0000110011110111
1001111000011000
1101011110100111
0000000011010001
0111110010000000
1100011011011001
1001000111011011
0110011011000011
1100110100010010
0101100011001100
1001000101111100
0011100010001100
1010011100111000
1000011101101101
0111100001011101
1111011001011100
0100011110010011
1010000011110110
1010001101011100
0111101100001111
1011101111010000
0101111111010000
1011111001111101
1100001101000000
1111011100111111
0010000101110000
0010010101100000
1000001111001110
0100110010010011
0111110011101110
0100110001000111
0011101001011001
0011000011110101
1111110011101111
1000101100011100
1000001011011001
1111000111101000
1001110010100000
1101110110111101
1010111011100001
1011011010111110
1000011100111001
0010110011001000
0100101010001011
0000011011011111
1010110000011100
1010011000110100
0100000100100110
0101011001100110
0010100110011001
1100110110110010
0011010001111100
0001101100101010
1010001101101100
1010000110000111
1000011101111101
1000101011001010
1001011111011001
1000000110010000
1000001000000101
0001001100111011
0000010000100101
1001010101010100
1001110011010110
0011001100011101
0111101101001011
1111100110100100
1110100000010110
0110000111110101
0111000100001101
0101000101100111
0011010110100111
0011000011011110
1000111100101011
0101111110000111
1000011001100100
1111000000111000
0100111010111100
0100111110100100
0011110110001011
0011011001010100
1110011001100000
1101011101110110
1000001100100101
1001111001011100
1001111100101101
1101001101000100
1111001101011011
0010011101101001
0001000101110011
0001010110100001
0010000100010101
1010111111101101
1111111110000000
1010000100111111
1101101111000000
0111011101110110
0010011000110101
1010111011100100
1100101100000110
1010101110001000
0001110001011100
1001001110111110
1001010011101110
0101000010100111
0111111011000010
1001110110111100
0111010100001000
0110111011101000
1011110010111001
1110110111000101
1100000001000000
1010110010100100
1000011110000001
1100001110011100
1101010001001011
0110010110000001
1111100100010011
0010111101111000
0011110110011010
1100000101110111
0001000000110101
1010100101011000
1111000111001111
1110001110010110
1110111011011100
0011101010110011
