0001101001110010
1010001010110011
1010011011110000
1000100011110011
1111000111111101
1001011101010101
1010101111011111
0010100011011011
1110001000001000
1001000011111011
0101001101101001
1100100001111001
1100011010000111
0011010100111100
1101101010010010
1001110000100111
1110101010100111
0110000000000110
0111101101111010
1110000000000000
0111101111011011
1100010011111010
0000111001001100
0000001101001111
1110110011001101
1100010001100011
0101101001010100
0101000111110010
0111001011001010
0101110001001100
0011111101001111
1001010010000000
1000010111000101
1101000001101010
0010100011010110
1001000100100101
0100100010111011
1101010001000101
1111110110001010
1011100101010111
1100101000010110
1000010101100101
1000111000010101
0011001011001001
0000011110010011
0011101110110001
0001100001100001
1110111000010111
0101101001100010
0000000000011100
0110100000000101
1111011111010001
1001101010011100
0111011010101001
1100000001101110
1111000011011110
1111101100101111
1011011001011011
1100100111111010
1110000111100111
0010100101101111
0001111010010000
1010011000010100
0100011100011011
0010101111110101
1001101111010101
1111011111111001
1001101110000101
0000001111001011
1001010101101001
0111000011110110
0001011111111111
0010110110010100
0101010010111100
0000101100100111
0000001101000001
1101110001110000
0010111001010111
1111011011000011
0001101110000001
0100001010100011
0111011010100100
0101001111101100
1000000101010000
0001110111010111
0111001000101010
1001110000100111
1010110001010100
0100000110000111
1001001111100001
0010001111101110
1001001110010111
1110100010101100
1101011000001011
0100000010010011
0011000100010000
1001110010101000
1000111111010110
0011001010101001
1010010000110000
1010010111101011
0111000001001010
0100100101100000
0101110001010100
0111010101000010
0000001000011010
0000100100101111
1101001011010100
1000001111111111
0001000101111000
0001110110011101
0110000010111111
1100000010111110
0111101110101110
0101100110100101
1000001100101001
1110001101000010
0000101011100010
0000010110010010
1000111110100001
1111000101111010
1011110011101010
1010011010010001
0111000011000111
1000001100000011
1100110011110110
0111010000111111
0011100000111111
1100010101000111
0110100101111101
0110010111111011
0111100001100010
0011100111100101
0110001111011110
1111010100001000
0010000100110111
1111100011001100
1001100011110111
0100010010011101
0100111110001000
1100010001110101
1111001110101110
0000000010101010
1010110110111111
1001010101110111
0111111110000100
1010001100101000
1000000001001110
0010000111011111
1100101111001100
0001111011010001
1010110001000101
0010011101001001
1111111010110010
1101010111111111
0100001001100010
1000011110101010
1111110101011011
1011111101101010
0101010111000010
1100110011101111
1011010110110110
1001000010010111
0010110111001011
0000010010111000
1000100010000011
1001111100001100
1000111010011100
0111010111011011
1110011010100101
0001000001010011
1000011011110011
0111110010001111
0111110111100101
1100001100110110
0101001110110100
1001101111010101
1000111001001100
0101110110010101
1000101111101000
1011111011000110
0111000101111010
1101010110100011
1110100100010111
0010000100011000
0010001010100001
1001101001000001
1110100000110010
0110001100110010
1111111000110011
0001010011000010
0001100011001000
0001100100110100
1110010110010000
0100011000001000
1001011010010110
1110110000111011
1110010000110111
0001011010111001
0011100111100101
0000101110101100
0100111011000101
0011111110111111
0011111000101100
1110101011111001
1100001111100101
0010101110110101
1011111010110011
0101001100101100
0101010100100010
0010111111111001
1101010001111110
1001110000110100
0111001111111001
1011011010011000
0100011000000011
1100100010001010
0110111110101110
1001111100011101
0110011011011110
1111111000011010
1101101000000111
1111000100000110
1010001111101110
1101011110111000
0100000110101001
0111111011111110
1010110101111010
0111001010001010
1110010000001001
0011100100011011
1011000001001011
1001010010000110
0001111111110001
0110010000110011
0100111010110010
0101100100000100
0000100111000011
1011011110010000
1010000110100101
0010101000100010
0010000000100011
1010001001101101
0000011100011101
1100000100111110
0101111111101101
1110111110101111
0111101010001111
0000001110001101
0100001000010111
0111110001110001
0000010001101100
0111110001001101
0010011010110111
0101011001010100
1101001101010000
1111000110111100
0001010111010011
0011011011110101
1110000010111111
0110011010111100
0000010100100011
1111010111101110
0111001011001011
1000010110001101
1101011011010110
0010011010001111
0011101111101110
0111101100111001
1011111111100100
0100010001010001
1110010111111111
1010101110101000
0101011110111100
1010111011001111
0011111010111010
1000110001100000
0111111100101010
1100101001101000
1010111000010001
1000110010101001
0111011000001011
1001011001010001
0110000111011001
1100111011111111
0100010110111000
1011010100110101
0110011000001111
0011010000111101
1100010000001000
0110011111110010
1101110000111111
0110100101001110
0101110000111011
0000010000100100
0001110011011110
1110100111011110
1010101000000101
1001000100101001
0100000001101100
0010101101000011
0111011000111110
1110011010100001
1111111111010000
1001001111011001
0000110101110111
0111110110001111
1001011101110100
1100110111100111
0011010001010101
1100100111111100
0110100111110101
1001011110110110
1101110010111111
1111000010110110
0011101101001110
1101100000000100
1111100100111100
1110111101100010
1110101000011111
1101010100010001
0110100111110110
0110001010010110
1010111100010100
1001001010010111
1001011011111101
0111010100110001
1101111100010010
1110101110000111
0111110000000000
1100011100101000
0001111110001010
1001001010010001
1101100100001001
1110100000011000
0001110000001101
1110001010010011
0100110110110111
0111001001110000
0010101001110110
0110000100111110
1100110000001111
0101110000000010
1110011001100001
1000101110110111
1100001000011100
1011011010000101
1011101111110001
0001110111111110
1110100100011011
1100001011111010
1000000010011000
0010000011110001
1111011001011100
0011010101011011
0111100110011100
1000011000100111
0001001011100011
1110100111101101
0100111010000011
0111110111100011
0010001010010011
0010101010111100
1111001011111000
0111001000101010
1111010000100010
0110101111000110
0000011110001011
1110011110010011
0110110100000010
0111000010000000
0010111001001011
1011011101000010
1010010011000100
0100100000111001
0000100110100110
0111001100101111
0101011011111111
1001111100101111
1101100011111110
0010111000110010
1010111010111111
0110100000000100
1010101110110011
0110010111001101
0000110000001011
1001010011011111
1100101011010010
0011111101000011
0111011011111011
0110001110100011
0011100010111100
0110011110100111
0000000111101110
1011101011100110
1001111010001010
1010010010001001
1110001011110111
1011010111001111
0010100001111110
0011111001101100
1100101011001111
0011010011010101
1010101011010001
0011100100011101
0001010010100010
1101111001010100
1101000111110010
1010100100101101
1101100100101101
0000101000100010
1001110000000101
0010000001100000
0010110100010011
1001111101110001
0010110011110010
0110001001110101
0111000100010000
0101101111010011
0010001101001010
1000111101001101
0101111101111111
1111111001000001
0011010101000100
1111111000010010
1100101000110101
0000000001100001
0011000000011100
1101011001000011
1111000101011111
1110111010010110
1001010100110110
1100111100001011
0111111110001001
1110101000001111
1100000001000000
0001000101010101
0110111001011001
1011111011011011
1110110110101010
1100001100111000
0010100010101100
1100011000110110
0011101100110101
1100111100100101
0011110101101111
1111101011101100
0010000111010111
1100011111000100
0001111100110101
1000111001110101
1001101100101100
0111011110000001
1000000000001100
1001000110100000
0111101010001111
1100101010001001
0001000010000011
0100101010011110
1110011110101011
0000011001100111
1010001111111110
0001010000000000
1110110001111100
1011100011010101
0010100101101110
1001010101011111
0100001110000000
0100010010001111
1001101110010000
1011011010001110
0110111000000111
0010011100001100
1011001011101101
1010010000100011
1010101101011111
0101010111101111
1000101000101001
1100101001001110
1000110011011010
1110001011101100
0111110111000011
1000101110100101
1111011110111000
0110101111010111
0011101001101111
1101010101010000
1100000000010110
0111010001010101
1101011010111101
0101110000101110
0011111110111110
0111001100101010
0111111000001100
1101100101001100
1010100111111111
0101111011100110
0010111110011001
0010101000011001
0001001110111101
0111000101000101
1110110001101100
0101110001011010
0010101101010000
0100011110101011
0001010111111101
1111101111011100
1000110000000110
0110110100111000
0101001000101101
1001011101111110
