1010110110111001
0000010000011001
1001001010010101
0111110011100010
1000110111100110
0101011110001010
1110001000000011
0111001001011111
1000011010000110
0101100000001111
0101010101100101
1111110100101000
1001111101111100
0111101000001010
1000011010100111
1000110111111101
1010110010001100
1111001010010011
1011100001111001
1011110001001000
0111110101110011
0101011011111011
1001100100010001
1111010101111100
0001111111001001
0011001001000101
1011101110111001
1101010011101010
0001101110101100
1111100101001010
1110100110111000
1110101001000111
1011110001100100
1000110011000110
1010100101111110
0000101010110001
1000011001111111
0111111000101010
1011110011000110
1110111011110011
0011111100111011
1110011010110011
1110101011111000
1110011001011011
1000100010000001
1110010111101111
1000001100000100
0011001010001110
0111000110111001
1000101100110001
0011010101111011
0100101100001100
1000111100110111
0110100100100100
0000101111110110
0100111110100110
1100010111000010
1010011011101100
1010010111100000
1010101111110111
0011101111000110
0010001110100001
1001110011001110
0000100111001110
0011101110001001
0111110111011001
1111101110001111
1000010101011011
1010001000010000
1111011100000011
0101011010000000
0111111000110000
0000010000110110
1010111110001000
0000110000110100
0011000010111101
1000001110011111
0100101110110000
0001011101001001
1100111011101101
0010011000010111
0101101001001000
0110100000010000
0110001110000001
0000111111010001
0010001000111001
1100010110111001
0111111100010100
1111111011111100
1000111001110110
1111011110110111
1001111111010000
1010001011101110
0100001001100001
0110001101100000
1101011001100110
1111101001000011
0111010001110111
1000011000010100
0001001001111001
1011101011100101
1001010100010010
0011100000100100
1110110111001001
0001011000000011
0010110101101000
0110000110000110
0000000100101000
0000010111011101
0010100111011010
0011011001011100
0111000001100001
1111111111110001
1100100011100011
0000011100001101
1010111111010111
1001001100110000
1111101010111000
1100110001000001
0000101011000000
0111101111101001
0110110111011111
1100011100100101
1011001101100100
0010111010100101
0011000011101010
1001001010001000
0010101100100010
1000111000001100
1110100100111101
1101010101000101
0111010000010010
0011111010001111
0011100011110011
1001111011010110
1011101010001100
1110001001000000
0000101000111010
1001111000100010
1110010010100100
1110110110101000
1001101111101000
1100001100001010
1011001111100011
1000010001101011
1111010011011100
1111010101110100
1001010100010001
0111010110001100
1011001010010010
0111101101001010
0010101111101111
1010001000101000
1000110110100011
0010100010111101
0110110101111011
0100101110111101
1010110101100001
0000100001100101
0001111110000011
0011101101011100
1101111110010111
0111011000011000
1011001011000010
1000010000100100
0111001001000110
0110001111110011
1011010110000011
1001010011011100
0101010111010111
1011010110011010
0111111100101110
0001111011000111
0111100101011001
0001010011110011
1011010001001001
0001011100100001
0110110011011000
1010010110100101
0100000101100010
1100011101000100
0001101010111110
0010101100000000
1100010110001000
0010000000011010
0010101110111011
1001000011010011
1100101011111111
1001101110101011
0001100110101001
1101001001010100
1010110111100100
1000100000011101
0010111011011110
1000101000111000
0010110000101011
1100010011110000
0110011011000001
0001101000010011
0101001011100000
0001001010100100
1010111111101011
1000010110101010
0010001111100000
0010100100011101
1110000101111111
0010100100110111
0110011001001010
0010000011001010
1010010110101001
1111010010101111
0001110011101110
0101010001101111
1100001001010111
0000011101011011
1011011111110001
1001001110011100
1110101101000010
1000101101100010
1101100111010000
1111111011011111
0101010100100111
0000111010100001
1110000110101001
1110011111110011
1001011001001110
0011110101001111
1001001110010111
1001100100110000
0010110000010000
1000101101100101
1001101100110110
1011001101100001
1101010001111000
1010110100100010
1000001011101101
1110000010000001
1101000010000111
1101010110011111
1101111100010001
1011110001101100
1011110111111100
0011010101110110
1000111011011111
1000011000100110
0111000111011001
0011000100011111
1100100111110110
0011110001111001
1001001100111110
0111001010110101
1101011101111100
0111001001000011
0000010011101001
0011100111101111
0001111011011011
0001100101111001
1110001010111010
1101000001110111
0100101100101110
0100010010010000
0110011100011110
1011010011101100
1111100000110000
1000011111101101
0101101010110010
0101101110000111
1101010001100001
0100101101111001
0110100110001101
0111001101100111
1011010000010010
1000001111000101
1010000001001001
1000001111101110
1001010100001000
1101111000110011
1001011111010011
1010110000010110
1111011000110010
0110001010100100
0100111001011000
0011001110100101
1110001000011110
0110100101011110
1110001100011000
0001100011100011
1101110001010010
1011101101100101
0011001001000000
1000100001100000
1000000101101101
0011000101110110
1000001011011110
1101110110111100
0010000101010101
0100001110111001
1001011001111101
1110101011100010
1100010100111011
0011101001100000
1000000001100011
1001111100100000
1101000101101000
1000001001000111
1010011100011010
0110111101100001
1011000110011010
0001001010010001
0001101110010010
0000110111111000
0110010001001100
1011110011110110
0010111000001100
1000000111111100
0111011111101001
0111100001110001
1000001110100001
1100100111101010
1000000001111110
1010000100111101
1111101111110110
1111011111111001
1111100111011000
0101011101001000
0010010001100101
1111100100000100
0101110111101001
0011101000000010
0100111011110010
0100000101100001
1100100010000011
0101011011110110
0111101010100110
1111101101101001
0001011100010011
0111100100101101
1111001100101110
1110011111011011
0001110110000011
1100111010010010
0101101100111100
1000000010011110
1100100110001010
1001000100110101
0011011000001110
0010110110101011
0000110111000000
0011111001100101
1000110110110001
0001100001000110
0010101000110010
0011001011010000
1101111100111000
1111101100100100
0110101010000011
1111010110110000
1101101010011001
1001111110001011
0010101000000110
0011101011001010
1010101101000010
0010111101100000
0100000111000100
0010100000110000
0010001010000100
0110000110111100
0100110100011000
1101100111010110
1110100010001010
1101001111101011
1010111000011101
0000001111111111
0010111101011110
0100010001110010
0101101101101111
1000010111001000
0011101101110001
0000011110010000
0000000011100111
0001100001100100
0111001011110101
1010011111110001
1100001110011110
0101101001000010
0110000101111010
1100101011111011
0011111100001001
0001000000001111
1100000101011010
0100100110101101
0011001100010001
1110010010100001
1001111111100110
0101100000110011
1001100001110001
1001001000001110
1011100001001000
1000001010100000
1111011001010001
0100111111111100
1010110011011000
1000101000011110
1100001110110011
0111110010101000
0000100100011110
0010001001000111
0001101011010001
1111010000101000
1000111111101111
1001111111100101
0110000101101101
0011101100110100
0000110000111110
1010010001010001
1000110001110001
0100101011111110
0101000101110000
0111110110111110
1000011000000101
1000100011111100
0000101110000000
0000111110000001
1001000101110010
0111100000111111
0001110100111000
0100011011100110
1001011111111111
0111100001101001
1000000110101110
0110000100011110
1011111011100000
0001110101001101
1110010001101100
0110110101001101
0010101110000101
1000000001010111
0000001001010000
0010111110010101
1000001100001111
0001100000010001
0011111001010000
0100100110000111
1100000111111010
0100011001000000
0111101100011000
0111111000010010
1101100010011100
0110101001110000
0101000111000100
1111110101010010
1111010101110110
1110010011010011
0010100111000111
1110000010011001
1000011001110011
0000000101110110
0110100101010001
0101000000001001
0111000001111100
1110011000111100
1000010001111011
0101000010110100
0101011011110100
0000010111100000
0100101101011100
1111001001111111
0011101001111100
1111110010101010
0010101010110110
1011101011101011
0010000010111101
0011101001100110
1011000011100101
1100001001001011
0001111100100100
0000100101011101
1110110010101111
1010000001101011
1110011001111010
1110110000101010
1101111011111001
1111101011111010
1001010011011000
0001011111111010
0110101110010011
0000001100101001
0011100111101100
1000111100011011
1110101000111100
0011001000011111
0011101100111111
0001001010101011
1111010111101011
1001110111110110
0011001001100111
1001000111111010
1010000000010100
0011001000001111
0010010100011000
1011000001000000
0100011101101010
1001110111000111
0110111010101110
0100101011011010
1010100101101011
0100011110000010
1000001100001010
0001010011100011
0000001010010101
1001101001101000
