0001111100110110
0010011010010111
0001101000110101
0101101010101100
1011111111011111
0100100111110010
0101001100010001
0101100111011110
0101101001110101
1111100101000110
0100100111101000
0010010011110111
0110100011001011
0110111110110111
1011010100011101
1110010001110001
1111001110100100
0100110111100001
1101011100000110
0010001110111010
1100100010110010
0000111010100101
0100101010010001
1111110111100000
0100011010001111
1001111010000101
0011100110010111
1101110111010110
0011011011100011
0011110000100111
1111100101101100
0011000100110001
0010100001111011
1011010110010100
0111011010010000
0000000110000011
1011110001010001
1111101000000110
1000110010010100
0001011100010110
1001101100010010
0111111101100010
0101110101110010
1101000001011100
0010100001110001
1111110001101111
1001110111111101
1001001111011001
1011010010111000
0101000000010010
0101110101001011
0011100001110110
1100001100001001
0000000100001001
0011011010010001
0000110001000100
1100011000001111
1010110110000001
0111001101001001
1010000111100110
1110111100110111
1110001110101010
0110101010100111
0101100000011001
0100110000110100
1010011010100000
1101100100010000
0001100110011101
1011010101010100
0001000010111110
0101011011001111
0111010101101011
0010001000110010
1110110010010001
0010110001001010
0001100101000110
1111001100111111
0111001011011101
0100000010100010
1001100001110010
0100010000000110
1011001101100100
1011010010010111
0001110111001011
1101010000111000
1000101011101100
1000011011101100
0111011100011011
1111110010101000
0111101011101010
0011110011000111
0111101011011100
1001010100101101
0011001000101101
1010110100001000
0000111110010100
1001001011111010
0011001101110101
1110000000010000
0100000000111010
0100010100110010
0100000000000011
1010111110101011
1010110000010010
0100011001100001
1001111001110100
0001011010001001
0011010100110100
1010100111001101
1010110001001101
1100010111100110
0000110011001001
0010111111000010
0011001001011010
0000100000010000
0111101001010100
0111000011001111
0111011111000011
1110000110001111
1000111110011101
1000010000000111
0010001111110100
0101010110010001
1011000000001000
0111111011101000
0001111111111010
1101101101111010
0101111110000111
0011111000101010
0100001000000100
0000001100101110
0011111010000001
0011101111000101
1011000000101111
0100100001010011
0100101101011000
1111111001010000
1110001011000101
0001100010100011
0100010100010000
1001000000110000
0100011001011000
1101111101100101
0000010111001010
0101100010001000
1111010000100100
1111000111100001
1000011100110000
0011000000010011
1101010110010001
0111001110101110
1100100100110100
1000110100100011
1110000011000111
0010001101111001
1110001001111000
0111100011110011
1111000100011100
1001010100011100
0100101000111111
0100110011111111
1010011011001110
0111011010111000
0111100010111011
1011100001000100
0100101010010010
1110100100011000
0000010001110111
0110001001100000
1101111011101101
1001101100000001
1000010001011110
1011011010001000
1010010001001000
1010111011111000
1000011110110000
0101111011101101
0110111110111010
1110110110001111
1000101001001100
1001000111111010
0111011011011100
1111101110011000
0101100011000001
0101011111010101
1100011011101101
0101111101111110
1100111011011100
0111011101101111
0011111011111010
0111111000100000
1011001101011000
0000001010101011
1011011100111001
1010110011001000
1101010110100001
1001111011010100
0000100001000110
1111011010100000
0011010011011000
1111010011101100
0000011100000100
1111101110011001
0011011101011001
0011000000111111
1101001001000001
0000011111000011
1010100000101111
1000111011001101
1000110110001010
0111101111000111
1010100110101001
1010001010011011
0111001011001111
1010011111011000
0111000101110111
0000101011010110
1111000110110001
1010101101101101
0010100111100110
1110100011011000
1100001101000010
1000100110011100
0111010100111111
0000111110010001
0000000001110100
1000011010010110
0100010000110111
1111110110011100
1000111111110100
1010100111111010
0001010100100101
1110001110101111
1111110010011110
0000010000110000
0001011000001001
0000100110101101
0010011011011011
1001110000010000
0110110110100001
0001110101110101
1111001111000001
0111110010010111
1100111100101001
1011100100101001
0011110101010100
0001011001001000
0111010110101101
0111110100100001
1100000101010100
1010100101111010
0001110100110000
1101010100001111
1100001001101101
0000001111101001
1110111011101101
1010110100111000
0011001100001010
1000100111010110
0101010100000000
0100111001100010
0000010010011011
1111010001111010
1000011110000101
1011100101110100
0101111100001000
0111001001011100
0100011111110001
0011000110010010
1011100011111101
1000110010101110
1000001000011101
1000111100001010
0110111010110101
1001000000111011
1001110011010000
0001000000101111
1101111111110100
0100110000110100
1110011001110000
0101010011101000
1100111010101100
0010100001011110
0001100001000101
1111101010011100
1001101111110010
1111101000100001
1001110110010110
0001110000000000
1111011101110011
0000111111001010
0001111011111110
1000111110100101
0100001111000010
1100000101110000
0000100111011111
0011101101101011
1110000101101010
1000010000111100
1101010101100110
1000110100011011
0100110101001001
0001000100101000
0100101000110101
1001001011011110
1000110010110010
0100100010111000
0001111110110000
0011111000101101
0010010111100110
1011010001111101
0000011111011110
0110101111001101
1011011001101111
1011011111010010
1100001011100110
0111000010101010
1010101101110100
0010010000011001
0100110011010010
1011111010010011
1001101001111000
0010001110000100
0101011010001110
1001110100001010
1100001011111110
0110001100000000
1000000101011000
0010011110101000
1001001010000111
1001101111010101
1111001000000010
1000001010011100
0111011100010000
0011110100110110
0111100100110101
0010110001000100
1111111011111111
0110100111011000
1000011100110001
0111011010100100
1111100110110001
0100100110111010
1010100100010100
0110101101110010
1011011001101000
1011010011110000
1100110100010111
0101101101101100
1111000001000110
1101000010011011
1011011101100001
1100101110100011
1111100000000101
1000011011110110
1000000110010100
0010001101001110
1001100011101010
0111000001111100
1101011110011100
0010001001110001
0101010000101001
0100110110001011
0010000010110111
1111101000110110
1110110011100011
1001010011011101
0100101110111010
1001110011011000
1110100110101000
1110111000010010
1001111000010110
1101111111101110
0111000100100110
1011110110111110
0010001100011100
0011001000010100
0100111011110101
1011011001111010
1110110101111000
1011100101001110
0101001001100100
0111001110100011
0011111110111001
0100101101010111
1011011010010111
0111101101111011
1001100111100010
0000010011000001
1011111110010000
0110010100010000
1010101101000101
0010111001110001
1100111010111010
0000001011111000
0100001101011001
1111011111011100
0110100011011111
0010001011110110
0110011010111101
0011101111111100
1001100100001101
0101110010111110
1111001011100011
0001001100011101
1011001000100110
0110001001010101
1110000000010111
0001111010101100
0100001101110110
1011011011111001
0000110011001100
1010011010101010
0110100101110001
0100100000010111
0100001110111110
1000011001101101
1010001101001010
1010000001101100
1011001000100010
0110001010010011
1000001111000101
1111110111111101
1110110011101101
0001001001000010
1010011100100111
1000000110110000
1011100101101111
0000111111110111
0100001100010001
0101011011111011
1010110110001101
1110110110010111
1010001101111000
1101110000001001
0011011100011111
0010110111000111
1111111001111110
1110101001000110
0110101001011010
0111100000010010
0000011100000011
1111100000111100
1001100111110000
1111110101100010
0111110101010000
0011111011011101
0011010100010111
0100010110101001
1010001100010110
0010000001011001
1010001011001100
1010010011110011
0001111101101101
0000101101001011
0111011101001111
1001000111000001
0000011101111100
1000111111011001
1111110000101101
1001010111001000
1001010010110101
0110000010101110
1110100001110001
0110000100100010
1101100111111001
1100000011100010
0110010010001111
0111111110110110
0101000101101000
0011000100101100
0101000101001110
0000100010111100
1101001010011110
0010011110111011
1000110111000111
1101010101000101
0100011101011110
1101110000010000
0010101100110110
0010101010011000
0010111001000011
1110100101000011
0010000110110010
1011101110101111
1111001000100011
1100110100110101
1011110111110000
0101110011001001
0011111000001100
1100101010011010
1111110001011110
0001000101001011
1111010010010111
0011101010010001
1011101001100010
1000010000001001
0001001011010110
1101111010100011
1101011111000011
0100101110110110
1001001011001111
1011111110110110
0100011101110011
0010101001000110
0000100010110110
0000000101110101
0010011100110100
1101011101110110
1010011111000011
1001000111001110
