0010100101101010
1010110100110100
0100100110111000
0011010100001010
0011100110100101
0110101010100111
0010001111010001
1000011001111101
1101001111110101
0111000101110010
1100110100010100
1100010000010101
0000000111011110
0001111011011010
0101101011110010
0000111100111110
1100011001000011
0000100011110100
0100011010110011
0011001110010010
0001111101011000
1001110111000010
1101110110000101
1010000110100110
0000100110110101
1010001111011010
0010011110101101
0101011100010101
0101111101100011
1001000111111110
1111110010010000
0010000001000010
1111100001100111
0001010010101110
0100000100111001
1110011101101101
0001100110100001
0001101001110011
0101001111111100
1110001001000011
1001011001110110
1010000100101011
1001000010011010
1100010011011010
1010110000101000
0110001110001000
0010101011001001
1001000101010110
0011001111010101
1101010101100111
1001101111101000
0010100100000000
1011011111011110
1110000001000000
0001011100101101
0011000001101001
0101001010001111
0000000110111100
0101011000111011
0101101100111010
0100100111101110
1011110011101111
1101001001010110
1010110110001000
0100000000000010
0100110000111111
1110010000111010
0010000011101011
0110010101000011
0011000100001101
1101100100001011
0111001100110110
0110100110000011
0000010000110000
1011000001101011
1111011010010001
1010100111000000
0111000110000010
1111101011001011
0110111000001101
1101000001111011
0100110110011110
1100111111111000
0111100010000100
0101011101100110
1010100100011110
1110101101000101
0011000011001000
1110010101110101
0110010000110111
0011100110011001
0100111010001110
1110010101001000
1011010001001100
0101100001011100
1111101000010011
0001111011010100
0000001010000001
0011101001111011
0111011000000000
1110100000110000
1001110000010010
1000111011001000
0000010001001011
0000000001001101
1010010000000001
1011110011100001
0100110110011101
0010011001101000
0000100011001101
0110101010111010
0010101100011010
1001101011001001
0111001101110000
1010001101110110
0100000101011110
0011110101001001
0010110000011110
0001010001001001
0100001000011100
0010110000111100
0001010110010010
1100000001001011
0100111110100101
0001011011101011
1001101011011111
0100001110110110
1110101001011001
1111000111010110
0000001001000111
0001000010010001
1000000111111001
0010001001100110
0001001010100001
1011001110100010
1100111011010100
0011010100111001
1011010001010110
0000010110011001
0100010011000010
1001111101110011
1100110100000100
0010001010000011
0110101110011010
1001001101001100
1011101101100111
1000011100001101
0000101111101010
1010100110000111
1111000011100111
1000101111101100
0001001101001111
1000110110111100
0000100001101101
0000001101010111
1110011001111001
0010111101111111
0100000010101011
0000100001100111
1000110001011100
0011111110010010
1100011010001001
0010000101101110
0101100110111000
1111111100011000
0111111110100010
1111110111111011
1110110100001101
0111100001000100
0100010101110110
1010101011100110
1111110011001000
0100111001100011
0001010001001100
1110101000101111
0101011111001011
1011111011110111
1011010111101000
0010111001100100
0101001110000100
1001101100000000
0000011001101101
1010011100100011
1111101111010001
1010000110111110
0011110101010101
1010010000001000
0001110111000001
0011000010111001
0111011011010000
1111001100000110
0101110010100010
0000110100011010
1011110000110100
0011101101001011
0101001101110101
0010110101010110
1001110011010001
1110001000110001
0111010101001110
0000011110101001
1001011010111011
0110111101001001
0111010101100110
0001111101000101
0110000001100101
1011100111011111
0010011010010100
0000001100110001
1000101001000101
0001010001101110
1100101101000100
1110101001111001
1110010000100100
0110100101100011
0100000011110001
0111110001100101
0010101011111000
0111001110101111
0111011001000001
0110001101010111
1110111100000101
0101101111101110
1010010000000110
1100100000011101
0010001111000010
1111100000000110
1011001110101111
1000010011001011
0101110111111110
1100000001100101
1011110110000111
0011011011111000
1001110010111100
0110011111111011
1010100000010100
1111101010011111
1001000010110110
1111100001001101
0110011011110101
0100101000000111
0110111110110000
1110100000100011
1010100110011110
0110000101111110
1101100100101110
1100010111101110
0000110101100101
1000111100100010
1100100111100111
0000011100110000
0010010111111111
1010001101100101
0010111000110110
0101101111110100
0101011011000101
1110010001011000
1101010011001101
1001100010011011
1111111101110101
1101111100101101
1011000001111111
1000001011101011
1011011111111111
0101010010110111
0110110110000101
1111110110010000
0110100000100111
0100101110111101
0000110101110010
1100010111111001
0110111110001101
0001000110010110
0110000111010010
0001111001011111
0110101000111100
0100010010100011
0011000110011110
0001011101110101
0001111100111100
0000011100100110
1011010101110101
0100000101011101
0100001100111101
1010100001000111
0010100100001011
0010000001110000
0111111010100000
1000000011111010
0000011001110100
1011010111100101
0100111001101011
1100110001111001
0001010000111101
1101100011010101
1000001100001010
0111101011111011
0111111011000100
1111001101101100
0010011100111110
1100111001100001
1000100011001000
1101011101100110
0001101101111100
1010010111101000
0000110001110111
1001101010001110
0111000100011011
1001000100000111
1000111001000011
1111000010110101
1001000110101000
1000011011001111
0010111100101000
0001101001110001
0010100111011000
0010110101110000
0101001100111011
0001011011101001
1100010111101011
1001000001000100
1010011001010111
0111100011000010
1111001001101101
0001000111000101
1011110101111101
1101111000101001
0111011001001101
0000100001000010
0010011011101111
0010110001111011
1101011000110010
1111011110010101
0001110111100000
0001111010011111
1100110100000100
0011010001000101
0111111101001101
1101000111100010
1001100111100000
1010010001101110
0101101100111010
0000000010010111
1110011101000011
0111110100110001
1110001010111101
1000101110010011
0111100101111110
1100000011011001
1110010010000010
0101000011000101
1100011101001010
0110111010101101
0110100011010101
1000111001111010
0111110001001011
0100100010001111
1001101000001000
0000001010000101
1100011001101101
0100101000011110
1100010011001100
0000111100011100
0100001111110000
1011011101001110
1101100000010011
0110101110000111
0010110010110011
1101111010100111
0100000110011011
0101110011010011
0011100011011000
1110011110111110
0100000000010011
0011010111000110
1111111001110101
0110001010100000
0011100000001110
1011001111111100
0100101101101101
1110111011000001
0101000000011010
1000011001101011
0001110001001001
1101111100110010
0001000100011010
1101010110001010
0000011001011010
1100001100010101
0111111000101111
0111100000100011
1110110011011111
0001001010111101
0001011100001100
1011111110000110
0000110111010100
1100000010001111
1000111010101111
0111000001111111
0111101110100011
0101001000011000
1001110011111110
1011000100011100
0101111001010111
1100010010111110
1110101010100011
1001000100001110
1111011010001101
0000111010110000
1110100111101010
0101010111011100
1110111011001111
0100011010010001
0000010111100011
1011011100110001
0111010010101100
0110001010110001
1010001000001110
0110000100111011
1011000010000011
1000000100111010
0110110111100110
1110001111110100
0010101000110101
1100100010011010
0100011000111000
0110111111111011
0101001010111110
0110111110101001
1010011110101011
0110100010000010
0000011001100101
0100010110111010
1010111001011011
1100100101100110
1101011101111100
0110011100111100
1111011101111010
0011100111101010
0010011111001001
1100011110011111
0110010111010111
0100110100111100
1010001100100110
0010111100111101
1100101000010001
0111000010111011
1010011001101011
0000110100010000
1101000000111111
1010110000110101
1111101110100101
0001011101001110
0000101001110011
0001110100110110
1000011101001001
0101101111101001
0000100111010100
0010000001100000
1101101011011011
1101001000111110
0011111110000001
1110100010111000
0110010010100000
0000101011111010
0010110111111111
1001100001000110
0111011100111101
1011101011001010
1011000010011001
1000101111010000
0100011011101110
0100111101110000
0111011010111111
1101000010110011
0111111000001011
0100110100111011
1100001000011101
0111000010100001
0100100100100001
0111100011001111
1001010010100000
0111100101110011
0110011010010011
0110111101110100
0100001011010001
0010011010100111
1001000000010010
0011010010011101
0111011101010101
1111011000110001
0100000100010011
0010101100100101
0111011100110111
1111010100101001
0101001011111001
0000111100001000
0110110101000000
1100111100000010
0111111100010111
0101111100001000
0011101001011100
1010100011111000
0111010001100101
0010101110001001
1101110011100010
0011010110110100
1110101001101010
1100100000100010
0000000011001111
0111010010110110
