1011101001110000
1011001000000110
0001000101111101
0111001001100110
0101001011111001
1110111110110101
0011101100011010
0101110100100010
0010000001110010
0010010101101001
1100010100011011
1111111000010111
1000100100001111
1010000000000001
0100010101000101
0000001110100000
1001000010110000
0000101010001011
0011001000110011
1011010100110111
0101110111110010
1010010001101001
1000101100110011
0101110010110000
0101101001100110
0010111101010000
1101101000000000
0111011010010100
0011111010111100
1101111101010101
1001101000110000
1100010110011101
1011010000011100
0101110110010111
0110010010010010
0111101110011101
0000111111000011
1000010110100100
1101110001101110
1000110000010110
1111100011010111
1100101101110011
0010100110000010
0101101010111100
0110110110011101
0010001111101110
0001011100000010
0011111110100001
1100111011110111
1000101111100001
0111110100100001
0100000001010100
1101111110101010
0010100101010011
0001001000000111
1101010110110110
0011110010101101
0110000011010011
1110101110011001
0101111111001001
1111101001000101
1111011100111111
1000100011110010
0000011011100010
1101111011110010
1011101110100111
0011010011111111
0101011011011110
1000100100011000
1110110111110101
0001100010011000
1110111001010101
1011011111110101
1101100011110111
1000000001001111
0011011110010110
1010111110010011
1100101010111011
1010111001110111
0010110100111010
0000111010110110
1000110110011110
1001001110001110
1000011001110000
0111011001001101
0011100000101000
0011100010010000
0100011100110000
0100000001101010
0111001011010100
1101101111001110
1000111000001010
1100010101001110
0011011100111111
1011110100111001
0000111100001010
0001111100100110
0111011000101011
1101001000111111
0011000101010100
1001001010101000
1110111111101110
1111111010000110
0101011110110000
0101111101110101
1100011100011110
1000010001101101
0010100010011110
1101101101110011
0110110101011001
0000100110100100
1110111101100010
1010101101110101
0111110100000100
0011110010001100
1001000101101110
1000101010100111
0111010101001010
0111011011100110
1001100111110001
1101100110101010
1110000000010100
0110111111001011
0100101000100110
1110000011000000
1011111110111110
1100100001101110
1000010101011000
1000000011000000
1000001100011000
0000101000010110
1000111011011010
0100100000000011
0111000111011101
0101011010101001
0100111010110100
1000001100011010
1001101101100001
1110101001100110
0100110010110011
0000100010100110
0011011010000101
1011100001100000
1000000011110001
0010100001000000
1110001001011110
1101001001011011
1101010100011100
0000010110001001
1101001111111010
0001010010001010
1101000001100100
0000000001001111
1011001100011101
1000011011110011
1100010011111101
0011110111101010
0001101010010101
1101000010000101
0011111001001110
1100101100111111
1000011110101011
0001111100011101
0100011010101100
1101110011001011
0100010111000010
0110010101110101
1100001011001111
0110000100010101
1111110001011110
0011001110111100
0100011100111011
1001101000000100
1000011100110100
0111100011010011
0101001010001111
1001011001101001
0011111000110010
0010000110110101
0011001101111111
1010111100111001
1001011001010100
0001000101011100
1000001111000110
1011111001011000
1111110100000101
1001011110101100
0010101000101100
0100100001010100
1011010111100001
1101001000011001
0101101101111101
0101101110011001
1101110001001101
1111000110010111
1101001110100101
1101001000001100
1101111101100111
1110010100110001
0011000000101010
0010100100001100
1100000110001010
0010100000011101
0101000001110110
0101100010100011
0111110110100101
1010100000001001
1011110111100111
0001111000111111
0101000101010010
1010000001110010
1001000111001101
0101000100101100
1000001101100000
1001100101100111
1011101100101000
1011101000110011
1001011000101110
0100111101100001
1110100000000010
0010111010110101
1110000010111100
0000101100011001
0011100101000011
1101001110111000
1100011101100110
1001111100111001
0011110101111101
1100010000011001
1011010000000000
1000101101000011
1101010001101010
0111001101001001
1111000111111101
1001110100010000
1101001101000001
0011100100100010
1100100000111011
0101101010000011
1100000110011001
0110010011010100
0101001101101011
1110010101011011
0000011001101000
1000110011001111
1001100111101011
1101010000000110
1011111110101010
0001011100100110
0011010101110000
0110111000110110
0110001110011100
1011011100110101
1101111001001001
1011101000011101
1001000111010011
0101111100011001
0100100000100001
1001101110111011
0011000000011110
0111111101110110
1001101010001010
0100000110101011
1000000110111101
0001101010110111
0100100100100111
0000010000010011
1100110110000011
0010101110110001
0111111111100110
0110001100010001
0110100111000010
0000000000101000
0010111101000100
0000111100110001
0110010010010111
1000001110001110
1011100000001110
0100000010111011
1111100101100000
0111111010100001
1000111110010011
1000110111010010
1000010010110111
1000100001010001
1101000011010011
0001111010011001
1110101111101011
1111110111010101
1101001110001001
0010000101001111
0010011011101100
1001011000110011
1111001000101011
0010110001001110
0011111001101110
0100111110111111
0111110100111001
0000111100011101
0011011010010000
0001011110111101
0101110101001000
1101011110001100
0011100111101001
0010100011111011
1011100011010101
0010101011111010
1111101001001001
0111000010101011
1100111111010111
1101111000011001
0100111111001001
1111111101100100
0101000100110001
0101000011111011
0010111111010111
1110101010010101
1110101001000010
1101111101111001
0101110000010000
0111100001100011
0100011000101110
1101110101000011
1111011110000001
0001001110000110
1000101010101010
1100000101100000
1010110101100111
0101001101010110
0111101010000110
0111111011100011
0110000111111100
0110111010010000
1110010001011011
0101010100011111
0111110000011010
1001100011110010
1011000011100001
0100101001110111
1100100100110011
0000101111011101
0010110100001100
0111110111110111
1001100001000111
1001101101111100
1010110011000000
1011101011011101
0111110100111100
0100010000100100
1001001111111100
0101000011011110
1101100010100101
1111000100010001
0011000110110010
0001110010001111
0000000100001011
0111001011100010
0110001101111110
0010110001001101
0110100110000011
1001101110100111
1101000101110110
0111010111001010
1011011111010011
1110111111000011
1000100001011101
1111110111110101
0011011001010100
0001001100000000
0100110010100111
1001000100011100
0110110111111011
0111000001101011
1111101000000111
1001010111010100
1000111110010110
0010100000101111
1011111101101101
0010011011001000
1110100101110111
1001000110011101
0101111100110010
1010001101101000
1010110000100110
1110100001101011
0011001110010010
1010011011101011
1100101101110001
1010110000100011
1000101001011011
1000101000000001
1001011111001100
0001100110001010
1100000010101011
1101011011101011
1111111110010010
0001011000100100
0000101011110000
1111000100010011
1011111111000011
1011001001101111
0001101101101000
0111010111101110
1010111110100010
1011111111100010
1000000011001011
1100010011010010
0000011110110110
1011000001111110
1010010011011010
0001010100001000
0100010010111110
1000011001101010
0010010000001000
0010010101111011
0001110110101110
0000101011101010
0001001001110111
0111000011011111
1011111101001010
1011001000010001
1011110011001001
1111010111010000
1010001001001100
1010100100101011
1100111000011001
1101101110011001
1000111011110111
0011110100101101
1010001101101100
0010110011010000
1000100010100100
1001011000010001
1101101111000110
1011010001101010
1101110110100110
1101100001010111
0011100000001001
1111101001001101
0111100001101110
1110101000010110
1110001101000100
1100000111000010
0100110010101001
1011010100110001
1110100101110000
1111111001111111
1011001100001010
0111100101111101
1111110101010111
0001101111110110
1001111101010110
0011011101111000
1001110100001110
1000101111111111
1001011111110001
0010010010100111
0101100000101111
0111110011100111
1111001111010100
1000010101111000
1010101001010010
0111001011001101
0110001000011100
1011011100110011
0011111010000001
0010011100000111
0000111111010111
0011100010011000
1100100000001010
1001101010010010
1111111011000011
1110100101000110
0100010011010000
1010100011110101
0001100100000010
0110010100001010
0111001011110110
1000000011001011
1100001100110101
0001101010101100
0111000000100010
0100011000001011
1010100001011111
1100001101010001
0011100000001010
1010011010000101
1101110000010001
0000011011111110
1111010001100011
1001111010101001
0100010100100001
1101111000001001
1110101011111101
0000111111011001
0101010100110010
0000101110000000
1101011001011110
0011111000100101
0010100011100000
0011000101000101
1100011000111010
0000001111101100
0111000000110111
0100010110111011
1000001011100000
0000010011101010
0001111100100011
1100111011110110
0011000001101001
0101101111000010
