1011000010000111
0111000101000010
1001100010010101
0000011111011010
0111010110011011
0111101111011000
1001001010011111
1110000101100111
1011111100111100
1011100100011000
0010001001010010
0011011000010111
0110100011101001
0101100110100010
0101011101100001
1100101010110000
0000100101110000
0100111001110101
1000000001101010
1100010100101001
1010000110111010
1111010001110000
1001000101010110
1110110010011100
0110111110111100
0000100011010001
1101101111111111
1111100001100011
1001011011011011
0001011000001111
0111110100011011
0101110001111000
1111100011100110
1011111011110010
1110100110100101
0001000011001100
1111001000011100
0110010100000111
0101011101010000
1011110011000000
0001101101000000
0000010001010000
0111000101110011
1011000011011100
1111110000001000
1100110001100100
0100000010111010
0000001011101010
1001010001000011
0010101010000111
1000001101001000
0010100001100101
1110010010000111
0101010010011010
0110001101100001
0001100011101001
1100001110000010
0100001110100011
0010000011000111
1011100110110010
0110000110001010
0101001111000001
1101010111011110
0001101010000011
0100101001101110
0110111100011010
0110101111110101
1111011000011110
0100110001000001
0010110000100110
0000100010111111
1100100010111010
0001110011110111
0100000010010101
1010100001100100
1010011100000111
0010110110111101
0011010000010110
0011101100011001
0100110001011001
1100010000000101
1110010101111001
0001101011111011
1100010001100011
1011001110011001
0010011010100000
1011110010000000
1011111000001010
1111110100010101
0011000010100100
0110000010000001
1001110110010010
1101011110100100
0011100010010111
1000011101001000
1110110010000010
1101100000110101
0000111110011100
1111110010101001
1111110101011110
0101010110001000
0100000100111100
0110101101101111
1110110010010100
1101011111101100
0111101001100000
0101110011100010
1001111101011011
1001101101001000
0010111010000001
0111011101010101
1100100110010001
0001111010100011
0101111101011110
0101011011010011
1010011101011001
1000000001110001
1010110110010010
0111100011101000
0101000010011111
0010110110111011
1011101111011101
1011001101000110
0111001000001011
1001111101011010
1100011100100100
0101010010110000
0000100011101010
1111010110100001
0110110101011001
0011011101100010
0010110001111111
0110101001011110
0101100001000000
0110000000011101
0110101010100001
1011101101100001
1000100101110101
1011101011010000
1000111000111010
1000011101111110
0001011110100001
1010101010010110
0111100010100011
1000001000101101
1101110000011001
1001001101110101
0000101100111000
1101011110110101
0000001101101110
1110000011001101
0101111011001111
1101001010110010
1100110101011110
0000111110111011
1100001101010001
1111011111001001
1111010101001000
0010000010110000
1000111101010010
0101101000110000
1010001100100001
0001011001011001
0101110101010010
1000001000111001
0010010000101101
0001111101101010
0111110001100011
1000100101000110
0110001100011111
0001111001010011
1101101010101000
1101101000100111
0101011011001100
1111011100100100
1000011110100010
0001101000000001
1000011010110010
1011011110101010
0001010111001000
0011000001011010
0011001101110000
1010011001000011
1101010111110100
1010011101110000
1001000100111100
1111100110000011
0101001110111110
1111101101001010
1111001000011001
0111010001101110
1001111110010011
1000110011001011
1010111101101000
0010111111100110
0011010111001000
0111001010110011
1010010111100101
1010110111101001
0001100001111100
0111110100000000
1100110110010111
1100111101010010
1101101101101111
0000101010001100
0010010111001001
1000010011011000
0000110001010101
1000011100000011
0011110001001000
0100010001110011
0111100111111101
1101110011100010
0111001011101001
0010110001001000
0101100001010010
1011101011001000
1110100011011010
1001000110011110
1000010101111001
0101111101100101
0001111011000011
1000110101011100
0110110000010001
0001111101011010
0011110101010011
1110010100101011
0110101100110110
1100011111011001
1111101100011001
1100111110101000
1001110100011100
0110010011011010
1000100110011001
0001010010111100
0111101110111111
1000111011110110
0000000110011101
1100110010111011
1110110100110111
1001100010001000
0010001010110010
0110010000100100
0000100011101000
1100001001100100
0110000100101011
0000111011111010
0000001111101110
0000101110100111
1011111000000000
1111110101101101
1001111001011001
1011001110101001
1111110111111101
1001110011010110
0100100011000011
1111001111111101
1111110011100110
0101001111000111
1001101111000101
0101001011011101
0011111000010000
1100000100110010
1000011001101110
1011110100100101
1000111110101010
1000110000011011
1010011011101000
1110110001010011
0001011100100001
1000011000111101
0100011111101101
1010100000101000
0001011100010011
0000100000010000
0010110101111101
0010011110000110
0011001100111000
1000101101101001
0111001111011001
0110101111110000
0001000001000010
0001010000110011
0001100111010010
1100000100011110
0111110101011011
1011100011111001
0001001101000001
1011011111011110
1000110001110101
1111101011101000
0001000010010011
1110111111110110
0101010110010000
0000101111010000
0010101111101110
0101011101011110
0111111100111101
0011100100000111
0110111000110000
0001110010001101
0100001111110110
0010011011001100
1001101000001101
0111101000111000
0101100011110001
0111011111011101
0000000110111111
1110111010001101
0111101111110000
0000110011110010
0110001001110101
0111000000010011
1010000001110100
0101100001011001
0010011011001100
0000001101000010
1101100011100011
1001011100101001
0100000110001111
0000000101101001
1111101101101101
1100101001111101
1010111010101110
0010011110011101
0101100101110111
1000001011100100
1000101111000111
1111011010100111
1011001001100100
1100010101101011
0100010101011100
1111011100100101
1100111001110101
1010110001010110
1111000001000110
0011110111011101
1010101111010001
1000101100010110
1000110100110000
1111011011001011
0111001000101011
0111011010011000
1001001100011101
0110001010110000
1000101100100011
1001010010100010
0100000111011111
1010011001010010
0101111111111111
0100011100111101
1100010011010011
0110001010000111
0111000111101000
1011000011010010
1100011111011110
0100011110000110
1000000111100111
1110110011111101
1100101101001101
0110010011010110
1011101010011110
0001000000011101
0011010000111111
0000100111010110
0110101000001101
1110000010010100
0001000111111111
1000101011101000
0111100001010001
0000011011101111
1001010100001101
0011011100000001
0101001100000100
1011001000100110
0010111111110110
0010001101011010
1000110110000011
1000110110001100
0011010101111011
0000011011100100
1111001001000010
0001001011011100
1001010111000111
1110000010000100
0111011100111101
1001011110011101
0010101101101111
0011111110000111
1011110011011110
1100000010111100
1101001111001001
0111001100010100
1111100101010000
0101001010110100
0101010111111100
0000100100000111
0000100111001001
0111110101111100
0110110110101000
0101101110111110
1000111001010100
0000110100011000
1110100111111010
1001011100001000
0011001111110010
1011011110001100
0011100101110111
0101010100001011
0010101111100001
0100001000011110
0000110010000111
1011010000000101
1010111011000001
0110110000111000
0001111011100011
1011100101001111
0011001010011011
1001000001100000
1110100000001000
0110110110110011
1000001001001000
0010011001000110
0110110001011010
0110001100001110
0011011111000100
1000000011001010
1011010111110110
1010101111010001
0010011110000010
0011101101001101
0111100110101110
1011110100011100
1110010011100010
0010110110110101
1110010110001011
1000100010011011
0110111011110010
1101010011010001
1000010011010110
0001001111011111
1100010000010000
1101101110000000
0111011011111011
0011100000110000
0100001011000011
1011111111011110
0111011000100100
0101001111100001
1101010101010001
1010101000011000
1010011101000010
0111011100001101
1111111001000110
0001001100110010
1101011011011110
0011111101001100
1010010011111101
1110001111110000
0000011000100000
0110101011011000
1100111101110010
0101000101010001
1011000100000111
0000010001100010
0111110000000101
1011011100000011
0110010100000100
1010101000001110
1001111010100001
1000110011100111
0110101011011110
0100001111010000
1010101110101100
0000001010110101
1010010001001100
0100011101000001
0111100100101101
1000010111010100
0011100010111011
0000011100100010
1110111101001110
1110101101010000
1110101000101011
0110001000100010
1011110010011011
1001110101000010
0000110110100110
1110101101011000
0010011111111001
1010000101010101
1100000101000000
0010110100010100
0000011100111010
1011011010001111
1001101011110110
0111100100101000
1010100010001001
0110110001001110
0010000100111111
0111101110100101
0001000011110000
1111001111100110
1000111011111100
1010111111000000
1101000111101100
1010111100110110
1000111001101111
1101011101001001
0001011000010110
0001011010010011
