0101011011010100
1110001101000111
1111111010100101
1101000100101100
0000100000101110
1110111001010110
1101110010111100
0111011100011111
0101011001111001
1000001110110010
1110011000110011
0001001101111110
1000010110101001
1111011111100110
0110000010001111
1111100001001110
1001001010111110
1110000011000011
1000011110011110
0001000111100110
1100100111100100
0100001100001100
1000011010111100
0101010110011011
0000100001011100
0101001000000001
1010101101111110
0000111111000000
0010000101110011
1001110100011100
1011111011011010
0001001000111100
1101010000001110
1100011001110010
1100101001101010
1111101011111001
1101110110101001
0011110011111111
1000010110111001
0110000011100000
0100001010110110
1101010011100011
1101111011110010
0010101010010110
0001011110000100
1011010011000001
0100101111100000
0101011100110001
0001110110110000
1110001101001100
0001010011001011
1011110111000001
0101001111100011
1110100001000000
1110001110110100
0100011010101000
1111100001010010
1001110010000000
1111010000101100
1101110101101001
0000001110001011
1111011110010111
1001110000100001
0010110111000001
1110111011001010
1010010011000110
1101100101100011
1011000101100101
1010001101010111
1110011111001110
1111101111000100
1010110000100011
1010111001001001
0110100111001100
0011000010011000
1011011001100111
1101011110000110
0100111101010010
1011110100101011
0111010001110001
1100100110010000
1011111001001000
0001001010001010
0101011111001001
1001001111101001
1000110001110001
0100000101000110
1100111110100101
1111101110101001
0001100101001110
0110011010011101
0111000011110011
0011011000001110
0101011010110010
1101001110101001
0110010011101010
0010100000110111
0101100010100101
1000101101111111
1010110011110100
1000001100100010
0100100110101010
0001111011011100
1000110010111101
0101001011110101
0000111010110111
1011010011001111
0000101000010100
0000000111110110
1010001011110111
0100011000111011
0011001111100011
0111110101111000
1111001011000000
1110000010101011
1000010100111110
1110101100101110
1000000011110011
1010001011101011
1111101001101111
0011100101110110
0110100000001010
0110001011001100
1100110110000001
0111111001101001
0110110001100010
1010010100000110
0000011000011110
1100101010001001
1100111001010100
0010000100111100
0011001111001010
0111010011010110
1100001101100111
0110010001110100
0100000110001010
0000001100110110
0010100110110100
0010011100010011
1111111011010010
1010011001101011
0101110110000100
0111000001001100
0011111100111101
1110001101001000
1000101100100100
1101111100001110
1011101111000101
0110100101001110
0010000101101100
1011010000111101
0000010110111101
0010001111001001
0010011111010000
0100111110011111
0001000100000110
1001110000100100
1000100110000110
0001111001000001
1001000001111100
1100110111000010
0111000111011111
1011001100100101
1111101101011010
0110010100111001
1111001000000011
0010110111101001
0101100010110111
1001001011011010
0001011010011001
1010010101111101
0010100011111100
1010111010010010
0001101101111011
1110011111011110
1001010010101001
0000010111010101
0101010001010111
0100111001110110
1110001110011001
0010110111100001
1101000011101011
0110000010100010
0010000000000001
0010101011010110
0010111100011111
1011011101001110
1111110111000011
1111001010001101
1111100100011110
0011100101010101
1110011010111011
1110011101111101
1111111110000101
1100000100011110
0101110101001001
0010010100100111
0100101001110101
1111110000110000
1100101010101111
1111000101101110
0111101111000101
1111011010100100
1010101111011001
1010110101111111
1011100011111000
1110000111101111
1000010000111100
0110111101101001
1101011011011010
1010101111010101
1111100101110100
0001101001001110
0110101110100110
0011011001001100
0100101000111100
1110110101100000
1111001000010100
0101011011011000
1000001000011001
0011101100011010
1100111010010110
0101110110011101
1100001010000110
1010110110010010
0101110100100100
1001001110011110
0001111000100001
0000111101100111
0111101010010001
1100101010101101
1100111011011101
0010010100011011
1001110110110000
0111101011111000
0111111011011100
0101111110100110
1100001110010000
1101111101010001
1110010111010110
1110111100110001
1000000101010001
1101110011011000
1100000101000011
0001110011101000
1001101111011100
0110011100110001
0000000110011111
0010101100001110
0110000011001100
1011110001011010
1100100110110100
0011110100011010
0010111010011000
0101001001100101
0011010010010110
1110001001011000
1001001111101111
0100001001001100
0010001101000000
1001010011000000
0000010101000100
1000111000001000
0100000011111101
1111110100111001
0101001000000101
1110100010111110
0110111110101100
1011011001111100
1010100101010010
1111100100101011
1010100010101111
0001111010100010
0010110110101011
1111000110000100
1000011111110001
0010000101000101
1100110011110111
0100110011101010
0111110100001000
1100011011010101
1001101010001011
0110111010001101
1111011011001110
1010001001011100
0011100010010110
0111101100100001
1100111010001100
1111111111010001
1100011100111101
1101110110001000
1101000001111101
0110100000110001
0101101111100101
1110110011100001
0000111111000101
0110010100110100
1110101110101100
0100010001000110
1101011101000011
0010101001100111
0011010100101101
1100111111100011
1111100100000100
1100110001111111
1001110110001110
0000101111001010
1001000111101110
1001111110000010
1011111100101100
1110010001110001
1000100100111010
0101101111001001
0100111111010000
1110111010101010
0100011010101001
1011001101101010
0001101000101010
0110001110110111
0001101111100000
1111000011100001
1011110100011011
1011000010001001
0010010010000111
0000011110100100
0101101001111100
0100100001010100
0100101110100100
1110000100111001
0010100111001000
0101110000100110
0010110110000111
0010100000100110
1011000001011001
0011000111101111
1101000110111001
1100101110101110
1101010001011110
0010111101010011
1011101101010010
0111111100100111
0100011011000110
1001010110010101
1000001011001010
1001000011011111
0111011101010110
0011011000111111
1010000011010111
1000101110110110
0001000000100001
1010010010111010
0110101000101110
0011011111110001
0110010111101110
1001101010010100
1011010111000001
0000101101001110
0011011110001001
1010110100000010
1001011011011001
0111111111011001
0101011011100010
1010011100110000
1110011001110011
1001111100011000
0100110110111010
1101101111000011
0101000111101011
0011110011001010
0100010100111011
1000011100101011
0110001010110000
0011111101110000
0111011111000010
0110100111010010
1000101101001101
1101110100001011
1100110100100010
0101001011111100
1100000000110001
1001011111001100
1110010110011010
0010010111110110
0001111011101001
1111000001010110
0001100100110010
1001110100010000
1111011001111001
1001010010010100
0010011110001000
0111010001110011
1111101010000100
0110011100110011
0101001011111001
0100001011110010
1111110001100100
1001111111110000
0000110011100001
1110101100111100
0110100010100111
0110101100000011
1011101111010110
0101110010011100
0101001110100010
1101111100000101
1011000010000000
0101101010111110
1010101011000100
0101010010100110
1011100000100110
1010011111110100
0000111100011010
0101001011100001
0000001000000100
1110100100100111
0101000010111001
0111000101010110
1010101001111010
1111010111110100
1011000011000101
0001000011111101
1111110010101010
1111010111111000
1101101110000000
1110001100101010
0000000111010000
1001111000001110
0001110000010000
1101111000001001
1101101001101110
0111010101010010
1110101000000010
0011110010000101
1111101111101011
1100000100001011
1001010100010011
0100000010000100
1101111101000111
1011101100111111
0111101101010011
0101000111011001
1011110111101111
0010011011111101
0000010100000000
0111011111111001
0000101011011001
0110101000011110
0100001100001100
0100011111011010
1101010001111010
0001000110110110
0000101000001100
0011010001110001
0010000000111111
0111010110010111
0011110100100111
0110111111000100
0111011000110101
0111001010010111
0101110100011010
1010011000111001
1101100101010110
0011110100111110
0000001100010001
1101010001010011
0000011111111111
1100101001011000
0110111000011100
0100011000001001
1000101001101000
0010001000011101
1011100001010011
0010111001011001
0010011000111010
1111101100111100
1110010001010010
1000000111100110
1110000101000100
0000010101010000
1011001101011100
1000100000011100
1110001000101110
1010001010110000
0010011011001011
1010110011001110
1101100101110111
0101001100000000
0111011001110010
1101101001000101
1000111000011001
0010000001100001
1110001001100011
1101111001110001
0100100110110000
1010100011010111
0100011100100011
1001110111011111
0011101010111111
1100101110010001
1011010101010111
0001101010010101
0000001000000101
1010011101000111
0011111000011011
1011110110111011
0110011110111111
1001100101011111
1110101010110100
0100100010110000
0000100011111000
0101101010100000
