0111101101000111
0001101011101100
1111101010111111
1011111111000111
1100001001100011
1100101100010000
0101001010100000
1000100110100111
0001100001111100
0000011101111000
0110111000100110
1000001101010101
0010110110011101
1000001011111011
0000011000011101
0010011111100010
1010000101100110
0011000000101100
0000010111110110
1001001001100011
1110010111011011
0100010100010010
0110000010001111
0010101101011111
0011000000010110
1111011000001010
0010100111110011
0100110011111100
0100000000100001
0111110001000001
1101111001010101
0011011100001111
1010000001011001
1111110100001101
0011010010111101
0010101100001001
0101100110110111
1110001010011001
0111001001111111
0011111001010100
1001111000011011
0111100111110000
1110111010101110
0000100111001111
0001001100101111
0011011100001000
0001101010011011
1010111011111100
1111111110000011
0100011111000010
1110101111101110
1100101010101000
1100010011101111
0011000011001101
0100011011110111
1111001001001111
1110110101001010
0001101100100100
1111111111100101
1001011001110001
0010100000101101
1100010110001000
1111001011010011
0101100001000100
0110001000000100
1011101000101111
1110111000000111
0010101101011111
0000001001011111
0000111100100110
0010001010100110
0010011101000000
0110111001011101
1100110111000011
1000101000111111
0010000011011001
1100100001010010
0011000010101000
0000000011001011
0001110110001010
1111100001000100
0000111010001001
0101110001001100
0101000110100101
1011001110001110
1100000011100010
0101110110100001
1111000000101110
1001111010011110
0111111101100101
1000001001011111
0000101011001100
1110101101110111
1001010110000001
1111110100100110
0111010110010101
0110111101111010
1111000100101101
1110011110001100
0000111100111101
1101001111111110
1100110100110100
1101111001100111
0001110111100100
1100110110111010
1010001001101010
1001110100101101
0000001110101100
1010010111111101
0111110100101101
0100110111000111
1110010001001000
0011001100000010
0000001011010101
1100101000000111
0010010100111100
1001000000110100
0110001001001010
1100001000000000
1111001100100010
0111000000100101
0011011100011111
0000011101111010
1100010110000001
0110000110101101
0010001011110011
1101110110100010
0101100100000100
1111100000001110
0101010100000101
0000000111111011
0100010100110010
1111010100001111
0101100010101101
0100010101101000
0100110100011010
1101110101011110
1000101110011000
0001010000011000
1001010001100001
1010010011000111
1000111111110110
0101111110101111
0000011010001000
1010100110010011
1101111000011101
1101001101110000
1010100100110111
0111010100010001
1101010111100000
1010000000010010
0011000101011001
1110111111010010
1000110111000110
1100000101111001
1010011101101011
0110011001101000
1111000000110010
0001011110110110
0101101100101111
0111011110100111
0011001000110010
0111100100100111
0011110101101111
1000010010111000
1011100000000111
1000001110100011
1101010001000000
0000001011111000
1011110100100110
1101000011101001
0010010101110011
0001010101000011
0111101101110001
0001011011001011
1011011010101110
1100010101100000
1010001101111100
0001000010001110
0100110011100010
0100110110111001
0001100110000011
0100000010001111
0101111100110110
1110001010011111
1011001101100111
1001000100000110
1000001010011000
0010000100010110
0011110111111010
0000100111011101
0001000010101000
0001101000000101
0100001010111111
1011000011001010
1000111101110000
0110000000010110
0100100101010100
1110101001000101
0011101100001101
1010101000111101
0101110110100000
1001010000011101
0000011011101011
1001000000011100
1111011111010010
0010001000011000
1001011100011111
1111111100011010
1110110011010001
0110100110011011
1001101001010011
1110111110110110
1000101110101001
1100011001011101
1010000100101001
1011010100000000
1001010100101001
0001000010010010
0100011111010101
1000111111000011
0101111000010111
0100010010110011
0110111001100110
1111000001010110
1100100111111101
1101101011011011
1101001011110101
0001001000000100
1001000000111000
1011010101110100
1100010101001010
1111110001000110
1000001011100011
0001110011000101
0010100101011101
0111010111100000
0000101000111000
0110000001010000
1000100011100001
1000111100100011
1100101110000101
1001111101100101
0001010010101110
1010001111011011
1100100101101111
1011000111110001
1111100010011001
1000000000001100
0010111101011011
0011110110101100
0001000100010111
1110110000000001
0101110001101100
1011101101001001
1011010101011110
1110100010000100
0000100000110000
0101110011111010
1101010100101010
0100111000111010
0001010110010011
0011111101010011
0111010100101001
0011111010010000
1011000111110101
1001101101110100
0010100101101000
1110101101100110
1111000101000000
0000000000101010
1111010110000001
1010011011001011
1101101100000101
0000101001011101
1110101010110010
0010101000111011
1011010011101111
0101000011110111
1001010101011101
1000011011111010
0001101110101110
1001010101001000
0000111110101010
1100111011011110
0111011101011100
0101110100000000
1000001100001111
1101101100100100
1101101101101101
0010111001011100
0010101001001101
0110001011000001
0101100110111110
0111001011110011
1111110000100111
1110001100110010
1010010111001101
0101000111000111
1101010000101001
1101010001001011
1011011011001101
0111010010001011
1001111111100100
0100011111100101
0111000101101111
1101001010101111
0111010110000100
0001101011101100
1011110110111001
0101000101001001
0000010011101011
1010101000100101
1000001011000001
1010001010100010
1001001011001001
0011101110100110
1100110111010111
1110000011010101
0111111100010010
1111110100001110
1011100101110111
0001011101101100
1101010100100010
1010100100100100
1011101001010000
0010001101010010
1100111101101011
1010000111100011
1111111000101011
0110101100111111
0000010100010001
0010100010010101
0100010001110001
0101011011100011
0111011000100110
1001000110100101
1000010001111000
1001011100100011
0100010101110101
1111001010110011
1000100001011100
0100000111000000
1100011010110101
0010001100101100
0011101010001011
0011011111110100
0101110010001110
0010100110101111
0100111000001000
1111011101011010
1111110001010000
1011100110001011
1010010010111111
0100011000000011
1110000110101111
1000000001100010
1011110001000110
0100110101001101
1110101111111100
1101101000101110
0000011011011101
1100100110100100
1001101110100011
1000100111010111
1111101000001100
1001000110000110
0000111001100101
0010100110001101
0111001000111111
1111010110101010
0011001000000100
1100001100100000
0010101010100111
0001101110001000
0100010010010001
1111010000000111
1010011000111011
0000001100101000
0101000101110000
1010011000100100
0011111001011011
1000010001011101
1001000000010110
1100110100010000
0010000000001000
1101010010111011
1000101110001111
1001111101011110
0110010000000100
1100101001111001
0001110111111111
1110111110011011
1101100110110011
0111100100111001
0010010011101111
1011101101001101
1110101011000111
1010111100011111
1101010001010010
1000100001000100
0111111101111011
0000110110100010
0001100000101100
1010101100100011
1011001101101011
1000011011001010
0101010011101100
1001100011011000
0100011000111101
1111100011111001
1001100100110001
1110111101011111
1101111011001011
1100101101011000
0101101010010111
1000101010010110
0100000101110101
1101011011011110
0011001010110101
0100100000001111
1111010000110010
0111111000010101
1010011111111101
0000001010110111
1011011100111110
0011001011000110
1000100000010010
0011000101011001
1110010011010000
0101100100011101
1010110111000010
1101000000111010
0100011011010100
1100101011001111
1110100011100010
1000010001011110
0000100101101001
1011001110010110
1110001100101111
0100010101001000
0010101010100100
1001111100010110
0011110011010010
0101001100000111
0010010110000011
1101001101000101
1000100111100011
1011011001100111
1010001101010010
1111011110110011
0000111000111011
0000110100110011
1010010011011110
0010011110011101
0111100101011000
0101011111010001
1110001000110010
1000010011010001
0001111000111000
1011110010100011
0000101001100110
0111000000000101
1110000011010001
1110100010110010
0001010011000111
1111010101011110
1100111000100100
0001011011011011
0001100010011101
1001101100010011
0111000001001100
0010101011000011
1011111001100111
0110100100101100
1010011101101101
0101010110101000
1111001000010100
0001010000110010
1010110010001011
0101111011001011
0111100000100101
0000000011110000
1101101110100110
0100101100000010
1101001100011100
0011110111110100
1010011000110101
0111011001011011
1100001001001100
1110111101101101
0011001100100110
0111011011111010
1010111000111111
1010001111001101
1000100100111000
0110100010001010
1000111101111011
1100010000111101
0011110100010101
1011001111110100
1100001000001000
0110011010000011
1110011010100010
0010001111010000
0110100100011101
0101011000101010
0110000010100000
0011110101110111
0010001100100110
0001011111110001
