1001100100000011
0000000110111010
0100110000100110
0111010000101100
0011000010100010
0011101100000010
0101000111101010
1010010010011001
1000000000010000
1000100110001000
0110011111110100
1110110111000010
0000100001011110
0011010111110010
0010011101001100
0101000100000111
0111101000111010
0110111111101100
1000111010100001
0001100000110100
0010111000011001
1101101010110001
0111100111100101
0100011001100110
1101101111111011
1011110010000000
1010111110110000
0111101110011111
0010100111100011
1001010100000010
1010001101110110
0001110100110000
1111000011100010
0001011000001111
1100100000011000
0011111011100001
1011111000110011
1111001110111011
1110111011001010
1110110111100001
0011110001111100
1100000111011111
0101100001100000
1011110101101110
1101111100000111
1010101000001001
0001010110110000
0110011111011010
0111001001100010
1111001101011011
1011100101010101
1010111001010101
0000010010001000
0010111100101101
0100000000101110
1100100000100100
1110011000111010
0101001110100011
1000101000100000
0010111110101101
0001010111001011
0111100100110111
1100110001111001
0000011001001100
0001101100001001
1010100111100100
1000001101011101
0100111001111101
1101010100011100
0111110011001010
1001101000100010
0000001110101100
1100000111010110
0000010111011010
1111111010001011
1100010111101001
0101011001011100
0010000000111110
1011100010111100
1000110000101111
0001110101010000
0010100001000101
0000011000001111
0001101101001110
0110101001101011
1000100011101111
0100110101111011
1001000111010111
1110110101010110
0001001011111101
1101101110111001
1101000011000011
1110100111110100
1010000010110011
1000000111110000
0101010110010001
1110000110100101
0111010010111101
1000101111000011
0100001110111101
1000100101110010
1111000101011110
1001010011110111
1101110111010000
0001001101100111
1010011011100000
0010111100011111
1101000010011001
1000011010011000
0111001011101101
0011101101011011
0110101101001100
0110001010111101
0010010110000111
0100010111110000
0110101110101101
1010001110110111
1010010010111100
0100000011101100
1000111001011000
0000100011100101
0000011000100100
0000101100000111
1111101011000100
0101101101011111
1101000000101111
1010110010000011
1000010110111011
1111001010011110
1110000110000110
1101011111010110
1011001011111001
0010010011011100
0011000000001001
1100010001001010
1110000110111110
1101000001110111
0011101111110001
0011001011000001
1010111100110110
1101000100001111
1110101111001001
0110111100010101
1001110100110010
0000010011101100
0010100101011110
1111001011100100
0110011111010000
1000001111010111
0110110110111110
1011000010000101
1010101101110111
0001111000110100
0011100000010110
0101001000001111
0001111110010011
1000011111011001
0111100111010001
0110001010011110
1001101110001001
1110001011110001
0011101001011001
1101111011110101
0001110000101100
1110000110110010
1100110011000000
0100110110010011
1010011000001001
1000111100010111
0110011010000110
1000111100011110
1010000000101111
0010000101000101
1111101011111011
1100000110011111
0000111001001100
1010001110011110
1110000000111010
0110011111010111
1001111000100000
0010011101111101
0111000011001000
0101011100110001
1111001111110011
0010110101011110
1111110100111000
0110001000010010
0001001101111011
0010101111111111
0110101011011111
0011101101010110
0000100101000110
1001000000110111
0010001010100101
0101100100010111
0101101011101101
1111110001001111
0011110111110101
0110100110111110
0101000101000111
0100011110010000
1010110010000001
1000010001000011
1101101001111011
1010101000000010
1100101000010110
0111111100100101
0111111010111100
0110001100000010
0100010000000101
0011010100011010
0000110001111110
0001001111010000
1111011000110000
1100111011000100
1010010011001100
0100111110110000
1001101100101111
1101000010111010
0011101111010001
0110111010011111
1101101001100110
1101111010111100
1101010110010111
1011011110001111
1010000111100010
0010101110010110
1000111101100100
1111011111010100
0011000110100011
1111101101010100
0110011100011100
0111100000000101
1010100000001110
1110011011010100
0101010010111111
0101011100110000
0000110110110000
0100111000101011
1111101011010011
0011110101110010
1000010000001101
1110110100000001
0111101101100010
1010011101100111
1111101111110010
1100010010010011
1000110101110011
0101010011110011
0000101100001011
1001011101001111
0001011000100111
0010011100000001
1010001010100110
1100101010000001
1110100001000000
1011110111010111
1000010011101000
1110101001111011
0111111100111110
0010010010101001
1101010111001001
1010101100000010
1011010101101111
0001010101010011
1101101111110101
0101010010111010
1000010000110110
1010010000110001
1000000001110111
0010110011010111
1010010111110111
1101011001010011
1111011011101001
1111001110011110
1000101001111010
1011110001110011
1111011000111001
1000110010101001
1000010010101001
1100101000001001
1101110010111100
1101011110011111
0000101110000011
1101001100000101
1101101100010000
1001000010111110
1001100010001000
0100111111010100
0011101110100101
1101110000001010
0100011000100110
0001001101000110
0110111000011001
1101000011000001
0001100001110101
1001001101111000
0010101001110101
0100010010001111
1001100111111110
1011100010111010
0101011011100000
1101100101100010
1001011110100011
0001101110110001
0010100001110001
0100001001010000
1100011100001001
1101101001110100
1011000000101111
0011001011101001
0010100010111111
0101100000010100
0111001111010101
0100001110011001
1001100011000101
1111011011010011
1001001010011010
1100011111011110
0100001010000100
1010100110010010
0001011110111111
0011011010111110
1010000110001001
0101110110001011
0101000001011000
0101101010011000
0100110110111001
1100011100000010
1101010100010111
0101110010011010
1110100000010011
0101001001001000
0100100100001100
1001010111011111
1100101010101111
1010110100100111
0100011011000000
1101011010001100
1010111111011110
0110110110101111
1010101100001001
1001111011000100
1111010100000100
1110101010000110
1011000010011111
0001110011000110
1100100011100001
1100010101000011
0111001010100100
1000000000100110
1000011010100101
0001010111001000
1000011111100000
1101001010010100
1000100000111010
1011000011000101
1111110110110000
0001110100100010
1110100110111111
0111010000000010
0100010100010011
0100001101101110
0101100111000010
1100010111111100
1001111011011100
1010111010001000
0010000011101101
0010000101111110
1101000011111111
0001110100110110
1010001001001110
0001010101110010
1010101000011011
0001100000111100
0010001111110001
0100000001010010
0001110011111010
1111100110010011
1111010100001001
0101001010101011
0011111110010101
1011011100011011
0101110110110111
1100111101100111
0010101000110010
1110101100000000
1000000111110000
0011010001001101
0000000111100101
1111001101110101
1011000011011010
1000011111110111
1010011100000011
1011010100001011
0101001000111001
0001111001011000
1100111110011110
1100010101110000
1111110100100110
0011011101110110
0100000001000110
1011000110111010
0100001101101010
0010000110000110
1101111110010010
1110111000101010
0110010101010010
0001011010011110
1011110101001010
0010110001001011
0011101111101111
1110011001000010
0001110010111111
1001101101000110
1110101101111010
1001001111101001
1111101100001011
1000111101111000
0100010110010100
0011011101001101
1011000110101110
1001010101001011
0011101100001110
0100101011001011
1000101001100010
1100100011101111
1000001001110100
1100010000111110
0010111000100110
0001011110101010
0111110000100110
0100001010010000
1111000101001010
0000010011010010
0110000100000101
0011000111001101
0111111000100001
1011110101101011
0110010001100110
1001111001010010
1011101100110110
0010010001001101
0110011000101111
0100010011000110
1001100100110010
0001101101001100
1011011100101100
0101011011011010
0001100011101101
0011010000000000
0011010111100011
0110110101111011
0010000010111100
1001001101111001
0111000010101000
0110010110001101
1100101010111011
0101111110001001
1110011000100100
1111101111100000
1100000101001010
0000100010001010
1101110100010011
0110011100100011
1111111110010000
1000100100101100
1000001000000100
0001100000110100
1111010011001101
1000101100000011
1011110010111000
1001100000000001
1101101111110101
0110001010111010
1111010001001010
0001111100110111
1111110100111110
1100110011011001
1001010100100011
0100000001001010
0010110000111100
0110100000110010
1111101011110111
1101100100111111
1100011110001110
1011011101100000
0101000001100110
1010100100011110
1000001001100111
0100010010000101
0111000100000111
0011000001001010
0100011011011111
0110110001100011
1000111001101000
1011111001110101
1000010011100001
0110010111000100
0101101001000001
0010110001111110
1101010100000101
0011110000101101
1010111011111110
1000101100101111
1101111100100100
0111111100110111
1110010100100010
0011100111110100
0110011110111100
1101001111010011
