0010100010010100
0111101110110111
0101110100100110
0100110101000001
0010011001110111
0000000000010111
1001111011000001
0011000100001101
1000010100111111
0011011101010001
0100111001000100
0011100100101110
0100101000010000
1001110010000010
0101100111101010
0111100110111110
0111111110100101
0011000100000000
1100111111100110
0101110100100110
0100010011010010
1101100010111010
1101101000000101
1110001111010001
1000011001111110
0011010001111100
1011100011101011
0011000111011000
0000000111001010
1000010011001000
1110001000110111
1011111111010011
1101000111101110
1111111110110110
1110011001111110
0110001010001111
1000111100001100
1001011010100000
0111101000110110
0001101011101111
0101100100110110
0110110011110110
0011010000111101
0000101110001100
0010010010001101
0111000011100100
0001101101000101
1101000111000011
1000100000011010
1101111100011011
1101010110010011
0110101110001101
1101100010011110
0101111100110000
1111100111100111
1100011001111100
0101010001101110
1001100001101011
1100110001010100
1110111101010011
0000000101010011
0010010111100001
1110101011111111
1101001110110101
0111100010110000
1001000101100000
0001100100101000
0110111001010111
1111101011111000
0000101100111100
0101111111010111
1110101101101000
1111000011000110
1110001100101111
0000000110110111
0111011001101010
0001111011111011
0100001011110110
1111011001101111
1011000000001110
0001001100100011
1010101010001110
1110111010101010
0001111001001111
1110101010011100
0101101001100101
0100000100001110
0111010000001011
0010001010111101
1000110111010100
1111010101011111
1101110011111010
0001110010101111
1001001001001111
0101111100011010
0001000100111010
1011001010110111
0000111001011010
1000000110001000
0001011101111111
0101000101110011
0100111110011101
0011001001001011
1001010000110111
1110001001001010
0011100100001100
0100101111011001
0011010001111001
0101011010100111
0101010010000000
1100011101111110
0111111001010001
1001100110011100
1010100101101001
0110111101111001
0100100110100100
1000000100000100
0001010010010111
0011111110101111
1000001101110111
1001010010111101
0000011111111100
0011000101000010
1010110111101011
0101100101111000
0001010010001001
1001111010101101
1010111000010001
0100101111110100
0100000111100101
1010001000111111
0110001001111111
1000010111001001
0010010110111101
0111100010011011
0010011110101011
0011100000000111
1101110111000000
0011111110010100
0001001011011000
0001010000011101
0001010100101111
1110000101100111
0010001011011100
0011001100001010
0110011011010100
0110111111010011
1010010011000101
0001000101111000
1101100100101000
1110001010101001
1101010011010000
1101111101101101
0001100000001110
0011100101000001
0110000010001101
0011111000110101
1001010101000011
1010011111011100
0000011001000010
1101010111100001
1010100001011101
1111000001001101
1011010001110011
0101011111100110
0011010110100000
1000011010111101
0000010101010001
1110110011100010
0110101111111001
0000110100011111
1100011110011001
1000111011001100
0010111001101010
1100000001010100
1100111001010011
0000111011110000
1001000100100111
1100000100011111
1001010101100100
0101101110110101
0000111111111101
0000011100000110
1010101001101100
0100100000010001
0000101100000010
0110100100111111
0011110111011100
1000100100110101
0100111111100010
1001000111110100
0000111111011011
0011011011111000
1001100001110010
0100110101100011
1110010111000101
1000010011000100
0011001011110110
0011111101110100
1001010000110010
0011001110000001
1110110010100010
0100000001110101
0100011010010101
0011110000011110
1111010010000100
1010111000011101
0101011110110001
1001011010111011
1010010000111110
0010010101111100
1011011110000110
0010111000100010
0100111011010000
1000101000101000
1111000010100010
1111100100101100
1111110111000100
1110100110111010
1111001111010011
0000011101000010
0101101011010011
0001110011000001
1010100101010110
1111010111111011
1111111101101000
0111010001010001
1011111011100000
1111101000101000
1101001110100111
1001010000001110
0010011111010000
0001011010110100
1111010010011111
1001011011100111
0101110111100111
1110011001111111
1101011000000001
1111010110000111
1101000001101001
1011011001100010
1100101001000001
1000110110010001
0000001011101000
1011001000000101
0010110000001101
1110011001101110
1010111100101001
0010001100101010
0100000110011010
0110101011100000
1101001111101001
1111011001001111
0100011111010011
1000001011011000
1000101101101100
1100011111111000
0010100001000110
1111000111010011
0100001010011011
1100101011000100
0001100110101001
1010100110100010
0101100011001011
1110011110000011
0111111011011000
1110111110110011
0001001010101111
1110100100011010
0010100001001111
0111000110111111
0000000001001101
0111011111001110
1100010011001001
1000100010001010
1000110011100001
0100010101010010
1110110000101101
1000001010010000
1000011000010001
0100011110100110
1111000110010011
1111101001011010
1110100011110010
0100111110001010
1111100000111010
0111001001010000
0001001001111101
1010100101100010
0000011001001100
0101100101011100
1010100111011100
0110000101011010
0010110001000100
1000101011001110
0000000110111001
0000010100001010
0000110001111000
1010011011110000
0101001100001001
0000000001101100
1100010000010011
0000011111111001
0011000110111101
0010010000011101
0111010111100011
1100110100111001
0000010010010011
1111111111111100
1011100110110100
1100001010010110
1001001110010111
0101001110010011
0010101001100001
0011000110101010
1010011011110001
0111010100011100
1000110011110010
0100001000110000
0001110100001000
1100001010001111
0000100100100011
1000001010100100
0110011010101011
1101001011100000
1100100111110010
0111101100000001
0011010011100001
1010011101100110
1111100001010010
1000111101111011
1010100000011101
0001000100000000
0110011010101010
0101001000111100
0101101100000001
0111111100100011
0010001111101000
0000001110010001
0101111101101001
1010100000001010
1001010011101000
1001110001000100
0011000001000011
0000011010010001
0011010010010011
0011011100000010
0001011010100000
0100110010010010
0000110100100011
0111000111011010
1111111110111011
1000011100101101
1010101010101110
0000010110101011
1000011010010111
0100010101110100
0111100011101101
1110001010011111
1100011101000101
0011011001100101
1100111110110111
1010011100110000
1111100101110000
1101011000101111
0111110110001100
0011001010011111
1111001111001101
1110101000011110
1100100101011000
0111011100010011
0011110011011110
0111110100100000
0000111101010101
0100111111111100
1101001101010111
0111011011110101
0111110100010001
0101110011100000
1001010000011010
0101110100011100
0101010110110101
1011001110111110
1011111001110100
1110010110000001
0111010010110110
0110000001101100
1111010001011010
0000001110110010
1111010000100110
0111001010000000
1000101111101101
0001000101000000
0110000100100110
1010000000001110
1100011111000101
1000111110101001
1001010011011111
1011000111011110
0110001111000000
0111000101100010
0001100100111101
0110011111001101
1000011111000001
1010000011101001
1111111000100011
0110010010010101
1010000111110011
1000011010101110
0111010001110101
1110000001110110
0011001111010111
0101010111000001
0101100111110011
0000001000010010
0010111100010101
0111101001001111
0011000000101100
1111001100001110
1110001001001010
0101011101000000
0101100011010100
1000110000010000
0100001110001000
0101011111110111
0011011010110011
1010100011100010
1110000000110010
1100101010100110
1101100111010100
1110100011110101
1011000100101000
0111001000101000
0101111110100011
0010010101001001
0001101001101110
1010010100101001
1011110011100101
1110111011001000
1111001000010011
1010100000011000
1000010011110000
0000110100001111
1001110100001001
1001010000011001
1100011111001001
0100100100110110
1010100111010110
1101101111110100
0111110010101110
0001111111011100
1110101110010010
1110111111101100
0111111101011001
1010001010101100
0110100100000010
0011110010101101
1011110010111000
0000111011010000
1100101001001101
1011010001111000
0011011011101100
1000011011010100
1111000110001011
0111101010111001
0001010011111110
0010010011101110
1100011001001000
0101111000110011
0000011000100110
1111111100101110
0100101011110010
0010010010001011
1111110111111110
0000101110111111
1110111011111101
1101001011110110
1101011110110010
1100010101100011
0101110110111010
0111100011110011
1001111000101010
1010101010001010
1000100011111110
0011000110110011
1110001010001011
0000100100111111
0001000011010100
0000110011011110
1000010001111110
0101011000111100
0010101110111010
0011111101111100
0100100101010100
0011000011100101
1111100000001101
1110101110110011
0011001000110111
1010010000100100
0110101001110110
0101011001000000
0000001111001001
1100010001111110
1000110101000101
0011000001101000
1010010000110001
0011010011011000
1110101000101011
0000001000100011
1111001001110100
0101110010111001
