1110100100100010
1011111110010101
0111101100111010
1111011100010011
1100010100110000
0110110011010000
1111111110101111
0110011010110100
1110111110101011
1001010000100011
0111100000011000
1101110000011001
0001110001000010
0010110010100010
1001110111010000
0010101001011100
1110000101001110
0110100110001101
0101101011111101
0100010011000100
0101001000001101
0111110001101000
0010011000111011
1000000000010010
1110001111111110
1000011100010110
0010110010101111
1101001110100110
0001100101111001
1001111000011110
0101110011000100
1110111110111001
1000001101100101
1100110000001001
1100001001010010
1011010101001000
0101110000010011
1111101011100010
0110110000110110
0101011011111011
0110100111100011
1101011111011111
0110010010110011
1100000110110100
0000111111001111
1011101100010001
0001100011111110
0101110011000100
0100111110110011
0010000001000101
1010000111111000
0000010010100100
1001001101010010
1011110111100011
1111000000001100
1001111000100000
1111111101001011
1010000101011011
0111000010110111
1110100100110010
0100110111100010
0101100010010001
1100110100101101
0000000111010000
0010100010001101
1100110000101011
1111011110011011
1011100101111110
1001000010001000
0101100010101011
1010100011110111
0011010101011111
0111010011000011
1100011111101111
1110001100100011
0101111110001010
0100010010010001
0010001010010000
0101001111101111
0111011100111001
1111101100000001
0000001000000000
0111110000110110
0001110010010101
1110001011000010
1110111000010000
0110010010010001
1011010111000101
0011010111101111
1011000000000010
1000111110100011
1100100011110011
1011011001001110
1101010000010111
1101011010011100
1111011100111000
1010111010111001
1110110101001111
0001100100110011
1101111001101100
1010001101100001
0001110110100011
0110011010111111
0001111000110110
0010010111111010
1010100011011010
0101000101000000
1001000101011010
1011100010011000
1110110100001001
1000100111101000
0000111100001110
0001000100110111
0110001101010111
1100100111001000
0011111000100000
0011011010100000
0110000111011111
0101100010000010
1101110110101000
0001011000001000
1001000011000111
1011001010110100
1100001111011001
0010010010000111
0111011001100101
1101101001010010
1101111010000011
1010100101111011
0000000110011000
1001110000110101
0101111111010011
1001000100011001
0010001011011000
0001001110011001
1011010111111001
0011111010001001
0111100111011111
1011011010010000
1010100010011010
0010010111011101
1111110101111001
0010010011001101
1110101001001101
0101000101100101
0110100100000111
1111000110010000
1011011011001111
1001011011000101
0110100110110100
1101111011011000
1100110001101111
1001011010011111
0011001001111000
1010011001001001
0110111111010111
0111011000000100
1110100111000110
1110001010100101
1000101100001110
0101111101010110
1011111000010100
0100111001111010
0101110010001000
0011011001010110
0001010111001100
1001001101101000
1010110001001110
0011010011011110
1110010101000110
0000100101001000
1000100100101100
0110000011001011
1110001000100111
0000111010001001
0001011111001100
0110100010101111
1001111111001101
1110111111101100
1010101111011100
1110100001001110
1010110011010000
0100111101001110
0111000000100011
0011011111001011
1001100101010111
1001001100101010
1000010001111111
0110101000011101
1110011000001110
0110110100100100
0011000101101001
0010100000000011
0000100101000001
1001010011001110
1111000101101011
1110100100011110
1010100100011100
1110111111100101
1111110111011110
0111001010111000
0001010011111110
0100110010000000
1100011010011000
1101000010010000
0000011011111101
1100001111111101
1010101010110000
0100000000011011
0001011001100001
0101101110000011
1100100111101001
1010011011111000
0010100101100000
1011101011100110
0000011111100100
1111100101000101
0100010000110001
0111110110110110
0111010001101000
1111001110100111
0110110111111101
1000101010111001
0111100010101111
0001000111000000
1111100001111101
1011000110001111
1011110111100101
0111100111011010
0010100010000100
0001011001011111
1001000111010111
0000011101001011
1001011101111101
0010110110000101
0000001000101110
1101000011001111
1111101011000111
1011000011011100
1110110011011101
1111010001010111
1101111110101110
0100110010011000
1111011010001011
0100101111011001
1001000101100100
0111110111111110
0100001010100000
1100111100101100
0110111101010010
0001100010000010
0000111011011111
0110010100111000
1011110000011101
0100100100011111
1100111010111010
0110010000010010
1101110110100001
1010001011001111
1010110111100010
1100110100011101
1010111001100101
0011101011110011
0000011111000011
1001001000101110
0110100011001101
0010001001000110
0111100001111110
1000010011100100
0101110111101110
1101001101100001
1111010000101001
1111111101111100
1110001101101000
1010011010101000
1000000000001110
1111011101111101
0011100011101000
1010011101100010
1010110110000001
0001101011011010
0001100110000010
0101001111110101
1111011000100111
0001101101100011
0111010010110001
0101111000100000
0000000001000101
0010000011100110
0111000001000011
1011110101101010
0010000100101010
1001001011110011
0011011111001111
1010111011101000
0100011111011011
1011000001001100
1000001111000001
1101100010001101
1111101001100000
1000111110111111
1011011000111000
0000001010011001
0111101010000010
1111111010110101
0111001101111010
0110101000110110
0011111100011001
1000010100111110
1111010111000101
1101011100111011
1101011111000011
0111001110111000
1000101101100000
0100011010011111
0010000000111000
1100011001000001
0000101111110010
0001100110001100
0011010011001010
0010000100111001
1110110110010001
1000100000001000
0000111111101000
1100000000101101
0011111100111001
0101111010100001
1010110101001100
0010011111101111
0100001010000010
0111011011100001
1101011001000100
1011011110101111
0110110000001101
1110001011101011
0011011011111101
1110000010010100
1010001001110000
1000000110001000
1110011001001011
0100011011111000
0101000100100001
1111101000010010
0111100010110111
1111011111100010
0111000000101001
0010001110101101
1001111001110001
1110111101010111
1110101100010011
0011000110111000
0101001000101111
0010110110101101
1011111011110110
0010100111101101
1000010100000000
0111101110011111
0110010111100111
1100011101010011
0000001000100110
1101010100001100
1110011001011111
1110101011111011
0110110000001000
0010001111001110
1110011001011111
0010000001011110
0110010100111011
1100101011111001
0101000101101101
1001010101000000
0001001110100011
0110110010011111
1001001000110001
1111101101110111
1111010100101101
0011100110011000
0100010101110110
0101000001001110
1101001100110101
0111000001010101
1110001000000111
1110101111111011
1111010000010011
0001100010000001
0101101001101010
0101000011101000
0010100011111011
0100101100101101
0110000101001100
0110011110010000
0101010110100101
1010010100010010
0111000010000000
1111000011100010
0111011110100111
0011010010010001
0111101100010001
1110101100011011
1010101110001100
1001110101011101
0111011101101010
0010100001000100
0011001111010000
1011100110011110
1100111101111110
1110101101111000
0110001000011000
1101111011011100
0010100110010011
1101011101011011
1110000110110111
1101101010010010
1101010101101101
0110000111111100
0110110000001011
1100110010110111
0011101100000011
0101110010100010
1101100101101111
1101010001111111
0101100100100111
1111100000000101
1001100000110000
1010100100110100
1001001101001001
0001101111111100
1000011011001001
0001101101010010
0001010101111000
1101101101000110
1010110110001011
0011011011000011
0111000000011101
0011010001110101
0111100110100101
1000101101101001
1101011011111100
0011111011011001
0111000110001110
0010101101000001
0111110100011000
0100111100110001
1111111101110111
1101001000000111
0100100000101010
1010011011100011
1100001000110111
0101101010100111
1001100010101010
0111001010011101
1100111110010101
1101101111100010
1101011011010011
0000000010110010
0010001011001110
1100010010100111
1010100100010111
0011101111000011
0010011110011010
0001011000011010
0010001011100100
0110001001001101
0101001000001101
0011010001100101
1101110010110110
0110110100100001
1001010011101001
1000001001001010
1111001110101101
0111011111101000
0001100010000101
1111100100001000
0111101001010001
1000111110110101
1000110100001100
0101001010001011
0010101010011100
1010111100100011
1000010110001111
1111111011100010
1111000011000110
0011101010000001
0000111100111110
1111100011110011
0010010001001110
1010101010000000
0000111111111000
0010000111101000
0001110001010100
0001111001011100
0001110101000010
1000111010100011
0010100001101011
0011000110110011
1010101110010011
1000010000001100
1001110011001101
1100111001110001
0000111101101010
0111000010110000
1110001100011010
1110001110010100
1101110101100000
0101100010101010
1011101000100000
1010001111100001
1010011001101000
0111010100010101
0011000111111101
0101000001000000
