0011100101111110
0010010110011011
0010110010111110
1001100001011101
1101111011100011
1011010001010010
1110101000101000
0000101110111000
1100001011110000
0100111011110111
1011110000001001
1000001111101000
1100101111101011
1110001010000001
0100100000001011
0001101000010010
0111010101100111
1100011000001011
0110101001000001
0000011111111001
0010010100111111
1010010000010010
0101100110111111
1011101000100001
1101001001010100
1010001010001011
0011110110010110
1111111110010110
0001011101000010
0011110010100111
0111001110110011
1000111011010001
0011001001111000
1111000001110101
1010110010111000
0111011101000011
1100011110001110
1101001110100111
1101000100011100
0101100001110001
0111010011011111
1010110100101010
1100010011000001
0000110101010111
0011111100110100
1110000100111001
0000111110110000
0001100001110000
1110000111010111
1110000100000011
1101001010100111
1111111101001010
1000010010000101
0001100111011011
0000101101101000
1001011100011100
1111011110100110
1011111111100101
0100010101100011
0101110000010000
1100001101111001
0010100101111111
0011001010101010
1010001101110010
0111001011011110
1110101010110110
1010101010001110
0101000001111110
0111111110011011
0011111110010100
0001011001100110
1001001000111111
1001110101110110
0001111100110111
1001110110111110
1001000101010001
1011110001010011
0010100010010001
1010001100000100
1001001111110001
0101011111010100
0100100100110011
0111011001100000
1000000011001110
0010101111110010
1001111001101010
1000001000000101
1111001001100101
1101111010001110
1011101110000000
1110011100010011
1011111100101101
0011001101011000
0110010110100101
0100111001010111
0001111111001101
0001111000100000
0110110010100111
1101100110001100
1110110101101111
1111101010011100
1001101011110110
1100111000011011
0100111010100000
1110001110111011
0011000100010011
1000000110000010
0100000111000111
1100101110001100
0101001000010000
0011101101011101
0011010101010011
1000001100100001
1110000111110000
0100010101100100
1100100011011010
1000100000100010
1011000110001110
1010101100100101
1010011111010010
1000001000100110
1011110010111101
0001100100111001
0100101111011000
0010111000101110
0111100100010101
0011001000110000
0110000011001000
0100110111101111
1010011010011010
0010110000001111
0101010100000000
1101110011101000
0110110011101111
1111010111010001
1001110011010001
0101011011001100
1111111011000001
1100001010100111
1101111101111011
0110001001000001
1110011100010110
1110111001110000
1000101010100010
0111101001001001
0100001000010101
1000101000110111
1111010100001011
0010110001101101
1010001010100001
1111111001101010
0001111111001001
0100000110111000
1011101010110010
1010110101100010
1100000101010110
1011111000010010
0011000000001001
0100100011000001
1100111001110111
1010011011000011
1001010101010010
1000111011111101
1100001111000001
1111100001011011
1110100000100000
1011101101101111
1001000101100011
1111011010110011
1101010100100111
0000001101011100
1010001010000001
1110100110010101
1010010001011111
0111110101000110
0010111011011100
1110001001110100
1000111011111000
1111110100101001
0111100111101101
0000011111100000
0101101000000110
0100011010001011
1101010000000001
1000110011001111
0111001011100111
1110101011010000
1011000110110100
0000010110001010
1000101000100010
0010011110011011
1110110011111000
1111111101010011
1011011101110001
0101101101110111
1110000010000100
1001011110101010
0011110001011001
1000111110101001
0010001000000100
1000000000011110
0010101011010011
1111011111010001
1000011100000000
1100100100110001
0001010110111110
1111000010001110
0111111110100111
1110000001001101
0111111011101111
1001010101100001
1011101111000101
1100100101001111
0000101010001000
1000101110100110
0001010101010111
0110100000110000
0110001101110100
1011111100011100
1010011011000001
1101110110011101
1001000011111001
0010100110000011
0111110001001101
0100111010010101
0110111001100010
0111111100011010
0110011111001000
0111100110100011
1100001101100111
1011111001010010
1000100000001011
0111001010011111
1000010001010000
1100111111000100
0100001111100111
1011100111011001
1101000101010010
1001001000010100
0010000101110001
0010100101101010
0111110111010110
0110000100100111
0110110010111111
0000101000110011
1000010011001000
0100101110001010
1001011110110010
1001101111111100
1101010000101011
1101000000100100
0001011011001100
0001000110011010
1110101101010100
1111000001001010
0101001101010101
0011111000111111
1100000001011111
0010000110001000
1001111011011011
1100111011010101
1110110000111011
1101000101100000
1000011000100101
1101111011001011
1100100111111110
1101101010011111
1101101101110101
0111011101000000
0010110110101010
1111101001010101
1011111010111011
1100100001011000
1110111010101100
1010001110101111
0111100101001100
1111000101110010
0010000011011101
0110011111010001
0000001001100101
0110010011111101
0101100100101011
0011111010100010
1001101001001010
0000000010100100
0011011010111100
1001110000110011
0100101111100110
0100100010010111
1011000111111001
0011100010011111
1010011110001010
1011101111011011
0111010011011110
0110110110110001
0100110011101110
1000000110111101
0110000001111000
1010001011110000
0111101110100110
0011010110101111
1101111100010110
0001100110110110
1110111100100001
0011001000010010
0011100101100110
1010111101100000
0000111001000010
0010110111101101
0110111111111111
1011101100101000
0001000111111110
1010101110010001
1010110100111011
0011010110111110
1100111110010101
1110010100000001
0110011010000010
0101001010011110
0110100010011010
0000000011110000
0100111010110100
0111110010011100
0010000101000110
0011101010101010
0101011111111011
1111011010001110
0110100101110001
0100011110101101
0111001000110111
1001011011110011
1110101010111100
0010111010011100
1001101111000101
1100110010011101
0000101111000100
0110111010100000
1010111110011001
1000100100101110
0001001110000010
0110001110011101
0001010011101011
0101011011010110
1110000101001110
0101100011000111
1100000000000001
0001011110101101
0100011110011010
1110110011101000
1100110101111100
0011001101000010
1001010010000110
1000011110011111
0011100100110011
1111100111001010
1100100110010000
0010100100100111
1100101100111111
0000101010111100
1111001110000101
1101110010110010
0010110100111010
0100000101011100
1001100101011100
1000010010010101
0010001111000110
1111111110101010
1111111010101110
1100100100111100
0000011000110110
1110100111100100
1000101111101100
1011010111000001
0101110011111010
1001111001100000
1101001110011000
0001101011110111
1111100000101010
1100011001111010
0101011010101101
1000011000100011
0110011000111111
0100110111110110
0100001111000110
1011000110011001
1000000110100111
1011001110010111
0001100111111010
0001100000010000
0001100001100110
1000001000000011
1111010011000100
0011101011011010
0000101111101001
1100111101000100
0110000000000111
1101000000111001
1101111100111011
1111101011010011
0010100001010100
1110100011101001
1011011100100001
0110001000010111
0001110100100111
1011100011100011
1001011110110000
1110000111010000
0100100110010010
1110111110011101
1111001101010111
1011110110001110
0111011110111100
0000000001011010
1111110100100011
1001000100111110
1110100111010000
1001101011100011
1000000100111010
1001110100000100
1000000000110001
0110011001110111
0010110110011100
0000000100011001
1111110010011000
0100101000100110
1001110101001001
0111111000010100
0010110101110010
1001001111011100
1010100000010000
0010100111110111
0001110001010100
0101111001111011
0101010110110110
0000000101010110
0011001011010110
0010101011101001
1001110111001001
1000010110101100
0110110010110111
0000100100110010
0111101110101010
0000001000000000
0100010110000100
0100100010110011
0111111101101101
0001010011110001
1100001110110011
0001011000011010
1100011011011101
0110001001001000
0111101010001111
1110111001011101
1111110100001101
1111000010110100
0111001011001000
1010101000100100
1100101111010000
0011100011010101
0110111101100010
0010101000011010
0001100100000100
1001100100101001
0110010111110001
0110011010000111
0101110110111000
0110001011010110
1111110001111010
1100100010010010
0101010001111001
1110000101000001
1110010110111100
0010100100100010
0000000101001011
0001110010111111
1110011110111110
0011101111000110
1010000110111100
0010000011100010
1101011000000110
0001011001100010
1011001000001010
0011011011110100
0000100010001110
1101111110100011
1011010101110000
1000100101111100
1001010000001011
1100010001101010
1011101110111001
1001101111010111
1100011000010000
1011110001111001
1001100101101110
1001110110011010
1111010010111101
0111111011000101
1001101100011111
1101010101111100
0101101111010110
1001001011111010
0000111101011011
0111001100010010
1101111110001111
1001101010111001
1000010000100111
1110111111000011
0010111010111110
1011010010000011
1111000101000100
1100100010010011
