0011101100010110
0001110110101001
0011011100000000
1110110110111001
0110010101110100
0011001001111000
0001100000000011
1101100010101100
0100011100110001
1011111010100001
0111111100110110
1010110001110101
1111101010000110
1000100011000001
0110010011001010
0101001111011011
0110010001011000
0001000000100000
1110011111011011
0010101100100101
1110001001010110
0110101100010001
0100111010001010
0000011000111110
0001101011101010
1100010111000000
0011001111010001
0000110101101011
1110000011001001
1001011111111010
1000001011010010
0101101111111111
0011001110011000
1000101111010110
0111001100111110
1011001100101101
1100011000000000
0101001000010101
0110010100111010
1000110100101111
0000001110100111
1100011100001100
1100011011100101
0101000010001100
1010110011000001
0001011010011101
1001001110010111
1011100101100000
1100001101000011
0101110111110111
1110101111111010
1010011101011000
0101010101010010
0000100011001000
1110010011010101
1111111011001000
1010000011101011
1101101000001110
0100111010011100
0000000011110110
0010111011110111
1000000001011010
1100000001111101
0111011000010100
1000100100011011
1001011010100111
0101000101101110
0101101100110101
0110001111011111
1110101110100011
0010110011100011
0011101001110101
0111010101100111
0001011110100011
1111111100010000
0011010010000001
1101011111111000
0100001011100110
0010001011111001
0111011111001000
0001001010111111
0110000000101000
1010110000100010
0101111111101000
0010001000111001
0001001100000110
1110000100000101
0010111001010101
1000011110110110
1110101100111000
0111011100010111
1001010111100010
0101011000110111
1100000101111010
0111110111001010
1011101001101001
0011001100000010
0110110111011101
0011111000010010
1110001101111100
1111000101100010
1011101001010000
0000101110101010
1110100100011000
1000101011011001
0010011011101010
1010110110100010
1110000100100011
0010010110111001
0101000010011001
0000010011100101
1100000011010001
0101010101011010
1110001011110011
0000101110000000
1110110101000011
1000100101001101
1000010110101110
1011001001101001
1110101111011011
1011100011000110
1000010111000100
1010110111101001
1011000110000001
0111010110011100
1010110100111100
1000111100100100
1011001100010000
0001010010001100
0001100100110101
0011000011001110
0000000001111001
0001101011101100
0111010101111101
1010000100010100
1011101000010100
1010110100111001
0000101111011000
0000101111011011
1111111110010000
0000001111111111
1001011000100110
1101010101010010
1111001010110010
0110001010100100
0110001011111010
1101111011101100
0011111110001101
0101110001101000
0111111101010111
1000000011100001
1101100111100010
1010011001001010
1000000011010001
1001011101110001
0001100100000010
1111111001110110
0000101101000010
1100110100011001
0001101000000011
0111011001111001
0111001111100000
1011100110100001
0010101111010100
1010011000110110
1000011010111100
0001111010010000
1101001101100010
1111110110011011
0001001011000110
0111000100101011
0100010011100101
1011000101001011
1101011100010100
1001001001111001
1100101111010001
0011101110000001
0111101010101100
1010000011000111
1111111111101010
1110010101011001
0100110001001000
1011011000010100
1010000100100111
1101001010001100
1011011000101000
1110111010000011
1011110101101000
1000010001001110
0011010101011010
0010111110010100
1000111110001101
1000101101000110
0101000001110101
1111011000110001
0100100110110001
0001110000101111
0010011101111111
0010000111001101
1000100101111101
1000010111111101
0010111000110101
0011100111101010
0100101111100011
1110110001010010
0100010101011111
0000110000001000
1011010010110111
0010101111110001
0111001111110111
1110110001110011
0000011011011010
1101110111100000
0011101001010111
0100010100111001
0000100111110010
1101000100000110
1111101001010110
1111001100110000
0011001111011111
1111010101001000
0000010110100111
0110101000101000
0110101001010001
0010011010010000
1010001011010001
1111011111011001
0010000111100010
0110011011100000
0010111011101000
1000110001011101
1101010101010111
0001000000110010
0000001101100000
0010111111000001
0010110000011100
1111001010100110
1100000000011010
0101111001110101
1110011010000100
1001100011001111
1000001000101011
1111110100110110
0100011011110100
0100011000100101
1000000111000100
1111100100111111
1100101101101000
0100010010011100
1010101000110001
0000110011110110
0011000110100111
1101111011000001
0100001000010000
1011011100111111
0100110000110101
0011101010010011
1001110001000111
1110111101111111
1101010011000001
0001010111111111
1010111000011011
0000100001101110
1011000100111001
0110001010000011
1101000100101110
1010011101000111
1010010100101110
1011101001000101
0111011010001100
1011100100010000
0000010010000001
0011110001101011
0000101110100000
0010000101101011
1011000001110111
0111110110100110
0000101011101100
0010100101101001
0001010110101101
1101000000111110
1100011110010011
0110111001001101
1001101100100010
0001011101000010
1111011010110000
1001110111001111
1010001110000101
0111101110111100
1110000110110001
1110011110000010
0111100100110010
1110011010000110
0001010011011100
0011101100011111
1101111011100011
1010001010101111
0011101101111110
0111100000110001
0111100101111011
1000011010010110
1000011110010001
0000010000010010
1010100111110000
1101111010010001
0010110000101001
1101011011110110
0001110001111111
0110000011011000
1001101001111111
1000101110010111
0010001010000100
1011011011101001
0011110100000101
0111000111111000
1110001010010010
0010100001111011
1100111000011001
1101010010111011
1101001110011111
1100010111010011
1001101100101111
1011010001100011
0001110100111111
0001010111110011
0000000000011000
0011010111000101
1000011010010111
0110011101101011
1100001011100011
1100110101011111
1111110010110001
1110110110100011
1001000111111000
1010001110000101
0010011111111100
1111110110010101
1110011101010101
0000111010100101
0001011000110100
1010001001010110
1001000101000100
0111110101010010
1100101100011101
1011000100011011
1101000111010010
0100010001111101
0101101111001110
0011111000101111
0111101111101111
1011100000010110
0010001101101110
1000001111000011
0111100011001010
1011101101100110
1110110010001000
1000001100111000
0011101010110010
0000111111000011
1001100001100011
1111000101101110
1010100010100011
0101110111001011
0111111111100101
1010110011111101
1001101100011111
0010000101111101
0011011101000000
0101011111110000
1110100100010011
1010100101111110
0011000110011110
1110000111110111
1111101100111100
1110001101100111
0101111001010100
0111110010111100
1100100100011110
1000110100000111
0111101110100111
1110010001011110
0101011001101101
1101110000100010
1001000010111110
0011111000000011
1001001001100000
1000001110110110
0000101111001100
1101101100011011
1000101010000000
0010110111111011
0011101110000000
1110001101111111
0111101100110100
0011011111111111
0010010101101111
0110101100110110
0100100100010100
0000010011111010
0110101001100100
0001010000010000
1110100001011101
1011110100101011
1111010001010000
0110011110111010
1100011010000000
0000011100001011
1010011011101110
1110011100001100
0110011111111111
1100001101110110
1010101001010001
1010110010011100
1001001011111010
0011101101011010
0101111101000011
1100111110001010
0101000101111001
1000000010011000
1011100001110101
1001111101101111
0111010111000010
0100110011101110
0110000100100011
0011101010110101
0101011100101010
1101000001100100
1011101011110000
1011000101100111
0001101000010011
1001010101000100
1000101000110110
0110010100011001
0110111101100101
1011110011111001
1110010001100011
0000000010000001
1100001001110001
1011101000011011
0001101001001101
1000100000101001
0001001101100011
0100111011110000
0101111000101110
1110000011010111
1010001111001000
0000000100011110
0100011001100101
1010110010110000
1110001001010100
1101011110001011
0010101000110100
0111000110111000
0000010100110110
1000001011000100
0101010010111000
1001110001100100
1000001111010101
0101011011011111
0001111011011010
1101111011000010
0001100100110100
1001110001011111
0011101101100101
1110111101101000
0000110100000001
0001010110001000
0011101101110010
1110011001100101
1101110000101001
1011100101100101
1011111100100001
0000000110110011
1000010110101011
1010011101000010
1110101001110011
0010111100011011
1010010001000011
1100001000100000
0111111001011100
0101001011001000
0110000100010001
1010111000011001
0011110000100010
0111000001011110
0100101111111101
1110011110110000
1100101100011100
1010101111101010
1111010111111010
0011000110101100
0000101001111100
1101110001101011
0000110011111010
1011111101100111
0111010001110100
1101011000110111
1010001111010111
1111110000000100
0001010000011011
1011000011100000
1100010011011010
1011110011000001
1001101000010011
1111000111100001
0111001001111111
0000110101010000
1010000001101000
0100101000110101
0001111101001000
0011111110001011
