0111101111010000
1010011000111101
1111100110011011
0001001001001111
1010111110011000
0010010000001001
0111000101000010
1011001110011110
1011001101001001
0110101000100110
0101101000011010
0111110011011100
1010110011011011
0011101010101011
0110111010100101
0001110100110011
1110101110100111
0100100000001011
1111111100011001
1010110001001001
0100101001000101
0100100111111110
0010000001001011
1111101001001110
1111101101000000
1011000000001111
1010110000100011
0001110100101110
0111001110100100
1001010101000110
0000011110101011
0001101111100000
0011111001011101
0001111000011100
1101010110011010
1100000000011000
1010010000000000
1001001010000001
0000101011100010
1110011110000011
1101110011100111
1111000111101111
1111000101011011
1001100010001110
0000111101101101
0111000110010101
1101001000011111
1111000111011010
0101011010011011
1100101111110111
0100101010101000
0101010110111110
0011111111101000
1000011000110101
1001001110101011
1000000000111011
1111010001101000
1011110010110111
1010110011011100
0001110000110101
0011100011001111
1100011010100101
0110000011100100
1011000001100001
0101111100111100
0000011001101101
0101011001100100
0111010101001101
0010101111101110
1010101000011001
1111001101101010
0110111000111010
0101011011000001
1010010001001101
0101100000110110
1110001100110111
0111010110001001
0110100100011110
1011100110101110
0001011011111011
0101101111001001
0001101000100010
0010101000111001
1110001100111000
0101101000000000
1111100111001111
1001001111000000
0001000111000110
1101001010010110
0010101011010001
1010000101001001
0000010101111110
1010110100101000
1111101010011000
1101110101100011
0100110000100111
1111100111010101
0000101000101010
0001110000111110
0001010100011100
0110001010100001
0010001000101011
1111001000111000
1010010100101010
1010111000110011
1010000100100010
0011110001101101
0101100111001001
0011111011011001
1000000001001011
1010000000000110
1000011111101101
1100111001100110
1000111101111011
0100010110101000
0011100100100000
0001101101000100
1101111111101111
1010110011111100
1000111010001010
0100100011100011
1010000111011111
1110111010000001
1111101001111011
1101011100011100
0110101110000000
0001111010010011
1011110110110110
0100111001100011
0110000000100100
1001011001110010
0000001000100101
0010001000111100
1001001011111011
1000101101011111
0110001100011000
1001110010011000
1011010100011000
0011010010111110
1101101010000001
1001011000100001
1101011001010000
0011100011011101
1001011010011001
0010100011101101
0111111010000101
1111111110000101
0000111111101000
1010011100100100
1101010111111010
0101011001101111
1100111010000111
0110110001100110
1011000101111010
1101001011101000
0100111100000110
1110100001100001
1011010101001111
0110010101010100
0010111010011010
0101011110101101
1011100010100010
1000011011100010
0110110101011101
0101000100001011
1011111110010101
1110111100000011
0111111010111000
1110100100101001
1110101100110110
1100101101100100
0111101000000001
1111101110010101
1000010011100011
1010110111010110
0011000000110011
1011111010000101
1100111100110011
1001010000100111
1110101010110010
0011011001100100
0001110100100111
1010111111101000
0111110011110100
0011000100000000
0000110101111001
0000111010010110
0111111000100001
0001011011000011
1010000011110000
0010010100110001
1111110111010010
1001110010101111
1000000011001000
1001100111011010
0100010001110000
0000101100111011
1110110001100001
0100101010010110
1101001011110000
1111001110001110
1101111000001000
1100001011011001
0110000110011001
1001110110110100
0101011111001000
1011001011100001
0111000011010010
0110100001000011
0001010001100101
0000010101100001
1110101111111001
1100101010011010
0110000000011011
1100010011101110
0010101000101011
0001000110000111
1110111100110110
0101110101011100
1111100101100100
0010010111011000
1101110001110000
0000011100111101
0001100111000001
0100000000101010
1001111101001001
1010010000000101
0110111001001110
0000010111001010
1110000000010010
0100111110011111
1001110010111010
0010111111110111
0100001100101110
1011110010001001
1010101111010110
1111001111000011
1101011011010110
1011000010011110
0011001000000110
0010110100000110
0111011111110110
0001001000001011
0101111011011110
1110010010011101
0010100100010010
0000011100110010
1010010001011110
1000101001001011
0111111110110111
1111010011000101
0101010011001110
0111111101111000
0110001001010000
0011110010010111
1010111100011100
1001000001001100
1111100010110011
0010010100010011
1111111000111001
0010101111011110
1101110011110110
1110011000000000
0101001011111010
1010100110011110
1101101001000000
1101011110010011
0001100001100101
0000101000110011
1010011110100001
1011100100101001
0111000100110010
0010000001011011
1001111111110111
0101000010010001
0001010001010110
0000001010011100
0101110010001101
1001101101000100
1110101010001001
0111110111111011
0100110000110100
1111110010011010
1001011000101000
1110111001101101
0111100111111101
0100001001110001
1101110111111110
0000100110001111
0010100011010011
0001011010100111
0100101011000010
0101000101001100
0101111011011001
0000010010000111
1101100111111101
1110010111110010
0111100001011010
0100010111001111
0110011111011001
0011001100001000
0001110111000010
0000010011100101
0000110100111101
1001101110101101
0010000000000000
0001110010001111
0100111011000010
0011001111011101
0110001110010010
1001011111001101
1001100100000010
1010010110100100
1011101111110101
0110010101111101
0001100010010000
0110111001000011
0011000001100110
0010011000000100
0111110010001010
1100001111100001
0110010011101011
0001011100100100
0001101010000001
0101001011110010
1000111111100000
0100111000000010
1000001101000000
0100011001110000
0001110010010011
0111100101000111
1100011010101110
0100000111110100
0101010100000010
0101000000101001
1011011110001101
1111010001100101
1100001010101001
0101101010010010
0000001100100101
1000111000111011
0111110010111111
1101001011111001
0010010101011110
1100110010101100
1011000101100100
0100001110001001
0110110010110010
1100110111111110
0001100010111100
0111001110001010
0011000101100100
1010011100000000
0001011011011100
0001011000001100
0000111011100111
0101010001010011
0111111100101010
1001001100001001
1111001101010100
1101000111101010
1100100101110100
1111001010110001
1011001010111010
0010010011011000
0111000011000011
1111000000010100
0011001010101111
0001101001111010
1010011000001101
1000011001001100
0001111101110100
1100011111001101
0000100100000100
0111111011110001
1101110010000101
1100011110110001
1101100110101011
1001100111001101
1010010000011001
0000001010100101
0001100011100011
0000000111110010
1011010110001011
0101010111101101
0100110100101111
1001101111000111
1011111010010101
1000011011010000
1010110010000001
1001011111110000
0000001010101111
0001111100010110
0100001111101100
1011101010010010
1101100001110000
1001010111110011
1110010001101010
0101110000000110
1110111000110110
0011100011000011
1101100100101111
1011110110110110
0111001010100010
1100111111011111
0110010101011000
0000011110000010
0010001101001011
0011000111111100
0001111011001110
1101101011011011
1010010011010000
1100011101011011
1000011100101010
0010100010100000
0011000001001001
1010110011001010
0000110110010101
1001110010000101
0100011110000111
1100111101101001
1111111111101110
0101011000000011
0001100111110110
1011100110110011
1010011100100001
0000100100110000
1010100101111101
0110010001110101
0111101110001111
1001000101101001
0010110111001101
0010010101101001
0110110010000101
1110000110001111
1011110110111010
1111110101000110
1101011110111111
1011001100110001
1010111010100011
0011010110001011
1011001110100110
1010100101000110
0111100111110011
1110010011101001
0010000111101001
0001001011111111
1001011101001111
1010111011011110
0110101110110101
1011000010011111
1000111000100001
1001111001101000
1110110011011001
0110101000100000
0110001101011111
0110011011111101
1111101110010100
1111010001010001
1001010010100010
0100000010011101
1000011100100111
0101010101010101
0111011101111110
0001111011110001
1011010110010010
1011100011000000
1011110011110000
1101100010001010
1000010010010000
1100110100111100
1001011101100111
1110000110001111
0100111000110000
1000010001010101
1001001100111110
1000001111101001
1000010001101101
0011100000111001
0001001001011010
1010011100001101
1010100011100010
0100111111000001
1010110001000001
0110011111100101
0111000001101011
1001001000100111
1010000011011111
0100100100001000
1111111010011110
1110100001011000
0011010010000110
1110011100100100
0101100110101010
1001000000111000
1101101100000111
0110000011101001
1001110110010001
1110111111011001
0110111010110101
0101010100001111
1011100011100000
0000001010010101
0000010110110110
1010110101111010
1011001001100010
1111010100010011
0001110101110001
0110010000111011
1101110010000010
1100001000011111
