1101110101011111
1010100000101011
0001011011000001
0011010101110010
1000000100101000
1010001000000110
1100010001011101
0010110011110001
1101100100100100
0100101001011001
1001010001011111
1100110101001001
1101011010000011
1000011010011001
1100000001100000
0100011110101011
0110011011100011
0110101000011111
0101110000000001
0010111001100011
0110011000101000
0101001001110001
1010000000101100
0100100000101110
1110000010001101
0111011110110001
0011110101011011
0101000000100110
1000101000100101
1111001100111001
1011010111110101
0111001000110100
1110101100010110
1111001111010001
0010000010110010
1111011000100110
1101101000001000
0101011101101110
0101000101100001
1100001011001100
1100010010111101
1010000001011101
1000100010111110
0011101101000100
0011000101101100
0110000110110100
1000101001011111
0100011101010001
1011101110010001
0101001111110011
1100111101100010
0100011101100011
0101000110110011
1000101101110111
1101010101001000
0100000100101010
0100101001010111
0111111110100111
0110110010111011
0010111000111110
1011111111100110
1111110101110100
0000010100010101
1111110001010101
1100011000001111
0001000010111000
0010000001000111
1010001111001100
0101010001011101
1000101100101010
1000010110101011
1011111101010101
0101100111000011
1001101001010111
0011110111000011
0011011100100000
1010101010100100
0101100000110101
0111100010111100
1101001010011010
1001000100010111
1101111010101000
1111011011100101
0000010010001101
0111011111111000
1001000001101000
0000011011001111
1110011110110001
1100111000001101
1010110101010101
0010101010010101
0011000101111100
0000111100001111
1110100011101110
1010000110100101
1001010001101111
1000111010110000
1011110000100111
1010101101101101
1110100010000111
0010000101110110
0101111110100110
0110111111010001
0110101010111011
1000000111111111
1101101001100001
1010011100001111
0101000000110000
0010101110100000
1010110100001001
0000010110111010
0100110000101001
1101001010010101
0110000000000101
1111111100100110
0011011100000000
0100001101101010
0011100010110110
0011001011010111
1010000111100111
1100101010010110
1011100010001001
0100011111101101
1100010001111100
1011100101110011
1001001101011010
1001110010100111
1001110000111100
0000001010110000
1110101001101000
0000110101101101
1000111011110000
0111111100111010
1001001001111100
0100001110011110
0111100011010010
0011111100100100
1111110101000110
0111010001011110
0000100110001010
0001000111101011
1101011100100110
1010010000001101
0001011000000110
1001000101010101
0100110011100010
0000111110011000
0011010001110100
1011100111010010
1110010101000100
0101001111010001
0000110001111110
1101111001111011
0101101000011011
1100111011001011
1011100011101111
1101001011011010
1100001010010011
1011100101110011
0110110110111101
1011101011000000
0100110100100001
0001111100011100
1111011001000110
0000111100001100
1000111110111111
0101000010001110
1110110110000001
1001110000010111
1100110001001111
0010010011111000
1010110011000100
1010000001101111
0110101010110010
1110011111001101
0001010000010010
0101110111001101
1111101110100001
0111011000011100
0101010011110001
0010011100111011
1111001111001001
0000001001101111
0010110101111110
0000010110100001
0100001001000001
0110000010011001
1110001110110110
1010110100000100
1100101010101101
0011001101011010
1010000110100000
1110011101000010
0100101000010001
0010011010011111
0011100101010110
1000011011100010
1001111010001111
0111001101111000
1011011010100010
1111110001100100
0101011010010101
1100001101001011
0011100000011100
0110000011001110
0000111000101001
0110101101111000
1000010011011101
1011011011100000
1101011100100011
1101011100110100
0000001111100000
1001010010111000
0111111110000110
1110101111100101
0111011010110101
0100011100011100
0000001001001001
0101010111100101
0000111001000001
1011100011010101
1001111110111001
1011110010000101
1000000011001001
0111001111100001
1111010010011111
0110110101011101
1011011101101101
1101010110010101
0100110011111000
1100001110001010
1110110110101101
1010001001001010
1011111001011101
0001011011010100
0100111110000001
1101001100011000
1101011011010000
1110101111011111
1100111011000101
0111101100100001
0011101111111110
1011010011100110
1001001011010110
0111111110100111
1111011111001000
0011110001010100
0110011011010110
0011011000100001
1010101100110111
1111011101000001
1000110010010111
0010111001100010
0010010001010111
1100100011110110
1000100000100101
0011011000110111
0010110010001011
0000011000001101
0100101110010100
0110000111011100
0001111001011000
1110100111010111
0000000111110110
0001101111110110
0000110011010010
0111010011110101
1111110011100110
0001101010010101
0110111101000110
0010011011100100
0100011111010111
0000001000001001
0010110110101001
1100010101100010
1001101001100110
0101110010010110
1100111111101110
0011100011101101
1010001101110100
1000011011100010
0011111101000011
0011100011011001
0100011000001101
0010100011001001
0111000100000001
0100011010001110
1100111110010110
0110101100100111
0010100011100110
1010110111001001
0111100000100111
0100100010010000
0001001110100001
0101111010000010
1010100011100110
0001010111101100
1001110010111000
0011110001110000
1110010010010101
1100000101001110
0011001011100000
1001000110000011
0101100001111001
0010010101011011
0000101001011000
1001110010000110
1011111001110111
0101011001010010
1001101001001001
1000011101011011
0000001110101110
0100001001011100
1000011000001101
1010001101111010
1101100101111000
0000000001100100
1011001110101110
1011000101001111
0011001111001011
1100000101110011
1111001111100010
1011000111001111
1111001000101100
1001011111001111
0100000110011110
1100011000001001
0010010001010000
1001110001011100
0010000011110001
0100100011101001
0100010111110101
1101000100101100
0010011001101100
0101100000001010
0000101111100000
0100111111111100
0001101011010110
1001010101010110
0101101011110101
1000001010000001
0001110010010110
1010000011011111
0010010101110111
1001001011000111
0010000001000111
1110001011110010
0000001001100100
0010100100011011
0101010100101101
0011100011110100
1000010001010001
0110111100111110
0110110101011001
0111110100101011
0111110110100100
1010111001000010
0001000101000111
0100111001101001
0010111110101100
1101110001011111
0010101010100000
1110111100001110
1110110111111001
0100111101011011
0101011011111110
1110010011011110
1111100101101011
1010011101001011
0010010101001001
1011001100101110
0001000110101100
1111100111010010
1011000001101011
1110011101011000
0010111101111101
1100101011100011
0011001101100000
0010101101100011
1000000101100111
1000000001111011
1100111110000101
1101100100101100
1110101111111010
1101111111010101
0100011010111010
0001000010111000
1100101011011100
1010110010011010
0110000100110011
1111000100000000
1101011001111011
0101010110111010
0110111001011001
1011000100011100
0011110010011110
1001011010111101
1110000100101110
0010011000000010
1110010001001000
1110000000111001
1001011010110110
0100000111011101
0001010100010100
1100001111011111
0110100011101011
1101101100101100
0111110111101011
1101100010011110
0010100010101110
1000000010110001
1101001101011011
0100001100011010
0001111111101001
0111001011011110
0001001101011111
0001100000001101
1001011010010111
0111100100101010
1010111001110100
1110100101011001
0010110101101000
0111100001010101
1111110100011001
1000001010100000
0010110101111100
1011010011001110
0010010100101001
0111011010111101
1011100001111100
1100010000001101
0001000110100010
1101000100011111
1101100000100101
1110011010010001
0100110111110001
1110000000110011
0011001101110011
1100011000101100
0100011100111000
0111011011111101
0100111000000110
1000101111100110
0011010111001111
1101110101100101
0111100100110110
1000001010100010
0111001100010001
0011111110101101
0110111100101100
1100011000000101
0011001000000000
0010100110000100
1001010011011111
0111111101000101
1011010110111110
0110110011100000
0001110001100001
0110101101110111
0011110010010000
1011000111001101
0000000011100000
0001011010110001
0100111010101110
0000001110000101
1111000010000111
1000011010101110
0000011010001011
1110001101101001
1010100000000011
1000110010100111
0110100011111010
1000100011000000
0011110001001001
0011001111011100
0100000010001011
0100010111001101
1010110010010001
0001000100001011
1110000010010010
1011110100011011
1011111011001111
1001111110111000
0001111001111101
0111111001110011
0100001001101101
0001010010001100
0111011111111101
0100100011000010
0000110000110111
0000111111010000
0011111100000111
0010101110100111
1111011101101100
1100010011010101
1111110110000101
1000111011011100
1101010000100011
0100100111010110
0000010100101011
0110101001101101
0111100010000111
1001011111101111
1000111111111010
0010100101110010
1110101011111101
0011000100011100
0000100010111111
1101100010000010
0011000011100101
0111001111010000
