0000000101000011
1011001110111010
1111011100110101
1110000001101000
0101011001111010
0000101001011010
0100010001100110
1101111100110000
1001110110010101
0101000010011101
1001101111100110
0001011011100100
0100000000111101
0011010100111100
0101110100100100
0011100100110000
1110001110011100
0100010101000111
1001010101101010
1101010110110000
0010110011000010
1111100100010000
1100011000001110
0111011000101001
0111101101000101
1111111101101100
0001111010011110
0001000100111000
0010011100000010
0110111000111101
0011010010100011
1101100010001100
0001000111100101
1111101111011101
0010100001010100
0000100110001000
1000011101000011
0010100110001010
1101010010101000
0010000101001001
0010000101001100
1111110011011101
1010111110011110
0010100110001001
1111011000110001
0101001000101110
0100010000110010
0111111110111001
1001001000110111
0100101111000000
0001101111000001
1010000010111101
1011011001111000
1000111110000011
0010111001110101
1001101000101111
1110001001100010
1100000101101010
1000000110001101
1011101110011110
1011010111000000
0000101101100001
0000010001101110
1001000100010100
0100100111111010
1111100000011100
1110110111010111
1011011101111110
1101001100010111
0111011010111111
1011001000110000
1010100111100100
0011100101100101
1100001101000110
0001110101111010
1101101000101011
1010000100101111
0010111100011010
0000011001000011
0011101001001001
0100010110110011
0101111100110011
1100110101100111
0011111100111010
0011100100100001
0110011010011100
1010100100100110
1010001111110001
1011001011010011
1000011101111100
1111111111101111
1101110101000111
0011101000010111
0001101010000001
0100000101000100
0000101010011010
1001011111010000
0000011101100000
0110101111000001
0101011000001000
1000100101110011
0111111101010001
1100100100000001
1100100011110111
1010110111110000
0011100000011100
1100010010001110
0110111110010011
0101001111111110
0100011110001001
0000010000110111
1010010101111101
1110111001101100
1000001010100011
1101000100101111
1010100001001110
0010001000101101
0001111100011111
0110110000000001
0101011100111001
0111001010100000
1110000010111100
0101100011110101
0011101011110100
1110010100110101
1010011111000101
0001100011010111
0001000100111101
1100010111100111
0010101110111110
0110010010000001
1110100010110001
1011011001000110
0101101001010101
0110101000011101
0110001100110111
1000001010000010
0101101000011110
1001000011111010
1110010000001011
0011001110100111
1001100110100011
0101111110000101
1001010101111101
0101110101010101
1101001011001110
0111010010100011
1001110011011001
1111100000010011
0011100011000000
0001101100100001
1001000110011100
1110100110011111
1110001010010000
1110111111100101
1001101111001111
0010001101111101
0011010111010001
0100110000001000
1101010110010000
1110010110100010
1101000110001000
0110100011111000
0001100101101100
0010010111001001
0010101001010000
1010010110000100
1010010001111111
0000011101001000
0001111101000011
1000001100111111
1010001100101011
1001001100111001
0001100011001100
0010110010010001
1000011110001111
1010100110110000
1110110010101010
1011100001111001
1100000110010101
0110100000111001
0110100011001000
1101110111110011
0011110000000001
0000111111010000
1010011001111110
0101100110101100
1011000111010100
1010111011001011
0011111000111100
0110000001011101
1010101100110001
0000001100000111
1110001100010111
1001011100110000
0001111010001001
0001110011000100
1101011100011101
1001001110100010
0011001100100001
0111100010110001
1010011011011101
1100101011100001
0000011110001001
1111000000100111
1001011001110001
1011111111100101
0000100100001110
0011110100100100
0011110011100010
0001111111001010
1111110011111111
1111000010010001
1110011111011111
0000011001010100
1000111110011110
0000001100001001
0101100110011011
0101110011011000
0011010111011101
0100111001111110
1110000110101101
0001100010011110
0110110011110110
0000001010011010
1001011010111110
1010100010001010
1010100011100101
1000101101011010
1001101001101010
1011110111000110
0001110101001000
1011100100011001
1011101111101110
1001011000000101
0100000111101001
0010111111110100
1010001010010110
1110101111101010
0010101010111111
0101111101000110
1011100010011111
1110001101000100
1000110100101110
1100010010000001
1111011000011001
0010010001111010
1001010101000100
0110011101110000
1001011000000010
0110110001111101
1010101101000111
0010001000110010
0100000111010110
0011110010010100
1000011101101111
1101010010001001
0010010001100111
1101000100110010
0101000000110110
0010101010000010
0001010001101111
1000001110011110
1010010000010011
0010001011011111
0010010101110001
0100101101110101
1110011000000110
0101100111111001
0100100000101110
1111011100101000
0011000000000110
1111100101010011
1101001111110010
1000000110011100
1011100101110111
0101100101010001
1111010111101111
0100000111011000
1100111110000011
0011110000001010
1011010000111001
0111111001110100
0010111001011011
1001011001100011
1010101011010000
0101000111000011
0111110001010000
1000000110011010
0101111001110111
0111111111011101
0101110001100101
0110101110001110
1010100110110101
0110110010011011
1011111011100000
1110010000011011
0001100111010101
1100000111100001
1100100001111100
0000010101100110
1111111101000100
0000011000001001
1000010110110110
0011010011010100
1111001110100010
1011001100010010
0011010011100000
0011100011100110
0001111100100010
1001100010011001
1001000100101100
0110101011011011
1110011100011001
0101000000011101
0110011110001000
1111000100001010
0101010001110011
1110101001000110
0111001000110110
1011110110000101
0000010101110000
1100110100011111
1000101011010111
1110111011111100
1001110000111111
0010000110100100
1100110010001101
1100011010011010
0110110010100000
0000110100011100
1110100100111010
1001101011110110
1010011000001110
0110110000110000
0100000011010000
0001001100000110
0001110000101110
0001011111111001
1011000111101010
1011111110100110
0111101100101001
0101000000111000
1010010000000001
1000100101011100
0111010010100110
0000011001110000
0010100111010000
0000011011101010
1101011100011101
1011001001100110
0110111000100000
1101101001000011
1110001010011100
0110010000000011
0000110010101001
0000110000000111
1000001000101010
1011101100001101
1001110101011000
0110111111011100
1100010101111001
0011010101111111
0001101001111100
0101001111100110
1100001111110010
0100011011110111
0011101101110000
0110110110000011
1111101011011000
0000110011111001
0101110010011010
1011111010001100
0010101000000101
1101011000101100
1101110111010101
0101001110011110
1111011100100110
1001111010000110
1101000111100010
0000010101011111
0000010100100000
0000100111000110
0000110110111110
0101111000000111
0000101010010000
1100100111011100
0110000100101111
0101000001001110
1011101100111010
0110111100100011
0011101000011111
0011001011001110
1011110110001011
0111110001110111
0000011011011011
0000010010000110
1101100100111101
1100100111001111
1111010010110010
1101011010110000
1000001111010101
0101100100110101
1001010111000111
0110111100010111
1110001000011100
0100010011110001
0011111010111100
1000101111011111
1111000110010011
0001001010000010
1100111010010101
0001000110000100
1110110011011011
0110010001011000
1011100011011011
1011101101001100
1001101011111000
0011111011111000
0010000010000110
0100000001011011
1010111010011110
0000111011011011
0110111111100111
1010100111011111
1100100100110111
1100100100010100
1010010001110100
1011100101010100
0010000000010100
0011000011001100
1101011100110011
0010110101111010
0010101000000111
0101100101001111
0001010011001111
0111010110101001
0100101011100000
1000001101110101
0001111010110100
1101010111111110
1000100010101010
0001111100111110
1101100000111111
0100000100101001
0101100000010000
1010000100110010
0110001110000101
1011111111101010
0110101001111000
0110100010110001
1101110100000001
0101010101111111
0010011001110110
1100010011010001
1111011001100110
0000011010000000
1100101100100101
0110000101111000
1000101011000111
0110001000000000
0111000010001000
0101111010111011
0111100110001000
1000001000101100
0011010110011010
0001000001101100
1100001111010010
1011010101000100
0001111001011101
1000010100011000
0001100100100010
1001001001101001
1110011100001100
1010101101001011
0001101101110100
0011010111011000
1001111000001011
0111011100100110
1001001000110011
1000101001011111
0001101101110110
0000111000001110
1001000100000010
0001101111110101
0100010011111011
1110100010010110
1111011000011100
1001001001100001
1000100011001001
1001000101000111
0011000100110011
1100011011011011
1110010100110100
1110101101101011
0111000110101101
1110100110101000
1001111010010100
0101010001100111
0000010000110011
0011111010011010
1001100100101100
1001000011011000
0101000101010101
0011000101111111
0100100101011100
0101010010101110
0111101110010011
1010001110110000
0001010010000101
1001110101101001
