1100011000111111
1010111101100001
0101010000001010
1011001001101001
0000010010110010
0000100000110111
0101011001000011
0010101000000110
0110100110110100
0101111000100110
1010101000011111
0010111001101011
1001001101010100
1111110001001101
0001111110000001
0100110111010000
0101101100100100
1100111110101001
0111000111101001
0111001011110011
1101011110011101
0001101010011101
0000110011101000
0100011111001110
0010100100100001
1000010000000110
0111101001010011
0110010111100111
0010000001111000
1110001000001001
1001101001110111
1110100110001001
1100011011010011
1110110010011000
0001111000110111
1100000111111010
1100110001100011
0100110000001100
1101101000011001
1001010001011100
0101101110100000
0101101010001110
0010000111010110
0001011000110001
0110111100111101
0010100100011100
1100000001100111
1010110011011110
0010000111100110
1011001000011000
1111100001011010
0100011110011100
0101010011111010
0001001111010000
1100010100110110
1111001011100001
0000100001010110
1101001011111100
0011111110110110
1111101011010101
0100111101011111
1001011011010100
0011100101110000
0010010010010100
0111100010110111
1010110010111110
1011110000101011
0100110001100110
1001111110100101
0101001101110010
1111011001110010
1101011000100000
1001010111010111
1101010010101101
0100100000101101
0010000110011001
1001011111111111
0110110001001110
1111100100100011
1001101011000000
0000001110100111
1010100101100101
1011011011001010
0100110100110011
1010010010000011
1011001110101100
1100111011000010
1111111111001000
0001001001101111
1110100010000011
0011111100110010
1000010000101011
1010001011010110
0011000100000100
1101111100111110
1010110111000011
1100101000100000
0101000111000001
0001011000110011
1010110110100101
1001100000001011
1100001000100101
1000110100001010
1011111011000000
1011000101111001
1011100110100000
0110001110011110
0110001001000100
1110100011111100
1001010011000001
1111010100001101
1100001001001100
0111001100001011
1101011010111001
0101101100000010
0100111110000001
0100011010011111
0100101110010010
1111101011101100
1110101111010011
0000011111101111
0101000110110101
0110110110011010
0011100100011101
1111001111101101
0111001110010010
0011110110111011
1111100011111000
0011000110010101
0010000011101010
0100011011001011
1111101001110100
1010000111010000
1101110010000111
0111011111110101
0100111110100101
1100101110001100
0100001111100110
1111101000000010
0101101000001001
0000100110000001
1011111101001101
0011001000000100
1101110000011110
1111010100100111
0111000011000011
0010011011110100
0110100000001100
1110000001001111
1100010100111010
0000100100100111
0010000001100001
1001001011000101
1111010100111010
0100111011010110
0101000110100100
0001100011000111
0001000001100001
0010100101001011
0011110100101011
0011110101100111
0001011000010000
1001110111011101
1110110101011110
0001100100000111
1101110110101000
0001111011101101
0001101110101110
1001110101001111
0011101000111001
0110100010111101
1110010011110100
1000010101001011
1010111011001000
0010101011010000
1010111001011001
1011011100001000
1001001111000101
0110101110110010
1111001111010101
1011101011010001
0010101101111110
1111100000001111
1010011010011101
1011110101110110
1000110000010101
1101001010111100
1001101110010000
1101011010010111
1110001010100000
0111001110110100
1001001001011010
1110111000001110
1101001101011110
1110000001001100
0111011110001011
1001101000100001
0110101111100101
1101111110100111
0010010011001101
0110001010100100
0010010011100100
1111111000110011
1011000001001101
1100110101100011
0011111110011001
0010011011011011
0010101010010101
0110001110000000
0101110101000000
0110000000100000
0000110011111101
1100101110101111
1000100011111000
1110100010001101
0111011101000000
1010111011000100
1010011011111001
0100011100111011
1101100101100111
1110010111100010
0011011010110010
1100100111011101
1000100001010101
0011000001001010
1000101100001000
1111110000110101
0100111111001100
0101101001111101
0001001010100000
1110101101011101
0100000111101110
1010001000010111
0101010111001110
1001010100100001
0011110000101001
1001101010101000
1101010010101111
0000110011001100
0001001110011000
0101010100101101
0011000001001011
0111100011110011
0011001001011011
0111011010010100
0000001110001110
1110101010101101
0101110111111110
1011111110010000
0011010001110001
1010110000000000
0001000101111000
1111010110110011
1001011010010101
0110100010001011
1010011011101101
0001111101010001
0000101100011011
0111101101111101
0010101111010110
0110101100100000
0011110110110111
0100100101011101
0100011110001001
1111111100101001
0011011100000001
1000000000001011
1111110111100001
1000011010011001
0101101100111100
0000011110110000
0001010100011011
0010000000011010
0111010110110001
0101011001111110
1011010010000101
0011110100111110
1101001110011001
1111110100001010
0010010000011101
1001010000011011
1011001010010010
1001110011000000
0101101101001001
1010111010101001
0000101001111111
1111011011101010
1001011100100011
1111011001011110
1010111000000101
0000000001001110
0111011000001100
1010000111110111
1111000111110111
0001110010111001
1011011111010010
0000111111101101
1110111110001011
0100100101000010
1000011011101101
1101010100000111
0110011011101011
1001000110001101
1110100010111010
1000111000001000
0001001000000100
0100000010011001
1111111000111101
1110110110100011
0100001010110011
0010000110000001
0010110110111111
1001001000010111
0011000011111010
0011000111010000
1101110000110100
1001101111011100
1111110111001011
0001001100001001
0110110101000000
1000000111111111
0100101000001111
0000010100110111
1100101110011110
1011100101010000
0011101110001010
1101101001001001
1101101010110000
0000010000111000
0011011001110111
1101000011111111
1111001000001110
0111001001001101
0111111101000001
0001101010100110
0110101110110011
0001011001001010
0111100000011011
1101110100010100
0101110010101011
1011010110011110
0111100110000011
0101100111010111
0001101010111100
0001101000000000
0101000001010110
1011110001010001
0001110100000110
1101100100110110
1010110101111001
0000000110001010
1101111110010010
0001101101110101
0101000001101000
0110110100000111
0101111100110000
1100001000100001
1101000100100001
0010111011101111
0000001110111101
1011101010001011
0100001000011001
1110001010101111
1110000001000110
1000101111100001
1111001000010010
0100110000101111
0110111011100000
1000111010000010
1000101011000011
0011000100110011
0110011100000001
1001010011111110
1100010000110110
0010000110110111
0010001110111111
1111101001100111
1011110010010111
0010011111010100
0010100011101010
1001001001101111
1110000100101110
1101111000111000
1001010111101001
0010101001011011
0101000111001101
0000011000111111
1001010100001110
0000111000111111
1110001000001010
1101000110110111
0110001100010100
0110101011100011
0110011111011101
1001100010100100
0000101100001101
0000001110111001
0000000101100001
0010001010000001
1001010010111100
1000010100101101
1101010001111101
0110110001010110
1111100100000110
1000111100011001
0101100001101001
0111110110110001
1101111110110110
1110101010011010
0000010011000001
1100111001101001
0000100100100111
0000001001100100
0111111001100100
0111010111111100
0110100000000011
0111111101001101
0101010010101101
0111110110110011
1111101001000111
0000110000110000
0011000000110001
0100110001101100
0001010111010100
1000101100000101
1011100100000111
1000011000100010
0011110011100101
1000111111101100
1100110010111110
0111111101111001
1110011110100001
0001110010110110
0111110101101100
0010001010110100
1000000010101011
0100011010001100
1111110100100010
1011000110111111
0101011111101010
1010010110010010
0001010011111110
1101110111100011
1110011101010100
1001101001001101
0110100010001010
0110011110101100
0001110001010011
1011111110000011
0110100110110101
1010011010110100
1001111101110001
0101101100000110
1110101111001001
0101010100111100
1000111101000011
0110110011011100
1100001000100111
1001111000110110
0011001100100110
0010010111111001
0000010101000100
1011010000001111
1111110101110001
1101010101001100
1011000111001001
1000000111010000
1011011010000111
0000100110111100
0000111010000100
0111111000000111
1100000100010011
0001100111001001
0101011110101100
0000110110101001
1010010100010011
1010101010010000
1100111011011001
0010000000000101
0000011011111110
1101000111100111
1101100100010100
1010010111001000
0111001101100011
0101100010011101
1100100000111010
0100111000110101
1010010010100000
1111001000011001
1010000001110011
0111010011010110
0110100001101001
1010001000001100
0100011010001001
1110101011110010
1100100001011000
0100101101001100
0000111001010011
1000010010101010
0001011101001001
1100001110100111
1110111011011001
1101010101110101
1011000110010000
1111110100011110
1101001111111001
1100101001011000
1100100111010000
0100001001000010
0001001101110110
1111000101000101
