1100000001110010
0001010000111011
1001001111011010
1000010110000001
1001000011000101
0010000111110000
0100110100000010
0111110100100111
1001011110110110
0101101101011010
1011100110011100
0001001100011001
1000011000111101
0101100100011011
1011101000101010
0101010101000010
0101010111100000
1010001110011110
1001010110000001
1011111110001001
0110100110110001
0111000110110110
0011010111010100
1110101100101011
1010111100100011
0101110110000110
0011000000000110
1011110100101101
1011110010011001
0010010111011110
1100100111101000
0001110100001001
0011111010110100
1110110110100101
1100101000001110
0101000001111110
0110000110010000
1110101000001011
0101101111001100
1010110001100000
1110011101100011
0000011110011101
1011001001001100
1100011000000011
0011111011001010
0000110010010100
1010010111101111
1000111101100100
1100010101011011
1101101000010010
1100010010000101
0010010001011101
1001101010110110
1011101110001000
1000101101111110
0100101010111000
1100000110010101
1000001111110000
1001100101111101
1000010010000111
0111011101000000
0001111111011111
0001110100101110
1100010011100110
1101111001001110
1100001000001000
1011010010010010
1011000000100001
0000000010011010
1000101010000101
1111010010001011
0100100000010100
0000110100001100
0001110010010111
0011010100000001
0100111100011100
1100110100011000
1011010001110010
0111101011011000
1011110110101001
1001101110000001
1100111100100101
1001010110101101
1000100101111110
1000101010100010
1010111000000101
1100001111011100
1010100111001011
1110100011001010
0010001110110100
1011000111000001
1100101000011010
0011010011101111
1001001001010110
0111001100001001
0011101010110101
0101110111110100
1111100001111011
0010011100111010
0000100000101111
0111111110011110
1001001111010000
0010101111010001
1011010010010100
0110010111010110
0010011100100100
0001010101110101
1000010001111001
1110010101011101
1000001010000001
0111010000001111
0001101111001010
0110001100000010
0101100000100001
1111001010111001
1001010000111111
0111001110001000
0100001011111100
0010011111001100
0110010010100101
1010110010001010
1111011010010111
1000000010101000
1001100000111100
1011111110100111
0111101110000011
1000000010001110
0101010111011001
0011100100000011
0100010001101000
0011101110110110
1010111100010110
1010011011101000
1110110101111110
1101000011101000
1111010000000000
1100010101101000
0101101010110110
0110010100010100
1111000111111010
0001100101110110
1000110100100001
0011011011001111
0001000010000111
0111010111001110
0001111111101101
0001011111000111
0100011111101111
0011010000000001
1111101000000000
1001110111011111
1111001101000010
0011100100010101
0001001011010100
1011110000110011
1011010111001100
1100011000101110
1110011101100101
0110000110000011
1000101110100111
1100110101011001
1110100001110011
1001101111110111
1001101111100110
1111111010010000
1111111011111111
0100100111001111
1110111011111110
0100010011110000
0000101000101111
0010100001110000
1101101010010101
0111011110000111
1110011110000010
0101101010011101
0000000101110110
1111101101111000
0000001110100011
0100000111001110
0101111101100110
0101100011010111
1000111010101101
1010011111010110
0001111111100100
0001000001110101
0010100010101001
0000010001111011
0010000011110000
1001101101101000
1101001001101110
1010100000000010
0111110111011100
0000101110001010
0101101010110100
0100111111101110
1110100010000111
0101001110101011
1011010001000100
1100110000111101
0001100110100111
1101010111100100
1100100111010000
1111111000001111
0101010110110100
1011011111010110
1001101101111010
0110011011001001
1010110010100010
1110001010011101
0010100010001110
0001001001100101
1100100101000001
1010011010001101
0000110001000110
0000000001011111
1011011110110110
0111010101001110
1111111000101100
0010010110100010
1100110110010001
1111111101001010
1110100100111011
0011101000101100
1110111100100000
0001011011110110
0101000010110100
1000000100111101
1111100011011100
0010111000001011
0010111001100100
1111111001110101
1100011010010100
1101101010110000
1011111101000100
1001111110011000
1110111110110110
1111111011101111
0111000001001101
0100011001101001
0011101100101000
0000110010010011
1000100010001101
0010100001101001
1010000000110111
1011000110001011
0011011111010111
1001011000101001
0111100110110001
0100111011101000
0000101100110010
1001100000110000
0100000110101011
0001001001010010
1101001000011100
0111010101000000
0000111110100110
1101011100100110
0011001100111111
1101011100010011
0111101110011110
0110011111000101
0110101010101001
0100100100000000
1110110001111111
1100111001010110
0100111111010111
0001110000111010
1000010001010101
0111110001011000
0110111110110001
0011010100010000
1010001010011100
1100010111110110
1000100110000111
0100010011111001
1010111011001000
0000111100100111
0110111001001011
0111011001101010
1000111110010100
1010011101000101
0110011100101000
0001101111100111
1101011100101111
1100101101101010
0001011101101001
0011001011110010
1010001000000101
0101101011011011
1011010000100010
1111100000001111
0011000111110101
1100010100111110
0110010010101111
1100110011011100
0101010010101100
1000001001001001
0010010110111101
0001011000100110
1011001101111001
1000110001100011
0100000001010101
0001110011000101
0101011111111010
0100011001001100
0100101011000011
0101110001100011
0001010001110001
1110001001111111
1010011100110010
1101110010001010
1001110101000001
0001100111100100
1101000111010000
1000001001010110
1001110001011001
0100111001000000
1110101101001000
0010010101001001
1101000000100100
0111101011111001
1100100011111010
1100001010000011
1111000001110001
0010001110010000
0101001001010000
0011000110011101
1110101001011010
1000100000001111
0011111000100000
1011101110001000
0011101100010010
1011101100100011
1010011101100100
0111100011010101
1110010000010101
0010000111010010
1001110011001111
0111101100000010
1001101101100100
1001000110010111
0010010110101011
1110000100100110
1100110010010100
0100101000011100
0011100000001110
0010000011110001
1010010001110100
1111010001101111
0101010010101101
0000100111010101
0100110110100001
1010101110100110
0110111000100100
1000101010111011
0100011010001010
1100110111000011
0000110010001111
0101110000000101
0100111011001011
1111000101000101
0011101010011011
1000101011001111
0000011011010100
1011110101101000
1100001110101111
0001011101111010
0101001001110100
1001101100011100
0011110111101001
1111111100100011
0001100001111101
0111111100000000
0010111001100011
0101100100100101
0101001011111011
1101100010011101
0001000110011111
1111011001101110
1010011001000101
0110011011001010
1101001010110110
0111000001110100
0001110110110100
1100010111001101
1000100110101000
0100011101111000
1101001011101011
1111000101010111
0101011001000100
0011100100110110
0110110101000001
0001101110111100
1010000110111110
1011011101000101
1011110010010111
0101101011101111
0101111100100001
0010000010110001
0100000010101001
1010100110000001
0100110010100101
0011100101111100
1111011111011101
1111001001011110
1011100001100101
1001111100011011
0010001111010111
0101011100100100
1101000011101010
1100111101001101
0011010001010101
1110010101110110
0101111001001001
0010000010101010
0000100101010101
1101101101100110
0101101111101101
0011100001111100
0010011101100001
1001111000010110
0010101101000011
0011101100010111
1101010010001010
1111110001111101
1110010001000110
1011100100010010
0111100101100011
1110000110010010
1010101101101001
1101101110001010
0100101110000000
1111000111100010
0011101110001011
1011101111100110
0101010001011010
0001011100101001
0100010110011011
0110010110101010
1011011001110011
0001011010001001
1111100111000111
1010000101010111
0111101010110010
0000111100000110
0100110000001111
1101110011111011
1100010111000010
1110111010110001
1110111010010011
1000001010001111
0011011101010000
1110011101011101
1111110011100100
0101011101010000
1001111001011100
0010011011111000
1110101100001000
1101000101110000
1001001101000001
1100101101100000
0111000001000011
1101000111010000
0000111111101010
0000101101111001
0110100111000011
0100011011111110
1100101110001111
0000000101000001
1010000000001110
1010011110111110
1001011001111000
1001100111111100
1110001100100100
0001110010000100
1111111011100010
1111101110111000
0110010101100111
1110000000110110
0101001111111101
0011011111000100
0011111010101101
0111101001101000
1010111110101110
0100111110100111
1010001010011101
1110001100011011
1000101111111111
0001001000001001
0011001000001110
0101100010110010
0111100001100001
1100100111000011
1100000000000000
0001001010001000
0110011101000001
0011101100001010
1000101000111010
0011100001110001
1010111101110110
0100101011111011
0011101100011010
1101110000110110
0011100111100011
0111101011001010
1001011001010011
1001010001111100
0001000110101000
1100001000000110
0001111111101100
1110101000111100
