1110110100000010
1101000001011100
1100010110011100
0001111011101110
1000001101100100
1010111010000111
0101000100010010
1010000001110100
0110011000000011
0100100111111100
1011111001000001
1011111001011111
0100100111001100
1010100101001010
1110000101100010
0000010000001001
1010100100111011
0000011000010100
0111101111000011
1111111011101110
1001010101001010
0011001100111100
1111010101001000
0010101000100101
0111111000011101
0011101000011110
1011110110000101
0000001111111101
1101010111110101
0000001011000111
0000011010000010
0011111100100000
1000100101111011
0000000100010010
1011101110011110
1100110111111000
0101110100000001
1011100101100000
1001010000001000
1101110010010110
1001000010110011
1011111110100101
1100011110010000
1101100011010000
0111101011100101
1101001101001110
0110100000111010
0011011001110101
0011111001111011
1001010101111100
1110101001000111
1011110001110101
0111011110010011
0011100111101001
1111000101111110
0101100110100110
0100001111110101
1000011000111011
1110000101001001
1010000010100110
1101101001000101
1010010001100010
0000101101001101
0010000011001111
1100010111001011
1111101101011011
1011111000111100
0110001101111001
1011111110010110
0001011110010001
0101110110101100
0111000010100011
1110001000110101
0010111101111001
1101000101001011
1010010010011101
1101001110110110
1010001000010001
1110110100000100
0001101100100010
1101011011111000
1001000001110001
1101011010111100
1000110011110010
0111101111011110
0110001010000101
0011010010001011
0011001101001110
0000001001111011
1110111111001010
0001111111011100
1000000110111100
1010011011011001
1111101101001111
1111010100100100
0101001001100110
0011000101111110
1111101110101001
1000101001010000
0010100111110111
1110010110010011
0001010101101011
0001011111000001
1100101001010110
1110100101111101
0011100010000101
0101000101000010
0011101000011111
0100001010100010
1100000110000000
1110100010101100
1000000001001011
0010100001000000
1101000000000001
0010100110011101
0110110111111110
0011111001010010
1100100000011011
1000000110101101
1111010111100110
0011000000100111
1111110111001010
0110100000001010
1100101011101001
1111101101011101
0001101001111000
1110101011110100
0101101100010001
1011100010101111
0011110101111101
1011001000001110
0001101001010000
1010011011001111
1111111111101100
1001110100110100
1100010100010010
1011110011000011
0111001101011001
1110100010010000
1001000100011011
0011110001101010
0001111011000110
0010010010011010
1110010010011110
0110101101111010
1101101101100110
0110101010011001
0101001010000000
0010111000111000
1010100010011101
0001100011111010
1111000100100011
1010111001011111
1111111011010011
0101011111000100
0001011100011000
0111101101100110
0101100101101100
0010001101000110
0100111110111110
1100001101010001
0110011101100001
0000111110111100
0000011000010111
0011100011100111
0101100010001101
1101001010001000
0110011011101001
0111001011011100
1110101000000001
1100110011001100
1100000011110110
1100111110100010
0000110000011111
1011100010101111
0001110110110100
1001010011100100
0010100101011011
1001111010101100
1001110010011100
1101111001000011
0000010001110000
1010110100101100
1010111111011101
0111111110110100
0011001110010110
0111010110011000
0001110101000111
0001111001111101
1110111000000111
0001001011110100
0100011111111111
0111111101000110
1010110001100001
1110111110110110
1000000101000110
0001010010111000
0010011000011001
0110001110010011
1101000110000101
1100010111010101
0011010101101111
1101010111000111
0010110111100000
1000000010101111
1101010001010100
1100110001001011
1101011111100000
1101001111111010
0101011111110010
1111011100011011
0110011001011011
1111101000010011
0000101001100111
0001010011100110
0111010000100010
1010111010100011
1010110001000000
0001111001110111
0100111010111010
0100111010000001
0110010110111100
0001001101011101
0110100111100000
0010101100101100
1111110000100001
1001011111100100
1111001011101001
0010101010110000
0001000100111111
1000011011110001
0100010001001100
0111100111110100
1000000011001111
1001001111100000
0011100001001100
1101000111110100
0100011001111110
0001000000000111
1101011111011000
0011100100001010
0001001000111000
1111000101001000
0100011100001011
1001000011001100
0001111101000110
1000111100110101
0101010011100001
0111101001111110
0110001010001000
0010011010111011
1111000110010110
1111110000010000
0000101001111100
0111111000010110
1101101001011101
1011000111110000
1110011111110010
1001011010001111
0110011011011100
1000110011000011
1000110110000100
0100100000100011
1100101100111111
0000000101010100
0011010111110000
0001101100101001
1111110101110000
1110000010010110
0001101111100111
1001101110010010
1111000110000101
0101000101001001
1100010100000010
1000000000101110
1001001100111010
0000111000100100
1111010010011101
0000010001001001
0001100001110001
0101111110001001
0001000010110100
1010011000100111
1001000111010111
0101001000110101
0000111110111010
0011000001110111
1101110101100001
0001111101111001
0101010010000111
0101001011110000
1010101110001100
1010011101011011
1101110010001001
1100111000100101
0000010100001101
1001101101001111
0100010101111001
0001100011001011
1100110011110010
0111010000011101
1001000001101110
1110011101110110
0010000110001001
1000101001011000
1001000100100001
0100101000000011
1011000000110001
0000010100011110
1110001010111000
1010010001010010
0111101010100111
0010100100000100
1100111110011100
1001000100100101
1111101100011111
1011110010011110
0110001110100110
0110111110011100
1111000011101100
0000101000010011
0001000101111110
1110001010001101
1010100000101110
1110110101101110
0010110101111011
0101001110101000
1011000110011000
0011001101111101
1010110000011000
0010011000111011
1110011101000100
1101110111110010
0001011001101001
0111100100011001
0111100010010001
1011100000010100
0101100110110100
0111011001111000
0110100101100000
1110001000100100
1111000101110011
1111100111010011
1101100110011101
1111000111100010
0101111000101001
0001011110010011
0111001100101100
1100101000100111
1101001111010010
0011010000011000
0110110110011100
0111011100100100
1100111000000011
1111111010000001
0001000011101111
0111101010110100
1000011110100001
0001011010000111
0111000010111001
0101100010110111
1110011111001001
1101100101110000
1000010101011011
1110110100001010
1010010010110101
0110000001011001
0010010110111110
1001001000101100
1111100111100101
0011110111000110
0110011110000010
1100011110010010
1010000010001001
1011110101111010
1100111101100110
1101110101110000
0011011011110010
1110011001001111
1101110011100110
1000101000100010
1011010001000100
1011011101111000
0011000000100111
0101110101001001
1011111110010111
1100011101101011
0100101001110001
1001100100000100
1110010011101110
1001111101001101
0001011110000010
0101111001110101
1101111010101111
1100011010000001
1001001001111010
0101110110000110
1111110010011110
0011101000110101
0110010001011110
0110001001100011
1010100001011011
1111100110000010
0111111000000110
0010110100011010
0100000111011111
0001000100111001
1011010001110011
0100110100001010
0010110110010001
1001110100001101
0000111110101100
0111010011101111
1011111011101000
1101010010100100
0010010011000010
0010000101010011
0000011001011010
1010100010110110
1001001011001101
0100001000010001
0110101011111110
0111000011110010
1110111000001000
1110010010000000
0001000100111011
0100011111110011
1011001111001110
1001100111100001
0000001110001110
1000111000010010
1111011110100000
1101101011100101
1010001010011111
1101001110111011
0111101001000110
1111011010001101
0100000101011011
0011000010100101
1100101101101110
1100010111001010
1001100010111100
1110011011110010
1101011010011010
1110010100010101
0000011000100000
0101001110100110
1100110001000101
1000010011010111
1110001110000111
1111001001011011
1000101101011111
0100000001101100
0010010101110010
0000101010111010
0111010010000100
0111011010111111
0100000010011101
0101001011011111
1111001000011000
0110001010100100
0001100001011001
1101010111001010
1100101010001011
0111011000111011
0001100110000111
0101101110001010
0111110010101111
0000111000001100
1010001111100101
1100111110100010
0110101100001100
0111011110110110
0101011001011000
0000010000101000
1100011101010110
1111010100110110
0011101111101010
0010000101111110
0010111010111101
0101101001010000
1000101111111110
0010101100011011
0111101000100111
0101001011010011
1011011010010010
1011000101100100
0110101111100100
1101100100010111
1010101101100110
0000110110110010
0010100011011001
0010111011100000
0000111000011110
1001110100100010
1010111001011111
1010100100111011
1100101000110000
1001100010001111
1000110010011011
0101010010001011
1010001011000110
0111111100100100
1111110110000101
1110101101101110
1100111010010110
0101110010101101
0000011111101111
1000000100110001
1011111010000100
1001011011010111
