0010101101100110
0111100111110110
0010110000000101
0011010000110000
1101000111000011
1011100101001101
1011111111011010
0001100111101110
1101001000010110
1110011100001000
0100001110111000
0001001011111101
1110011001000011
0101000100010110
0000000101011111
0011000110111000
1100111110010000
0000000111010011
0010001001101010
0111011010000111
0101101101101111
0100110111110000
0000101100000001
0100011101100100
1111101100111100
0101101010100001
0010100000000100
0010111001110011
0111100100100100
1100111100000011
1101001111111101
0101100101001111
0001010011111011
1000100001011010
1110001001000010
1000110011110010
1100111111011110
1010000101010100
1011110110011010
1000101000110000
1010011111101101
1110100101011001
0111011001111101
0101000100001000
0001111101011110
0111101111100101
0101000111110001
0101100100011110
0100011001101010
1110111011101001
0100101001011000
1111100101001101
0101101101100110
1101110010010110
0000010010000001
0011001000100001
1010011111110001
1111101010000101
1001000010101010
0100100000010000
1001011000000000
1100111101101100
1001000100101011
1111000010111001
1010111101111111
1000010011110000
1011010011110100
0011000111010011
0100110110001100
1011010000110101
0110011111000110
0010101011111001
1101010110101101
0001100000111100
0101010010101100
1001101110110000
0111000100001010
0001100010010110
1000101011001101
1111110000010010
0001011001001101
0011101010100111
1111101010011111
1010100110011000
1110011000000001
0100011101011110
0111011011010010
1001011100001011
1111111011010010
1110010011110111
1010001100001110
1011001010110111
1111001000100000
0001010100000011
1010001011110110
0011011101100001
1111001000101000
0001001001100100
1101010010111000
0000011011110110
0010010011010101
0010001110110101
1011001100011110
1001111000111101
1111001110101010
1110000101001001
0000100000000100
1100111101011100
0111001100111000
0001101000011000
1111101001100001
1000110010011111
1011010010000010
1100110001011100
1001111010001111
1001011111001001
1111010010110001
1001111110001100
1110000010000010
1000111011101111
0111000111110110
0111011010111000
1011111111000110
0101000010111100
1001000010101111
0100001000111000
0011100111110000
1101101011011110
1111100010110110
1110110011110110
0110010010100000
1010110000100000
1111001000100010
1101000001001111
0111011011011011
0011011000101100
0101001101101001
1011110001110100
1100011011101000
1101110011101010
0100110011100101
0001010110111111
1111011011011111
1110000001011111
1111011000011101
0001000110011100
1010000000100101
0100010111010010
0101110011011110
1010111010110010
0000101000100111
1001100101001011
1001101001101011
1001010010110111
0010010010011001
1111111101000000
1011000001000011
1100001101101110
1001111110101101
0111100101111111
1100110101000101
0001111111001011
0100111101101011
0000011110101010
0011001010001100
1000111111110111
0011010011111111
0100100100111001
0000111011000111
0111110111110110
1000001010011001
1000111011111111
0100000000000001
1101110100001001
1100101110001011
1101011011011011
0000110100111110
0011011101011100
0001001011010001
0110101111001111
1110010001110110
1100101100111100
1110001101000001
0010111000010001
0011110010111101
0101010110011000
1001100111001101
1000101011011101
1101101101111010
1010111000001101
1011000001111000
1010011101011010
0101100000110011
0011010100001000
1101101101001111
0111011101101000
1010111101000100
1100111111010100
0001110101010111
0000110111010100
0001001110101001
1111010100010011
0001110010110100
1001010111101110
1010010110100101
1101010011101100
1111011011000011
1010101111001001
1010111010000011
0010110001010110
1100101110000010
0110000111000110
0101010111001100
1010000001110001
0010001001111000
1010011010100011
1101101111101100
1110010111101011
0011110001111011
0011001100100110
1010111100100100
1010101111000011
1101101100111011
0111001001110000
1111110001101011
0100011010001101
0000001100000111
0111101011101101
1000001010010000
1111011010100111
1110011001100110
1110100010001101
0000110100010010
1000011001100010
1001100110110100
0110010110110010
1110111100101011
1110011101000001
1011100110110110
1101111110000011
0100011110111000
1101001010111011
0100101010010100
0001110101100111
1001110110000010
1100110011001100
0111101111010011
0000100011101011
0011110111011100
0001100010110100
1110100100011011
0000011110010011
1000011111010111
0101001000000011
1100100100100100
1011001101000111
1100011110010010
0000000001001101
0010100001100011
1111001000010000
0101111110011101
1010001100000011
1010010111001101
0001110101000001
0111011111011000
1000000111110000
0010010000001101
1111010001111001
1000001000001110
0000111011100000
0101100010110110
0010100010110010
0111110000000000
0110000011111010
0000100110100001
1010001000011000
0110011101100101
0100010101111001
0000111101000110
0111100100010100
1101001011000110
1101010100100000
0100010101000101
0111101000000011
0011100011100001
0100110101100111
0111011101001111
1111100011101100
0101110110010101
0101000111011011
0111101100101101
0001010101001000
1000000111000110
0010111100011001
0001010111111011
1110010010100000
1011101000010100
0111101110001101
0111000100011111
1000010100101110
1111101011111001
1110010101101110
1110011000010111
1000001010010111
1001011100111010
0000011111101011
0011111100101100
0111011000101010
0101101100110101
0010111001010110
1111111011000100
1101110010001010
0101011111010111
1011000111000101
1001101111111111
1010100110110001
0101010010100011
1001101000100001
1001000000000111
1110110110011100
1101111010100000
1110100011111111
1011010000101111
0101111000000110
0010110001010000
0101001101111110
1100000010111100
0001101001111000
1010000100001110
1010100110001100
0101000001110111
0101111111111000
1010001011101110
0011110100110011
0101110010110111
0011001000100111
0001111011100110
1001101101010100
1101111011001110
0000010001110101
1100111000000001
1010011101111000
0110100100011111
1111110110111110
1111110011000000
1000101110111010
0111110110110001
1001111111011000
1010101010011000
0011011100000100
0111001111101101
0000011100001110
1001001111110000
0110000010111011
0101010110110011
1000011101000011
1010100110011001
0011010100101010
1000010101001000
1000011111011101
1110010000000100
0101010011100010
0110111010100001
1110011111111000
0001011001110001
0000111010001110
0011101001100001
0010001011010111
0101111011111011
1000100110010011
0011110110111011
0101101011101100
0100001101010000
1111001010111111
1100110010010011
1000110101010011
0111100011001101
1010101000000001
1011100001110111
1110111010101111
1000111000001001
0111001101000011
1010001000010101
0100000110101001
1001100000101010
0100111111111010
1101101110111111
1101100100011001
1110100101100000
0011011110011000
0000110100010000
1001100000001100
1001001001100001
1111111111010101
1010010001010101
0010010110100001
1100010001010011
1101100001111001
0010101111011101
0000011110000000
0101010001100011
1101100110101000
0101000100100100
0100111011111011
1011111010001111
0011111110101110
1111011000000001
0010110001010011
1000100101101010
0111001110001011
0011001111111000
0000000101101011
0000000011001100
1100110000010101
0110101010101110
1001001100110010
0011100011110101
1010001100111011
1110011001111111
1111110101001011
1010111000100000
1000100010111110
0100111011010101
0011001010010101
0010000001100101
1010010010000111
1010101011001000
1011111011010001
0110111110000100
1100100101110101
0000101110100110
0101010000101110
0100111111010101
1001101001000011
0100000010011010
1001011010110011
0001010010011110
0010001111111000
0111000001010111
1110010111010000
0111100100110000
0101011110111000
0101010001110100
1001000000011111
1111101011010100
0011100101100100
0000000101000010
1111010011010101
0011011111110001
1111001110010101
1101011111000101
0001100011011110
0100100010110010
1110010100001110
1000011001101111
0101110000001101
1010111000000110
1011011010110110
1011110000100111
1011011100011001
0010000110000100
0100001001010000
0001011101011101
0101110101001011
1100010011101011
0011000010010100
0001001000110011
0110111110110110
0011000101101001
1010110100100101
1100010111000000
1010111101100111
0110101101001011
0010111000010100
1000010000000011
1101001010110001
0100010000110010
0000100001101000
0000100101100101
0110010101100001
1110000101101111
0111001101011000
1110101101111100
0110100011000101
1111000111100000
1101011111100000
1101110000101001
0100110101101010
0010001001110001
0100110000001001
0111010100101011
0010100000110100
0110001110001100
0001110000100101
0000111000111011
1101010001110100
0100011011100101
0100111100001011
1100101011100101
0011110100111101
0100010010100111
0101010111110010
0001000001100000
1001011011000110
0010011000110100
1001010010010111
0101100010001011
0011010100100101
0111101101011001
0110110111100100
1111100111010010
