1001110101011001
1010101011011101
1110111011001010
0110000001111011
0011001010101101
0101110011101100
1100110100100101
1110101110011010
0111110111110111
1110010011111010
1011101000100111
1101100111100100
0111000101100110
0111001001011101
0000110001100010
1010100101000011
0101100101001001
0000010110110010
0101110010000100
0011000100001000
0011010011010001
0010000110011000
0101010000011001
1101000011000100
1101001101100111
1011111100010110
1101011111110000
0001010010000110
1010100001001101
0010100011100111
1010111000001111
1001100110001001
0101111100111100
0000100100101000
1110010110110110
1010110001010001
1101100010000111
1111010001000111
1111111011100001
0111010101100110
0110010110001011
1100000000011100
0000010111111010
0001100010100101
1001001101110001
0001101011100111
0010111001101011
0000111011101110
1000011000010100
1100000100010111
0110110100001101
0011010110011010
0110011101101111
1100001111001111
0011111000010000
1000001011000011
0000110111111100
0100100100101111
1010010110110001
1000011011001100
0011010101101100
1111010110011000
0010011100101011
0111101001101011
1011100001110110
0101100011100111
1100001110110110
1111111111100010
1110001100001100
1100000110001101
0011110010111101
0011110110101101
0101100111110111
1101110110110000
0010110010111010
1010110100101011
0010111011010010
0110100011100000
0001000011110001
1110100110000001
1100001100100001
1010010000000110
0001101010000001
1101110010000001
0101110011001111
1010000010001011
0001010110011100
1110000100110111
0010111111101101
0111011001101010
1011011110100000
1011001011010010
0001100100000101
0110011110010111
0011111111111101
1111101100111111
0101001011011110
0001000010101010
1111101001011110
0010001001000000
0100110111111111
1100110010110100
0000000101011000
0110111110110000
1000101111001010
1011100011111100
0111001011000011
1110110010100010
1001010010100011
1011111010100101
1110111011001011
1101001010100000
1010000110011110
0100110101111110
1010100011000111
0000010110011010
1111001011111011
0000110100011001
1001110111000111
0110011000000111
0110100011001010
0001011111111100
1010111001110011
0111011101000000
0111101010110111
1001101010110000
0100101110110110
1110000001010100
0111001100000101
1001110111000111
1000001101001111
0010001010111110
0000010001111010
1100000010111110
0010111111001010
0101000001111000
1001001110000010
1000100111001101
1110100000100110
0001110011110110
0001010101001110
1100110101010011
1110111101011010
0101100101010101
1001010011010111
0111010110010011
0101110001110100
0011011011111011
0100110001100100
0011110001110001
1111001101001111
1101101111110110
0101011100001111
1111011111101000
0011110001011010
1110101010100101
0010101011011010
0111110000010010
0110100010101001
1101111111000110
1100101101100011
1110101111101100
1001101100110100
0110000111011011
1110011010010111
1011001100011110
0001000011000000
1101100111011100
0101110010101011
1001100101010101
0110000000010111
1011100100011000
1010110101101000
1001000011000111
0001101011100001
0100000011100000
0000110010111110
0100001110111100
1000111101001101
1000010110111000
0000100011011101
1100000101000010
1001010001011011
1110100110101010
0011100101111011
0101001110100010
1011101010110111
1000001101011100
1100000100000010
0111111000010111
0011010100110101
1110111111101001
1000101001111001
1111111100000010
1011011111100010
0110000010010100
1100110100000110
0101100010011101
1100010101110001
1111011011110011
0000100011110000
0001010101000000
0101100010100000
1010101000010000
1110011111101011
0000000000000000
1000110000101000
0111000100100001
1010000001100000
1010110110010111
0000101001011111
0110111010000111
1110100111000000
1111011111101010
1001010011100011
1000110101011001
0101011000010110
1011111100101001
0101000111111101
1001110100001001
1111000101010001
0111101010011000
1101000001100000
1010101110010111
0111111001001110
0101000011011101
1000110001010110
1100100000101101
0100110100010011
0011001000111011
1100000011001000
1100111010011001
1110101100111011
0011111100110010
0000110111110111
0000000001010100
0010111000101000
0001111001100000
0000110111111110
1011010110100110
0110101110011110
0111001011100111
0010110111110111
0000111000001100
1000001111011010
0011001010011000
1001110010001110
1000110101001101
1001100101010011
1010110101100001
0010110100000011
1001010001100111
0100110001011111
1110100101101001
1010001001000000
1000110011000111
0011011001111010
0111101101010000
1011011001010101
0110010111101000
0011000100110000
1100111100000001
1001110101010110
1000001100000001
0001110000010101
0110111111100000
1111100011101100
0101010010000001
1010001111000110
0111111011010001
1001111000001101
0111011000110101
0101000100000110
1110001000000000
1001100001001010
1101001101111100
1111001101011001
1000011010001101
1110100100101100
0001001100101010
0100111110100101
1011101101110010
1110011101100000
1111010011011001
1011100111111010
1111111111111010
1100110001011011
0100101010010001
1011010101101011
1010111000000110
0011111000001001
0000000011011011
0100101111101101
1010001101110110
0010011101100100
1111011111010000
1011010001001100
1011001111111000
0100111100100010
0111001110110011
1111001100001010
0001010101001011
1010000100010010
1010001001100010
0101110001110001
1110011010101111
0001110111010011
1011000111101100
0011010001111000
0000001101110000
1010011000101010
0101000111011100
1001000010010001
1101011101001110
0011011011100000
1000010101101000
1111101011110001
0000110100000110
1111110010110010
0001101100111001
1111111010111001
1100111111000000
1101011111010001
0010100010100011
1111000101101111
1011011101011001
0010000100111111
1001101100111010
1101110111111011
0110110101011100
0110111001010100
0000001100111000
0111001011101001
1101111011110100
1101010100000111
0010110101001111
1011100001011100
0010001001100101
1010001010011101
1111100100011101
1111101110101111
0100100001100000
1101011100011100
0100110111010100
0100001010111110
1001110101111111
1110100110110001
0100100010110100
0011100101100001
1111000110000111
1001100110101111
1110101010010101
1101010101100101
1110010101001100
1100010110011011
0000011110101000
1001100111100110
1110110000101110
0111110101101110
0010101000110111
0011001001110111
0001011000010111
1010011000101011
1110110100001010
1001101110111111
1110111001100111
1110100111110100
0111011010011110
1100110011010001
0011111110111110
0100000010001010
1101000000101010
0001111101011001
0011101001001011
1000111100101110
0001101001000000
0101011010000010
0101101000011011
1001110010010100
0100011010000111
0011010011111010
0011010111101101
0011001100011101
1101010101011101
1101101110000011
1001010010110010
0110111100101000
1001101001111100
1100011110000001
0001100110010100
1101110011110111
1100011011101011
1111000000110011
0011100010001010
1101000101011000
0001000100001100
1000111101100101
1010010110000101
1000111111000011
0000101111011001
1110011000000000
0000001101011011
0111111000101011
0111110111100011
0010010011100100
1010000110100001
1100001100110100
1010001001110110
0011011010001010
1100001010101000
1010010111101000
1011000101110010
1011100110110100
1101001111110111
0000100000000100
0000101101101101
0111111100011111
1110100111001101
1010101010100011
1010010000001001
1010111001101000
0000100000001010
0111110101010111
0010100000001001
0011110011101110
1110001001001100
1110100100111000
0110101000000011
0010000101001110
0011110100110110
1001000101110010
1001101101111001
1010010010111011
0010110100100110
0110100110000000
0101110001111101
1000000011110110
1110101111000010
1111100000110101
1011101000011111
1100011110000111
0011010100111011
1110010011110011
1001100100011101
1000010001100001
0011010110001001
1000110101000111
0010001001000111
0111001100101111
0110000101000100
1111100111001101
1000100000110101
0010001010100000
1100101011100100
0000000111010100
1001101000101101
0100011111011000
0000101000001000
1111111010011010
0100110100110011
1100000100101100
1010100001111110
0000011001011010
1000010000100000
0111100101000100
0000101100110100
1101011010001001
1010001000110000
1011010000001011
0011101101101101
0011001011011111
1110011100010010
0010100000110100
0001110110111011
1101111000000000
0101101101010100
1000100101001111
1000001010110001
0111010111000110
1111001011010001
1001111001011010
0111100101101110
1100010100001111
1000001100100001
0111100000111011
1100111101000101
0000101001110001
0111000010110000
1000100100011011
1101000011110010
1101100001001110
0000101100111011
1001100111110111
0000011111111000
1101100011101101
1010101111100010
1000010101011010
1100100101000011
0011001000011101
0001000001000010
0111111110011010
1101100111101010
1011010011000010
0111010011100101
0101010000110001
0011101101100010
1011110111100000
1101010011001001
1101100100000100
1100010111101111
0111000111000001
