1110001010111000
0000101011001100
1011101011011111
0001101110011001
0011010011100001
1000001001000001
0100100001110001
0000001010101011
0001011110111001
0001001001001011
0111111011101001
0001011010111111
0111101111001100
1001110101100100
0100011110101000
1010010001111001
1011010111001001
1011100011110001
0001111000000110
1110010000110000
0111001110011010
1000000101011000
0100011111101111
0110111111100010
0001101111010110
0000001100001010
1101111010101110
0001111011100000
1110011011001101
1100001010010110
0101100000010011
1100100011010001
1100000100001110
0011110110000010
0000111100111101
1100000011101011
1010001101011111
1111110111010010
1011000101101110
1010100001011101
0000001111000110
0110111001110100
1101001110100111
1011101010111111
0000000100110101
0110001000001111
1001010000000100
1001011001101100
1001101100010001
1011100000001000
0001110101111011
1011111001101011
1100000011101110
1010000000000001
0001001010010001
0000110110010111
0011000011111101
1001101010010011
1010000101110000
0000101011001001
1011011110100001
0000100000110101
0101010101100001
0001011100111110
0110100101001011
1011101101010101
0100100101000000
1110010101110101
1001110100000010
1100110101000101
1100001110010000
1110101101001111
1001001110011011
1110000000011110
1010111001111000
0010100100001110
0100110100001101
0110001001101010
1101000000101011
1101100001000000
1111111100011010
0110101011000111
0000101001011100
0110000100001001
1111101000101001
0110010111010001
1000100111110000
0000101000101111
1100011111111011
1100010000101100
1000100011110000
0010101101011001
1001010100011101
0101100000001001
0001011100000111
1110010001000001
1010111000100100
0100110011011001
1100011101111000
1101111001111111
0010010100001000
0101100101111100
1101110000000010
0101010000001011
1101101110100001
0110110010101011
0011011110101100
1110000000100010
0001010010111010
0110110011101001
1010110011010111
0000010001110100
1000011110101101
1011110101011000
1110100010011010
1111000101000111
1111001110110111
0110010101000111
0100110001110011
0111001110000110
1010101101100110
1101011010001111
1000110000000110
0001011001100101
0011101011110101
1010100100000011
0110000010010010
0110001100111001
0111101001000101
1111001110100001
0000000000010010
1011101011001111
0011001010000110
0010101000000101
1100000100101001
1010011111111110
1000001111000010
1011111010001101
0001010011011000
1110000011110001
1110100101110111
0101111110011011
0000110000101100
0000011010101011
1001110011111000
0000000101110001
0000100001010101
1010010000000101
0000011100101001
1010111100010101
1111001101010101
1101110011011000
0000010010100010
1010111100011111
1101001110011110
0100101110111100
0101100111101101
1111011101010101
1101111101100000
1010101111001011
1111110101001111
1100001010101100
1100001110010101
1010110001011110
0111101001110111
1001111110110111
1100101111111010
1101111101010010
1010010111100100
0001000100110101
0001001111011011
0101101011000001
1010000111100110
1000101100001000
1000010101011100
1101000011010111
1101001011110111
1010000100111101
1100000110100001
1100011001011001
1000001100010000
1101011011001111
1110010000001011
0111001011111011
1000100111111000
0101001001011001
1110010111010011
0101110111101011
0001101000011100
0111001110001110
1011000010010001
0001110101000011
1000100000010101
1101011100000000
0010010100111010
0011101110100000
0011001100011101
1111101110011110
1110001100000111
1000101111011010
0101110101100001
1111000010101110
0000001100100001
1001011001010100
0101001011010110
0001111111001101
0001000011010001
1001001101001101
0111110110001001
1010001100111111
1111110001011001
0001100111110001
1001000101100001
1000010010100010
1010100010001111
0110001011001011
1000000000111111
1011010011000001
1111101000111110
0100011010001100
0110101011100010
1001001000001100
0011101001010101
0000111100110101
0000100101011110
0010001001111010
0101000100001101
1011101010101011
1100010000100111
1101010010100001
1000101001001100
1101101010010101
0011010111010111
0011011110010011
1111111001011001
1000000101011011
1000001110110001
1001100110011111
1000100111111000
1010000101000000
1011110110011010
0101100110001101
1110101011100010
0110101110010100
1100001101111000
0010010101111001
1011010101010100
1001101010111010
1010011011000101
1001011110001101
0101111110011001
0001100110101110
0101000111110011
0010000101110101
0010110100001101
1010001001000111
1110100101110000
0110101011001100
1010100010100101
1111001100111010
0011001001000111
0110010010100000
1111001001111011
1001010010101001
0010100100110110
1001001001100111
1110010010101010
1001000011011110
0101001111100101
1100110010101111
0110111100111101
0101001100001000
0011110111110111
0001111110010100
1010111001101011
1010010101001110
0001010110011110
1101010110110011
1100110101100000
1001110011110111
1101101111011001
0110100110011111
0000011011000010
0011100100000010
0010110111101110
1000101010111011
0101100111000111
0110110010100001
0110001000000111
1101000010111000
0010001000000000
0101110011100011
1110011000011010
1110001000100011
1010010001101110
1000100110111101
1000011101101000
1101110001011000
0101010101110000
1000000110011110
0111010110001110
0110000011011111
0100111110010101
0110010100011010
0101110110010011
1110111111111011
1101100101010010
1000010100000100
1000100100111101
0010100011011011
0011001001000001
0101100010101001
1000101110011110
0111101001111011
1001010101110111
0101100000101110
1101011001100000
0111111111010011
0011100110000011
0010111011010010
0001110011100110
0110011101100001
0000000111001100
1111001101000000
0111011011001110
0110010100010101
1110011100101111
1111101000110001
1110001111100000
0101101001111001
0001100011011000
1111011101100001
0011010001100001
1000000110011111
0100110101000111
1010000110100100
1010101110111111
1000100100101010
0111011011100110
0011110011011000
1111110001001101
1010111010011011
0000111110101111
0111110111010101
0111010100101000
1010111100001111
1001101101011010
0111011111101001
1101000011011001
0100010111111101
0111011010011111
0011100011100111
0110000110011101
0100100101001110
1010011011101101
1110110111101001
0111100010110010
1111011010000100
1000011101011001
0111011111111001
1111101110010110
1000110011000001
0010001001011101
1111000010000111
1000001110101100
1000011100011011
1010111101000011
1000001001100000
0011110000000010
1010000100111001
1100001110111101
1111010111000011
0110000101111000
1010010011100111
1100110111101001
0010011011011000
0101000101111110
1100001011101010
1001111101001110
0110110101111111
0100100001001110
1010011000100010
0001100101001000
0101001010000100
1111011000000010
1101001101000010
1000101000011111
0011001110100111
1000101011011001
1111111100010000
0101100101111001
1010011100111001
1100010101001001
1000011000001101
0100111001011101
1110011001001010
0010011101010110
0010101001110010
0010100110100101
0100111011111101
1100111101011011
0000011000110100
0110010111001100
1101001100110011
0100101110010101
0010111111100001
1000101001010111
0011100010110110
0011111000011000
1110001101000101
0100100010011111
0110111101101100
1111010010010110
0011110011001000
1101100010001000
0100011100101110
0011110000000111
0001101000010100
0000101001110110
0000101101100000
1011111010000100
0011010111110000
1000110101110011
0110001110010000
1011111110011011
0010010110100001
1110101000010101
1111100010100100
1010101001101010
1001110110101010
1100100001001100
0011111011101001
0001010001100110
0101010111001000
1010000011110110
0111100100111101
0010100010001001
0111000001100000
1000110000110111
1100111000010111
0011111101010000
1100100011010011
0011111010101110
1000100110101100
0001100110010001
0011100000111000
1000000001000010
1110000111011101
1110001101100101
0100000001000101
1110011001010111
1100101011100101
1101011001001101
1110100101011100
1110110000010110
1111001110011010
1110111110110110
0011000011011110
0010110010001110
1011011011000000
0100100100001010
1010111011001110
0110101001100100
0111110010100110
0010000000011111
1010100110100101
0011000010010010
0001101101110101
1111101110010110
0001111101001010
0001101110110111
0011111011000011
1000101001011011
0111101100010110
0111001111100110
1111011000100000
0010100110111001
1010111111111001
0100101111010110
1011110100011110
1011101000111010
1111011011100111
0010101010101111
0011100110000010
1111101101111000
1101000101110000
0010111111001101
1001011100010010
1111111110110011
1110000100000101
1001111001011111
1100110100011000
0011000101000010
0011000101011100
1001000100111011
0111101111100011
0110010011011111
0010011001000011
1100001000011001
1001100100011010
1001100000001110
1000111110111010
1011111011111001
0101110010000110
1000110100010101
1100001100010111
0011100001011110
1101001001010110
0101001001100011
0010000101001101
1011101111000101
