1010100111011100
1100010110101100
1100011010011100
1100100110000000
0101001011010110
1110011010100000
1101100101001101
0110001011110011
0100000101000110
1101110001110010
0100111111011110
1000010011110010
0100011011100000
1010111110100001
1000011010111010
0100110111010110
1111000000011100
0111001101110000
1010000010100010
0001110010010110
0000011001001010
1100001010101011
0001101111110111
1010011010011010
0110000110111111
1010101011111000
0001110010110110
0001010110101011
0100000111010100
0100011111100100
1101011111111001
1110001010010111
1111111110010101
0001010001101001
1001010101001111
1000000011101111
0111100100000110
0010110010111101
1000101000011000
0000010001000010
0000110111000011
1101101100001100
1110111010001000
1000101111011100
1100011111000101
0001010001011000
1101000001011101
0011001001111001
1100100111001110
0010011000111111
1010110000110011
0100001001100100
1110011101111010
1100010111101101
1000110011110100
1100001001100011
0000010011101011
0010101010100010
1110010000101011
1000000111110000
0100111001100000
0011000100101001
1110000000101000
1001101101111011
1101011111100100
0110100001010111
1110111010011001
0110000110001011
0001001001011011
1000010010000110
0110101001111010
1011010110110010
0101010111111110
0001101110000111
0100001001011001
0001010110000001
1101100010010110
0011001100001111
0100101000000111
0111001100010101
1101001001001011
0000010000100110
1100010000000100
0101001001010101
1110010111011011
1001010111010010
1000000101011001
0000111111001101
1110000000000101
0110000101111000
1001100101000011
0100110100100111
1001001110010000
1011111011011010
0101011110101100
1011111010001011
1000100110101110
0111101011000011
1101011111011110
0001101011000101
1111011011011110
1011001000000100
1101100000111010
0110100001100001
0000000111110001
1001100011000000
1000101111001000
1101111111100000
0000101011101010
1000101000001110
0111001110111010
0101010101010010
0011100000001101
1100000111110000
0101000010111011
0100110000111011
0101000101001010
1110010100111101
1011100000111000
0110111000010000
0110101101000011
0010100011011001
1001001100110001
1011101111000010
0010110110100000
1001101000001100
0110100011111111
1010110101110001
1111100000100111
1100010001000111
1000010110110001
1011011001111001
0101001011010110
1100111101000111
0111110001001010
0110101011000001
1110111101110010
0111110110010100
0110000001001111
0000101000011100
0000100111001111
1010101011101101
0011011100000010
0010000100110100
1100010001001000
0010111100101100
0110101010000000
0101101110010011
0111111011111111
0111001101000100
1001001000101101
0001100110011001
0110001111100011
1111011011001000
1110001011101111
0010111101011001
0100101011101110
0101110001100111
1001100011111101
1100011011100011
0010111010001110
0111111101100111
1110101001110100
1001111110111001
1010111101011100
0100111011011010
1010000000000010
1101101001000100
1111010000000001
0111111011010101
1110101111110000
1101011101000001
1000000000100011
0100000101100101
0010111101111010
0010111001001000
0110100100010110
0010101101110100
0101101011001100
0110101111011001
0101001111100101
1100111010101000
0010111101111011
1111001101001000
0100011110100101
0111111111111110
0000100101000011
0000000011101110
1000010000000100
1101110111100010
0110011011111111
1110110000101000
0001010101111101
1100010111001001
1010000011110011
1101001101100110
1000011110001111
1010010010110001
1000010100111001
1010101110011100
1001110010100100
1000011010000001
0000110101000011
0011001111001000
0111110111001100
0101111011110000
0011110111100101
1110011011010011
1110001000100110
1110100101101111
1101010100011110
1001101111101111
0111101110010111
1010001100111100
1110100101101011
0000110111000010
1111010011100010
1001111000100100
0010111111000110
1000001100111010
1011100001100010
0100011110100100
0101110011111001
0010001110011101
0000011111001010
0000001011001001
0111100001011100
1010000001101111
1000001111110010
1101110110011100
0011111001010000
0111111001010111
0101011010101100
1101110100010101
1000100110101000
1111110000010011
1110101110101111
0110100010010101
1111100101000110
0001011111101111
1001101100111101
0010100010000001
0110101111111000
1111111100000011
0110110101100100
1110001111110110
0000101100111011
1011010111110010
0000110000011010
1000101011110000
0011100010111101
1111101101100100
0101000001100101
0000110001011011
0101011001000011
0100100010011100
0110111010011001
0010001011101100
1100101110110000
0001010001000100
1001001111110011
1101111111101010
0011100101111110
1000011111111100
0001011010010011
0001000000110011
1101111111111000
1110011111111110
0110101011011011
0100000110111111
0010011110010111
0001111101010011
0010111000001010
0010000001000110
1010101110101110
0010101000010100
1111100101111101
1000111000001100
1001010111011010
0101110100111100
1100000101100101
0001010011010011
1110100011011011
1111101110111110
0011010110000101
0100001000101101
0011100001011111
1001100111110101
0100100011110000
0100110000100011
1111100111110001
1111011101111110
0001011001100111
1011010100000111
1010011010000101
1100000101011111
1111110101001001
1010010110010000
0111011011101010
0010101111011111
0001010110101001
0011001111111011
1100110001000000
0101001111100001
0101111000101001
1101010110111101
0001101110000101
0001110000101000
1011000011010001
0011011100011101
0110111010000100
0000101101001101
0111011110100001
1011111111000110
1100100111010110
0011001101000100
0010100010110001
1011000101101011
0001101011111010
0111110001110000
1101000101101010
1011001000111110
0101011110011010
1000110100001010
0011101010110100
0111100111111001
0100110001100110
1111100101101101
1111101010101011
1111101101001111
0101111010001010
1000111011101110
1000010101101101
0010001000000111
0101110001110001
1011100110000001
0111010011100000
0111001010100011
1111000010000111
1101001110111101
0111110001110100
0101100111001000
0010100001011101
0111111101011010
1010001001011011
0011101101110100
0000000110011010
1111010000000011
1100010100110000
1001111000010001
1110110101000111
1110010100100011
1100100111010111
0010000011110001
0110100101001101
1010001101111010
0101011110010010
1111100101111011
0111100010011110
0101001011000010
1110110110011000
1111101010110100
1110010100111111
1010101001010001
0001000011000010
1001111011011100
1011010011010001
0110011010110110
0100010001110001
1101111000000011
1001000010110101
1010110011101010
1100010101101101
0010000100000111
0011010011001110
0110111000000101
1001110101001101
0101101111001001
1000100101001010
1110011010101010
1111111011100101
1001011101001010
1111010101001110
0100000111010101
0011111011001110
1001111110011011
0001101101000010
1010001010101011
1010110100100101
0100011110100100
1000101101001100
1110011101011101
0110101001010101
1111111101100000
1010100011110100
1010001001010100
1010010110000110
0100010010100000
0100000101011011
1010000111111001
0011100000000110
1000011110000101
1111001101001101
1000010000111100
1111111001010111
1100111000101001
1010000011100111
0100100110101101
1010010101111001
0000111010011011
0011010000101011
1101000011101010
1110101111001010
0000100001010010
0100111110100110
0101101100001101
0001010111100011
1000000110100000
0111001110001101
1101100011101001
0011011110011001
0100000111000000
1010000010101001
0110111111010100
0011010101010001
0011010101110111
1101101011011000
1001010111100011
1100101010110111
0011011101011111
1000010011100010
0010111000100101
1011011101001000
1110101101111010
1010011101100011
0011000110101001
1110100110100010
1101000100011011
1010101100000100
1011000000001110
1010110111001111
1101011100101000
0101111111101111
0011101111000110
1111110111001000
1001101101001100
1111111111111000
0010011010111000
1100001110101001
1000100100101000
0010000101110111
1111101111000101
1011100010111111
1111001101001101
1110111000000001
1010000011111010
0011001011000110
1000100011010100
0011010001011101
1001010100101101
1010111101010101
0111010110000010
1011000010110011
1000111111100101
1011010100100000
1110110110011110
0101110000001011
1010001000000101
1001010010110111
1100110000111101
0011001101100111
1101111010001001
1010110000101100
0010111000011100
0101011111100011
0101111000010110
0010110101010010
1011101010001000
0100010001111011
0010110101100111
1010001010101111
1101001111111100
0110011110101000
1110101001011111
1001000001111110
0101001001000101
1111111100011011
0010100110111010
0011111000011110
1000010001110100
0001010010010001
1110011011100010
0011110100010011
1000011001110000
0100110000001100
1010111001011111
1100000110011010
0000000101011111
0101000001011110
0011110101100111
0111110000000111
0110001001011010
1000111000110000
0010000001100100
1111010000001001
0100000010100101
0000110001110110
0010011100110010
1011101110000110
0100000111010000
1010011010011000
