1011100111101101
0000010000011101
1100010011111010
0000101111000110
1100100110110000
1100001110011011
0111100101010011
0000110110101100
1101011010011101
0101100000010001
1101000001001011
1001101110001010
1101110100100010
1000001010100001
1000000101100001
1111011111010100
0100111101011010
0110100100101111
0101110110101011
1010110110011101
1010010111010110
1010101011011111
0111101000001010
0001111010000011
1000011000000100
0001101100010001
0010001000111111
0001111001000001
1000110100100001
0101110001001110
1100000011000000
0100001000100110
0011000110100101
0000000001101111
0011101010111110
1101101101100110
0001110101111111
0010011110000010
1100010101111100
0100001110010110
0110101000010001
0010010011101010
1111011111100001
1011111010101110
0101100101000100
1101011100001101
0111100000001000
0101010010001100
1111101101110111
0111001101001110
1010101000100010
1111000100011101
0001110101010101
0011100010101111
1010000110111010
0101011111000000
0111011000110001
0100111001111110
1110101110110010
0111001011011011
0101101001100011
1010011010110101
0111111011110101
0001000001011111
0011111010111111
1110001100010010
1100001010010011
0110010100111100
0001101111100111
1011101110001101
1101111010011011
1100010110000010
1110111010111001
1101010101111100
1110101101000000
0000001011111111
0001000111100100
1100011101001001
1110101111000000
0001101011101101
0011101011101010
1000111101000111
0101010000111010
0110010011000001
1101010001101101
1000011011110000
1111011011100011
0101011100100101
1110000111111000
0101001110100110
1101011010001110
1001001001011010
0001000011001010
1100010110110100
1001101011010000
0001100110110000
0100001110010101
0111100001011101
1011111010101011
1010000001100000
1100001000001110
0111110110101100
1011000000010000
1110010100100001
0111011111010111
0010110001000101
0111110100100010
1101110000100111
1110110101000100
1111110000011101
0110111010010010
1001010111001011
0100110011000010
0000101110111111
1111010111010101
1010101101100001
0111000111000010
1111111011011011
1011101100010100
1000011111101110
0100011111111110
0011011010011100
0111001100101111
0100110100001011
1001100011001110
0010010010010110
0001010011010100
1101100010000110
1111010000001110
1001101101000111
1000100001101001
0000011000111010
0001100111111110
0101010100011010
1111100000000001
1001110101101100
1011010010111110
0101111010110011
0110000001101010
1010011101001011
1001101000011000
0111111101001111
0111100110011001
0010011010100000
0001011110101110
0101011000001100
0011111100100011
1100011011001010
0111001001110011
1011111101110110
0010011100001101
1001011111100101
0001111000011010
0100101001111010
1110011111011011
0001100110101001
1110101010110101
1100000000000010
0011000011010110
0001100011100011
1111101101110101
0010010100110001
1110100000011101
0001001110000011
0111110011000010
0001101001101100
0101101101110001
1001001100111100
0010101000000000
0110010001100011
0001001000011001
0111111011110101
0111110001000111
0011100000010011
0110111011100111
0100101101011011
1111111010001000
0010000011111101
0110110111011110
1000001111111000
0101001101101010
0000001011110000
1101100110111000
1110110110111111
0110011010001101
0110101001100111
1000010010100100
0101000101010001
1011001110100111
0111100111111000
1010011001011101
0011001011100011
0010101011001110
0000001001011010
0110101111000001
0110011101011100
0100011110100101
1101010000101011
1111111000100001
0100000110011000
0100111000010110
1000010011111001
0110000101000010
1111111100100101
1000110111010111
1000100100011001
1010111100000101
1110001000100010
1100100000110000
0011011011010111
1111000110000010
1101100101111101
1010000011011010
1110101101111100
1000010001110101
1010000000000010
1000110010010001
0100001001110111
0111100101011010
1100100001101000
1000000000111111
0011001011100101
1101111000110001
0101101001001101
0100011101101110
1101001001001010
0001110110000000
1101010011100011
1010101010110101
1111010111010000
0111010110110100
1111010100111101
1100101010000110
1010101011101000
0101100110000000
0011010110000000
1110100111101101
1111110110010110
1001110100101000
0100001001100100
1100010001001000
0001011111100001
1100011011111000
1010110110001100
1010000111110010
1111100001100000
1101011001010000
1111001000001101
1011000001011100
0001100111001111
0110110101000111
1101000110110111
1011001101010001
0010100110100100
0010011011111011
0100011100110011
0111000011111011
0011101011010111
0101011010101000
1010011101111001
0010011000101100
0110100111100110
1100010010110110
0011001001010010
0110111101010110
1001100111010011
0100110011011010
1000110100000110
0010110010011111
1011010010000110
1101000000001000
1001110100100000
1001001000001100
1110011010001100
0111111111011000
0110000010111001
1100010110110110
1101101000111110
0010010000000011
0011001001101000
1100101111001100
1100010110000001
0111101011101101
1011010001011011
1110100001011111
0110100010011001
0011111110000001
1001011000111111
1111010010010000
1010111100100101
1110111010001111
1101100010100011
0101100001101110
1100011110101010
1111100000100111
1011010001101000
1101111010000010
1110011010000100
0000111010010001
0101000111110010
1010000110011101
0110111011101110
0011011110000111
1010001100001011
1100111011111111
1011000000000011
1101101101100111
1010110011010110
0000010110000000
1101001100101101
1001110000110010
0011111001010011
0111011111001101
0001110000001100
1010011011001001
0100000110110110
0010010101011101
0011010001001001
0011100001010000
0101100001010010
1001011001100010
1000110010101110
1011000110100001
1101010100100000
0111000011010011
1001011100100010
1100011101110010
0011001000101111
1001111011110001
0110001111111111
1111101001000101
1111000111011111
1010011101000100
0001001000011100
0011101011100000
0111010011001110
1001110111100011
1101111101010111
0111110100000101
1110011010011011
1011010111101010
1101111101000011
1010010011101101
0110100110111001
0110001110010101
1101110100110111
0110000110111001
1001001000100011
1111100011111011
1111111110100110
1001001011011101
0010011011100100
1100111010010000
0000100111011100
1101101110100010
1101011101101110
1011100100001110
1101010000111101
1101111000101001
0011101101100111
0100101011010011
0110101011101001
1110010010001000
0011011000101110
1110000111101111
1010110100110110
0010110011100101
1111111101101110
0101100110101101
1000001111101110
0111100101111010
0010111110000010
0011001101000000
0010101000011011
1011111011000101
1100001010000110
0100001001011111
1100000001111111
0110011110101110
1010100110101000
0010000110010010
1100101111011110
0110000100111011
0111000111110011
1001110011111000
0111010001101010
1111001111000011
0101010000000100
1111010000101100
0111111011111110
1000101111000110
0000110110100000
1101101011010111
0001100110110100
1111001000101001
0001100011000011
1000100100000000
0100111110111111
1010100011000010
1101000100101101
0101100000001011
0110010111000111
0100010101001110
1101001111111001
0011011000000001
1110000000001011
0011100001100001
0010111101101111
0001011100000101
1010111101000100
1010101000011110
0110111110100110
0100110111011101
1111101010111000
1111100010101011
1100100000010011
0011111100011011
1101011111101001
0000111110100101
0100100001001010
0000101101110011
1101111100111001
0000101010101011
0110110001100000
0011111100001000
1000011001101001
1000011101000110
0101010100011011
1010111110000000
0101100011000010
0000010000101011
0001011011011110
1100010011000110
1010001010101111
0000001111111000
0010010011111001
0111110101010110
1100011110010100
1101011110101100
0001100110101111
0101110011010001
0100100001100110
0000100100111000
0011110101000011
1111111001101010
1010010010111100
1100000000100011
0111001000011001
1000100111001010
0101000001111011
1100011101010000
0001010010100001
0001110100010001
1011111010001011
0100010010010101
1000001001011101
1100111001000010
1011101111010111
1001101010100110
1100110101010100
0100101000110101
0010100010111011
0110100100001011
1101110000101100
0111001111100111
0000011001111000
0011100001000111
1010110011110011
0100101001000101
1010101100101010
0101100000100011
0100001010011101
1110110110110001
1101101000010001
1110011100110101
1001101100111111
0000010001011111
1010010011101110
1010000100100110
0000011101110011
1001010100011000
1010101110111000
1101010111100011
1100101111001111
0010001010101100
1000111010100010
0111010000100011
0010001011010100
1111000011010010
0010001101001100
0100101010011011
0001010100101011
1010001100000101
1100000101011001
1111010101000010
1111111001010000
0110001010100110
1001001110001000
1100100011101001
1110110101100010
0110101111000010
0000110000101000
1011011000001000
1001000010101110
0000001000100110
1101000100011000
1101011111101111
1001011001010011
0001110101001011
1110011100110010
1111001011101101
