1110111110000011
0110011101011001
1111010010101101
1010111111110010
0000110110011001
1110111000111001
1110000110100001
0000110011100001
0011010111100110
0000111011110000
0011000111110011
1001011001001110
1100101001001110
1111101100110011
0111101001011111
1101111010000011
0110111101010100
1010000111001010
1001010010000111
1111011101110011
0101111011100000
0110111011001011
1101001100111010
0100010000101100
0101001101111111
1000010111101101
0001010001100001
0011101010001001
1011000101100111
1100011110101110
0001001101111000
1001101101111010
0010110100101001
1011000101000011
0000011100001111
1011111001010100
0001011001100011
0101000010001001
1110111110101111
1001001011101110
1100010101001111
1000011100001010
1110000000010100
0011110110110001
0100111010101101
0100101111010101
1011010101101000
1000010111101111
1010111111010100
1101010010001000
1111110111011000
0110000110010011
0101001101111010
1000010111010001
1110001001100101
1001100110100011
1001001101000001
0111000011001010
1010101001011010
1111111100101100
0010001011100111
1111000100110111
0011100010101011
1000000111011010
1000011100001001
0101100111010011
0001101101111000
1101111001011000
0110110111000011
0110111101000011
0111000001001100
1000010000001010
0111010101100110
0101000001100000
1000101100100101
0110100100101111
1110010010001010
1110011001101001
0011101110000000
0001110101011111
0001000110111011
1011110011111111
0010001011101100
1111001010100010
1111001001000100
1110001111100111
0010010111001000
0000000011110110
0011000101111111
1010011111000100
0110111001111010
1011001000001000
0000101011100110
0001000111010011
0100011101000010
1000001110010001
1111000001101000
0000010011011000
1000111010110000
0001001000110110
1010000000000010
0010101010100001
0101111000001011
1100011111010010
1110000000001111
0011001000011110
0011101011100000
0001101001010011
0110111010111011
1100100001101111
1000111100010111
1000000010000000
1001110010111000
0000100100101011
1001010000110111
1000010011001111
1000010001001000
1111100010001100
1001111110011010
0011101011010010
0100110100100011
1100111100000111
0111011111111001
0001000010001011
1000001100000000
1010010110110110
0101011000011010
0101101010110100
0111000001111100
0100100100110010
0001000111000111
1110100110111100
1010010110011010
0101101101001000
1101000111011100
1011101110110010
0010101100011010
1001000100000110
0010011100010100
0010000000101101
1100101100100111
1000001110011001
1110100011110010
1110011101001111
0010110010000011
0110010100011001
1100011001111011
0010011000100001
1100110101001101
1111110010111111
1101010111110101
1111111010000000
1101100010110011
1001100010110010
0111010100001010
1001000000100110
0001110001001010
1101110010101111
1100110110000010
1000100110001100
1001011110000001
0101001011000001
0011100100010001
1011011011110011
0101111100110001
1111010110110100
0110000000010111
0100010110111101
0000001100100101
1110001011001111
0001110001001110
1111110100010101
0010110101111101
1011001110001000
0101111000100101
1011000110101011
0100001011111111
0100010001000001
1011001011000000
0111010111011100
1000111101000010
0000111101000101
1101011001101111
1011011110011101
0011010000110111
0010011000010010
1100111010011000
1111110010010011
1111000110011101
1011001110111100
1110110000101011
1111111110100000
0000011101111110
1010011100001010
0110101101100101
1010100000100111
0110110101111100
0100111111110011
1100000011101000
0100100100111010
1010011000011011
1111111010010011
0111000100100110
0111011001010111
1011011110000010
0011010100110110
1111001110011100
1011110100011011
0001000001110010
1000110000110001
0011010000000100
1110110101010100
0001101111110110
0110011101111100
0001000111001011
0010110100001111
0111011111001010
1101010100010010
0111011000001111
0011011110000110
0101001011110110
0100111110100101
0000100111001010
0001010001011001
0001110001010111
0011101101000000
0011101101110100
0000110010011001
1001001011101110
0111011101110000
0001001100100110
1010111000000010
0111000000000110
0111011101101111
1011100011100010
0011000000111001
0011111011110001
1001100000110100
1101001001011101
1100100101010000
1000000100110100
1000101010000100
0011101111110111
1111000010110011
0100011001110111
1011101101111001
1000101010101100
1011010100101111
1100110010100111
1000100010111001
0001010101001011
1100111111000001
0101011110000001
1110000001011100
1000111101001011
0100101111010001
1001001111111011
1001010100000001
0101110000111001
1000101110101110
0111110110101001
0000111101000100
0011100000101101
1110101000111111
1100110100101000
1010101100000110
0000100000001111
0100100010110100
1011010010000100
1101111101101110
0110110000011100
1110101100011100
1000001000110000
0111111110101101
0100000110011010
1100111001000001
1001101110011100
0000011101001111
1010000100001011
1110101101100101
0010111101100111
1101010111111010
1101010010100000
0100101010101101
1000011100011011
0101000110101010
0111110000100001
0000010101111011
0101111000100010
1100111111110001
0000101111010101
1010011001001101
0101101111101100
0000110010011100
1100110010110101
0011100001110010
1001110000101010
0101011101100100
0111111010100000
1000011011010100
1110010100111011
0001010001100001
1000111101111110
0001000011000101
0001101101000110
1010111010001000
1010011100111010
1100000000111110
0010010011011010
1111101000011100
1011101010000110
1000101100111001
1101001001111100
0000101100101001
1000110010000010
0000111011101101
1111110001110000
0100001001001001
1001010000100100
1101000100101010
1000101110011001
1101011011010001
0000011001000110
0000100110101011
0011001110110011
0011010000101000
1000011001111110
0100001100000110
1011111101100110
1000100100100010
0010101100101011
0001010101000100
1100001010001100
1011111010001001
0010111111011101
0011101100010000
0100010010011010
0101011001110101
1110100000110101
0011110101110001
0001111101010111
0111100000011111
1001110011111010
0110011100111101
0110111110011000
1010111111001110
0110101001100000
0011010101101110
1001000010101010
0100010101110010
0001111100110011
0001000001000000
1000100011101100
1011011110100110
1001010010100101
1011100010101101
0100100000000100
0111110111110110
1110110011100110
1100011011100010
0011010100010011
0110000101011110
1100011011111011
1110011101000011
1010010010001000
1101111000000111
0000110010001101
0011001010011011
0101001000011101
1111011111110011
1101000000110100
1111100110001001
1110010011110111
1000001110010101
0110101100001101
0111100111000001
0110100101011010
1011111001101001
0101100011110110
0110100010111011
0000111000000000
0010010111001110
1011010011110100
1001101011001100
0001110001111110
1100100101000000
0111011111101111
1011111000011010
0111111101000100
1001000000111101
0011111111001010
0011100101110001
0000011010110101
1100101101010100
0111110001010111
1000110001000000
1101111100010010
0001011000010111
0000101100100110
0011110000100001
1011010000111111
1111101100010100
1001111000100100
0011101110101000
0000100000101000
0101101101011011
0000111100101001
0001010100111010
0010001000100011
1001100101101000
0011101100000110
1100110001111000
0100100010011111
1101001011100101
0001001101111011
1011011010111000
0001111101110001
0110111001100100
0101111001011110
1010111101001111
1110100000010111
0001110101110001
0101011001101110
1111101110100011
0100100010101001
1111100110100000
0111000010000010
0010101011101010
0101100010000110
0010010010001011
0101001010010111
1100000100011010
1000000001101111
0100001011011011
0000010101001001
0010001111010011
1111111011101000
1100100011100010
0101111000011111
1010111010100010
0100100111000011
1111001101010110
1100111110001101
0001100001101100
0011010011110111
0101010000001110
1100001111111111
0110000101000110
1011011110100010
0110100101101011
0111101001110001
0000101010100011
0111010101011111
0110110111100000
0111110111011010
1111100011011011
1100011011110101
1000010000000001
1101010011111110
0100010001100001
0101111001000011
0101110011001100
1110111010100101
0010011101011110
0000010000001111
0001111111001101
1011001010100110
1000010001010011
0111100011111000
0011111010001000
1100000001100111
1111110111111001
0111010101000010
0001011101111011
0000011001001010
1110100001000010
0100110000000001
0111001101101101
0000011000101100
0001001000010101
1011011111101001
0101101010000110
0001001010100111
0001100101111101
1111001000100101
1011000000111011
0001100101000001
0100001000110011
1001100010101100
1010001000011000
0100101001010010
1000110000000000
0000111010010100
1110010001111001
1111101110111100
1111010110110100
0111001110110110
0110101011110110
0011111011001100
0010111100001101
0010111100010100
1101111101001111
1100000010101110
0111100100111000
1000010101100001
0101110100111100
1011000110000011
1011110000110001
0001001001111101
1101010000100111
1000011000110000
