1000111001100101
1111110011011110
1000010001111101
0011000100111100
0011011100001011
0010111000110101
0100010110100000
1000011100111110
0110010001000011
0111111100110001
0010010111100001
1101100111001100
0110010011100001
0101110100000010
1111010001001101
0101000010101110
0011111001001000
0011001101111110
0100100100100011
1101011111100001
1100001001101101
0000011000010010
0111010101000001
0001100011001101
0111010110010111
0000101111101110
0110101010000000
0100001001101101
0110001110011100
1100010010010100
0101011001100001
0110010101000111
0100011000110111
1100110000000110
1010100111011000
1010001111000111
1000100000000110
0101101100001101
1010111000000101
0000100000101001
0101101010101011
0101111110011000
0101001100101101
1101101111111100
0000110111011110
1111111011001011
1100010110000100
0110100111101000
1100000001100001
1000110010010000
1011011110010011
1111001100101000
1101010111011111
1001001110010101
1100001011000100
1000010000111111
1001111110011110
1100101011111101
0100011010001101
0000011010000110
1011011010111111
0100010110000011
1001111000110101
1000110000010001
1000000100111001
0011010001001100
0110001010110000
1101101001100001
1100010111100010
0101110001100010
1100010000111010
0101101001010010
0000110111000100
0000000101111001
0101011110001101
0110101101101101
0111101110000101
0010001000111001
0110000011101101
0011001110101111
1001100101101101
0010101011100000
1010100101010000
0011110010101010
1000100110011110
0111001100101111
0100111000101100
0010110010111001
0101000100000100
1110100001110011
1010010011010101
1011101010000100
1111111111010110
1000101111110001
0110000011000001
1001101111111011
1110111001111001
0101000110000000
1011010111000001
0101001010101011
1111000111111000
0011110010001011
0001111101101011
0000001000110110
0111111111010011
1110110010001111
0101000010001110
0100111000110101
0010100111010000
0010011100000100
0011100110101100
1110110010001000
0110100111110011
1011001010011010
1101000101110001
0010111000010011
1101011000000101
1011110001000011
0000010010111010
1011110110110101
0101001010000101
0000111110100001
1001101110100010
0000000101011100
1110010110101011
1111101110100010
1001110100110000
1100110011001100
1000001001111000
0101000100100010
0011010111111011
0001110110000100
0101100101011000
1010000011001001
0010001101000000
0000011100010101
0000101011101000
0111011011100111
0111111000101010
0001100100100110
0000100101101000
0101110011001101
1000110100000001
0001010100010011
1101111000101100
0001001010100011
0010101010011101
0100011000000111
0000101001110101
1001110100110001
0011101101000100
1101100110101000
0110100110001100
0101001100000100
1111011111111110
1001111011111000
1010101110000101
0001101101101100
1110001111110000
1001010101111001
1010101011011000
0100110010111000
1011010100100010
1110001001110010
1011011001110010
0100101011001111
0000011110011100
0110010100100010
0111001000000000
0010110101001011
0001110011010000
1101010101101010
1100100001000010
0100111101000110
1010101000000111
0111011101001101
0001010000010111
0110000010011111
1000101010111010
1001000110100011
0101100101010000
0111111011101011
1000101100001000
1100000100001101
1010010000101010
0100010001101011
1001010111100111
1111100110010001
1000010110101010
1100111111001110
0101001001001010
1001111101100001
1101000001001001
1000110111110100
0011000111101101
1100111100100100
1101111100000010
0111010010101101
0001110000101111
0011011001011110
1110011110001110
0001001010110001
0110001000101111
0100010001010101
0001000101110111
1100110001110001
0101110010111100
1011110011111100
1101100000111110
0100101010110010
1011111100011010
1110101011000111
1001001010110111
0110111000101000
1011000011111100
1101110010011010
1001100011101001
0101010111000001
0111111010010000
0001100111110000
1010101101110100
0001111000101101
1000111101010010
0100010100000100
0001110101000111
0000100011001010
0110011111110011
0010111101011101
1001100000100111
0100000110110001
0001110000100000
0000010010011101
1100101001001110
0110010010011000
1011110101001111
0011010101101001
0111101101100101
1101110000010011
1000111000001000
0110110011010111
1001001001111010
1100110010111111
1010110001100001
1011101001110001
1000011010010000
1001011011100010
0100100000110111
0001011011001101
0100001011101111
1010100001010001
0011101010101011
0100111011101111
0010110001011000
0000010101010000
0110101001110100
0001010000011011
1101000101001101
0110101010100110
0000100111011001
1000011001110101
0111110000001000
0110111100110011
0011011101010000
0001001011100110
0111101111100000
1101101111110000
0110001010011111
1110010010010010
1110101010111101
0011100100110010
1100011010001011
0100010010101101
1111111100101001
0110100110111000
1100111001110011
0101000000100100
1111011000010001
1100010110010110
0010001101100101
1000000110000000
1011011111110110
0110001001100001
0101111011001111
0100001111000110
0010110101000100
0110100111100101
1101011100000100
1011111100001111
1101100100001100
0111010110100101
1110000110111011
1000011111000010
1100110000011001
1010111111101101
1001011010111100
1100100000110001
0111100011011111
0111011101100111
0111011001011001
0001000111111101
0010001111110010
0100011110010010
0111100011001001
0011001110100101
0110000000010000
1011001111110100
1101001011010011
0110001110010001
0001101111100111
1111011001100001
1001001001111010
1100101100010101
0000011011000110
0110100110001010
1100001000001010
1001100000010011
1011100000101010
0101001000111111
0010001100000000
0110100010101000
0111101101111110
0101100010010000
1011001110010111
1100101010010000
0001010100010111
1000010100111001
1111010010011010
0000001010010001
0111011010010111
0000001001010110
0100110110101101
1111100001101011
1111010000001110
0110110011110010
1101100000110000
0101001001110100
0010010100010000
0100001001000000
0010010110101111
1100100101110001
0011110001111110
0000010011001101
1001011000001110
0101111101110100
0101011011011111
1111110001000001
0001010011000000
0001000001110010
0011000010100001
1011011001110011
0110100011101101
0101011001011001
0110011000000001
1100100111000000
1111001100011001
0111010011101111
1010111010110001
0011011100010110
1001010010111010
0010001000011111
1011010110001110
1110100110000100
1111001111010000
0101011111010101
0101000000101011
0111110110100110
1001111001000000
0110101101000111
0011110001001111
0101000001000010
0111001011101001
1111000101110011
1010100111100100
0101010101100000
1001011101000001
0101110100001100
0000111100101111
1101011101100000
1011111110000010
0110011110011111
0000011110101010
0110010110001011
1110100111111101
1101101101110110
1001010111010110
1110010001000100
1111000111101111
1100111101010000
0111111100100100
0011000011111100
0000111111001101
0000010100000111
1001000011001000
1100110100001101
0010100001110100
0011000110110100
1111100000110011
1100110110011000
1101000111010101
1000100101110101
1100111110100111
0110011111100011
1001010011100100
0000011101011011
0111011001101011
0001100011110001
1010011011000010
1010010110001101
0111011100100100
0111011100100001
0100101000000011
0100011001110010
0111100101010011
1100110000111001
1110000100100010
1010111100011010
1100111101101101
0101011101111011
0100011011111101
1111000001100011
1011010111100001
0101000001111000
0110110011001000
0001111111001010
1001100000100111
0001111011101110
0111010001101100
1001100101110101
1000011101110010
0011101011111101
1011011011110101
1000111000001000
0111100010000100
0010010000001001
0000001101010001
0111010111010110
1111001011000000
0100100011001011
1010001100101101
0011101100000010
0100110101001011
0010100000110011
0100111011110011
1010010001010100
0111100010010110
1101010011011000
0001001100101000
0111001111101101
1000111111010111
1001111100110100
0000010010011010
1001100101011000
0010001110111110
0001111010101010
0100100111001001
1011110110101010
0001100110100000
1110001001010001
0100011100011001
0011101011001110
1010100110010110
1101010000000011
1000111110000111
0001110011100101
0000001111011010
0010001110111011
0100100111101001
1100011100110110
0100101001000000
0110110011111000
0111101100100011
1101000100001010
1101011010111010
0001001010010110
1110110011000001
1011110010101111
0101000001011101
1011100111000100
0010000011011001
0010101001011011
1100011010110101
1101011100110011
0100111011011001
0010011110011110
0110010110010101
0010101101111110
1111011111000001
1111001000101000
1100001100000110
1000111100100110
1101000100010010
0110100111100111
0101000100010010
1011100110110110
0010001000100011
1010010000110100
1000001010100101
0001001011000011
1110000001000111
1011000000110001
0011011100011100
1000100100010011
0001000010111010
1110110110101100
0110000101001101
0010000011100000
0111100000000101
0111000011100110
0111001000100000
0101010011100101
1011010001011110
