1001100111010101
0001000011110010
1011001101101101
1100011110010100
1111001110001100
0001000101000000
1000111000010101
1010100101100000
0110111001010010
1110101101000010
0011011010011001
0011101011001000
1100111000011101
1010000001111010
1010100011111010
0111010010100001
0101100100001110
1000111010001000
1100000000110000
0111011101000111
1101100101101101
0101011111011001
1000011011110111
0101011001111111
1101000110011010
0110011000111111
0110001000100110
1001000111100011
0100011001111111
0000000010011110
1110110100000111
0011001011101000
0100011011000001
0100111100000100
1000100100110110
0000100110000100
0010100101110011
1101110010110101
0001101101010001
1010101101100101
0110011001011011
0110110110100000
0100000010011100
0101001001000100
0100010000001010
1011101110100000
1101011010001001
0010010011010000
1010101010000011
1010001001001110
0001111110011100
1111010010001011
0111111001111001
1101110110101101
0010111000010100
1100011000011000
1001001000111001
0110000001110101
0110000000101000
1111001011001011
1111000100100111
0100100100001100
1100111001000100
1101100111101001
0111000011101111
0010001000001110
1101011100001111
0110101100011001
0101001001111001
0001000010110111
1111010010100011
0100011111011111
1111000100111110
1000111101100010
0100100110010010
0010110100111011
0011010001100001
1011010111011100
0000000100101000
1011000110010110
1101110010010100
1001111110111110
0010010000100001
0001111101010111
0010111100001001
1110100010111000
1011100000001010
1100001110100110
0110111111000111
1010000111000101
1010011111000111
0000000100100100
1001111101010011
1101100010111111
1111111010110111
1001110111110111
1001110010001000
1110111101001001
1110111001110100
1001110001100100
1001101010000010
0011100000011100
0011011110100001
0110000000010110
1110010010101011
0010100101001000
1011100110010101
1000111111001111
1000101000101100
1110100111011100
1111011110110111
0000001001011100
1000001001110100
1011011000111111
1110101010100111
0111100111110010
1001100111111100
1001011110000010
0000001000100001
0101001111010110
0001110110001010
1000101000101001
0111110101101111
0100010111110011
1111001110110010
1010101101001100
1110110011001000
0111110100000100
0010110110001010
1111010110101001
0011101100001010
1000011111110101
1101001001110110
0001010010110011
1000010000000010
0100111110011000
1011011001101011
0101110010001101
1101111001101011
1010000110100101
0001111000110010
0100011111111001
1101011011000000
1010011101001110
1100001010111001
0100110111011001
1000010111110001
1000100011010111
1110010001011010
0001100001011111
1100100001101111
0010110001110111
1110101111111000
0001010010010100
0011010010100110
1000010110100011
0011111101101010
0111110011011111
0001001001100111
1110001010000000
0011011111110101
0110010010101111
0101111011000011
0101011111011110
1110110010010111
0101100110000101
1111100011111001
0011110010111000
0101110011111000
0111010101101100
0111110011000011
1111110101110010
1111010100010111
1111110011110000
0000010000011011
1000010011000111
0011001111001000
0000101101100001
0111110001100110
0100001111111001
0000001010011110
1100000010101011
1101111111000010
0101001010110110
1100110101110000
1110100100101101
0110111110001111
0001100110100101
0011001001100110
1000010010101010
1110011100111110
1001011100010010
0110011000100010
0100001001110010
0000110001111110
1101101010010000
0001110011011000
0001010101001101
0001000100011000
0000010111001000
0001100011001001
1100011011011101
1100100010100101
1100100110111110
1110010000101001
1011011001100111
0000111111011001
0000110110101110
1100111111101001
1011000111101101
1101011100101111
0011111110101111
0100100110110101
0111111001011110
1010010110001110
1010010010101000
0000000000110101
0101111001011010
1100100101000100
1111101010011000
1010100101000110
0110001110001100
1000101100010110
0101111001101101
1010111001111101
0110000110101111
0100100111001000
1000010101110110
0010000100010100
0010000110011010
0110000110110110
0110110110110010
0000101000011001
1001100110110010
1111011100100101
0001100000110101
1010100100111001
1101111100111110
1111110100011110
0110010001000100
0010000001110011
1111010001101110
0011000010011000
1001100001010100
1101111011110011
1011111000101100
0001110000100010
1100100000000011
0110000011001110
0011100011010111
1011001010111100
0010011010000111
1001110111001010
0100000100001010
0011011101001011
1001100010101001
0011100001000011
0001111101101010
1101110111010111
1011010101000101
0001010010000000
0010110011011100
0010110100000000
1010110111110000
1011111110011101
1010101101010011
0100000100011000
0100000001101100
1111101011110100
0101111101001100
0101110101101100
0000010111100101
0110110001111111
1100001101100001
1000010011100001
0100101111011111
1010101100000111
0110001110011101
1101110000011100
1000011101011100
1111011011011100
1111101110000111
0010000101001110
1111101000001100
0011100010110110
0011011100101101
0111000110000111
1110001110110000
0110110011100011
0010000000100010
1001001111111011
1110100011100100
1111100101100100
0001100010101000
1010000011010100
1000110000000000
0111110011111000
0010101001111001
1111010001001000
1111010111101000
0001111100000001
1011101001000101
1110110011101110
1110111001111100
0010111100011110
0111011100011101
1111101010110101
0000010010111011
1011100000001100
1000001000001000
0011110000111110
1000000111000110
0101111101101010
0110100100011000
1100000111010011
0100010011011011
0101101010100101
1011100010011111
1011000001110000
0000011010100101
0001010101100010
0000111011100111
0110111010110011
0100010100000010
0010000101011100
0111100111101111
1011011111110011
0110001110011110
0100001000000100
1001110000011000
1000000001000001
0010000110001000
1110110010011000
1010011110001011
1011001010100000
0010100011101101
1010111111101001
1001110101000101
0010000010001101
1110110110100000
0100000001000000
0000100101011001
1000111100101010
1100101010010010
0110100010100101
0110010000101011
0101000001100010
1110111111000100
1000010000010011
1011100101111101
0101110011011110
0111101010101000
0101001101010011
1011111100011010
1011010011011100
1010101110111010
0110010110110111
1010101110000110
0110101011010101
0010010100000011
0110111110010001
0010111100001110
1011101101011110
0111011000101110
0011000110010110
1000110110000010
0011110010100101
0000001110000000
0010000001010010
1111011110110000
1110111100111111
0100011111110100
1101110011101101
1110100000001101
0111011111010010
1011001010000110
1001100101101111
1111100101111000
1100000011010011
0000100010010100
0011010110011000
0110011101110110
0001110000111110
1100001010110011
0010100100111110
1101101100000111
0101001001110101
1010111001111000
1000011110101100
1101100101101011
0111011101111001
0010100100110001
1011100110011110
1111011010010111
0111001101010000
0001111101000001
0010001010111110
0100100010110001
1011100111111000
0001100001010010
1100011111011111
0001010100000101
1000111110100111
0011011110011101
1111001101101111
1101000100011100
0010101101011111
0111010010010000
1011000110110101
1101110101110010
1010100000000010
1000010010001011
1100101110110001
0001111001010000
1101111111110110
0111001101001110
0111101110011111
1100111110101110
1100011000010001
1110011011110110
0101100101110101
0001000001000111
1000110010110000
1010001101010011
0110000100101110
0010111000001001
0001101000111000
1001100111101000
1101011010001101
0000000000111101
0011111110001100
0000111100111111
1110110011010100
0100010010101011
0111010110110010
0111001110110010
1001111001011011
0101101001101101
1011111010001111
0110100110000101
0001000001001100
1110110010110001
0001110100001110
1111011000000100
0000001101100001
0110110111100001
0100101011001010
0100000011110001
0010111010111000
1001100111000000
0011011111010000
1000011011111000
1010101010100001
0110110000001111
1010001011101011
0111000110110111
1100111001100111
1111001000000000
0101010101110001
0110100100110011
1001011111111010
1011011000000110
0001011101110101
1101011001100001
1111001110000000
1011010010010111
0011001111010100
1000100100111110
1110100000001001
1011111100011000
1100110010011111
1010110110110101
0001010111101100
0011101000111000
1001101011011001
0011111101110100
0011100010011100
0110011011001101
0100111011110110
0011011110001110
0111000111101101
1101000111110011
0000111000110010
0001110011000100
0101100011001110
0110111010000111
1011110100110001
1110111101010111
1101111110000111
0001101000101011
1000111100011101
1011111101100001
1110111110101100
1100011110101011
1111101111101111
1100011010010011
0010111111001011
0001101001111101
0011110100010111
1110101001111001
1100000001100110
0111100000110110
1100001010100111
1001110110110101
1111011101100101
0111001100010010
0010010100110010
0001001110001000
0010111101101010
0100011110101100
1111110010011010
