1001000000000000
0101100101101100
0100001100110101
0001110000100101
1010010100011010
0101111100011101
1011111101111111
0000001100100101
0011011101010010
1111101111100111
1110111011101000
0111111101011111
0111010110011010
1011110100110101
1100111110000101
1111000000011110
1100011010111101
0011010100110110
1011001000010000
0010000101000101
0110011101000010
0110100001110111
1101110110010011
1111100011111011
1111000100110001
0111001111100010
0001100001100110
1010001010110000
1110111001000100
0010111101101101
1110000001000110
1011011001101001
1010111110000000
0100111100011100
1001011110010101
1111010011001001
1001110101011001
1111001010011101
1010011010110001
1000110100011010
0110111001010000
1111111000000000
0101000001000110
0101000001011100
1100010011101000
1110100100010001
0011111110001111
0111101100101111
0111001100101110
0011010111101001
1010110011110010
1000011001100011
0100101000101000
0010110001110111
0010001100010011
1110011111110111
1111010010101001
0101000000001000
1010101110010010
1100011001111011
0000101001001000
1000110111011100
0110000011000101
0010100100110011
0011011101100101
0101011111110011
0010110010101101
0101111001111010
0011100111111000
1100001110000011
0101100010100100
0101000010100101
1001110010010111
0101111010110101
1011111011111000
0001000010110111
1110000100001110
0111111110111101
1010110110010110
0001100101110101
0100000000110110
1111011000101101
0010110001001010
0000100111000101
1111000100010010
1011000000010111
1101011011001110
1010111010101001
0101011111100111
1101100111100000
0001010000001111
0111111100111010
0111011100101100
1011111001110111
0101001000011111
0101010111110100
0110001101000111
0000010000110000
0110110101100100
0001111111000011
0010010111100110
1000111110110101
0101000110000100
0111010110010001
0110000000010101
1100101011111000
0010010110000000
1010110100110001
0000000001111011
1000000110100110
1010110100001101
0011101100001101
1001110110100111
1010111011001100
1110100111001100
1110000100011001
1001110110000100
1011001110011100
0010111101000011
1010110101111101
1100111010111101
1001010111100110
1000000100000001
0100001001011010
1110000010001000
1100101110011101
1011100010001110
1111000010110001
1101010000010000
1000001100010101
0000011000000010
0101001111011101
0011000010101011
1101010110111110
1111010001110101
0111110100111101
1000001101011000
0111111110111011
1011001110110110
1101101111010001
1111100100011011
1101001000101011
0001111001000001
1000100110111011
0111001011111100
0010101011100000
0101111111011001
1111000110100100
1110101100101011
1101011100011000
1000011011000000
0100001010111000
1010111110111011
1100010101101001
1111111011000000
1010100110110110
0011000101101101
1011101011110011
0101001000010101
0000001001110111
1100110011100101
1110010011100101
1011100111110100
1010111101010111
1000101000111110
1001100010010010
1100100001011110
1111101001110100
0110111001001100
1101010011000100
0010110100100110
0101111000100000
1011011111000010
1101100001001100
0000010101101101
0011001001000010
1111000100101100
1010100111111110
0010111011010000
0000100111111010
0010111110010001
0111100110110111
0001111011001110
0101100010101101
1000100011111000
1011110001001001
0000100000111010
1110101110101011
0100000110011000
1000010110101001
1111011000111100
1101101101100110
1011100100000001
0001111110001001
1000010010101111
0001011101010010
0110011101100001
0001001011000101
0011000001100001
1100111101101110
1001000111101001
0111101101010110
0001111111111100
0011111100010111
0110111111111111
1100111110001110
1010010110101101
0100010101110010
0111100100010001
1001100000111101
1010111101101000
0111011110101011
0010011111110101
1100000000011000
0110101100011001
1110011011010010
1010111110010111
1111111000010100
0011011001100100
0001010100001010
0011011111001000
1010100111011010
1010101101011100
1001011111111100
0110000011001001
1010101010101001
1011111001110101
1000001101110110
1101100111010100
1110111111100011
0010101000110100
0101001101100000
0101011100000101
0100000110001111
1100111010010111
1000111111101110
1001101011000101
0101111011101100
0101011110000010
1011011001101001
0111000000110000
0100000011000100
0011001110100111
0110011010001100
1100111001101111
1000011111100110
1110101100111010
0001011001101111
1001110001011000
1110110010000000
0100110101000011
0000011110010111
1000011011111110
1000000111100001
0011110000101010
0101100110001110
0100010000110011
1010111110110100
0001110110000111
1001001111110101
1010111011110110
1000100010101001
0011111010111110
1000000010111110
1011111111100001
1010110101010111
1011110101010000
1111111010000000
1101010011110111
0101110000111111
1111110011101100
1111010110111100
1100111100100001
1101110111111100
1101000110000000
1010010111000010
1110000111111111
0011111011011010
1101111001010100
0101011100001101
0001110010100100
1011101111000110
0011101111110001
1101001110111111
1010011010011001
1010001001011011
1101010000001001
0110010110110000
0000110011010100
1010000011111010
0011010011101001
0011001000000100
1100110111001100
0000011110001010
0011101001100011
0000000101001000
1100111110111100
0011100101000000
0110110100001001
0010110100100111
0001001111100010
1111100011010101
1111010110111100
0111110100101110
0001010011110010
1000100110001001
1010100000000111
1010101110010001
1001001100110010
0010110000100110
0011110001001001
1011101110011000
0111000001111100
1000001111110011
0100011010101000
1101101010010110
1100101001011001
0100101011000001
0001001001101100
1101011111011000
1110111111010011
0000100100101010
1000011100101101
1000011011111110
1001111101110111
0101101100101101
0111010101101111
0110100001111110
0010000100110110
1100011010101101
1101100000011000
0101111101111111
1110101000000001
0001101011010101
1001111001011111
1010101010011001
1011111100100001
1100100100001010
1011010101001000
1101111011100101
0110010101101000
0111000100000011
0111010011000011
1010101011000001
0111000111011011
0010011001011000
0001101101001010
0001111011101001
1101000111100111
1000110101111111
1001000000000011
0101101010010011
1100010000110100
1101101011110001
0000001000001100
0101110010001001
0000100110110000
1010110011101001
1110101101100100
1110011111011011
0000100111111111
1111111110000101
1001111110111110
1001101100100110
0111111110000101
1011011011011110
0001010010001111
0000001011101100
1000100110001000
0001010111101110
0010011111101010
1001001001110110
1011101111100100
1110111011100011
1110110001101111
0000001100011101
1011010111111111
0110101001111001
0011111000001001
1000111110001100
0100111110001100
0110000110000011
0000110000001111
1101110000010000
0010011010010010
1001110011101100
1111000101010011
1100011000011101
0100111101001110
1100100110101001
0001011111100010
1010011100001000
0110101001111100
0100110101011111
0100111001010110
1111100101000111
1010001100000011
1111011011001110
0100100101111111
0101000010001100
1011000111100010
0011000111000001
0101011100010100
0011001000011100
0001101111001101
0111100100001110
0000001000010101
1001101101100101
1010010110111000
0110100000100001
0010111110011011
0111010111010111
0001010011101110
0000001100010110
0000100100000111
0011101011110001
1111001110011111
0110111000101110
0100101001001010
0001101100000011
0110010010010111
1110001011101000
0000111001100011
0001111011011101
1100001101101110
0001001001000010
1100101110001100
1111000010010000
1011010111100100
1000110000001010
1000101001011100
1001101011100000
0010000110110101
0010111110001111
0001001100101101
0001010001100010
0000110011101110
1110100001110110
1001000101100111
0111110110010100
1100011100001111
1100111010111110
1101010010100100
1010001010111110
0101000011001011
0010010010110110
1110101100101010
0001011001101110
0001001000111011
0001100101110110
0010001100110100
1011100000101100
1011100000111001
0110110101011011
1100111001000001
0101100110011011
0001011100000111
0101010010011000
1111101111101100
0110000000100101
0010111010100100
0000100101011100
0111001010001011
0001000110001111
1111100100001000
1011001100111101
1100111111010100
0100001011110100
0100101101101100
0111110110101010
0101110101111110
0010011110111001
0001111100001011
1111000001000011
1100010110010100
0010101001000100
1001010010000011
1010001011010111
1011100001010111
1100110111100110
0100110111001011
1101101100111101
0000000011000110
1011101101100001
0000110011111011
1011110000100010
1011000100001101
0010010100101000
0111110001100000
1100111000111000
0010101010001011
0101100010101000
1011101101001000
1001110010011111
1010000101011000
0111110101101111
0001101011100110
1101101100110011
0111010001100111
0101101000110111
0001110100011001
1110100010010100
1000111101010001
0000100110010111
0111010011111010
0000101111011111
0010101000011101
0010000100111010
0101011101101101
0011001111101011
0011100100000001
