1011001000100011
0011101101011010
1100010111111110
0101011000101010
0110101101001001
0101010110100100
0100010101011111
1000000000110010
1100000000000100
0011011111101111
0000001011110110
1111111100011000
0000110010100111
1010000010010001
1101101011110001
1110110010000110
1110001011011101
1101001010100001
0101001011000001
1010101011001001
0111010011111101
0010110011110000
1110011000010010
0000000000010011
1111001110011000
0110110101001010
0010000100111100
0111100000010000
1000001001111000
1010101101110100
1010000001011111
0101101110101111
0011010000110011
0100111101000110
0101010100000111
0101111000101101
1111101111010100
1101111000110110
0100111000100100
0100101001110100
0010110110001111
0010110000000111
1000111100000100
0101011011011010
0110110111001101
1110101100100111
1110011010100100
1100011001111110
1110101111110100
1011110110110111
0001001110100011
1011110110000111
1011101101001000
0101100011101011
0001111010101011
1110010100100011
1100000000001011
0111111011010011
0110000010100010
0101001111000000
0100010011110000
0110000010010011
0001100001010010
1100100111101110
0011001110011101
0111001111000000
0011111101001010
1111101111101111
0001111100101101
0111000011011001
1100000110111110
0110111100001000
0001001111101111
0110111010100000
1110000110101000
1011010000000001
0110010001011100
0001110110100011
1110000000011010
0101001101111100
1101001010111111
1001011110011011
1000000101101110
1010110110110111
1010001010010110
0011001111110010
0100110101100101
1010100111001000
0110111101101101
0010001101001100
1100100101001011
1001110010000001
0001011010101100
1100010111011000
1111001101101100
1001010001110101
1010111011110011
1000100011010010
1101001101000110
1000010001101101
0101111010001000
1010001010011111
0000011001111000
0100000100001010
0000111000000011
1010111100111000
1011110100011000
1001110010011010
0000111111000001
1100011111110010
1000010001100110
0100111001111001
0001110110110000
1111010010010011
1111010110001110
1110110000010100
1110001100111101
1100100100000001
1101000001001101
1011011101010010
0101110000111111
1101011010011110
1110101000111100
1111100111000010
0000000011111111
1011000100010010
1000011100100111
0111001000000011
0010000011110111
1000101110011100
0100010111010111
1010001110101100
1110110111101011
0011010011010101
0111000001011011
1000001010010100
1011110011000000
1011011011101111
0101000010111011
1001111000011110
1011001100101100
0110001001111110
1100100101011010
0001001000111010
0011011000100100
0000100110110011
0100111101111101
1110011000000000
1001001100101000
1101111101010001
1000011101101110
0000111110011111
0111111010100011
0100100010111100
1010110011011110
1000011110110011
1111101101001100
0101111010111010
0101001101111001
1010101001101010
0000001110111000
0110001001101111
0111101100111001
1111001000100010
1111011111100001
1110101011100001
1001100010110010
0101001001011101
0001110111011111
1100010100100011
1101101110110111
1001000011010001
1101001011101110
1000100001001010
0110001101110110
0101111111110001
0000010110001000
0001010001111111
0011110010011101
0000001011011100
0011011111000011
1100101000000101
0001110011100111
0100111011100100
0101111001101101
0111000101010010
1010000111111011
0000011001111001
0011101011101110
0010100100001110
1011111111001000
0111001011010010
1010111010001110
0010001110001010
1010001110101010
0011001001100110
0010111100011111
0011000110100101
0000000101100101
1101111001010100
1001010011111110
1010101010000110
1111001110001110
0000000110111011
1100010100111100
0001110111011100
1011101001010111
1001111000110101
0111011100111011
1100011010100100
0000101100011100
1101100001011011
0010000011100010
0101101001001000
0010011111010100
1000110001000111
1100001110010010
0111000010010100
0101100111110001
1110100100100000
0110011000011111
1111110001000001
0000100110000101
1110110001111111
1110011100101101
0011011110000011
0001010100100000
0001010110110000
1111011110011000
1110110110001101
1110010001111010
1000100010111011
1111101100110111
0011110110000101
1011011000100111
1001101101010000
0110010010110101
1001100101001001
0101110111110110
1000000010100100
1100010011010001
0011001101010001
1110101101011000
0011001000010100
0011100101111101
0100001001100101
1011100001001101
0000010100000100
0001100100111010
0010111110000100
1111001101101001
1111100001100001
0111111000110011
0011101101111110
0100101110011100
1101000100110101
0011000011010110
1001000111101000
1110010010110001
1001111010110100
0110011101010110
1010110110110101
1100010010010011
1000010100110010
0010010110100111
0011000110111101
0111110101111111
1101011101010001
1000101001011000
0011001000000010
0110001001000010
0011001010011001
0111001100000110
0110101100111100
1110010000110001
1011001011000100
0010111001010101
0110000111001011
0011110101001011
1011001010111011
1001111001001001
0000000001001110
0001001110110110
1101011001010011
1000110000100011
1101001011111110
0111001101111000
1101101000011111
1000100001000000
1110010000010001
1110111011001001
0101101100000010
1101010001011000
1100010000010110
1010000100111101
1011001101110111
1100110000110111
1011001000001100
1011101011001110
0111111011101000
0010010100011101
0101111001101110
1001100010000110
0101110101111011
1100001010111110
0000011011100101
0101101111110100
1001100111101110
0101001100100011
1101101100010110
1110000000101111
0011111111100101
0001110011101011
1000111101011000
1101001011100100
1011111111110111
1110000000001111
0001000001101100
1100000100001100
0011010110010101
0101000000011010
1111100101001001
1011110000101101
0100001111101011
0100111100110111
0111110111100001
1100100100110001
0001011010011001
1101011000101011
1000110101011100
0001001101110101
0001100111000010
0110011010110100
1111011100001101
0001000111110100
0000100000110110
0101000011101110
1000000100111000
1001111010101010
0001001000011010
1111100000111010
0101110010100100
0011000001000101
0100110000010110
0011110100101110
1001110011111110
0000001101110111
1110111001111110
0011100110000101
1010001001111000
1011000100010010
0001111111010010
1010101101111100
0100111111110001
0110100101010011
0101011000010011
0110000111111011
0000010101011000
0111110100011001
1000000010011011
1110000101111011
0100011101011001
1101011011110010
0101101001000011
1110001101010001
0100111111100010
1101101111000000
0000011000010100
1101100000110000
0100011001110001
1000110101111111
0111011011000000
0100010010110100
0010000110000111
0111011000100111
0000110011110000
0100110001111110
0000000001001001
0000011111101111
0101101101010000
0101010010010000
0100000101101110
0101001011111011
0010000000100001
1001011111100110
1110000101001111
0010010100111010
1010110010101101
1111111011110001
0000100011001001
1101100110001110
0110101110010100
0101011100110001
0000011010100011
1110100111001111
1011010001010111
1010010010111010
0110011111010101
1010110000000100
0000010010110111
0000011001000101
1011110001111110
1100011100011110
1110001010001000
0101000111010010
0101010111100100
1010000010101010
0001110111000011
1110000111010011
1001100110100000
0101010110100011
1011101010111101
0101011111001100
0011000111110001
1101100100100101
0101010001101100
0010110111010101
0100111011001100
1010000101101110
0011111110000011
1111110100101010
0010100100111101
1111010110100101
1111111001001110
1000110101010011
1101101100001111
1001100110001000
1100001000111000
1011110011100101
1111010100010111
0010111011001111
1110111010111010
0110010001110011
1101110011111101
1010100111110101
1101100110011100
0000111010011011
0011110000101010
0111111011000011
0110001110101000
0100111001110011
1011001010111101
0010101001110010
0111000010110010
0101010100001110
0111010101111010
0001111011001110
0111110101000100
0000001101000111
0100100101101110
1111001110000100
1001110110100101
1100010101111001
0001110000111010
1000011111011101
1110101011010111
1000111111110000
1001111101100011
1000010101100000
1001001011010010
0011000100000010
1111100100001010
0100101010111101
0011100110110010
0100010000010001
1000110111011111
0011010100101011
1011101100010100
0111100101000011
0001011000101010
0001111010100101
0011101010101110
0000010111111000
1001011101101010
1110011100010001
1101011010111001
1011000111100010
0101101110001011
1000011111010000
0111111100111100
1100100010001011
0110000000101111
0100110011001101
1100101100010100
0001100111111000
1000010000001000
0110011011001111
1100001101101000
0111010100011001
1010010010000101
1000001110110101
0010110111110011
0111100010011011
0011100000001110
0000000110001011
0010001110111100
0101001100111011
0000010111111000
0100001110101010
0010100001011011
0110101111101011
1111111011101000
0110000110001110
0111010000000000
1101001100101100
1111010111100000
1001101101010001
1010010100101111
1001111101110010
1010111110011010
1011001000110011
