1011110011110101
0000000000000100
0111110101001000
0000110110001011
0000001101010111
1000011100001101
0010110010000000
0010100011100100
1011101100001111
1010101100110010
0100100001001011
1110001011111110
0011110010001001
1000110101111101
0111011111010100
0100001100100111
0101001100110000
0101001100100111
1101110110100101
0100010011100111
0000101000010110
0001110100100111
0001101010000011
1110101001001010
0001100101111110
0011110001100101
0010110010011000
0101100010100001
1101111010011010
0001010100110101
1010101111001101
1100101101110100
1000010010000001
1001011011111110
1111011111110100
1100100001000000
1100111111111110
1100110000110100
1110000111010011
0101010111010100
0000011010100001
1000101100011100
0111000101111110
1100000111001111
0111001111010001
0011111101000000
0011011011111001
1000111101111111
1100100111100001
0110111010011000
0111111000001100
1011001100011111
1010100000001001
1010000110101101
0110100111000100
0001001001111011
0010000111100011
0100110000100010
0001000100001011
0101000110011011
0110101010001001
0001000001100101
1001101101001010
0000010100101100
0000000001001100
1011001101101110
0000110101111111
1011101110001111
1010011100010010
0101100011011101
0101011111110101
0101110011101011
1101100101010001
1000011110111011
0011000110101111
0100100111011111
1101110101010001
0101101010001000
0001010111101000
0110001000110001
0001100010000101
0011011100111110
1010011000000010
1011101110101100
1101101101101111
0111110000100100
0111010000101011
1100100101000111
1011101001100100
1011001011101010
0110001010001101
0011100111000000
1011000010111001
1011111001110110
0011001011101110
0010111101110101
1010001010001110
0010101010000001
0011111111111010
1111000001101001
0101011011001101
1110010011111101
1100010111111101
1100011011110110
1001111101111001
1000111100010111
0001011100111101
1011000101000100
1110100000010000
0100110000001000
1110101100010011
1101110100000011
1101000001010001
1111001101001111
1001011010110010
1110010101010001
1000101100010000
1000101101101010
1100101101111110
1111100000011101
0111001011000000
0000111100110110
0110101001000010
0010011101110000
1100001101111100
0111110101001100
1100110001001101
0001011001010111
1101000101101100
0000101101000101
1010100001010000
1100000111001110
1110010111000000
1110001010011111
1000001001000100
0000110010101000
1101001110101010
1101001110011101
1011011100001101
1000110010001001
1110110001001010
1101110001011010
0010111000101110
0100000000111100
1101101110010101
0011111110000101
0010110001100111
1100011100000101
0110101000110110
0001111101001001
1111111100100000
1101011111000110
0101000001111001
1011000011010110
1000011001100111
0101001101000001
0100100000101101
0010100011011110
0010010101111000
0010001001111101
0001100010101001
0000110010010000
1111010101110000
1110000100100001
1101110110101111
0000100111000110
1100111111000110
0111010001110100
1100111011011101
1010001010011101
0010011111100011
1101000000100000
1001001010110001
1011000001111001
0011111011000000
1011010010000001
0100101100110100
0101111010101010
0011100000110011
1101001111000001
1100001011111000
1010101100101001
0111110110000100
1010000101001111
0001100110001011
0110111000010010
0100111010010111
0000010010000011
1010010011001101
0001000010101010
0100000010000010
0111010111111110
0111001101011111
0010110111100010
1101001000011110
1010100110111110
1010111100101000
0101111101100111
0010010011011001
0111110000001010
1001101100101110
0100110101101010
1000011001111110
0101100001000100
0010000010100010
0011111011100010
0101111101000111
0000110001001111
1011010001100101
0111010110101011
0010100110100101
0100010001101001
1111001011100100
1101010111110011
1000001100001010
0001010101000111
0111100011111001
0110000011001000
1100100000010000
0000011111110110
1000101000001001
0011111101001111
1000011010000000
1010001111111110
0110100110000100
1001010110000000
1111111001000000
0010000010100010
1000110100011010
0111100110110000
0000000011100010
1100000101101010
0110011111010010
1101001010001110
1001111001100000
0101000100001101
0110011101000011
0100010010100100
1011101111001101
1100010101111110
0100100100101100
1011001110110010
0000101010000110
1101101101101011
1111110001010100
1100101111001101
1110011111001111
1110011000100101
0001110110001101
1011100111011010
1100100111011111
1111110000001000
0110100101010010
0100111010111100
0001000010010111
1010111011000010
0001110111011000
1110000101000010
1011110110110101
0010100111011100
1000011100100011
1111011110001011
0110001011010000
0111001100101100
1010000011111001
1101011100001110
0111111110111011
1001001010000110
1110001101110001
1000100111110100
0110111111111010
1000011100100100
1111100000000111
1110011001100110
0010000101011000
0001001100001100
1001100100010111
0000111010111110
0111000110110111
1111000111001010
1000110011101010
1110001000110010
1100011010111010
1011011010110100
0100111010011000
1111100010101101
0010010001110101
1101010010101110
1111111101010000
0010001011110110
0000110110001001
1010010011001100
1110000110001101
0100111100101100
1110001111110100
1110000101000010
0011101111101000
0011101100100010
0111110100110101
0110001101101101
1001001100010000
1011110001010101
1110001111111101
0111101010100000
1000101111010101
0101101010101001
0111100101000001
1001111111110111
0001110011110000
0110110000000111
0110010101100101
1011110110101101
1101101110100100
0101100100100000
0000010111110100
0001101001011110
0111011101011010
0100110011011011
0110001011010000
0010110100100100
1010001000001011
1111001100110111
1001110011001000
0100000110011001
0100110110001111
0111011010101100
1101001100100101
0010111111100010
1100010011011100
1010101010011000
1101110011001110
1001111111001110
1001010011011100
0000000101000111
0101010101011010
0000010001011100
1010000101101011
0110111000110001
1101010000100011
0110101101011110
1000100111011010
0000001100100001
1000110110000111
0011010001100110
0110000100101001
0100000100101000
0110001111110010
0010111100100000
0001000011100100
1011111110001001
1011111100101100
1001011000110100
1101010100011011
1100100011100110
0111111100001110
1110000111000101
0001001111010101
0101101110000100
0010000000100011
1011110000101111
0000111100101001
1100001011001110
0101110000100111
0010110010010001
0011101000111000
0001110000000110
0111100000110110
1010111111101110
0010000011011110
1100110100001111
1011001010101111
0000101011010101
0100111000101110
1101111111011010
1010111110001011
1111010111111001
0001101111010101
0110110110001010
0101010111010101
0110001101010101
1110100001110110
1100000010011111
1010110100000101
1011000100010101
1001100100011010
0100110101011001
1000101011100010
0110001100011001
1001111001100001
1010100001000100
1010110100001010
0011001010001111
0011110001011011
1010110111101111
0110111100101101
1010101111010000
0101010010110110
1011100010100101
1011011111111010
1000111000001001
0101011101101100
0001011000100111
1100010001000000
0110000011001001
1011000010010011
1001101000100110
1100011101001001
1101011010111011
1011110011001100
1010110000100111
1101111101000100
0000101010100011
0001101111110001
0010001110010001
1011000101101110
0000000000110010
0000000101100110
1010110101100000
1100110111111110
0101001001001011
1000100110101000
1011111110011111
0001011011100101
0110100011011011
0111010110000111
1010000001011010
0101010101000010
0100100011101110
1110011000110100
0101100101010011
1111011011100001
0100111000010101
1100100011000001
0010010111000011
0100010111001101
1101000010011010
1011101010101001
1110111100011110
1110000110011101
1110111000101100
1101001000111100
0011001100000001
0001101001101011
1111100000010111
1100010111100001
1100011011000001
1111110011010000
0101000101001101
0100001001011010
0010111111000111
1001010100111001
0100010000100000
0011011101101100
0110010101111011
0001010110111100
0000110000110000
1001110101110000
1011000010001110
1101001100001100
0011000101111000
0110011011100000
0010110010010101
0110000100001111
0111111000111010
1011101110001111
1100111001011110
1110100100101010
1001100100101010
0100001111111000
1110011011010100
0000110110100101
0010101110000011
0000101011100111
1010100000010010
0101001101100000
0100000101000100
1100011010100110
0000110110011001
1110001110011110
0000001110010011
0010000100110111
0110000000100011
1010000100011011
0010101100001100
0001011010000001
0010010100001010
0000011000111111
0010000000000111
0111111101000011
0001110000000110
0101001111111000
1010111011100110
0110010110001111
1100011111000101
1001000101111000
0100110101010010
0001100011100001
0001001110100100
0100111011011111
0110011101010001
1001010101111010
0000000000010011
1110100011101011
1000111111111111
1101000111011110
1000000110001010
1110011010011110
0110111010010111
0001101101110100
1010100011001001
0001100110100010
