0110111010011111
0001111011100000
0000011100100101
1011000010011000
1010010101011100
1001000001110100
0011111010100111
0001011000010000
0001011010111001
0010100011111100
0011011101010001
1001011000011111
1001001011000100
1110110011110111
0011011101010111
1100001011001101
1010111011010001
1011101001010000
1110001101101010
1110111110100110
1100110110111110
0111010110100010
0101110100000111
0011111001100010
0001100111010100
0101101000101001
1101111000111001
0110100111100101
0010010111011010
0100110001001110
1110011011110001
1100011000101011
0000011110000001
0000100000001110
1011101011001101
1011001011110110
0100100101000000
1000010111101110
0110111101101011
0111001100011100
0101010110000011
0101011100010100
0001001111001110
1100110110011011
0000001011000111
0011010000111011
0011000111111110
0110011000011001
1000000100001101
1101010000010100
0101111100000001
1101111000100100
0011100010111110
0011100101101011
0111010101101010
0000111111100110
1111011111110101
1101111010011000
0001000000110001
1010101011100111
0111100011101010
1010011000000101
1010100110101101
1100001000001101
0010010111100010
0100111000011101
0011011001000001
0001101110000011
0101000101010001
1001010100110101
0111101111000011
0011011011001101
0001111101010101
0100100011001101
1001001111100011
0110110011010100
1010010100010011
0110010001010000
0001100101000010
1101111000111110
1110000100110100
1011100101001001
1111010010101011
0101110010001100
1110110001000001
0000010111110101
1011101110010101
0001101000000010
1100110101100001
0110101101100100
0000000110110011
0100000000001000
1111110001100110
1110011010010101
1000010110011110
1110100000100001
0011010000110000
0000010111011111
1011010100011100
1010010001111111
0110001100100111
1001001100000010
0101010000111001
0100111001011001
1111110110001110
1001101101011110
0000111110001000
1001010101110010
0111011111011100
1101111100011000
0010101101010001
0100001110001000
1010100010111011
1011010110001000
0011111000010000
1111100000101011
0000011000000011
0111110101001100
1100011001110101
1011110000000110
0111111100110011
0110101000110110
0011011100001001
0111001001001001
0110100010011011
1010111111111011
0110111000100000
0101010100110011
1001001101101001
1011111111110111
1011011111001011
1101100001000101
0101011110110011
0011011110110001
1011000011011011
0011101100001111
0001101010110000
0101110101001111
0111110110000110
0110000100110100
0010000001111010
0101100000011101
1111010001101110
1111110010110011
1011000011100101
1011000000101110
0111000010101110
1100011000000100
1011000101001110
0111010110110100
0110010010010110
0101000101011010
0010010111010101
1001111010101001
1111100011011110
1101101001001100
1000011110011001
0011001110000101
0111010111101100
1100110110000111
0101111001001010
1010110100010101
1010001010100001
1111101110110011
1110000111111001
1101100100111000
1101111110010001
1000111111011111
0011000110001100
0111101110111000
0101111101001010
1011010011100000
1100101000101000
0111000101101101
1110100100100110
0101011110111100
1000001100001000
1110110101101111
0010100010010011
1110101000111010
1110010110100010
0011011000111011
0011110100100001
1011010111010111
0101101011100110
0111110001011001
1100110010011001
0001100001101010
0011001010101010
0010101111100100
0001010100011001
0110110110011010
0110111111000010
0001111111011000
0001011111100000
0100111010100101
0001110010110000
1011011101011101
0110000010000011
0010101010101001
0010000100001100
1101000010000100
0001010001110110
1000100001110000
0010110100100100
0011110001001011
0100100010000110
1000000101000101
0010001100011101
1110001111100101
0111010010110000
1100101011110000
1110000110100010
0011101100100000
0100100110010001
1011110111010000
1101011001010000
1011001000011001
1111110001110000
0101001001000000
1110101111000010
0110111110100011
1110110001000110
1100110000111101
1010010101010101
1011101000000001
1101111011110010
1011101011011010
1111011010001111
1011110001001011
0000110000010001
0101101110100100
0111001001100100
0010111100101011
1011111111011110
1110110111001011
1001000101010011
0011111010011001
1110111001101001
0001111001101111
1011110111100100
0100111010000111
0001110000010000
0010101101011111
1100010000010100
1111110110111000
1110111000111100
0101101101100101
0100011110010110
1110000101101111
0101110110000110
0110011000101111
0001101001100110
0000111111010111
0101100100000111
1100111010011000
0010011011101101
0110111100110111
1100000010001001
1000101110111101
0000110100100011
0110010110100111
0001100101000110
0010001110101011
0101110010110011
0100011011001101
1001111001110100
1010100000010101
1111110001011111
1110011101100111
0111000011111001
1001010010110100
1110010111001111
0101110111011010
0100111001011111
1001101101000011
1101000111011010
1100000111110101
0100101000110101
0110000001101110
0110011100100011
1010001001011010
0110101011100001
1110101100111100
0101101100100001
1110001110000101
0111111110111101
0011101100011100
1010001101010101
0101111000010111
0001000101000010
0010000100000111
1110000110110110
1010011100001110
0111111000111101
1101011110001111
0111111001111010
0011000000100010
1111011011011000
0010101001100000
0110101110000000
1100101110110001
0111110011000110
0110111101101001
1010101000111000
0001011010011011
0011000000010100
0110111111011101
0011010101010110
0001001011001001
1111010000111100
1101111101101011
0100011000101000
0110110110101011
0010111011001110
0111100001110110
1001100101001000
0011010101000101
0100000101011101
1011101111011111
0001100001101101
0001111100010011
0110101000110011
0110110100111001
1001101011011100
0110101000000010
0011100111001011
0110011111101000
1100001000110000
1100001011010101
1110110110001110
0010000011010001
0100011100000101
0001011011011010
0101000001000000
0010111110111010
1100010011110011
1111000001011111
0001111001101110
0011101001101101
1010000010111101
1101001001011101
0111010111010111
1101111011011001
1111111000000111
1010010100010011
0111000101111010
0110010100111111
1100001011101000
1100110010111010
0010100101110110
0111100000111010
1111101000110111
0100111110111100
1001100100011000
0100111101011011
1010110000100110
0001110001001111
0110010100110001
1000111011001100
1010101111001001
1101000001110010
1010100110011110
1111001010000110
1110101110001111
1011001100000101
0100000010001100
1010111100001101
0110100000110100
1111111011110110
0100111110000000
0001011101101111
1111000000000011
1010000111010111
1111100000001110
0110000011111111
1011110001101110
1011111111101110
1100101100001111
1001100100110010
1100100110100000
1110000101010000
1111101101101110
0000010110011110
1001001101011010
1110010000011000
0001111100110111
0001001100011001
1101100000110101
1011100100111111
0011111011001011
1010110000010000
1000100010000011
1011001100011000
0111011111001000
0011111101100011
0001010010000000
1000011100000011
1100010101111100
0101100100010111
0010111010010010
1110110000011100
1001100010111100
1011110010001000
0110010001111111
0001110001111000
0100100111110111
0111111011111101
0110110111111110
0001101111001000
1010110011001100
1100000000010101
1100110111101000
0100101001000101
0111000001111111
0011010111001101
0110110100011111
0001110110010001
1011110011101000
1111100001110110
1111011000000010
1100111010111101
1011101101100110
0111100111011100
1000110010010110
1001000100011000
1100111001011110
1001001100110110
0110110100011100
0101111010001001
0110010111100010
0001000010100110
1100000101011010
0100000110001100
0111100010000100
1111000111111110
1001011011100101
0010010110110000
0011000000010100
0100011111101111
1011111001000011
1110101110011101
0110011001110000
1001101001100001
1111101110000010
0111010001010010
1101001010111110
0111111011100110
1001101111111110
1111101011111110
0100101001011010
0011100101101010
1000001010000100
0111001001100010
1001110111000010
1011101000010000
0011101100010001
1101011101100101
1100100110000110
1110010111011110
0110010011110011
1011111011010101
1100010010110100
0101100101001001
1001011001110100
0011001110011011
0000110101100111
1110001100101011
1001001110110000
0011100101011111
1111011011010100
1000111111111111
1010110100010111
1101100000111111
0101111110101101
1011111000101011
0110100001011110
1001010010011000
0111001100101101
1000111000011111
1011111100100010
1011101000000100
0011000001101100
0100111110001011
1100011110100001
1101111101000111
0011011101010100
0100011100010001
1010011000011001
1000011110110111
1111011101011100
1110001000111101
1111101100110001
0011111100000110
1110000110100011
0110110101000100
0101101010110110
1010111011011000
0001011000101000
0001111010011111
0001000010000011
0101001111101001
0100101100011111
1001101010111000
0010101011111101
0100011000010001
1110010111101010
0110011001011111
1100001001000001
0101111110110100
0010101110111111
