1001010100011101
1111110111001011
0010000111101111
0100001110000110
1011010100011010
1001000010110000
1001110001011110
1010001111000001
1110010000011111
0101111100000100
0000101001110010
1010111110001100
1011010110011011
1100111101110100
0111111111010101
0101001111110001
0100100110011010
1100110110110111
1101110101001001
1111101101011000
1010001100101101
1010110001001111
1010000111111010
0100001111101001
0001100101101010
0000001110101100
0010101101111000
1100010000111000
1010010101111100
0000101001010011
1100011101101001
0001000010001100
1100001111100001
0011110100101010
0111100110011001
0000101110011011
0001000110011000
1100111101011011
0000010101010110
0110100011110011
1111011100101001
1110010000101100
0011010100101000
0110110100001110
0101100010101011
0101000111110100
1001010000001101
0010000111011011
0000010001111110
0101101101011100
1100111100010111
1000000111111011
1111000110011001
1001001001000000
0101011000010001
1001111001110100
0011000110011110
0111001101110100
0110011101011101
1010010101011011
1110011010110100
1100001010111010
0111101110110100
0001001011101001
1000100001100010
0011001110011011
1001100001001000
0010010100000101
0110100001100100
0010110001111010
0111101011110101
1000001001110000
1000010010111110
1001000111001000
1110111001101001
1000100110010000
1010011100111111
1101101000010001
1010000010010001
0001011100010001
0000111010000110
0001101010110100
0001001010100100
0011110100011100
0110110110001001
0101000100100001
1110001100011011
1101110101001010
0001101101011110
1001011101111110
0001000101100100
1011001111110011
0100011111010110
1101100100100011
0000101110111001
0100011100110001
1110101101101101
1100101000100011
1100010011100000
1110110011101111
1100101101001011
1011110001100111
1011001111101011
1110010100011000
1000000111101010
0011000010010010
1000010110001011
1001010000000001
0111011101110010
1110111000110101
1000110110101011
1111000001111010
1011101011111000
0001101010101100
0111100010111111
1111110101010110
1010101100000110
0010110010110101
1001011111001011
1000100011000111
0110110100001011
0111010101110111
0010111110101111
1011111001011110
0110000011011110
1010001101011110
1000000100100001
1111111111011111
1000010100101100
0101101011111010
0011011110101110
1000110101110101
0110110101000000
0110001110110110
1010100110110001
1011101010001100
1110000010001010
1000100010010011
1010000101100100
0101000101101110
1111111011111010
0010000110000011
1111000100011100
1100110001011000
1111110001100101
0000010000101111
1000110011010000
1110110011010010
1010010011010011
1101001011000100
1011110000101011
1011010010111010
0100111001011010
0110000011000101
1100110111110001
0101010011100100
0101100010000001
0110010000101101
1011101100011100
1100010111100011
0000100111111111
0100011010101111
0001010011100010
0000011001011100
0000000010110101
1000011101000010
0011010101010001
1010000100001100
1010110011000011
0001010000100010
1000010011011100
0000001101000111
1101010101101010
0101100000100101
1001000110001111
1100001111010100
0111000010011111
1111010010011111
1010111100001111
1111111010100000
1100011101111110
1101100111000011
1011011011110000
1110001110111010
1010010010100100
0110110001111010
1001100011011111
0010110000110001
1100111000101101
1011001100010111
0000000100001000
1110010010100011
1101010101010001
0011001110001110
0011010101001111
0000111011001011
1110011000010010
1111001000100111
0111110110010100
1100000101001101
0110001110100101
0000100110101111
0011101000101111
1110010111000000
0101110011011101
1100111000110110
1001010001100010
1111101000100011
0101110100001000
1111101011010101
0101110001111000
0001100110011011
0100011111110000
1101000001000100
1111111011110011
1111110111010010
0010101010010010
0010001111111001
0001101011001101
0101100011110110
1100110111011100
0000111011011110
0100110011101111
0001110001011000
1010010110010000
0101110110100011
0101101011100001
1101000011111001
0110110111010101
0000011100100000
1110000000001100
0100111011010011
1111010000011111
1101100100101000
0110100110110101
0010100110111111
0110001000111011
1010110110100110
1111000101111101
1110001001001100
1010101011000001
0000101100111110
0010101000001000
0001000011001110
1011101000110010
0010101000101010
1101000110100110
1000111110010000
1001010010100010
1111000011100001
1111011011110011
0001100101011000
1111011001110111
0010011111110111
0111001111001001
0111110110110011
0110100000000101
0101001010110111
1000111010010010
1000111001011111
0100111111101111
1000100010111111
0110000110100110
1011110111000011
0110100000100111
0001111111110010
0001010100110010
0111011000000101
1111001101010101
0011010100000010
0110001111001101
0110110001001001
0110000101001011
0000010100001111
0111010100010101
0100101101101001
0101010111101101
0100101000101101
1010110011111100
0010010000110101
1110011110101001
0111010100010000
0111111011011001
1100010110110111
1000011010101010
0011011010011001
0010110111000010
1010010010110111
1111100101001100
0100101010111111
1001110001101011
0010010010010001
1011000111111000
1000011011100001
1110010110111000
0001011011110011
1001010011101010
0000011011111001
1101010010011001
1100000100010010
1110100101010010
0100010101001011
0010110000001111
1011101111111111
1101101111110011
1010111111000010
1011100111011001
1110100111111000
1010110100011010
1110011111100011
0011101011010010
1100111110011001
1101110010100000
0100111000101011
1110010100011001
1111001001101010
1110011111001111
0101110000101011
0011010001100001
0111100001000010
0101100111010011
0010000011010100
0100011010101110
0101100110100101
1101101001111100
1000010110001101
1010000100101011
1011110000010101
0001011101110001
0010011000001000
0101001111000101
1100100100000011
1110101000001110
0000111100110001
1001000010001000
0100100110011101
0101010001100111
0000111000100111
0101101111010001
0101001001100111
0001001110100001
0010110110110110
1100010110101000
0010011111001011
1000110010000101
0011110010011000
1001010111110110
0111100000001101
1101110111110111
1001001011111011
1111111011001010
0000010100000100
1101001000100100
0110100110101101
0000111001000011
1010110001100000
1100010000101001
0101111001011000
1000011111111101
1000101001100001
1010010101001100
0000110101001011
0000010001110111
0000010001000000
0001100011001101
0101000110000101
1101110001111101
1111001010111100
1010100001110000
0101001101100101
0001100000011101
1111110100100010
1101001000001011
1000000001001010
1110000101110011
1000001011011110
1110100010011100
1110101001011000
1101011101100100
1011001111111000
0100001011000001
1111110110001001
1001000101101011
0110101100011000
1010010010100010
0110110111011001
0001110111110001
0110011110010011
0110101011101101
0001101010100010
1110001101100110
1000111000100011
1111100011011100
0111000111111101
0000010000001100
0000100110011001
0101011111110010
0101101110000011
0010111100101101
1011001101000110
0100000101100011
0000001011011111
0110000101000101
1000010101001000
1111101000111011
1111101101011101
1001100110001110
0111000000100111
1101111100111001
0011110010000011
0101001100001110
0000111001101111
1010100010010110
0111110101111010
1111000111101100
1001010001101101
1100000101011010
0011110001000001
1110000110100110
0101110000000001
0110011001011010
1110110101001110
1000110010101000
1101111000101111
0101001001110010
1011101011101010
0101010101110110
0101110110110101
1111101000011010
0001001101100111
0111001101111110
1011001010001100
0011111000101011
0010111110000100
0101100000001001
0111100011100000
1110101111111101
1110101011011010
0101100110011111
1010011100001110
1000110110010110
0001011011100101
0111111100110100
0100001001101011
1011110010010100
1001110100001000
0011010101101111
0110010010101011
0001100111010111
1000110100001101
0111001010101000
1001110011001111
1001010110000111
1001000001000101
1011011010110100
1001101101000100
1010110000010110
0010000100100011
0001000101010111
1100011101000001
1100000101101011
0101001011110000
0101100100000011
0110001011110001
1101111111001101
0110001000101000
1111101101101001
0010110101100101
0010110101010111
0110111000100100
0110100010011011
1011010100110111
1111010110010001
0010111100001101
0110101101100101
0111110110010101
0010111010101101
1110000101001010
0111001011111010
0101111010101000
1111100110011110
1010100111000111
0111010101101101
1111010000001001
1010011110110001
0001101101100000
1010111100011110
0101111010100010
0110110001010010
0100011110001110
0110101101010111
1000101011100101
1001101101011001
0100100100111110
1010010110010001
0011000000111010
1110111101011000
1001111101100000
0010010101110111
1101000011110110
1000111111111010
1101010100110000
0101111001011010
1010011101010010
0101010111100100
0110001110011011
1111001111100010
1101010001011011
1111010010011111
0100001010001000
1110010110111000
