11111000000001000011001101101110
00100010100001000001000010010011
00111001110101111011011110111110
01110000001010000110111010110100
01001110000101100101111101011100
10010100010101100010011111010101
01100000101110010101010100001101
00111001100101100000100011101101
01000011101100001000001111011010
11101101010011111010000101100000
11001111010000000101001001100100
11111011001001000010111111110010
10011010010011001011110000100100
10100000111100110100011001011110
11001100011110110010000000110100
00100010111101001111010001010100
11010010101000111011000011001110
00000111010101000110110101101111
11110011110111000101101011000011
00111011010011101111010101001110
00100001110101100010010100100100
01100001111000011100111000001010
10110111111100000110110001111100
11000001010100110000111010001110
11000110001010010010010111101111
10100101110010110100111110011100
10110101110010010001001010101110
01101011010100110111111111001101
10011111001011110010101101111001
11011111101000111000010101001010
00111010011111001011011001000000
01101001111110011111010010110110
01010101111100011011111001110111
11000010111101100101001111101000
10000011111100011110101101110111
11110101101001010111111010001110
10010110011011001000011010101001
00000100011101110111100010100101
01010100010010000011100100101010
10101011001111011000010011110000
01010011001010011100110001001110
00100010011110000001000110100101
00011000001010001000000010111100
00011110010111011001000111001101
01001101100111011000000000000101
10110000111000000000010000100111
11011101000110111111111100000100
01000101100100110110111100111000
00000010111110101110100000001101
11000101100001100010110111110000
01100001000101100001110011101110
00101101011100111000110001100111
01000011100100010110110101111001
00001111100101101111000001001010
01010110111000111110111110000110
01010010101101001010010001010101
10010010100101001011001000010110
10001110010010010110101011110100
10001010111000100011001001111000
11011000101101100110001110100000
01001111010100000000110010111111
01111011101000111111111111011011
11110001101101100010010100001100
01101010111011011111101011101001
10110000011101010110011010110110
10110100100011001100010010111101
11011011000010111010111110101010
01110111111100001001000011011100
10110000010110101010001000100110
00001111001011011001000011001101
01000110000100101011010010000111
01101010101011111110111010101110
10110101111110101101001010001110
11110100111101100110001011000111
10111010111111111111101111110000
01010101011001001010010111111101
00000001110010010011110010011110
10101101011101011001001100101001
01100000101100011010110001000111
10111011101010010000000110110111
00110110110111101010101011000100
01011110011100110011010101011011
00010100001001011000111100010000
10110011010101100111010000101010
01000100010101001110001001010110
01000111001011101101001110010000
00110101100101010110101100111101
01111101111010010100101000110110
11111011011010100111001001101011
11101010000010100110011110001001
10111110000111010111101001011110
11011010110001010001110011011011
11100011000010000001001011101110
01100110010110111011101100111111
01010110000011000110001101101001
11010111101000101101000111000110
11101010010100010101101100110011
00110011111001010000010110100010
10101101110011111000011001111001
11100101110110100011100101011010
01010010000000010011100010111000
11000110010100111100111011010100
10011001001001001001001010100011
01110001101110000011011111101000
00100100101011010101111000100100
10100110110110011100100100010000
11010000001100100100000011110101
11101101101100111000111111010110
01000100111101101011000010001110
11001011000010011100110001001111
01111010110100111111000111100010
11100110010010000011000011000000
00110011000110100100010010110001
11110111110001101011000110001100
10001111100000000110001010000101
11100000101101111001111000100110
01011111011010011010000011011101
00110101111001101111001110011010
00101000100111110000001010101101
11110101010101111110101110101110
11101100110000110111111101000100
11001101101011011011000011110001
00101001110110100111110110111100
01111100001101110101110000010000
11111100000101001101011101001100
00000111111110010111001110010101
00000100111011010110000100010010
11000110010101110111010100010000
