0111101000110011
1101100111001000
1010001100101100
0000000010100000
0100110011001001
1000000010100000
0001110100010010
0100101000101000
0000101011001111
0000110000100110
0000101000101000
0001100100111001
0010100101010000
1100011100111000
0110000101010011
1100000101000000
0101100001000110
0100000110111010
0101001110010000
1000010010000010
1010111010111000
1010001000000001
0100001010100100
1100011100000010
0110100001101001
1011000001000000
0011010111010001
0000010000100010
1111110000101011
1110100111101001
1000000101000011
0001011011001000
0010101100110010
1111000000111010
1001110110001000
0000100011111011
0100101101110010
1000000100010101
1001111100000001
0100101111000101
1100000010011000
0101110010101010
0011000000110100
1111001100110101
0101000101101101
0010001000010001
1011000000001001
0100010011100000
0100010100101000
0101100011010101
1000000000000000
1001001001010100
1110000010000110
0001000100111010
0000010000000010
1001010101101110
0001000111000100
1101000001010011
1011111100110000
1110111000001000
0001000100010000
0010110000010101
0000000000010000
0001000000000001
1000111001011011
0100000001110011
1000010011000100
0000011000100101
1000100110101001
0000101101101100
0001101001001001
1101000000010000
1010100011100100
0110111000010010
1011101010001110
0101001001001010
0010100110111010
1010000100110100
0001110010100011
0001000100010100
0010011000010000
0010101110101011
0011000111011001
1100000100001100
1101000001001101
0010010001101001
1000001100001100
0110100011011000
0001011001100111
0010001100111100
0000011000111001
0000000000110000
0000111101001110
0000110111100010
0110001000000110
0000000001001110
1001001100000000
0101010000100001
0000101000111001
0000110010110001
1000110010000110
0000010001100011
0001100111111110
1000100101111100
0001000011010100
0100001011101010
0100110000001010
1010100000101101
1001011100001010
0001111000010000
0100110010010000
0000011001001001
0010110100000001
1011100100011101
1000011000101110
1001100101001000
0010000011110101
1110000111001110
0010011010000100
1001110110000000
0000100001001010
0100000110000101
1011000010000100
0000010001101000
0010001011100010
0101001110100100
0000101001001011
1110100001011000
1011100001000100
0110000100001000
0000111101001010
1110011100010000
1100110001011100
0010001000010000
0000101100000110
0100001000110110
0100100000001100
0100100011010000
1010010110100011
0111101000001101
0010010110000000
0000011100010100
1100001011000001
1011000001100100
0010011001000011
1010101100101010
0110101110010100
1000111100110001
1100001010101001
0001011011010000
1000000000010000
1001001101001110
0110000001001100
0001100101000100
1101101001110101
0000111001010000
0101010100000100
0110001111001000
0110001011000001
0101000001000001
0001010010000110
1110001111010101
0110100101100011
0100110000000010
0000000000101000
0101011010100100
1000100010011001
1000111101001000
1000101111000001
0111100001001101
0000010100100001
0110010011001000
1000010010110011
0000111111010100
1011000100001100
0000111010000000
0001101011010001
1011000000101111
0100010111111000
0100000001111101
0000000010000000
0000100011001111
1100001100100001
1010011011100100
1010000100110011
0010001011101000
0001011001001100
1000101100000010
0010111010010001
1111001111000111
0000001101000000
1010010101010110
0010101010010010
0100011100001101
0000011011011010
1101000011010011
0010100111001001
1101001100100010
0010100100001000
0010110100111001
0111000100111001
1111110010101000
0101001100101100
1110100000000001
0001100000011110
1000100000010001
0001001101001100
1011001100100000
0110100000011101
1000101101101101
0000111101001001
1000111011010001
1110000000100010
0010100100000000
0010100011000000
1000001010011001
0010101100010011
1000000000100001
0101101110000001
0100000001000010
1110001000101010
0110000100001101
1011001010110001
0110010101011100
1100110101101100
0000100110000100
0001010010010100
0111000101011001
0000001100000011
1000000110010000
0000100110011110
1111010000110100
0100001000100100
0010100110101000
0000000010000101
0101011001010101
1110000101010100
0100000010011101
0100010101001100
0101100001000101
0010111110010010
0000000111010101
0111000101001010
0011101100100101
0101101100011000
1000000100100100
0101010010100100
0111110110100001
0001011000010100
0001000010101000
1111110101110110
0011001101110110
1000000100100100
1100111011000101
0000011110001100
1011100000000010
1101101110101000
0100001001100011
0001100001101110
1100100110001000
0001000000001000
0010001110111110
0010010010100100
0111101000111011
0000101010100101
1001011010010000
1000100110001110
0001000000100100
0100100011010010
1010110000010000
0001110010001010
0100011100100100
0100101100110100
0010000001100110
1010001110110011
1110110000010100
1100100101010011
1101011011100010
1110011010101111
1110001100101001
0011010110010010
1010001001111010
1010001011101101
0101010101110001
0100011000001100
0110000010000001
0000010000011101
0101111011101111
1111011010000000
1110001000100101
0000110101111110
0111000111000000
0111000111001000
0111000110011110
0101101101001000
0000001000100001
0101110000010100
0001001011101101
1000100000010000
0011000000011010
0001000101000100
0000010111100001
0011011010101001
1010110011010000
1010110100011000
0001111100101111
0111010101000011
0010000010001100
0000011100001111
0001010000000010
1010001001100011
1100001100101010
1100001000001000
0100101000110000
0000010100001000
0010000100110001
1111001000100010
0000100100010000
1100101101001010
0000000110100001
0000100000001011
1000110100001000
1101101010000101
1001011100100010
1110000010100100
1001000001011001
0100000001001100
1101111100100100
0100010001010001
1100100010001110
0010001011001111
0100101101000000
0100110001010101
0000110110101001
0000010001000010
0110010111101111
1101101010101000
0000100010101011
0000100000100101
0111001110101000
0000100110100100
0001111011100111
1010000001000011
1000100011001110
0010100011110000
0110000000000011
0011101100000101
0011110000000101
1110000100101001
1001011010000011
1000000111000000
0100100010001001
0111110000001010
1001000101101001
0011101111010100
0101011011100011
0100001001010010
0100101100000011
1000110011010000
0000000010010010
1000000000000100
0101101001101000
0110100001011101
1110000110000101
1000110011111011
1001010000001110
1101010000110000
0010000010000011
1100011000000100
1010110010010100
0001100000111100
0000000000001000
0111010001000000
1100000000101111
0000001000111100
1000010010000000
0110000110000001
1101010101011011
1110111001011000
0000100001010100
1100011001100011
1100000011000011
1110011001111110
0100111010100100
0000110000001101
0011110000110100
1101101100001010
0011011000010000
0011001010000100
1111101101010001
1110001001010001
0000111000110010
0001010110100110
1010000111000001
1100000010110100
0001010000000100
0111011010010000
1110111100100000
1000111011001110
0000010001100011
1100000110110000
0010100000110011
1111101010010000
1011100100101010
0111001010100010
0110000000101001
0100000010111101
0100101010001010
1110000111000011
0100000001101110
1001011001111100
0000101000000001
0010000101011011
0011000001100001
1001111001100011
0100110000111001
1000100011000000
1100000001001000
0111101111000101
1110100000110010
0010110001000000
1010000100100000
0100001101101100
1011010001011000
0100010011010001
1111010000010010
0110000010000100
1001000000110100
0000010000011110
0000000000101010
0001101000000011
0010110111000000
0000100001001010
0111001111110100
0100110010000000
0010001000111011
1010010111001000
0101001001110100
0000101010110010
0011010010101000
0100001100000010
0101000010101110
1001011011000010
0000001010100011
0011010001010100
0011100000001101
1011100101000101
0011110101011111
0001111001101100
1011010011010111
1011010110011001
0101110110001110
1000011001101011
0011000000001101
0011100001100000
0010100000011011
0011000011100001
0000010000000110
1100100101111100
1010000100010001
1011001100011100
0100000110010001
0100101001000010
0011001001000110
0001001100110001
1101100110010010
0111100000000010
0011000010111000
0011000010100000
0010100101011011
0100101101011101
0011111000100011
0100110010111011
1101110011010110
0010001000100000
1000000010001110
1110011110101100
1001100011000001
0010000000010000
0001011100011110
0111000001110000
0010010001111101
0101100001110001
1001111100101101
1100111010000100
0100001001101101
1011001100000101
0010010001011110
0000100100010011
0101101000000101
0001001111011111
1110100000011110
1100011100111010
1111000001010000
0000000010100100
0100100100100101
0100000001100011
1010001110000001
0000100010010010
0100101110010101
0110001000001000
1110101011111001
1000001011101000
0001110100001010
1100110100000100
1100100001110110
0001011110000000
0010000111100000
0111011000010001
1011100011000000
1010001111000000
0001110010110010
1110010011100001
0000101010111110
0100001110000010
0000001001000011
1010001010011110
0100101111001100
0000000000111111
0001000011110100
0010000100111001
0101000001010100
0110001001010010
0111100100000100
0010001100001000
0111001111000000
0011110100100111
1101000111101010
0000001101010001
1011001101010000
1111000000010101
1001111101010110
0000101010010010
0010001010100001
0100110001011000
1111000000010011
0001101010000110
1000100111011011
1000000101110110
0010011011110000
1100000000001101
0100010000100000
0000001010010000
0001000110110100
0101011000010100
0101010000000100
0001100000010000
1010010111100000
0110001001000000
1110110000001011
1000000100010010
1011100100100101
0001010011000100
0010010000000000
0000011100100000
0110101001001010
0111011110000000
1110011000011110
0000100001000001
1010000100000000
0110000101010111
1111100100110011
1111011010111110
1000011010000010
0110011000000110
0000010100011000
1001110010111110
1101100000100000
0100100111010000
0000011111111100
0100000110000000
1011000001000001
0000001000000110
1110111101000110
1011100010100010
1010100111111101
0101001011001010
1101100001010011
1100011111111001
0110100001000001
1111110000100001
0111101101000001
0110001100001001
0110111001000000
0010100110010010
0010101010001011
0000100101101001
1010011000111111
0001111010011001
0101011101011001
0001100100100010
0000001101010010
0100110101111000
1001100110000001
0010101001001100
0111111000010000
0000011001100100
1000110000100011
1000100000101010
1001110011001000
1101010100111000
0100000110110011
0001111110001010
0000110111011011
0000100000100010
0000011001001110
0001001110101101
0010011000110001
1001101110110100
0110100000100000
0010001111000101
0011000101000001
0100100101101001
0010001111000111
0101110100000100
0011000000000000
0110110001000101
0001111010001010
0000101000000011
1100000101000010
0010010010000111
0101100000010000
0011010001110001
0000100000010010
0010100100000111
0000011101001111
1101111010100001
1000001011101101
0011011110011001
0000101011111110
1101110010110001
1100011010011000
1000001001100011
0101011011010001
0100011000001000
0011010000100100
0011111010001000
0001101111110000
1101111111101111
0010100000000001
0111011010100100
0000110101010101
0010101100100001
0011100010011101
1100100110101010
0110101100010010
0000000000001110
0001000100010101
1011111100100101
1001000100000100
0000010101000000
0110011010110000
0101001010010101
1001011111100000
1000110001001001
0111111010110100
0111000011010001
1100001000110001
0011101001100100
1011110010111001
1010001011110100
1111100000100000
0001010101001100
1100101000010011
0010010101000101
1001110111111111
0001000100011000
0000010000100011
1111000100011000
1000010100001010
0110111110001100
0111000000000110
0100000111110001
0001011001010111
0010101001010110
0110101001010101
0001100000110010
0100010110000110
0000100000000110
0010011001100001
1010110010011010
0000000000100011
0110001000011111
0110000000000100
1100000011000000
0001011000101000
0100110101110101
1111000011100000
0010100100011111
1011010000000111
0110010100000110
0110000111000000
0100111000100110
0111100111100110
1100110000010000
1101000000110000
0011010010011010
1111010010100000
0001011001100011
0000110000100110
1110001110011110
0111101000111010
0000010001110011
0000010100101110
0101001000001100
1001001000110100
0100101001000101
1101101000001011
1001101110111000
1001010101100010
0100000100001100
0110110010000101
1110010100110001
1100100110010011
0100100001001111
1001000000000101
1000111001001101
1000001000001010
1010011101000000
0100101110011010
0001110110001000
0001001000110100
0011000011010001
1101000011100111
1011101100011100
0010110111000001
1110101100001011
1001000010101110
0111101001000101
0011000000101110
1111000010001110
1100111001010001
0000101000001010
1101010011010010
1011000000110001
1101100010010010
0010000000101110
1110111011000101
1110001111110110
0001111000001100
0000110100000100
1000001001101011
1001010010000010
0000011111010001
0001110001111000
0000000111101011
0100010001111101
1011011010011001
0001010100110110
1111000101011111
0101100111101001
0000011101011100
1000010001101000
0010001110111010
0101010110001110
0000110011110110
1100001010000001
1110111001100100
0101110100011110
0101000111001000
1010100000000001
0001000101010010
0011100100100100
0100111110100110
1000000000011000
0111000101101011
0000001100010100
0010000000100001
1000011001100100
1101010001010011
1000100100000101
0101010000010000
1110110110000100
1101100010100000
0101101000000010
0001100101000001
0100111000011100
1011000111011000
1010111110010111
0001011000000001
0011010010010101
1100101001001100
0100001110101110
0100110101011101
1001011000110010
0000101000000101
1011100100111010
1100001000001010
0000000100000111
0011000111100000
0010001010101001
0011010010001000
1000010110100010
1001101101011000
0111011010000011
1101001001111011
1010001000101110
0110000001000010
0110101001011011
1111000111011101
0101110110001001
1001111110110100
0100100001101000
1010100010100010
0111100000010101
0100000101111100
0100010010000010
0010110011100010
1000001000111011
1010110010000100
1110011010010000
1100100010111110
0100001011010011
0111001100110010
0111101100010010
0000010000111100
0110111010100011
0010010011111101
0110010000000100
0100000000000010
0000011000110001
1000110110110001
0111000001101000
0101001100001001
0000001010001010
0000011000001010
0001000001100010
0110110000000010
1101001001100000
1100100011101110
0000001001011010
0101000000111001
0111000011000001
1010110000001011
0010010111001000
0100100100001111
1111000001011000
1000000001101011
0001100110110110
0011000000110010
0111100010110010
0000000110010110
1010111010101110
0110000011000110
1100111011011010
1110000001001011
1011100100001111
0000000000100101
0000001110001000
0011111000001001
1111110001000100
0010100000010010
0011001001000000
1110000001000101
1101010011110111
0110001010010110
1101010011100110
0011111001010001
0101000101100101
1000101110100101
1000101000101000
1001100010101100
1010000001001010
0101111111000100
1111010100000011
0000111000100000
0101011110010100
1100110011000100
0001000010001100
1000100010110100
1100000110000111
0101101000000110
1010101111101100
1011000000100101
1001010100001100
0101100001011000
1000000110100111
1100110000101000
0000000101000000
1000000101100001
0011000010110111
0011000010000001
0000101110001111
0101001000011101
0010000001110110
1000001001001010
0010011001011000
0010110010010011
0100000111000110
1010001010001110
1011111110110111
0010000000001000
0000000000100010
0100110100101100
0000100110001000
1000100100111010
0011011000011011
1010010011010001
1011111011000000
0000100010001100
0101000100000010
0010000011000000
0011001110100011
0000010100011001
1110100001000001
0101001011100100
0100010110100100
0100010000000001
1000011011010100
0010010111100000
1010100000001100
0011000000000001
0001000010101000
0010101011010000
1011010101111000
0010010000100000
1011010000000001
1000001011101110
0011110001011100
1011101101110100
0101010010100100
0100001011100100
1101100100101100
0001001011000010
0010111101111101
0101011010101010
1010101111010110
0000110100001111
0101100010100001
1110000010010010
1000001010101011
0001100011110110
1000100100010101
1000010001000001
1100110001100001
1001000011100001
0000010001010001
0011001111010111
0011011010001010
0011100110100000
0111000000000101
0000011010001001
1001101010000001
1001011001010001
1011000011111011
0010001100100010
1010100100001000
1000101011000100
1001010101111000
1000010101010001
0110001100100110
0000111011110100
0001001001100011
0100101100010011
1001001101000000
1001010100010000
1101010011100011
1110010110010100
0110101100101001
1000110011000000
1001000000001010
0110100001000000
0000000111111100
1101100010100100
1011010001000100
0110001000001010
1010000110100100
1001010101100001
1010010111100010
1001010110111011
0000100100101010
0000110101110011
0000011110010101
0010100101010000
1001101001011011
0100000100101111
1000001001100001
1010100001100000
0000010000001011
1110001101000100
0100001010010100
0100010010010001
0111001000000101
0000010100000001
0011010010110001
0010110000000010
0100001100000100
0011010000101010
0000010010001011
1101100000100100
0110001000001100
1100100000001000
1010010000111000
1011110001000010
0011000110001000
0000001000000001
1100100010101000
0011010000000010
1100000001010011
0000011001100000
0000100000010100
1000001000100000
0110011001011010
0001101111001001
1010011011011100
0010010001000100
0010100011100011
0010010100000001
0000100000010110
1101100100111001
1000101010010110
1110010010110110
1111111101110100
0111001011000000
0010001001101101
0011101001011000
0101100011001110
1000001000100111
1111010111100010
0100001110011101
0100010011000100
1100001011100011
1100000001000010
