1011100001000101011100001110001011001111010001000100111011001101
0101101010011110010110111100101110101001100100100001001110011001
1110100110011011010000101011111001000000100010100101110011100101
0110000100011000000101101100011011111111111010001001010011101111
0110000011111111010000001101010110100000101001110111111111001111
0101100000100000100011101111110110001001001010001010100000111110
0011010001000001110010011011000010001111110111111001100111000010
1101101111110110000001100000001100110011001001010111110001100011
0011010110110000111110000000001000011001000011001110001011111000
1001011101101110111000100111010111001111011101000101110011011011
0011111100010010011110111011101111000011000001010010100111101000
1111100011010001011101001111110011101011010001101001001001010100
0110011001101110111101000010100111000001000010010111101001011111
0100100011111010101011111101011110100100010001011000010100111100
1010000110000011001101000011000111000100010111001111000111100101
0000110011000000101110100001110101101011100010010010001010100110
0001000000010111110000100011100110111111011001111111101111101011
1100001100000100110101001000100000111001110110011100100011111110
0110110001111000000000111110010100111101110101111110100111111111
1101001111101100000010011111000100011111011010011100100000000000
1111001111000100011001101000000111100001000101101110110101001001
1010001011011001101111100101011011111110001110101000011111111111
0011000111100111001011010010101000010111100011101010110010100010
0000100001010111001110111111111101101111101111010101001100101110
0101100101000110110000011101000001000010010100011001010101011110
1101110111001101100011111001101100000100110011101111011111010011
0000000111100000101110001010001010010100111100101001000101111000
1100000000000011110000101001100010111100110111101011001001001101
1111000010000000001011101110111010110011011011010001001011001110
1101010100110011001000101101011000011110010111110000111000011110
0111000010010101010100100000110001100110000111001110101011110101
0101111001110100001111011011110101101011111101101011100011110011
1101100101010111101010110000101000011101010010110100010010110110
0100011110101101011110101000100111111001011010000111010011101010
0110000000101110111000010110001000111101010010100010100000100110
1100110110011111011100111000111011011101110100000011000111101111
1011001011111110000100011101001111111110101101101011101101100011
0001010001001111100111000111010010011111101110110111101010001001
1010001100000111010100011000111110010000010100111001110101100011
1001111010111111100100000100000001100110011100011101011010001011
1110001110100010101001111110000100000011111101111110100110101111
1111011000100100011100100000111111111101110000100001000000010101
1010000001011001111001101110100011111111111110000100100010100111
0001100001000101100011101001000110010000001111010011011000001000
1000010100101101011111010011100010001100010011111111011011101010
1101000111110010010101011001000010010010101110110000100000101001
1011110110110101001100110001011111001101101010011010101001010000
1000100111011010010001011111001100011011101010101111111010111010
1000100110000010000010011110011101100101100110011101010100100010
1111010001001010110001111101100011100011010010010111101110110111
1101100101010011010101100101111101110100110110011100010001000001
0011010100111111100111110111101011000110110110111011000000011010
0011101101011111011001101111011110010110010011011100100111010000
0000001111010010100011110010011101110010010011101110110110011000
0111111011010111010001110010100100000111010101111100010011111000
0111110110010001011101101111101001111011001110000010101111101101
1111100101100100001100000000011010100110010110010011010111101000
1010100001111111100101000000110001100110110101000100111010010001
1000001011101000010110001010010001110001011101110011101001001010
0010101110100111000010000011101010101101011110111110110111011111
0101001011110111010001010111101000000001000111001001101000110110
1110001101011001110000001001000011101000100011010001010100100110
1110001010111100000011000111101110111010100000110001000011010100
1100010101010111110100101011101001110000110101010101110101000100
1100000110000111001110101110111101010111000000110010001101010011
0001101100001100111010001101011001010111000100010000001110100011
1101001001011011010111000011111011010000000100111001100100101000
0100001011000111100010111100100011100100100100011001110110000101
0111000110000010001001011101111110110011001110111100111011101011
1010001101101011110001110111100000111001000001011100111110110110
0110000000001001010100001111110001111010101110110000010111100001
1011100111010101101110000001011101011100100101110100111011101100
1110101011100110001111101101111000101111111101100100111011011010
1010011110101100010111101101110001010000110100110001110000001101
1110000101100101000100101111000001100100111100101000110110000100
0111000000010000010000000111101100000111110110110100100100001000
1011100101001111010000100010000101101000100010011111001010101111
1101111100101000011011001011000111000000011101010110111111101100
1110101111010110111100110101011111100100000010011101010110010100
1000111111100000000001001011001110110110111000111010100110011001
1101101000101111110101011100010010101000101111100110001100001101
1110000000100001100110111011011110100011111011010101101100011001
0111100100110011010000101001111010010111111100111111111001011111
0001011001101000111111111100111110110011100110001110110010101001
1110101011100100000110011111110101010101110010011111110000100101
1001000000000001101001111101100001001011010111101101110100000010
0001011111010110001010010001011110010000001110110011110100100010
1000110100110100100001011001001100101110111101111001010010101100
0001111000101101011000111000100011101011111001011000111100000011
1111110010000000011010111101100110010000110111110110010101010011
0111010111001111010010000101101100001110000100110010000100001001
1110001110000011001010011010010110110001101010100110111101110000
1100111011010001010011001101110010001010101010111101101011001100
1101110010011001010010000011111111101001011101011110111101100101
0001111111001100010011100010110001001101001011110110100101010011
1110100010010010011011110010010111111111101011100101001110101011
0111010000010001111011010110111001101100111111010001010101110110
0000111001110010110101010001110011011011011000010010010011100010
0110000001111100011101101100000111100010101111010011000101111110
0001100101111111011110110011110101111000101101001010011101011000
0010111111110010100001111011000111000010101110111001101100110010
0000111101100101110011000000100100011010100001111100010010111010
1111110101000010110110101111111000000101011101100001110010000010
1101001010111010100010001010110011001110101111010001110111000100
1100001110101010000101011110010111010011111000111000111010001111
1101000111100101001111011011010100000000101001011100100110011011
0001100000100110110010111110111110000001110100101000101110011001
1011000111000011000001100100111000011101101101100111110110100001
1100011000011000011001101001100110000111001010011010001010101101
1011011010100000110011011111100111101101010110101101011000111001
1111100101111001011010010001011110100010001001101100000100011001
1011011000101011101011100101101010001100100100001000111010000011
0000111011000011111011011110100011010101101100110001010100001101
1011010000101101011101100101101011101000100000000010010110100010
1010110010100011010111000100000110100110000100011100001111100010
1111111111010110011010110001011011100100100110110011100010011010
0100010100111110001100011111010111011000110101101011001001110111
1011111111010100110110011001100110111111110000000000010000011001
0001000000101011011111000111110001000110010011000100010101100111
0100111010010001011110111110110001011011100111001001110110100100
1101101111101011011010111100100101110111100001111111000010100010
0011111010010010110111101101010111101110010011110111101100111010
0100110110001111100100110101110101000001000011101011101011101101
1110011000011111101111100111110101101110011101111100110101100000
0010001101010101010001100000110111011011011010101001100101110011
1000001000101100100001101100100111010100111001101001000001101000
1111101101111000111100111010000001110011000001101100100000011001
1011010001010110111111000100000011011101111001100001000011000010
1101101000000111000001010001000000101010011010000101001011011000
0011101111100010110100001101010100011111000100110101001011011000
1011011010001110100100111110000011011000100001000001011001011110
1010101000010111101110000101111100010000101101111110000110011001
0010010111001101100000000101110010000001100011000111001000011011
0001100100111110111101110101011011011000110011011001101001010100
1000110011111010000011011110010100101011111100001111010000100000
1110000011010110011110110101101110100011001110011000101001110101
1010011010101100110011010110011100001000110100001010111111111100
0110100101001011101100101011000011100011110111110110101101100101
0111110000110011011010001011100110100110111001001110110011000001
1101001000001111111110010000000111011110110111010010000000000010
0001001110111110001100001100100010110011011001000001001000001001
1111001000110101011001010111000010110111010000101101010001001110
0101100001111010010011110111010100000100010001010100110011110010
0001101111000010111110101101110100111100111111111100101111011100
0110110010111000000001010101010001111110010010001010011110111110
1011110000111011110100100111001100001010111000011101010101101001
1110001011101111001101110111110100000101100100101000011010001011
1010110110000011110011100010010010100111000100011000110011100101
0000010010001001000000101000001010010101100001101010010000001111
1101001110010001010010000001011010010101101010101101001001111100
1000111000111001110001010110111011101011100000010100000010011011
1101010111100100010000101101001001111110011011110011111001100011
1110100001111100011000100001011001101111101010000001101000001000
0111110110110011010001110001011111010010101000101100110010100010
1011110100101101100101011101101000010010110001101001010100001111
0100100111000001000011000011001100000010011000100001001111101010
1111100001110111011000100101100100100010010101011010010011111110
0110101101111011100100010001011110110101101010100001010101101100
0000001111010010110110101101110101111010001000010001010001001100
0101000010111100110100111110001110100011101010111010101000101110
1110010011101111010011010001000111100010100000001111001101001111
0000100001100110001110011001011010010101000101100110001001100011
0010101111000000101111111011100011000010010111011111111010000000
1000011111101011111100100000100111010111010100101100110010000101
0011110101111000100011101001001011001001100010111110011111001111
0000101110110100001000100110111101100000100001101101101001010100
1111010100101011101000010001000001101011101101100110110110101011
1111111101100000101000111111010000000000100011110100000000001100
0001010011110101000110000111100010000010101101111110110010010111
0011111000100100011110011010111001000101011010010001011100001011
1100000110001000100110001110100011001101101111100101110100100010
0011011100011011110101111111110011110010010100000101110001111101
0010001100011000000001110001011100101011110001000101010001101100
0111111100001101001100001000110100010000101011100111101010010101
0111110000101100001011010010000000001011010101001101100011110000
1001001100101000010001100010111100100110110111010001010100000010
0101111011110101111110111001111001001101111010011011100101010100
1100000110010101110010100010100110110110110101000001110000010001
0111100000010011100110100001010111111000000111100010000000011110
0101010000001000101101001000101111111111000011101011000001110011
0111000111000101100011000000001010010011100100010101101001111000
1010101011101011000001100110100101010100100011000001010001001000
1101010111011000001001010110111100101111000111100001010101010111
1000000001010100010110111010000001101010000111010111011101001111
0111110010010100010001100001110110110001010010111100100100000010
1001101010011111101010011110110000111000001000100000100010010011
1010100110000000100111011011111000111101011100001101101101100100
1100100111101010100000011110000110111111011101011101010110010110
1110111101100000001101000011111100010101000000110010110100110101
1011100101000100111111110001010011000100111111000110100101100111
1001011001111110100110101110010111101011110110111010000000010100
1100010010001100101010101001010110110111001011111011010111010010
0101111011110100100001001101001101100111110100101100100110111000
1101010001011010010011100111000101010100010011010000110100100111
1110110011001110010000010101110110000001001011000100110110001011
1100000001101001100010100011011101001001101001111100011010100011
1001111011010010001100011011001010100101100111010100100100010110
1110101111111010010100011000111010001001111011001000111011010100
0001101101001110111011111010111000100101101001110111110010011100
1110001101011000100101010111111110111011101100100111001110000100
0100011011011010010011100111000100001100000010110101110110110110
0001111110101001110111111101000010101111011010100110010100001111
1000010101010000100100010011000010011010101010010011010100111100
0000110100101010010111110000101110000100111100001100110011100101
1010100001011000000001010001101011110111100010001011011110110001
1001111010111010100111110101100011110110110000110000010011111000
0100001111111011010000110011100101110010110011111100010010010100
0011000111001001000100100101001000000110001100010111101001110011
0111001110110100101101001001000110011001000101101011111000011000
0110000010010110111010011100111111000101010010110110011111101001
1110010011111010010111100101001010111010000010001010000010000100
1011101110010101111010100111100010111011110101110011000010011101
1011100001000001001011000100111111000001101101001101100001100100
0010101000010100101111000101001101111111010111100011101111110000
0101001011010000100011010010010001000101101011101010010011010110
1101101110010111011000110101001011100110011001101001010011111000
1111101010011000101110101010001010011011010111000111111011100010
0011101000111000100011010010111100101001101100000000010001110000
0110011110100001111010011100001011101001001010011100011111000000
0101000101100011000010110011110011101101111111010101001111101000
1100000101000110011110000011110001101101111010010111000101101011
1000010100000000010101011001110110011100100111000000001011101001
1001010110101111010110000011110001010000000011011001000000001010
0001110010000110001010110111011100010101101101110011100010000001
0101100000010010010011001001011101011001111001111010011010101000
0111111110111110000010010111101001100110001110101010000101011100
0110111111011100010010111110010001101011111101011111001100010100
0100111000101100101100111011000000100010001001011101010100111101
0110001101000011001111100000010001101100101101100001101000000111
1010011001000001100010111010100110010011010010010010011101101100
1001110111101100111010011011111110001100000101011110010000100111
0100100010000110100101000001110100110010111010001110010100111010
1010111011101000100100010110001010011000001000011001000110011001
0110010111101010010011001110100110000010111111111001110000001011
0101111011001111011000110100011000100010100101010010011111111001
1000100111011101011000111010100101000001000010100000111110100001
1100001101101011111011111111001001011111010110101110101001000100
1111010010101010100111011110010000010000110101000000001101111101
0011111110000000011110011100100010011111111111010101100001110100
1010001001100001000000110110001001110101001001101011001011001100
1010011100101111011101011001101100101110100000011110110011010100
0101011110001000010101111001011110100011111001010100101010101011
0000010010100100000001011100000001010111100100111111110001001011
0110111001010011000011111110100110010010111001001000000101101111
1000100010001001111001011010100110011101011100111001000011000001
0011111001100101111011110110011110000100000011000110010010010100
0010001100000101101000001010011101100001101110101110001111011000
0010001100000101111000100101001100111110010000101011101010110100
1101011101011100011110000101011010100111010101110101000110101111
1111001000111100011011001110001000001101010110000001101001100111
0010010010011100010000001100010001110001010010101000101111000100
0001010101100110010101110010101000001011000101011110100111100100
1100110010101001000101001110000001011010101110001011110010001000
1111001101001011010110000111101010010011001100111110001001011101
0101100111100110110010010110100100101010100011111110010101000001
