00000100100010000000011010101100
10000011010111010000010000101000
11100011100011001010001000001000
11001100111010010011110000111001
00101101011010010011100001110101
00000101000000001010011101101011
00001100010101111010000000100000
11001001101111110100001110000011
11111001001000111000111110010000
10010110110111011001100001010110
11110110110100110010101001110010
10111100000111001001010001110100
00001011011101110101110010111100
01110010101000011110011111100101
11101010011000000001110101100101
00110100001000001101100011010110
00110010001001001100001001000000
01001000101111111111101000111011
00110000000110111000001010010101
11000001110100001110000000010011
10011111110111101100000110001001
00111101011100011101011001110010
11001111011011011001101111000001
01001001101000100001010100011111
00110010111001101111100000111100
11000101111111010010001111110110
01101100010011100011011000110101
00111111000111101110110111001101
11100100010100011001010001100011
10101101011010011001101111011100
10111100010010010011111110001000
11101100100000000000011000100011
01101111000100110110011110000100
00001001111010011011001111010111
01010010100101101001000011010001
10011001100010100110001011011100
10011111111010100110001011001100
11010010111001111001101011001000
01010001111000110001110000001101
00101010111110001101101110100011
00000001110100111100000001100110
10110010010010000100111010110000
00110101011010010100100100111111
11000011010000100010011001010000
11111110000011111011111011000001
11110000111111101010110100000010
10101111010111111010111101111100
11101000010110101100001001100010
01010001111100001111000001101101
11000110001110011000100011111100
11111010000100110101000110000011
10100011001110011010111000011000
11011100000110010111001110010010
10111110011001010111111011110111
10101110100011010111000000000101
10100001100001101010001110001011
01001110110100111001011001010011
11100111101010011100100111111011
10111001101001010111000111011100
10001010111111100100101010110100
01001001011100101111101001111011
00011101000011111101100110101000
00010000000100100000111010001111
10010011000010011110110101100010
11000000100011000100001110110010
01101001011100111111111000000110
10000101100111110100111001011111
01000100011010110111000101100010
00100001001111010110111000010010
01010011011110100011110100010111
10100010010100001110010001000111
01000101110110100111101010000010
11010001011000100000011111111000
00111011111011010101010000100001
10110100000000010001110010000010
01101100010101101110100010110010
11010110110110011000101001110010
01111011011011101110101111110001
10111110010011110101011101000010
00001011101111101010011001110000
11111110000001011010000100100011
10101000011101110101011010001110
11000001111111001100010111011110
00110011000101011010001010001100
01011100010110011111111011100011
01100100100111110111000010011011
11100010010101101100011010011001
11110100010000000001000100100100
10101001010100110010001000100100
11001001100010111011010011111001
01111011001000000001100010111101
10110101110010101001101100010001
00001001111111011100100111011000
00011111111000100110111011110100
01101011101100001111011101101011
11010101000101101110110110000011
00110101101110101000110000101111
00000110010011111010100000100011
10001011011010011001000010001011
10100011000111000011010010000100
01011010111100010101111011110001
10110110011010101100010110100010
10001010001111110011001011001001
10000010010011110010110011100011
01110100111101100111000101111011
11001110101011011001011001000010
11010000100001011101001001011100
11110000101010101001001101101101
11010111000101001011110001011000
11100010000000011101101011010000
00010110101111001001001101101111
00011100000010110110100001100111
11000110101100001101100011100001
00010100001101111001000000110001
00000001000000010010001011010010
11001010010110110010100100111011
00110100110011001100111001111011
10111001111111111101101101000111
01110001000011110100000010110100
11010100001111000011010010000111
00111011100100101100001000111001
11001011000010010101001000100010
01011100110011001110011110010111
10100110001100100111001110000111
10110111010010100101111001110111
11111110100110010110001111000000
00000110101000011100100000100010
