11010111010010011111101011110000
10001101011001001101110011010001
11111011101110100000110100010110
00010011001011001000100010110100
00110100110000001111011001000000
00100011100010100010010100110001
10010101001111001001001111011110
01010010100000111000100111000100
11000100011001010001100101100111
00100100111110111010011110010100
10001010011111011111011011011001
00110001010000100001101010100101
00010011011111100010111101000000
11011001011101110000101101101000
01110101110100010010100000101101
10011000000111011011011011111110
11001000000101111010101111110100
10101111101100101101001000110001
10000000100111000111101000001010
11011100100000010110100110111110
11011001011011101110100010110011
00111111011100000101110001101101
01010001000100100011101011001100
10100010111010011111010111000000
00101110100111110001000100010000
01001001011000111011001000010001
10010000111100010000001001000101
01010000000100100011110110100100
00010110111010101010101001101000
10100111110111000110101100011101
10001001010111110101011010110111
10100001010111110100000000000000
10011011000100100011111000110110
01011101100110101001011101101100
00001110000010110010010111110101
11111101010100110011010100110111
00110100110111000010111001100001
00000101101100000010011111100110
00110000110100110110101001000011
00110100000000101011111010011010
01111010000001100111011000001001
01010011010010100110010010011101
10001110110111011000000100100100
00010011111001110110100011111001
10001010100001010100101101011000
00100100110100010011100000011111
01100111111111010111010110101000
00100000001111001101000010000001
11100100000101101110110101001011
01000010101011000111110110001101
01011101110010111110101100000110
00101010000000010010010100010010
00011001010111111111001010101100
11000110001000000101000111010111
00011011111110111001101110100110
01111010011001001101010101100010
10101000111001101111010110001001
00111111101001101010010000000110
00001111101010111110100010011011
10100111011010100010000011011001
10111000100111010101110000101101
00100100001000011000101001110011
10001101101111011110100110111011
01010111000000001011100110100011
11000000111001011001010010101110
10001101101101010111000000101000
01011101010001000010000111011100
10110000100111100111111000111001
00000011010001100101011110101011
01001000000001011111000010100101
11111011111100110011010010100101
10001011110001001100011101000111
01000000111001011111101110000010
00000011001101010101111110001000
01011001010001110100101100110000
10000101011001100100000000010011
00110101010110010110110111011010
01111111011001000010001000011100
10111101110000011010100000010001
00011001110111111000000010000111
00001000011110010100100111011011
11100010110010110001010001001010
00011100100001000100110101101111
10011111110110011100111111111101
11111011111101101101101001100000
00111111100000010001111010011001
11000111010100011100001110011101
10010110110100001100100100011111
10111100101111111000001000011010
11000111010101100101100100011111
10010101100101100110000100111101
01000010010101011000101010011000
00111001001001000010111001000011
00100010000111000110001001000111
01010001000100100100111101110011
10110011011110000010101001000001
01110111011001000111000111001100
01011111101001001110110000011000
01011111000100011011101000110011
10101011100111111010111010000000
11111010101110111000011011110101
00000011000010001011011000010111
11101011111111000110110001001111
01001000110101000100011010011100
01001100110111100001010111011101
00000001101111001000001111010010
10010111010100111011011100101101
10100111001110010000001001101100
11001101111010101000100010001110
11110111110101100100100011011001
10101100000010011111111011010000
11100100100010000111011010000011
10010100000010101111101101111110
00000111011010101111010110110100
11011010000110101001101010100000
00010100111010011010101110101000
00000111100110011011011011000100
11100001010000000001100000101011
01011011010110100000101101110011
10011010011100110110111100000100
00101110011001101110000110100000
11000001000001110100010011010001
00010010111111100001101100100110
00011110001000110100011010100001
01110100011110010000111001101110
00110011001011110010100011100001
00111101011100000000011101111101
