00110111100110001110110010101010
00100011000100010101010110101110
10101001010100000111101000010110
10011110111011010111101000011011
00001011100011011100000101000100
00001011001011101111101101001110
00000111011011100100000110010100
10100110000110011001111001010010
01100101011110001110001011100100
10001111000001001001001011101110
00001000000110000010010111111010
01111010110101111100001101110100
10010001101000011101011100001111
00000001001110010111100000001000
00011111100010000111100110010110
11011111100001110010100110111000
10010001111100000111000110111010
10111001110011100111000110100111
01011100000110000001101101000001
11111011100010101010100010110111
10001111000000010100011100110000
00110010111111100110010100110011
10111111001111001110000001000101
10001100100100010111010100000100
10010110110100111011100111001011
00010100101110000101111101001010
01101011010011111111000000100010
10110000111100111011001100001010
01010101110011110100110100000101
01001100101111010101101110110000
10011111100011111111111001100100
00100011000110111010011000010000
01110100101010000110110100010011
11011001001001110111110010111001
11100010011011110011101000101111
10111011100000011001111110000010
00011101011111010000011001010011
11001001101101110011111111001001
00100100100001011011000000001101
01111000000101011111110010001000
01010000101110000101001101000011
01111001100111000000001011110001
01010110111110001110100001001010
10110100110111110011010111011100
11010011101110111111011110100110
11010111001101011110101100001111
10100011111100001011000111110010
01111100100010111001011001101111
11110000000011001010001010100010
00110000000110000010110110110111
11011111000011010101000100110011
11001111111100100111001101001010
00011011111010000011010000000011
11101111010111110001010011001110
10011100101000001101100010010100
01100111101110000110100111010001
10001000010111110001101000101110
11010111000110000110110111001001
10111101001111001111111111100101
01111111111110101100000110011000
01000001110011010001001101000100
01110010011111010111110110011101
11111011110000010011010110111011
01101100000100100011001100011011
00111110011010010100111100001111
00111010110101011100000000101001
00000010100111101001110111001010
01100010000011001101101010001000
01010010011001111111011011100010
11011000010111001000110100110111
01000110001111010000110010001000
00011011001010011111000010010101
01110110011110100101101111101000
01010010110100111011110111110110
10001111010000011110000010100011
01000000110110011111101010100000
10010101001111101010001001100010
11011110110011011110100100110001
01101000100001100011000110011111
11000100011111001101011100110000
10111011000101000011011101100011
01000101100000111010110100111001
01010100011101101111001001100001
11100100001010000100111011100010
00001010101110101011000111010010
11100100110100101011101011111101
00101101101010001101101101111100
01100001101110110000111100110000
01110110100000100101011101001100
10011000000111111000000100010111
01111101100101001000000111011000
00000000010111100110000000001110
11101111001111010100111010010111
10000110100101100001110011010000
11000110111111100000101111001111
11001111111101001011100110001100
10111000111111101101100101110110
10110011010101000001010001001100
00111100110111111010111011101011
10111011100111000100101010001011
01001111001000001011010111111111
01110111010101001001010101001000
01010111000110100101101010101100
11110010111000101001111011000011
11100001101101001110011011101010
11001110001101010001100000101000
10110011001110101111100101111010
01110111001010110011110001100100
00111100100000101001110100100001
01101111100011000001110011111100
00100111000110110111011111010001
01001011011000011000100010110011
10110011101111001100111010011100
00011100101010111100101110011100
10101010101000100110010001010000
01001110011110001010111010110011
00111001011000011100101011100010
10110101010011011001111011111111
00111100001001100100101111110110
10110111110000011010110110001111
11011001011011010111110010001000
10011001011100011111001101101011
11110100010001001110000000101100
01001010100000000101101110001110
10111010000001100100111100101110
11111010000111011110111111111101
11101001000000110011000010010000
