10111011101000110111110110011110
10100000000110100111010001110001
01001010001011101101100011011000
10011011101111000001110010001011
00001011111011011010111100001110
11000101001100101000111010100000
10101001000011011011001100111011
00000110101010000000101101011100
00000100100111100110111001101001
11110011011011010010111111101101
01110111000011000011100100110000
01111111010000010001010110100110
10111010101010101101010101111101
10011010001000011001000010000110
11111111010111101101000110100110
11010010101101101010010000110011
00001011100010110001010011111110
11111101011111001101110000111011
00011011001010100100101101010100
01001001100010100001001100000000
01110110111110111110100101110110
01011100011101010000100011100110
10101100100000101100000101101101
11000011000011100100000100100100
10101111101111000001110000011101
01101000001110111010101111100001
10101111101000100110110001110101
10101111011110001111010001110010
00000101000100111010111011111111
10111010001010100101111101001100
10011001101010001011101000101101
00101111101110111101000101110001
01011110010100000100101001100011
01101110001100110000010111000101
10111000101011110000011101111010
01001101011010111110100000011111
01011101010101001010111010111110
01100010010011010001011110100111
10100101110100100001010000011001
11010101011101100101010111001100
01000110100001001010010100101111
11011101011010111011011011101111
01001111001110110000111111111100
10010100010011001000101011011101
10100110010011111111000001101000
11100011010001001011011000000001
01000100110001001101101111101000
10000011001110101000001001101001
10101111010001110011001000011111
00100101010110101000101001111011
11100001100101111110000111001010
10101011111000000000011100010011
00011110010101101001011011101000
00001111001011110111100101101001
00100010111010101001110111000101
11101110010010110100001110101100
00000011111101110000010101101001
11001111111101011011110000010101
10000000000110010110011100111101
11110100000110110000100100011001
10100100101001000111101111111011
01111001100010111111110010110010
10111100010101100100011111001100
11010100111100110001001101101110
11010000111011011111011001110011
11001011111111101011001110001101
11010100101000101110001011101100
11011001101100111001000010111011
10110000101111110100010110000000
01111001000101011000110000100010
01011000010011001001000100110110
00001000011101110001001001100010
01011010111101111100110100010110
01111111010011100110111110101000
10010001101100010110011100111100
00111101001100001010010101100001
10001110001111001110101111110010
10001000111001110010101101101110
00100100010101000101100000001110
01111010110100100101101000110001
01010100101100101111101100000110
10010011101000010001001000111111
11010100000000110010110001101111
10111111011011000011110111110011
00010011101010001001111101000110
10001000101111110000100001000110
01101101100011001010001110011001
01100001110001010000000101110111
00011010011100101011000111100100
11101101100011011001001001001110
10110001101111000110000101001011
10001000110101111010010001101111
00001110100011011000010111010000
01110100010100011001100000110011
11110100101011011111100100111101
10101101101100000101011100001001
01111110111010011000000110010110
01001010010101100010000111000110
01100000001010010110111011100000
11000101001101010100011011111010
00000001100001110110000110011101
00010010100110101010010110011010
10001001100100100000100000000101
01011111110111010011101010100011
10110011101000011001100000001011
01110010101101011000101111001011
01000110001000010101000000011100
11100100110001111111110101111001
11011101101101011001101011100000
01110000110011110101000100001001
00011010011111111101111100010110
00111000000011101110001001110100
11011010110110110001011111111000
01110101100111011011101100100111
10001011001010111001110110011110
01110011100110101110110011000011
11100011100110110010110011001100
00100000110000010001010100001001
11011000100101111111101100000000
01101110111000110000111000011110
11011011111010110001011011100101
01010111111011111101111110101011
01000110111000000011010110001111
10110100111111011001101010011111
10001011101111100010000101101010
01100000001111101110010000110100
00111000101010000010000011111111
