11000011011111100111011011001000
00011010001011011111110100001001
10000000001001000100001111100010
01010101011100110101011001101110
00111010111111001110001000011000
11110000011000111110000010010000
01111111011110011011110101001000
00111100110001001101000000010011
01101010110101111111010000000111
11011000111100000011010011000010
01010000101101110000111110010111
10111000000000010111110111110000
10100111101110100001010100000101
01011011111011001110000001100101
00011011111101011011100001100111
01100100101111000001011011100100
11011000100010001011001100000010
01110011100100111110011010111011
10001110000011011001111010000011
00001001101001001001101100010001
11001000011110000000101110001001
10100000111110011100110101010111
00011101001010010001111101101001
01111011101110101100011100000011
00001001000101100111001000101110
11010100010000000100101010110100
01100010110101101011001010000000
11100011001001100111010111010010
10110101100111011111101101101011
01001001110001010010011010010101
11101100110100101101001100110111
00011000110001000000000011011101
10111001110110110100100100010101
10011101001000111001111101110000
00101011111110110111010111001000
00101010100010100111010111101011
01000000111110110000011101101000
01110001111011011000000111010110
10101000001101011011111011111110
00100111101110111110001111011100
11001100011100101010000000101000
01010111011110010000110000001010
01100110000101011010101010010110
10011110101100000010100011001101
00001011000110110010010110101100
11011111101101001001010110101001
10000111110111110110100000010101
00100111101000100111001010111111
11111111111100001010101010110100
01101010111011111100000011001011
10101111100001111001100001100111
00001101001101011111000000001101
01010100001011010110010111010111
11000001100100101010011011011101
01011001110000001001011110011100
00000101010111011011000010001001
11011010010100011011100110001100
11111010110111011111100010100010
01111101101011111100001111111101
10011011101011111100100001010100
10011110110010001110101011111100
01000000010100100110101101010101
10110010100101110001011001010000
01010100001010100000000000000001
11001110100011001010100001100110
11111001011110000011100101011011
01110111101001000010001100011011
10100101100110100100110001101010
11101001100100110100101010010001
01110100111101011010100000111011
10011010000101000010010101010100
01101100001111000000110000100111
11001011010010001100010110011000
11001011100110111110100011011000
01001100111100111000011101100001
11010101010001111110011101111011
01010001011011110101101001011100
00100111001011011110011100111000
01000110100000001011011101110000
00001110110110001011001011010011
01001101100000001100011101111011
00010111010001110001100100110101
01111001100110111010101011100011
00001100100111011111110100100110
01010111010010101111001110101101
00111100110000111110010001001110
00111010110000010110011110100010
00001111100101100101011001000101
11101110010001001100111101100000
01000110000100010000100000111011
11101011001011011110011101010101
10011110011011000101111111001110
01001001001101000110011010001010
10010010001110100011011000110010
01010001010000010111100010000110
00011101010010010010111010010111
00110000111111100000000001101111
11000001011011001101111001010000
11001000101011010111100011111000
10111010110000011100101100100110
11011111101100110100001101001011
11111110110110101010111011101111
00110110010111100001101001001001
01101011011001111000110100000011
10100110000111101100001001011111
11000100001010111101011111011111
11110111011011101000010110000000
10000111101001011010111110001000
10000010011000101110110100110001
10001111010000000111111100010010
01000010000100001001010011110001
11110100100010010010001000111011
01111011001111111110001010001111
00010101100010101010010011100011
10011010111010011001001011100000
10001011101101111011100010100001
10110110001011000001010011010000
00000101101001100110100000000000
01000101011001110001101100001011
11001101111110000000001101110001
11011011100100110100100011100111
00001111100000000111011000000001
10100111101100011100101000100111
11100111101000011101101111100110
11010011100111110001011011000110
01000010011111011001000000001101
01101000110011110110010000010101
