00110011111110100110111001100010
00010011001000000101010100010111
00111101110100011011010100100111
11100001001011111110100011111000
01011000110111101011111011100100
11010000100011001010111110100001
10001110101100000001110010101101
11101101111000101001110110100101
00000101111001001111000100111100
01010111011110001010000010011101
10111000100100011100111111101111
11111001111101100110110011000101
11011101101111011101000111000110
11010010011110010110110100010110
01011010010011001010001000010010
11100111101100111001010001010011
11001100000000101101101110011001
10001111000111001011111111110010
00111100101111110100011110100011
01011101000101001000100000011011
00001011010010111000110010111000
00110110011101100001010111101000
00011101001101001100100111001000
01001011111110111001101001111110
11110101010011100010110001000111
01001011010101001010111011010011
01001101110110010111001101011110
10100010000100111010111110101111
01100000010100110110111011011001
10111110001101011011010000101001
10111111010100100010110001000110
00100100000011110011010111100110
01000101101001011101101111011110
10011101001000011110000011011001
00001110000101001010010110010111
00011001100111010110110110011000
10100010101100001111111010000101
10111101011101011100011101101110
11101101010101000000100101010100
11010110011110101001001010100100
10110001101001101010001101000001
10100111001110100011011101010110
00101011111011000100111010011001
10101001111011100101110001111011
11001111000100100111111111011101
10101100110011011001100011111001
01110111001000011010111101001011
00100100100000000111000010010000
01101110100100010001001010110101
00000101001111110000101001100001
00010101001110101101011000010110
01001100010101111011110000110010
10000111011000111000001011010010
00100111001101110011000001101111
11110000100000001111101001110001
01111011011010100110101000110001
00000011000011010110010001101010
01010001100101101101011111000001
00011110100010111011110001110101
01000111111111100110010110001101
01011001101101010111010011111011
01110111100111100111111010000011
01000011001101010000001000001110
11010001101000101011011010001011
11110100100111000000111000100000
11111101010101011001011001000101
10100010001001000101100110000011
11011110101100101001110110010110
11101101100110101100000001010011
10000101100001110110100110100101
11110000110001000101010011010101
01111111100111001000110111000110
00111001110101110001001100100110
10111011011000110100001011100110
10101111010011101010110111001101
01110001110011100001101110100111
10111010100000110010111011000110
00010100111010110010010011110000
10111111100111010001001010001011
01010010010100010000010110000100
00001101000110111001010111111001
01010011101110100100010010101101
00001001001100111110000000111111
11001111100000001000010010101100
10001110010101001101110001110011
10100111100111010011000010110111
11000101010101011111001110111110
10010010110101110111111101110111
11011000111111100110001010101011
01000101110000010100001001010001
11100111100101010011110101000101
00001001111000101101010001110101
10111011110000011001110001011011
10000000110101000011101010011011
10001101011110101011100111101011
11100000000110111111110000010110
00001101001110011011111011010001
10011101001011101111110100110111
01001000011101011101010001010101
10000100001101110010101110101101
10000010001011001011001000101000
10101010001111110110101011101111
10101001000010101001001000111101
11101000011111001100100011001001
11000010100001000010001110001100
01101011101010001110101010101111
00000101101101111110001101000011
00011001001010011100100100011101
01001100010100100011111110001000
10111100001011000010001101010001
10001011011101111101001000110001
01110110110000011100011001010111
11010011010111001000010101010000
11001111011000110010011111100111
11100000011110001000011100001110
01100001000110110111001001111010
00000010010001110100101100010100
11110011000000011110000000111010
01100110110011100001000000010001
11101101011011010100011011101001
10101111110010010110001011110100
10101101110010001101110111111011
00101101110001010100111101000011
00110001110101111101000000000111
00111011100000110000011001001011
10001111100100101001110001000111
01000110111111010101011101100011
