11110010100001000010001011101000
01000010000010110101011100101010
01011100000000011010100001111011
00010001011111110010000000000101
00100010110011010001010110010111
01101000011000000111011100110001
00100000101011001110100001011010
01101101001001111110010001110000
00010001001000100000010011101001
10111111011010000110001011011000
00010100110001011110011101001000
00110111111000001011101110110011
00101100000100011001001000110101
11011010110101010011000000000010
11010001111111001110100001010000
01101000011110110100100000110000
11100101110001100100010100111110
10111100001010111011010001111001
10010001101110101010010110111001
11010010101100100010010101001100
10010111110101110110001010110000
00011111111010010101111111110000
11110011110110100000000011101100
00000100111101001010011001110100
01010011011010001010101101101100
10101101100100110110011101111001
11101001110101000001110010011001
10011010000100010011000010100101
00100010100001110111111100111101
00101010000110101011100100111011
00010010001010000100010000111111
10000001010101001101101001000110
01010001011011100011011111111101
11101000011100111010111110011010
11001011100100100001110110110010
10000110001001110111001011111001
00001100101011111100100011101100
01110011001010000100100000110010
01000010111101000000111010001110
00011000000111100010001100001100
01101100011001100001110011000010
10011101100011000011011111001011
11101110100001111011000011010101
11111001100100111000010010100011
00011000010001011011100010110001
00000011011110001100100010101011
00011011111111101111000011101001
11000010111001000000100010010110
00100111010000010001100010111001
11011101001010111011011011100010
01001001011100100000010100101101
01011001100011011100010000100011
00011011001000111100110110100001
10001110100111101101100000100100
01111110010110010010110011100100
11010111001001100110110001111101
01011010100111101000110001000010
10001011111110001000100100000011
11100100010101010010111101111011
00010101100011101111000010000100
11110100000111111011110110101100
11101110011010100111100001000101
10010001100111100010001011010110
11010011101101000100011111111000
10111000110111011010011010110001
01111000010000000001010011110011
10110010001111101110001100101001
00101010111111001110011101010000
00100000010100010110011111101101
11000001000100010000010111110100
01011010000111001000010011010010
00011011011110100010011111001101
00010000100000011001101110111010
10000101001010111100110110011100
11110001010011010010010010101100
10100101111010001111100100000100
11101111110110110001001100011100
11011110000110011100001101110110
11110010101011111011001000000101
11011001000000011010110001001010
01111011000011000011111100111110
10001001100001011010001101101111
11000111001010001001110010000011
00011000100011011110011000011111
01100110000110111000100000000101
11101000010011001111000111110101
11100010100000010010111110010111
10011101111101110001101000010101
11001011111011111100111111001000
00100100011101100111110010000100
10110000001000000001110000001001
00110111001111100110100011100001
11011111001100010101101011111111
00101101001111110111101100000011
11010001100100011001001101101110
10110110101110010100100101101000
00011010001011110111110100100001
00010101101101011011001001110111
01011100111110011110100000010011
10111101010000111100100110001110
10010101101011110001011101000000
00000000011011011111010011001010
11001101011100111100110011111110
10100100111011100111100011111001
11111001001000001100111111010111
00100101100000011110011101000101
11000110011111100110000011100011
10001010101011011100110000000010
00110100000000100101011010100110
10110000001010001110011111100110
00101001101000011111000111010110
10101101010001111100010101100001
11001111100101011101000001100000
10111111001111101000011001011110
00101110000100111001111011001101
01000001111010100001111101100010
01001111110100001101110100110000
01110010100010011001111010111101
01000100000011101100110111101101
10111101010100010111010010100111
00001111110111110111110011110000
11110001101011010010110110101001
10001011101101110000001001111011
01000110000111111001110001101000
11100000110001110000011011011000
11101010000100100110010011010100
01000000110011101010010101110000
