00000000001100111000100010100011
11010001100011110111101001100100
10001001100011011100010111001100
10110110100000111011100000101111
01000010101111110101101001101100
01010101101011100000101000000001
11110001100010010110010100110011
01111110011100110010100111011001
11110011100000111001001000100101
10011010101100000100001110000110
10101101111100111111010011001000
00100001111111101001001110100100
01000000011110111010101100100100
11100100101111100001000000000000
01100010000001001111110101000110
00110110010010100001101010001001
11101000011000011000111001101100
00111010011010111111011001110100
01101101110111001101100011100011
11110101011000010010111011110010
10101100001010111110101000011001
00111101111111101110000101101111
00100110101110011101011100110001
00111111101111101010010110000110
10001111110110011011101101110101
00000100111111010100101111011001
01010001010001100011000001100111
10011110101100001100101110010010
01010000010100000000001101100101
11101101111110110101111011100010
00000100111010100000001010101110
11110010101100111011010111100101
00000010010011101101001110010001
11010100111100110110001001110111
01011001001110111011111111001001
10111000110111110111001010101011
11010110110101110110101110011000
00111001110111100001110001011000
10000110011100011010011011001000
01100101100110110001011010011001
01101101101110101010111000011000
01110001100101101101010100010001
10111001011001110000011101100110
01000100011001010101000011011101
00100110101110010011001110101111
10100100010011010010001000101001
01011011010011011011101010011001
10010011011111100101101010100111
10001010111100101001000010100000
00011100100111110100100001001011
10100110011110101000111100101111
00000100011111010101010010001000
11010101001010000100110111100111
11111011000001000101011000101010
00110111010111001111011100000000
10000010011111100001000100101111
10010011001011010100111010010101
11110010100110010111110100111100
01100100011100010101011100001000
00101000110111110101001100111000
00010110010001000000010101100011
01110010100110010011010011000001
11111001011111011100111001100101
00001110010110101011100000101001
01100100001000011001101000011000
10111101101101011001010110000111
00011101101010100001101100011100
11101111011111101101001001111101
11011110000110011001101010110000
10001110111100001101100100111011
11101100001001101111100101001110
11101101110010000111100010101100
10011011000001000010001111100011
11011010010100001010111110000010
00111110001100010110100111010111
00010010101101000010111100100101
11010001010111000000111111110011
01010100101100000001110110111011
10011111100011000110011001001010
01111101110111010001101001000000
00101000011010110011100101000101
11001110011100110111101011001111
11111001111101100100101100010110
11000101000000011011000000101011
11010000101111010101001100110111
11001011011100101001110000101111
10101010010010000011000001010011
11101001010111101110010110010101
01111011001110011100100010011100
01100000110101100110111001000110
10000011110111110011001010111011
11101010101100001111011110101110
01100001110010000111101101101011
01111101101010110000101001000101
10100100011110101010100001011001
00110001001010001111111101110011
11011100000100100011001110100101
11110110001011101010000011101100
11000010000001101010011011000101
10110110001011011101000010010011
11100111011111011010101100010100
11100101101010011110111010000010
11000100001001111010111000011101
01011010000010001000001101100011
01100001101001011000000111100111
10001011010110000111110001100100
00100011001010100001111010111110
10101101111110101010011010100110
00011010111100010111001110000111
10100100001111100100001110000110
10100010011111000010000100110101
00010011111001100101110111101001
01001011000011001001010100110100
11011011001101111000110100111110
11010111111000110010101111000100
00000101101000111111111101011010
11111111100011011011101001010101
00101110010110100010010111110000
10100011001100100011111100011001
11000100110001110001101010100111
11000001010100110010100011110111
01100111010000010010100011100000
01100101110110111001111000000100
11000100010001000110001110100100
11011110100000000001111100111100
10111100011110001110101001010111
11011011001000110100000110011001
