00000110100010111101010111000101
11100101001101110011010010111010
11010101110000010100000011011110
00001010111000000011110110010010
00000000101100111011010001000000
00001011100111000011110111010111
11000111000111001111011100100100
01000010101101100100001000110010
01101101111010100000001010101001
11010111011010010000011110000001
00001111001010010011110000011100
10110011001100101010110011110001
01010101011010001101110111100100
10111101011100110110001010101101
10101100101111101001011101110010
10010111011000111000111010000111
01010111011100001010111100011011
01111011110101110001111011001000
01001010110101000011001010100101
00110100011101011110011101111000
11111010110111011010101011111100
00011111001010001110110011001000
00011011001011001001011001000000
01010011000101000011110011011101
10101010111100001000110100011000
10000100001001001100000011001110
00010010111010111100111110000100
10011000011011101011000011001001
11001001111001010111010010010110
11001100101011100011110111100111
00011000000001101001101010001100
01000110010100101000011111001100
01011110111111100101001110001010
00010010110001100111110010101001
01110001110110100111010000111011
01011110001000111101001110101000
00100111110010000001110000000101
00011110001110111011101001100011
10000110010111101000011101001101
00011011000000101100011100001110
00000011011100100110000001100000
11010111101001000100100001110110
01110101100101111110011000101011
01101101001111100011111110111000
10100011011101010100000011100111
11010000010101100000010110100010
00110111100100111001111111000100
01001011100011100111111000011011
01010111111010100111110000001110
00111111011001100011010011010001
10110010011010010011011011110010
00010010011101100001110010010000
01110111100101000110011011111011
10100101011100000001111000011100
10110111010000101111001010110101
11001011110110010010100101011111
00110111011010101100101001010110
01001111011011101111000010001011
01111000000011010100001111101101
00010110100111000011100000110101
10000111110100011010100001111101
10100011110001100001001111110110
10101111100100111111011111101001
00000100000101010100100100001001
00011001011110101001101001110101
10000010011101110110011100001000
01001011010010110100111001010111
01110100011000010000111110000001
01110011100111000100111111110010
00100010110110110001101000001001
01010010011010101000111101101001
11111010010010001000011101111110
00010000011101100111000110101001
00001000101001101101010111001111
00101001111100101010010000000111
01001110000110110001010010011001
01010101100101110000000101110101
01010111110101111111000100001001
01000011001100010100000100110110
11111011000001111000001111110011
11100011111001011000001010011101
00011110010011100010010011101011
11001010111010101011111110111011
11110111111100000010101001011000
01011110000000000011101111110010
00001110000011100000010110011010
11011011011100010001100010110010
00001111111001010100001000101110
00101000101111010110101001101100
01001000000000101101111110010000
01000000011100101101111011010001
00101101001110110111010110000011
00001010001001101000001011001000
01111110000010100010111011101001
01111110010111101000011010110010
01101001100111010010101011001101
10110010001111000000110010011001
00000001100101100110110111101111
01101111101100101100100111110100
00110100110101001000100001110101
00110010010001111100100011110000
10101010111101011010111100101000
00100001101110111110011111001011
10101010011010110000111001001010
11010010011101100011011110110101
01100111101111001101000111001100
00101111101010100001100101010110
10111101101010010001011001100010
00000110101100010111010101001010
11001100101010100011011001110110
11001100000111010011001101100010
11011110000010011101000111001001
00000100011011010100110101001000
10000000011101111101101001100011
00100110110100100010011111110101
10101110000000001010011110010100
10010110110111011111000001011010
00101100011010011011010110111100
10011101101100011100001110100100
10100000111001010110001010101111
00001110100010101001010010000111
11000011110000101000110111101000
11110100111010101011011101110001
01011000010001111101011000001000
10010000011001000100010110000000
11101001010101011110101011000100
10011011111110011000000011110100
