01101000000100010011101100100000
01000000010010011000110011001010
10111111110010111001101100100000
01011011010010110100010010001000
11001101101111101100010101011101
10100010000011101110110000101011
01100111011100011111011111111110
10110100001101000100011011101110
10000010010100111110100000111111
01010011101111010101010010000101
10100111010010000010101101110011
00001000100100101010111000110011
11011101101000000000101101001010
00010011000000111011010101010011
00111110010110100110100011011001
00110111001000010001010010001100
00010111110000000010100000010110
11111010111010110101101001101000
10100101011011110111100011100110
10010010110111001101110010010110
10110000011101001101111011010110
11101111111011000000011101000111
10101011000001111100010010001100
11010111111000011110000000000100
10011011010010010011010101000110
01111111111101100111000110001100
00000111010001110001001101110110
01001001111100100010011001010111
11010100011001101110101100111010
00111101001101100010110101111011
11111010111001111111010000111111
11111001001000011001111000000000
01010011110001101110010001001011
10100110001000100110010101110010
01110000101101010010001110100011
00100111011110101001100000000010
11000000100000011000110111000111
10000001111101111010111110010001
10111101001100110000001010010110
11101010101000110001111110010010
00110000100000011011101000001111
10011011110001010011111110010100
10000001000011111011100000000110
10011001000110111101110010111011
11000000111101011111010101100001
01000111010100010110010100001101
01101101011100101111100001011000
10100000100000110000110110101000
11000000000111111100101011110011
10011101101101111010111001001101
00111110100001111011111101000001
00011101000110111011000001111110
00111011001000111010000000001100
00110101111111011001010111111001
01101011100101101100000010010101
01110000011101101100110111000100
01110010001000110101110101000001
11010101011110011101010000011001
00100011001010111001111101110101
00001000001000110000010100111110
10011010011101110000010010110010
00110111000110101001110101000011
11100101100000110110110010101111
00000110000101011001001111111011
00101010101110000010011111101001
00010010110010101110011111000100
01000101011000111101110110110100
01011000110001001010001111110011
01000000110111001110011100100110
01010100000101001110111100011011
10010110001110101010100100010000
11011001001001001110110111110110
00011101001111011100111100100000
01111110000111001101101000101110
01011101111101111101100000110000
00101010001110010110000010110100
10000000000001011110001000101001
00011001111111011101101010010010
11010101101100111001111000010101
00100011111011111001011011101110
10100001000001011011100110010100
10001101001011110011110101011110
01010001101011110111100111101010
11111110100110011111110010111100
10001111110001001000010011001010
11010110011001100000011111110110
01101010110001110001101100111001
01000111101011011000110011010000
11000100111101110110010101011010
10000000011010011001011101110111
10011000010100100000000010010010
10110111111101110010101101001100
10100000101100111000110101111111
11011110110011011111001010111100
01010110010101100010110100100010
00000000111001011001001011101100
01011101111100001110100101000110
11011010101001001000011111110100
11101011100111000101000000100011
00011011000101101000001001101000
00000001001111000001100110010011
11011001111011110011011110101010
10111001110011000111001110001100
01000100100011000100101010010111
10100011100000010101001000111111
00101100001010111111010111010100
11000110001111001110011010110101
01100000001100000010100011110010
11111100001100011110011110111001
10010101101100001010000101101100
10110110110011100111011000000010
11101111001111000100001000111011
00101110000011101010011111000000
00011010110010101101000011010101
00011011001010100111011011110111
10110001011110001011010100011001
00010000000001010111101010101101
10101011110001111001001101111001
00011100000001111000110111001100
10011010111010001000011000001000
11010010110000011001111111011001
11000110011000100011111010010111
11011101011101110001011111000101
01000001011000011000110011111010
11011111100100000111010001000101
00101010011011000011001100110100
10100100111001010100011000010110
