11011100010011010011011110011110
00001010100000111011101010000000
01111111101001001011011111011010
01001111011000001000000010110111
01001000000010010000011101101001
01011001001011101010111110111110
01001000001001000100010101001110
11110001011110111100000110100001
10110100011110101010101100111011
11110001000011000101100000100010
00101000000110001000010010001100
11000011100011100111001100101101
10010000000000101000011010011110
01100100010001101110111100100110
01010001100011001101011111100101
00101110100001100111101101101101
11011101110111001001000100110000
01111000110110100001100000111111
10100111110110011110111101101111
01001110110100010110101011010101
10100110110000101001010010111100
01001011000110001100100000000000
00001101010010110101000111011101
11110101100101000111011001100101
00001000010100010001011110100101
10000011010000101110100010000000
11111101001011010110010110110011
01111011110010000000001011100111
01111011011110111001111101111101
00100001000010111110110100011001
01010111000001011101010101010101
11011110100001110110000100100000
00101100010000100000011110101000
10011111000011101011101000110111
11001110010000110010100001111101
11011000100111010111101110110101
01110100010111111001111001010010
00110100010110010001010010111000
00100001111000000110100011010110
10101011011010110100100001110111
00011000010111110000010010110011
11010110100111111000111111110101
00100001101010111110011000111011
11110010000001100101001000111011
10010010101000010011010100110110
01110000011010011010001100110000
11000100000010000101000111000111
01010011001101111110110001100000
01111110110100000101110100101111
11101100110010001001011100010010
11101010111011000010010001000100
11101011111001011000110001000101
11111110000011011100101110101110
11101010111110100101100011110100
00011010110001101110100001001000
01011010101000101101101100010101
11111111101001100110011110010010
01101011001110011000001010011011
10001100100100000011000011100010
10000011100000110010100111010100
11110110111011101001111011110100
11000011110011111010011111111001
00000010100101100011111000000100
11000100001101011000100101101001
01001100011011010110101010011011
01101001111100000010100010011011
00100101111010000000001101011010
10101111100001010111001011001011
00110000100011111110100010001010
10101001000010000011000000110001
11000011011111100100101111100011
00011011100110100000001100001101
11001001010111110000000011101000
11011000111110001010011100111101
11101101100001011101011110011000
01101100000110010011000111011100
00100111110010100101001111010101
00101110100110011010101010000000
00001111111001101001001101110110
00100000111011000010001001001001
11010101111011101110010011010101
11110011011000010000111011001101
10010100010010100100011110001100
01111000010101011011011101100010
11011010001110110111100111110101
00110001000010101001100011101000
11110010110111000000100110110111
10001111000010001011111001010010
00010100001110001111011101001100
10111011100101101111001011100010
00011010000001001011110010100110
10000101001010010011000110101101
01110010100110001110101001011001
01000111111101101100110111001100
01011111000110011000000000110110
01010101110001000100100101110111
10100100001101011110001001000101
11000101001011111101100111000001
10010011010100110001100111110010
01101011000000011000011011100101
11011111101001100101011001100101
11110111000010001011100010100101
01100011000101011111010010001101
10100100111101101101010110100011
01101111111100101000001010011000
10011011110111110111011111011001
01110100000110111101010111011001
11010111001001110110111100010000
11101100101101010001111110100101
10000110101100001011001100010100
11010001101011011111101111111000
01110101000001010011011001011110
01111111101110010001101110010101
11101101001101101101110011101010
00011011011011101110101000100111
01100111010101111001010011101100
01111111111100001100000011010001
10111011011111010001000011011100
01100100000111001110100101011001
01101111111111110001111011101010
10101001010100100101011100110101
01010010110110111101100001011110
01010000000011001111101001001111
01110101000111000000011100100100
00100101011100000000110110111111
10100000100000001000001001101010
11100101010001011101111010101001
