00011111111110101101101010110011
00010000110110110010110000101011
00101100001100111110111011011011
00101110110110110100001010100011
00101000001101010110000110000000
10111001011101110100010111010001
10010001101101110011001110111001
10111011110010101001000011010100
01110010101111000110011100010111
11111011101101110111100010110011
00010111001110001100000010111110
00001000110100001010100000010000
11011100111101110110001001000100
10111011010111100101000101100111
01011010011001010100010000101110
01000001100101111100000010011100
11000001110100100011010110100011
10001010111000011100100010101111
00100110101111100011110111000110
11101011110010000011101110110100
00101010000000001000000110011010
10101110010111101001000000101001
10000100011101101111110010110110
11110101010110111100100110100101
01110001110110101000010001000110
01111111101010010011111010001110
10100111111000010110110000001011
01011111000110111010101011100010
00110100010001101101110001110000
10111110000110110000110000100000
11111111110101010100111011100011
11111010001110010111100000110001
10001011101001000111010110100010
00100000011011001110011001010010
11110100000000010010100000011000
11111011000000100000010101010011
00100011000101110001100001110000
10011011101010000000101000100001
11111000101100100101110001010010
00101001101111110101000111010111
00011000000110010111110000010011
00110111100000111010110000000010
00111110011001000000001011001101
10011110001101111001011111000001
11111011001001100101001101110000
10010111011110000011000110110011
00010101010100001010000000011101
00100111000000001010010110010001
01110101101010100101000101011010
01000001101110011111011111010111
10001010000110001111111111011111
10110011011000001101101100000101
11101001000110001101110011110011
00001101111101111101111110011001
10001101010010001011001100010101
01100100010010101111011001000001
10101101010001111110001100100110
10011000100111011110011011011101
01111001101111111010111001100001
00100100010011001101001100111010
11001100000100100000001001110101
00011001000110010010111011100101
01000110000101011110000110001010
10011000100010101110101110101000
10110101100110111011010010110110
11110100110011110010100001010100
01010110001100000000100110001110
11011001010000011110010010111111
10100001000001001100100100011101
01001010000000011111111100100001
01111001000001011111111111111010
11001010110100101111000100111100
00111010100100011111010000001001
10010011010001010001001110001100
11010101111011100011000011100100
10101011111010001001111000110100
10001010010111011011000001100111
10011110100111100011110100011011
10001111011000100000110111000010
11000100001000000011011100100110
00010101001110111101011010010010
01011000111001010010111101100110
10101010011011100110101101110111
01000110000001101100011111001110
01000000100011010011100110101011
11001011100011101010111010001100
00010000101010000010110101011011
11000100110001010111100100011000
11100111100010010000111101101101
00111111111101111011110101111011
01110011011001101101110111000110
10111010111100001100001101101000
00010011011100110101010111111000
10000010010000011110101111010111
10100010101011101000010010111011
00110101110011111011110000010110
01000000010000110001110111101000
11000001110111111100000000111001
10010010011001001011011001100000
11001000100110100101110100000110
10001001111000101011100011101001
11011000100100011010000011011010
11101011111000101101001100011010
10101001010110010100000101001110
11010111011000110101000101011110
00110101001111000011000111001100
00100000110110101100101111100110
10100100110110010101100110100000
10111101101101101000000000110110
10011111001100111000100000001010
11010110111110010011011011110101
10101110110000000100000110001110
01101011010011000111010000111010
01100101101110100001101100101101
10010000010101110101100001110101
00001110000100100111111001010010
00001001100111110011100100010010
00011111000110100100010100111000
11001001101110100111010100011100
00000111100010001001100010001010
00101101010111001111010100100001
01110101001010010001011100101010
01110101101111001111001001011100
11110111010101111000100101000010
00010111101111001001101010101001
01111100000101010111101011000011
00010010001110110011111010100101
