11101010010000001010010111101000
10011001001110011011010010001011
01011011000111011111001010101010
10000010110010100101001101101100
10000001001010110111110111110011
11101001001111011101100001010010
01011010001100111100101110011110
00100111100110111101111100000010
00011111110101101000000100001000
00001101000001110001001111000010
11000101011010001100111110100001
11011100111111001110110001100010
00111100010011001101110111001001
11100001011001000111100110010111
10010100010010001110001001011100
10111101101011010001111001010011
00110011100011000000010000111000
01101010101100100101000001000110
01010001000100001100001011111110
01111010011001000110010111000000
01110000011110011010011010001100
01001010100001111000000110110001
00010010000011010110100110100010
01011101110101111011100100101110
00111000100111100001010111001111
00010101100001101000011100111110
01101000100110001010110010001011
11000001011000000001011101001001
01010011001100011011001111000100
11101111010111111110111101100011
01001000000101010110010011010111
11001111101100111001000000110011
01001111101010010110101010111000
01001101000001110000000100011110
11001011010010010001110010010001
11100011010111100101101101011011
01100010000001100010001101111100
01100010101101110111100000101101
11010011100100000010001000100001
01011101000010000011011001010001
10001111101111100000111100110101
00000000010010000011010101101111
00010110101011000011011010011111
01000001001011011001100100101101
10001101001001001011010111110011
00101000111010001001111011111011
01001100110100001110001111000000
00111100011011110100111010000100
00101100110110111101100010011000
01000100010001000101110111100100
00011110011100010000001000100000
01011111101110110101011101101000
01001000010011000101110000000000
00000011101001110110011000001000
01100001111101110100001000010100
11100010110110001101000000100010
01011001111101101010011101000111
01010000101111100111110101000111
11111010110010111100101011010010
01011011111101111000100111100001
11010000101010000011011101010010
11101011111111011011110010101101
00111100101001100000011101000000
10101111101011000011000101010101
11010100011010010001101011001010
00001110100111000011010001010100
11000010110111010000010011001000
00110011001000101110100010000011
10001000000010100100010000011010
10100111101000101011110000101100
01000110011101010100100111000010
11000110111011001100100010000001
10011010011000001111001111111110
01110100110110001001101111001110
00010110100011100010111100110101
10000010100010111001100110101110
01101011111100111011111100010001
00011100011111110010111100010100
00101101100111101011101000011011
10100100101101110110110101011001
00110011011101101100010100101100
10011011010100110010001000101001
11011101010011110110010001101111
01000011001010111010111010011000
01011100010011001000001000110110
11010110101011010110010100001110
11100111011001010001111010111000
10011101011011100010111001110110
00001100111011100101010101110010
10000000110001010001100011010011
10011001011011100101001110000000
01000000111010100100011100101100
00000101000100100011111000100000
11011001001010010111010110010011
01101010010000011110001001101101
10000011000100101011010111001011
00000100100110000001011000011010
00110111101010111111110101111011
00100011111011010011001011011010
00101110000100100010111001111001
00111011011101110001000001000010
00010011011101010010111110001110
10100001000110111111010010101000
00011110011000110000000110101110
01010110111001001011011100010000
10101011110000100101111100001101
00010110001010010010111011110100
10111100101011001110101110000010
11110011000000001000011101001100
11011011010111000011011111111000
10010100100011001010011010010110
10111110100000010101001111000001
00011101111011101110100000000001
11111101101000111010000000111100
00100010001001001110000110111011
11011111001111011110010000110000
11111101100111001111000011000011
00110010100001101010001000111001
00101101000000111100100000101001
00000110100010111110110010001001
10110001100101000010111000100000
11101100011001111011100101100101
00010000010101111111100100001010
00110001101001010111010100111000
10001100000110010101001011110111
11100100110000011101000011000000
01100000000100101011111001000010
