0110000110110010
1011100011110011
0011010001001100
1011011100111101
1001110101001000
0110110101010111
0011000000000100
0001110010111110
1110011101011000
0011100010110001
1001100101111100
1010000001111110
1101011011111100
0100111111000010
1111111101101011
1000110101000000
1000100100101011
1111001010010101
1011010110100111
0010111000010100
1001111001000101
1100100000001001
1110000111101000
0011001011001111
1000111111111100
1111110010011101
0010001111101100
0111010001101110
1011110111010000
0110010111001001
0101000011100100
0100101100011011
1010001111110110
0100010111011010
0101100100011110
1110011000000110
1101100111000110
1111011100101110
0101000100001001
1000001101101000
1010100000111011
1110000110101001
1100110011110101
1001101110011000
0011100001011101
1100101111000101
1101000111100001
1000001100010001
0000010011101000
1110101001010011
0100000111101100
0010001111001000
1110110011111100
0011011010111011
0001101111101101
1011011111011111
0011101000010010
0111011011101111
1001011101110010
0110010000011101
1111100001110000
1001001011010011
0111111111010010
1010001011101110
1000111110000001
0110100001101001
0010111110010001
0111100110000010
0100011110000010
0111011010101101
1010000101101001
0100010011000000
0000100101111000
0010100101000111
1101010001001101
1000011110011011
1100101111011001
0000110100110010
1010000100001001
1001001011100100
1011110001110010
1101001000110100
0000111001100111
0001000010011000
1101000011011000
1001011000000111
1110010010001111
0000011100000010
1111001011100100
1100001010100110
0110000100000010
0110101100010101
0001000001001101
1000101111001001
1000000011000010
0010011000101101
1001001000010010
1011011100001010
1101001010010111
0111101100101001
1000001010100110
1011110010111011
0000000111101001
0110101001010110
1111010100100101
0001000110111101
0000011100110101
1010010000011000
1001101011011101
1110100111000111
1000110011110000
0100100010010101
0010010101010000
0001000101010101
0010001010111001
0110110011000100
0100101110011000
1100010001101100
0111101010010011
1011100011100001
0110011011101100
0001011110001110
1100000110101010
0100101001001100
0110101100101101
0110101101011111
1001011001101111
0001110101100110
1100101101000000
1000111010100010
1001100000101100
0101010110111100
1001111111000000
0010101101000100
0101110110000110
0010000101011011
1010011111010100
1100110000001110
0110100011010111
1111010110000111
0111001101110000
1101100000101010
0111010100010000
1000111100010111
0111100011000111
0110101111100011
0000111100000011
0100100111011000
1111110011011100
1111000010011101
1000111010001010
1011010011100001
1010011100110101
0011000100000011
1111100001001011
1001100000010110
0010110000001100
1110111111011111
1011001000111100
0000101101100100
1101010010111010
0001000010111110
1001010000010010
0100001101101010
0100110100110101
1101000110001101
0001011000011010
0100000001111000
0001110110010110
0111111010010110
1010100100010110
0100110001100101
0001101111001111
1101001010011001
1001100100101101
1001111111111111
1100000111000000
0001111110010011
0011111111111110
0110001110101011
1000010111101000
1011100000110101
1110110001010000
0110000011000011
0011010101111111
1110101010001111
0110011011110110
1000011001110001
1100001000100001
0010010100111011
0000010111101011
0010000001111100
1110101101011010
1010101100011010
0111001010110011
0110000110100110
0111101011011010
0100011001101000
1000010101000100
1101110011000110
1101011101000011
1010001111101101
0110010111111010
0000011101001010
1010010001000110
1011001010011100
1100110111100101
1101110100100000
1000001101011100
0001100101101001
0000111101001001
0000001000011000
1001010100101110
1101011111101010
1111001010000100
1011001101011010
0000000101111001
0001101100111100
1011111001011111
1011110000101010
1010001110111010
0100111011011001
1101010110010001
1011001011101011
0100000110000101
0110111011101111
1011101010010100
1111001101110011
0101101001001011
0011110000110111
0100000010100010
1111000111010001
1100001111100000
0000001010110011
1001110101000010
1110011111110111
1101011001111100
0001110001111010
1000100101110001
0001100011011011
1100111101001101
1001111101001110
1100100010100101
1000010011011001
1101010011100001
0110111010100111
0011101110010011
0100101011110110
1010010010000110
0100101011010000
1010101111111100
0011010000000010
1001100111100111
1101010010000011
0111010111011100
1111000010101110
1110110001101110
1011000100011010
0111110011110011
0100001111110101
1010001110001100
0100100001010110
0000111001101000
0000011001101000
0011110111100000
0010111010111000
0101010000101000
0101001111000110
0110010100110101
1110000011010111
1011010110100000
0011111100101100
1101011100110010
1101010000000110
0100011101110010
1100010001101000
1100000110101010
0110011110010101
0011010011111101
0100111100101000
0000001111101000
0000111111000111
0011100101011101
0001010010010111
0011110100011101
1000100110111110
1111000101110111
0110001001010000
0101001111100101
1100101001010011
1010100001110111
1101111100010111
0100011111111110
0010100011010100
1100100111101001
0100011010101101
1001001110110001
0000110000101000
0100101111011001
0000111011011111
0101011101111100
1111100011001010
1100000100101001
0110111100000010
0111000111100011
0100111110100000
0110010000001011
0101111000111000
0100001001010100
0101101101110001
1011101100101100
1010000111111001
1111010001001010
0010101110111110
1011010111101000
1111111111110100
0011110010000100
1001010111110101
1000100110111110
1010001110011010
0111110101010011
0011010100110010
1110011010111000
0110111011010100
0100001101001001
0011101011101101
0100100000001110
0000010001101001
0110101100111000
1111111100111011
1101000001100110
0101001110010101
1001101111000001
0111010101010110
0010000101001011
0101010110100101
0101010111110110
1011010101111001
1100011111101110
1110100111110000
1010101011011110
0111001001100011
0010110000000111
0001000101111100
1000011000100010
1001100001000100
0001010111011011
1110011001010100
0101000110110001
0110110001110011
0101100011111110
1010001111011001
0010111110000010
1111111100010110
0100101110110010
0101000101111110
0111101000011001
1001011100111011
1101011111011101
0010001100100111
1111100011010011
0001000010101110
0000001111101100
1110001111011101
1010011010001101
0111011001110100
1111000110100110
1000010100011000
0001111001011111
0101111000001101
1011101010001010
0011101001110101
1011111110101111
1001100001011010
0111100111000100
1011100011011100
1001010010000111
0100110010111111
1100011101000100
0110001101011000
1111000010010101
1100100000010011
0111111001100110
1101010000101110
1101111010000000
0011101100100110
1100010010110110
1111011001111000
1110100111000110
1101111010000010
1011000010001101
0000110001000010
1001111000000111
0101101111100111
1111110101010000
1100001110101101
1100110010010001
0100101011010110
1100111101100001
0001000111110001
0101100100100000
0011101000010110
0101100000010101
1010011011101101
1011011000111000
1000111101001000
1100001011101001
1101100001110001
1000000110110010
0111111011001001
1101110101000100
1111010000001001
1010110100101011
0010001101101101
0010100101110011
1001010110010101
1111000101101011
1101100110001101
0011111110011011
0111010000010010
1111000011101010
0011011010001111
0101101111111010
0101011001110101
1111010010100001
1111000111100011
0111001001011110
1011111101010000
1000011101101000
1100000010011010
0110000101001010
0001000011010000
0010000011100011
1100111101101110
1101010110110011
1010100011010100
1110101001111001
1000101110100011
0110011010100011
1010010110111101
1001110001101000
1001010001110101
0101110101110011
1001101010101111
1001110101101110
1000001111110011
0011101000100011
1100010110101111
0111011000110011
1010010011111111
0110101110001000
1010100100110100
0000001110101011
1101001100111011
0000010010011001
1000001100110010
1011000111101100
0101010111110000
1111110100010011
0000110000100001
0011100101111010
0010100100101010
1010010101011111
0000010101001011
0000111011100110
0110010000111110
1011001000000101
0000011000000100
1011011100100001
0111110011111011
0010111101110100
0011000111000100
1000010001000001
1000000011111001
0110100000100011
0001101111101110
0100101101111101
1001001000011110
0110111010111101
0111001101101001
0011010101011010
0100110000100011
1101100110011110
0111111100001100
1101010000000010
0111100111101001
0110001111100000
0000000110011101
0010001110110100
0101010111110111
1111001010110011
1000110010011000
1011111110101011
0011000001101000
1011111100111100
0110000100001110
0001101011100101
1111110110010010
1001000000100000
0010011010100001
0110101111110010
1000100111010011
0100010001001001
1111000010110100
0111000000111011
0110101100010101
1101101101100101
1111100001100101
1111000110011010
1010101001100001
0000111011101000
1011110110101010