1010010111011011
1111001101100110
0100010100000101
0101100110110001
1110000100110010
1110001111110010
1010101010110100
0010101000101001
1101011101010001
0011011001001010
0111101101011111
0110100001011110
0110011110010111
1110111111101011
1011001001111100
1111100100111100
0110001100100011
1101100011001010
1101111011101011
0110011100010110
1100000010111110
0001001110010010
1101000000101111
0000001110101101
0010110001001001
1011010000001010
0011001000101001
1001110100101100
0011000001011110
0110110011101111
1010010000001000
0010001100011001
1110101110100101
0011010000110001
1100010111000001
1110101110001110
1010010111000101
1111101110001001
0001001001000011
0011110101010000
0101111111000001
1110100011000010
0000110100001010
1111101110101110
1001100010001111
1111111001010110
1100001110010011
1001110001000101
0000110001110110
0100011000101101
0000100000100110
0001011100111011
0001000101010100
1000000111001001
1110101110101100
0011100011011100
0100010000111010
1010110111110011
0010000111101110
1110110100111100
1010010011100000
1011100100111101
1101000011111111
0110011101000110
1101001100100010
1101101110010101
1111101110101000
0110010000110010
1110010001110000
1100000011011111
0011110110100011
0000111111110100
1100101001110001
1110100011100011
0110000011000100
0100010101010000
0011101010101110
1001011101101010
1001100010001011
0100111010100010
1100100111000101
0111011110010100
0100011001011100
0001011100100110
1010010011010110
0110000111110111
0011011101001010
0011001100100110
1001011101111011
0010011000111011
0100000011011101
0000101010001100
1001011101101110
1111110110000111
0000011100110101
1001011011011100
1111100111011000
0000111010011100
0010101000101011
0110011010111110
1000111000111001
1100110000001000
0100110100000101
0110011111111000
1001110111011110
1011000111000111
0010111110101011
0110110101010000
0111010110010100
1010110011000001
0100101010100101
0110100010110011
1100001111110000
1101110011011011
1101100100111110
0100001000001010
0111001001100011
0100000001110100
0000011010100010
0101101111111110
1101110001111101
0101011101000010
0011110111010000
0111110110010000
1101010000110101
1010101100101111
1010010111101011
1111101001010100
0101110111100011
0101100111101101
1010001001100000
1110000111011111
0110001010000000
0111101111101111
1011100111010100
0000110010001101
1001100100011110
1011010101110111
0101110111101111
0001101010001000
0010101101000000
1101011110000010
1110111011011100
1101100001100001
1110000111101111
0111100001100001
0011010010001110
0010011010000000
1101110011000100
0111110011010001
1111001110011111
1110100100110000
1001011101100010
0111010000111010
1010011111101011
0110011110001011
1110001100110111
0111011111101001
1010011100011011
1101010011000111
1111001100111100
0011110011000001
1001010000010000
0110101001010100
0010101110001000
1001011100110111
1111111011100001
0111011101100011
1011011011000011
0001010000000010
1010110110101101
1010110000101000
0011010011011011
0000111111001100
1101000000101101
1101100011111010
0010101001000011
1100000010000100
0001110010011110
0001111010000101
0100011100010100
1000111011010011
1100000101000001
0001111111010101
1001001010000101
0000110000110101
1000101001101111
1000010111111110
0000011000111100
1001111010000100
1111010110001110
0001001101010000
0000111011011001
0011110101110010
0110011100101100
1000101111100101
0010011000001101
0101011000010101
0011111101000111
0010000001001110
0101100000001010
0001101010010111
0010110000000100
0111100111101010
0001100001110011
1011000010000111
1110100111100001
1010000110000101
1110011010011010
0010011100000110
1100011110010101
0000100011101101
1001111000010001
0110100000001010
1011000000110011
0010110000011101
0001110111101000
1010001010010101
0100011001111000
1101010111100001
1100001110000110
0111001111101100
0011010011110011
1010110111010111
1100110100110001
1001000100001010
1111101010111010
1010010011001110
1001001010011011
1111101101111111
1111001101011110
0110101000001011
1000101000011011
0011111010001101
0001100111100011
1100101111100110
1011011111100110
1110101101111110
0100101110001100
0110101000001010
0101000001100110
1100011010000100
0110100010001110
0100101000110101
1010011110110110
0101010101000000
0000111011011101
0101100111110011
1110001010010000
1111001110101111
0000000100001111
0000011100101001
0001001010011100
1001011011100110
1110010000101110
0110101011011010
0110011000001110
1000000011010100
0100101111010110
1111110100011100
1001011001010101
1011010000100010
1011100100111110
0110100101101011
1001011011011010
0010000011000100
0010111100011001
1010100100111101
0001010111101011
1000110101011110
0001110001111111
0111010001110100
1111111000110101
0011100111111011
0101110111110000
1010001010101010
0101000101000100
1111001000101111
1000010110111111
0101000101110110
0100011111100110
0001100101101010
1001010011010011
0100000010001101
0110100110110010
0000110000100011
1111000111001100
1001100110101111
1100101010100001
0011000100100000
1101000010111100
1110010101101111
1000101101010000
0010011010000111
0000001010100101
1011111101001001
1110011110010010
0001011000010000
0001110100100001
0000000001100000
1000110110010011
1110111100110101
1011101000001001
0101101000001101
0001111110111000
1010010010000110
1010100110001001
0101010100110001
0001101101010110
1100001100100101
0010011010101101
0100101111111001
0000011101001101
0101101101011000
1110001111011011
0000101100101000
0101111111000100
0011010101111001
0010101011011110
0000010111100001
1010110000011111
0110111110000100
1010000100101100
0111011001110111
1111010000010000
1101111100010110
0010101010010110
1101101010101000
1111110001011100
0101111001010001
1111110000011010
0101001110001100
1011010000111001
1111101111101001
0111011010100111
1000111000111110
0111010100100100
0000000010001111
1111010100110111
1110111100111101
0101010001111011
0110111111110000
1000101010101011
1111011010011000
0101000101010110
0110101101010010
1110100010011100
1110000101101001
1011100001100000
1011101011110010
1011001110100110
0100110111011011
0110100100001111
1010100011010111
1000101010010101
1000001100011101
0101001111111001
1100010110110000
1001110001011100
0001000110110111
1110000101011010
0110101111001101
0011000110000111
1010001001000000
1110011001111111
0001000010010001
0110100101011100
0000000100111111
0111000011010000
0001100111111000
1001111111011111
1100100011101000
0010110100011011
1100110001000100
0011100101111000
1111011011011110
1110101001100000
1101010000010011
1011000011011010
0011110110011000
0001000000110111
1100001011001001
0010010100111011
0110000111110110
0110111101011000
0010000111110000
0000010101001111
1100011011110101
0110000000110011
0001010000011000
1000111011111111
1111011010001000
1001110110110110
0010000111100011
0101010001010010
0110110011011011
1111110100000111
0010011100010111
1101101111100100
1000010010001101
1101001001001100
0010110110111111
0011111110100010
0001011111011011
1010010111111000
1101000111110011
0010100000010001
1000101110011100
1101010101000100
0011111000001010
0101111001100101
1101011000010110
1100000000000001
0110001000100011
0010000110001011
1000010000111010
0011111011010110
1100000111000100
1101011011110000
0111000000010001
1000001001000101
0000010110111100
1101010111100001
0101010011011000
1110001010100011
1001111111000011
0011010111011100
0000111000101110
1000001111111111
0001101011011100
0000111010100000
0100111111010100
0000011110100010
0100110111110110
0100010101110110
1110101100101001
1111010011111111
0010110111000010
0010101010001110
0110110001000010
0111110001001110
0100100010011111
1011110011111110
0000000111110101
0110000000110111
0000100111011001
0001100000101011
1001010010011101
0111100111111011
1100011001000010
0111011011101001
1001111000000111
1011010001111100
1110001000100111
1000111101111001
0110001001000011
1110100100110110
1111001001100010
1000100100110001
0101011000001110
0101101000101111
0001011100110110
0000100001010101
0100001100110111
0000110111100011
1011011110111110
1100100011110100
0010000000101011
1110101000111000
0000101100010111
1011111000011101
1010111100010001
0011110001110011
0101000011100111
1000011100111101
1011101110100110
1010110101100110
1011000100000011
1000001101101111
1001100111110010
0000000011010011
1101100111101010
1001010111010010
1000001010101001
0100000100000101
0001000001000110
0001010111011010
0001010011011100
1011011010100000
0101001000000101
0110001111111100
0101011001101000
1101110010011011
1011101001000100
0000101101001110
1101100001011101
0000101110110100
1010001000111011
0110010110110010
0001101100010111
1000011001010111
1101010001000000
0110111110001010
1001111000010000
0001101110110011
1101010100010101
0001000011101101
1110001000110000
1101001000011111
0011000000000110
1101011000101110
1011111000110100