11101011011000001111010001001110
10111000111110011110001010100110
01111001101000100010010100011011
00110100111101000011111110111001
01010000100110100100110110101001
10000111001101000001000000111101
00011001100100001010100000100010
10111100000011101111110011011001
01101010110010110010000111000010
01001000010011100111001100010110
10000010011000100111111001001010
00011101000011100010100110101100
11001010101101011001010001001011
00100101000011011011000100110110
10110101100101011111111000011011
01001010000001111110111111111110
00111000001000111011111011010110
01100110101001100100111011110101
10111111101110110001110101000100
00000011011100111110101010110001
11101011011000000110011000001110
00000001100011101100111111010000
10010001000111110001001011001001
00000000010101000000010000101111
11011110100100011001011100100010
01000101001101001001000000101101
11011111110110000111111001000110
11001101001100101000011010001100
10001110010111101010001111101000
11010111000000110001000011111111
01010111100111111001101001100111
10100101010100101101111111010010
01111001011011111110100011000100
00000110110010011011111101001100
00100100000000011000000111100001
01011011000011001010001111011000
11101101010011110110001011101010
10100011101101100100101010001100
10101101011010011111100101000011
00100010100011110001101001010110
11111000000100010011001000011001
10101011110010001001110100000000
01011101101001110000011111000001
00111000101000100010110100001100
00010000110011010010000010110100
10010111010101111111001111111110
01011101011010100010110100101010
01001010011010010010011001000001
11111000000001000011001101101110
00100010100001000001000010010011
00111001110101111011011110111110
01110000001010000110111010110100
01001110000101100101111101011100
10010100010101100010011111010101
01100000101110010101010100001101
00111001100101100000100011101101
01000011101100001000001111011010
11101101010011111010000101100000
11001111010000000101001001100100
11111011001001000010111111110010
10011010010011001011110000100100
10100000111100110100011001011110
11001100011110110010000000110100
00100010111101001111010001010100
11010010101000111011000011001110
00000111010101000110110101101111
11110011110111000101101011000011
00111011010011101111010101001110
00100001110101100010010100100100
01100001111000011100111000001010
10110111111100000110110001111100
11000001010100110000111010001110
11000110001010010010010111101111
10100101110010110100111110011100
10110101110010010001001010101110
01101011010100110111111111001101
10011111001011110010101101111001
11011111101000111000010101001010
00111010011111001011011001000000
01101001111110011111010010110110
01010101111100011011111001110111
11000010111101100101001111101000
10000011111100011110101101110111
11110101101001010111111010001110
10010110011011001000011010101001
00000100011101110111100010100101
01010100010010000011100100101010
10101011001111011000010011110000
01010011001010011100110001001110
00100010011110000001000110100101
00011000001010001000000010111100
00011110010111011001000111001101
01001101100111011000000000000101
10110000111000000000010000100111
11011101000110111111111100000100
01000101100100110110111100111000
00000010111110101110100000001101
11000101100001100010110111110000
01100001000101100001110011101110
00101101011100111000110001100111
01000011100100010110110101111001
00001111100101101111000001001010
01010110111000111110111110000110
01010010101101001010010001010101
10010010100101001011001000010110
10001110010010010110101011110100
10001010111000100011001001111000
11011000101101100110001110100000
01001111010100000000110010111111
01111011101000111111111111011011
11110001101101100010010100001100
01101010111011011111101011101001
10110000011101010110011010110110
10110100100011001100010010111101
11011011000010111010111110101010
01110111111100001001000011011100
10110000010110101010001000100110
00001111001011011001000011001101
01000110000100101011010010000111
01101010101011111110111010101110
10110101111110101101001010001110
11110100111101100110001011000111
10111010111111111111101111110000
01010101011001001010010111111101
00000001110010010011110010011110
10101101011101011001001100101001
01100000101100011010110001000111
10111011101010010000000110110111
