01100111001010011011000000100100
00001101010111011010111100011111
10001111011101111111110011011110
11101111000101110110101100101001
01101000111101011001110100100100
11111010001011011000001010110010
11001000101110100100101001101110
11110000110001011000111011101101
10110100100111000111110111010110
00111001010110001010100010110010
01001010001001111011100101101110
11111000111011011000000010001101
00010011101011011101111000110110
11010001000100000001000011001101
10000100011001110011110000100010
10010110001100001110011110001001
00011100101011011110111011001011
00001110000100111011011000001111
10110001101111101000101000000000
00111010011011100111111001001000
10010000010001000000101011000111
00100011011010011101100010010010
11110001100111010011011000101110
00110001000011010000101101001100
01100011011011011000110010110010
11110111000101011111010111001011
01001111010010011111110011011110
01001111000001110100100010001111
01011001101110100100101000100101
11010001000111001110110010001111
11100100000000100000011111000110
00111010100101000100011010001001
00110010110001110110101100100000
01101111110011101110000101100011
10000100010110010101010001110000
11001011010111100100110000010010
01011000000001011110011110111000
10011000100101100000100111010010
01000100010100000110000100100101
00000101111010010100011010010011
00010001011000100010011101011010
10010001101001111111001001010001
10101010100110100011101010001010
01111100000011110100101001110010
00011111000001101100110000001000
11011001010111011100110101101110
10001010110011001100010101011000
00111101010110100110000111001011
00011001001111010010001111111110
01001101010011111101001000110110
00110001100111100110100100111111
11010100011100111110001000110010
11111101010011101011011010001110
01110000101010001000100010111111
10001010101100111101101000100101
10011110100101101001110010111100
00011000111010110001001110001101
10111100111000010001001111001010
10111011100110101110010110100001
01101111110111001001000011100010
10101111011101001001010001100010
11111010100011000011010111111011
10001011111101101011010101010101
00111000110000111000100010000101
11100100001001011110101111100100
11011000010001001010010010100010
10000101000000000110111101000001
01001001011010111000100010110100
11100001000000101010100010000000
00111001110110010110001100001111
01111000111101010101011000001011
00011111011011010110010000100110
11111000010110110010000110001111
10000100001100011010101100101110
10101010011011111100110000011000
10110101011010011001101000110011
01010100111011011111110110101110
11111010111000100111111100111111
01100000100001000000000100001001
11101001110101101001110101100010
10000011000110010110011010111011
01000011111100001000110001011111
00001010111011010010000001101000
10110000110111100101111100111110
10011110100100011001011100011010
00010000000100001010010100101011
01111011101011111011101011101111
11001111111100110010101001010100
01101101001010101100001110110111
10111000010001110110000001100100
11100001110011010000011000010011
11111000111011000100110000000010
11000011100101010000100011000100
10010100110111001010010011100010
00001011101000001011010001000011
00101010011100010101100100111011
11101011011000001111010001001110
10111000111110011110001010100110
01111001101000100010010100011011
00110100111101000011111110111001
01010000100110100100110110101001
10000111001101000001000000111101
00011001100100001010100000100010
10111100000011101111110011011001
01101010110010110010000111000010
01001000010011100111001100010110
10000010011000100111111001001010
00011101000011100010100110101100
11001010101101011001010001001011
00100101000011011011000100110110
10110101100101011111111000011011
01001010000001111110111111111110
00111000001000111011111011010110
01100110101001100100111011110101
10111111101110110001110101000100
00000011011100111110101010110001
11101011011000000110011000001110
00000001100011101100111111010000
10010001000111110001001011001001
00000000010101000000010000101111
11011110100100011001011100100010
01000101001101001001000000101101
11011111110110000111111001000110
11001101001100101000011010001100
10001110010111101010001111101000
11010111000000110001000011111111
01010111100111111001101001100111
10100101010100101101111111010010
